
Birth-death simulation object with 896 species and 500 extant species

Details for some species:

Extinction times (NA means extant)
[1] 42.24354 77.44523 82.99900 51.73670 72.16839 24.28975


Speciation times 
[1] 96.39758 95.36914 87.20212 79.87029 77.25054 64.75242


Species parents (NA for initial)
[1] NA  1  1  1  1  1


Species status (extinct or extant)
[1] "extinct" "extinct" "extinct" "extinct" "extinct" "extinct"


For more details on vector y, try sim$y, with y one of
TE TS PAR EXTANT



$TE
  [1] 42.24353987 77.44523373 82.99899504 51.73670095 72.16838957 24.28974725 58.64015137
  [8] 63.22510476 62.26353261          NA 59.99309143 56.87099095          NA 20.05310304
 [15] 70.39217118 48.88499205 47.84258172 53.13491339 47.79910218 25.23633379 44.81240230
 [22] 63.68960389 51.41333865 51.67869125 41.82792405 13.46948161 19.76664279 16.09169626
 [29]  3.33563388          NA  1.90182256 54.44657384 37.04246506 39.87924375          NA
 [36]          NA 63.19852292 37.60300797 53.10836333 28.03750471 42.67010206 18.21759871
 [43] 15.37259861 21.70634776          NA 22.21630722 12.74472508          NA          NA
 [50]          NA  0.60132994          NA 39.50387628          NA 29.74774801 17.13892316
 [57] 25.01661864 13.69442154 60.58427619 50.77849463 59.82885036 41.07658251 39.05298405
 [64]  4.15760404 25.32443990 20.45448227 38.13929504 20.06515240 51.36811102 45.47445414
 [71] 13.18088652 35.29707316 43.86210821 50.62906470 48.12109601 18.63958106 43.44227965
 [78] 56.32971004 20.39838675 19.70467467 48.95069106 37.61357472 27.97090905 17.28364842
 [85]  0.04047640 30.39293982 24.82197829 50.01971579 42.15908803 43.57657500 25.62567949
 [92]          NA          NA 13.00369423  1.03874254          NA 34.50973540 31.59741074
 [99] 12.61130342          NA  6.57615450          NA 12.70892818          NA          NA
[106] 29.35963257 18.14207972          NA  7.54392728 33.18055503 18.86504449 31.59253289
[113] 28.62602390 43.28226678 19.86095926          NA  1.62694291          NA 34.96645281
[120] 38.97229427          NA 17.02789371 11.66249025          NA 20.70143556 24.52491743
[127] 29.79476229 36.80215924 19.00555273 26.24192346 25.56157132 40.28137558 26.27305099
[134] 37.14044298 29.88242994          NA 15.14336073          NA 35.07037672 39.05625606
[141] 27.26174795          NA 39.99906212          NA  9.22028591          NA          NA
[148] 42.25366200          NA          NA  4.21064735 27.08869603 33.29959171          NA
[155] 16.20080769  2.44868159          NA 25.83473607 24.51827363          NA 38.57845468
[162] 32.59909133          NA 26.73902599 10.21982559          NA 30.27369445 31.60071274
[169]          NA 16.78118739  6.25086151          NA          NA  8.25163272  9.90080976
[176] 26.06837454 19.72784532  0.35909225 15.40309442 23.44349766 28.78015586 23.16554554
[183] 31.68140183 21.50031760 36.69015243 27.85371128 27.83096254 22.97227249          NA
[190]          NA          NA          NA  9.16725715          NA          NA          NA
[197] 23.51363990 14.69787647 10.66239691  8.66917027 18.02295565          NA  3.71420174
[204]          NA  5.19910639          NA          NA          NA  1.60458274          NA
[211] 16.41625616 10.95922707          NA          NA          NA 15.42229347          NA
[218]          NA          NA 30.55668966          NA 25.51544415  0.88592926          NA
[225] 25.86817990  2.58157677          NA          NA          NA 23.32125257 30.88052397
[232] 18.23009975 17.54678135 19.31544766 10.67126921          NA 23.12941146          NA
[239]          NA  7.91589363          NA  8.22036571  3.58393510          NA          NA
[246]  0.56095606          NA          NA          NA  1.51649057          NA 12.60394791
[253]          NA          NA 10.14849330          NA          NA          NA 23.10829774
[260] 12.06543857 24.77872279 17.37377454 23.17394122 18.92960805 10.71616064  8.10631517
[267]          NA          NA          NA          NA 10.80877300  5.14960992  0.06688320
[274]          NA 18.85086225 15.35065513          NA 13.05626783 17.98948028 13.87764725
[281]          NA          NA 14.69650352  7.35085780  5.87948164 11.37683873  9.72885727
[288]          NA  0.23895879          NA 24.12699241  4.69441303          NA          NA
[295] 17.71678497 22.17236506          NA 17.35148394          NA  9.06827393          NA
[302] 27.39982137  3.58346118          NA          NA 19.35950255 12.07668591 17.81615967
[309]  5.74690107          NA  4.35082988 21.45617056 21.33799817  3.60550728 17.18472434
[316]          NA          NA 11.56707654          NA 13.19824195 17.77203355          NA
[323]  1.51464037  3.22156460  5.47546789  7.17217549  9.51591636          NA          NA
[330] 24.04282629  6.38987899          NA          NA 12.46524841  6.79207294          NA
[337] 24.78340843          NA          NA 10.48479812          NA  1.52845275 23.25646656
[344] 24.23331605 25.69000160 11.42718691          NA 14.87357990          NA          NA
[351]          NA  8.28396113          NA  4.11804734 10.24226124          NA          NA
[358]          NA 12.34217677 27.33394379 17.78915380 13.83572431  2.30318478          NA
[365]          NA          NA          NA  3.98639178          NA          NA          NA
[372]  9.64644597          NA          NA  4.64184990 24.81544394          NA          NA
[379]  2.45910040          NA          NA 23.15942180  2.63785225  8.35919454          NA
[386]          NA          NA          NA 17.45884911  8.18916618          NA 18.25913095
[393] 12.23225661  9.20964326          NA          NA          NA          NA          NA
[400]          NA  9.84595692 16.86435807  2.81716969          NA  8.81084803  9.34168895
[407] 15.81804709          NA          NA          NA  2.79019675 15.35073900 10.37123804
[414]  2.54100599 20.46774474  6.60546054          NA  3.94021073          NA  0.58078843
[421] 24.27230542          NA 15.62413521 22.73800842 10.51137286 18.33074769  9.51904155
[428] 13.35241576  3.41945240          NA          NA          NA          NA          NA
[435]  5.84110832          NA          NA          NA          NA          NA  3.12365723
[442]          NA          NA          NA          NA  7.46014063  1.19244103          NA
[449] 19.63352185          NA          NA          NA  7.12794812  8.30079352          NA
[456]  2.80132724 10.49286036          NA  2.68279574          NA          NA          NA
[463]  1.71525948          NA          NA  8.82329551          NA  9.54433057          NA
[470]          NA 17.01592964          NA 11.67153659 15.48140818 11.78700641  1.31187464
[477]  8.57803245          NA          NA          NA          NA  0.76235037          NA
[484]          NA  1.51832368          NA          NA          NA  7.47631294          NA
[491]          NA          NA          NA          NA          NA 18.03361112          NA
[498]          NA  6.01995594          NA          NA          NA          NA  6.81202495
[505]          NA          NA          NA          NA  1.00043673  1.70154676          NA
[512]          NA          NA          NA          NA          NA  7.67992471 19.78002477
[519]  4.30086124          NA  4.82840243 10.32729217 12.04498095  6.96839648  3.29733675
[526] 16.89492323          NA  3.69967633 11.18142631          NA          NA          NA
[533]  4.37784563          NA          NA          NA  2.99836586          NA  3.13478210
[540]  8.95839940          NA 15.17717404  2.30898080          NA          NA          NA
[547]          NA          NA 15.76063164          NA          NA          NA  1.13625094
[554]          NA          NA  9.47593481          NA          NA          NA          NA
[561] 14.76931369  3.66881310          NA          NA          NA          NA          NA
[568] 14.03869155          NA          NA          NA          NA  3.30366066          NA
[575]          NA          NA  5.24386436          NA          NA          NA  8.33511745
[582]  5.41346556  0.17368596  2.47265475          NA          NA  6.26611289          NA
[589]  3.53479165          NA          NA          NA          NA          NA          NA
[596]          NA          NA          NA  2.37096270          NA  9.63898271  7.41983195
[603]  4.60077208          NA          NA          NA  5.76107885          NA          NA
[610]  7.42972750          NA          NA          NA          NA          NA  4.96685825
[617]          NA          NA  1.71933030          NA          NA          NA          NA
[624]          NA          NA 12.06392707          NA          NA          NA          NA
[631]          NA          NA          NA  0.53036301          NA          NA          NA
[638]          NA          NA          NA          NA          NA          NA          NA
[645]          NA  1.12257562  2.03217511  1.65596668          NA  8.04019316          NA
[652]          NA          NA  3.72014858  0.54107095          NA 11.32422539  3.42253399
[659]          NA          NA  0.14229778          NA          NA          NA          NA
[666]          NA          NA          NA  3.50870082          NA          NA          NA
[673]          NA          NA          NA          NA          NA          NA          NA
[680]  6.90338508  7.23653180  1.59540697          NA          NA  0.71354392  4.16918054
[687]  4.79390650  4.81220077          NA          NA  0.50917436          NA  4.11301347
[694]  3.63943576          NA          NA  9.31051697          NA  2.71922652          NA
[701]          NA          NA          NA          NA          NA          NA          NA
[708]          NA          NA          NA          NA          NA          NA          NA
[715]  6.46412797          NA          NA          NA          NA  2.15295689          NA
[722]  3.91644660          NA          NA  3.60819884          NA          NA          NA
[729]          NA          NA          NA          NA  1.32237434          NA  6.18436182
[736]          NA          NA  0.12592424          NA          NA          NA          NA
[743]  0.69737360          NA          NA          NA          NA          NA          NA
[750]          NA          NA  1.33521600  3.63001815          NA          NA          NA
[757]          NA          NA  1.16390977          NA          NA          NA          NA
[764]          NA          NA  1.16315008          NA          NA          NA          NA
[771]          NA          NA          NA          NA          NA          NA  3.41917512
[778]          NA          NA          NA  5.30957584          NA          NA          NA
[785]          NA  3.36920776          NA          NA          NA          NA          NA
[792]          NA  4.24359910          NA          NA          NA          NA          NA
[799]          NA          NA          NA          NA          NA          NA          NA
[806]          NA          NA          NA  0.57895120          NA          NA          NA
[813]          NA          NA          NA  0.14365312          NA          NA          NA
[820]          NA  5.20846615          NA          NA          NA          NA          NA
[827]          NA          NA  1.47751795          NA  0.15914741          NA          NA
[834]          NA          NA          NA          NA          NA          NA          NA
[841]          NA          NA          NA          NA          NA          NA          NA
[848]          NA          NA          NA          NA          NA          NA          NA
[855]          NA          NA          NA          NA          NA          NA          NA
[862]          NA          NA          NA          NA          NA          NA  1.31110702
[869]          NA          NA          NA          NA          NA          NA          NA
[876]          NA          NA          NA          NA  1.34117555          NA          NA
[883]          NA          NA          NA          NA          NA          NA          NA
[890]          NA          NA  0.03465101          NA          NA          NA          NA

$TS
  [1] 9.639758e+01 9.536914e+01 8.720212e+01 7.987029e+01 7.725054e+01 6.475242e+01 6.077042e+01
  [8] 8.649885e+01 8.175452e+01 7.028131e+01 6.449410e+01 6.888685e+01 6.839298e+01 6.377060e+01
 [15] 7.550427e+01 7.066615e+01 6.697024e+01 5.708048e+01 4.945180e+01 6.907974e+01 6.784217e+01
 [22] 6.447246e+01 5.891216e+01 5.483507e+01 4.704858e+01 3.832350e+01 2.550079e+01 2.232173e+01
 [29] 2.006473e+01 1.119866e+01 5.980239e+00 6.504095e+01 6.233234e+01 5.029912e+01 3.745734e+01
 [36] 3.539444e+01 6.683702e+01 6.138842e+01 5.708259e+01 4.720397e+01 4.385029e+01 2.956400e+01
 [43] 2.946368e+01 2.868041e+01 2.762188e+01 2.661565e+01 2.485050e+01 1.437447e+01 1.144096e+01
 [50] 3.655042e+00 3.370135e+00 1.011465e+00 4.973449e+01 4.588214e+01 4.352975e+01 4.001640e+01
 [57] 3.502047e+01 2.637950e+01 6.430564e+01 6.263107e+01 6.353125e+01 5.507620e+01 4.775080e+01
 [64] 3.152674e+01 2.759025e+01 2.683843e+01 5.945371e+01 5.427676e+01 5.942306e+01 5.639688e+01
 [71] 3.779797e+01 4.651786e+01 4.513392e+01 5.868209e+01 5.049722e+01 5.045597e+01 4.448140e+01
 [78] 5.657980e+01 5.561837e+01 5.259825e+01 5.153844e+01 4.995596e+01 4.855390e+01 4.638754e+01
 [85] 4.399035e+01 3.955493e+01 3.143907e+01 5.272827e+01 5.379166e+01 5.318889e+01 5.295316e+01
 [92] 5.151420e+01 3.310072e+01 3.072573e+01 2.686312e+01 2.713731e+01 4.257659e+01 4.049225e+01
 [99] 3.756733e+01 2.879549e+01 2.427865e+01 2.160322e+01 1.312582e+01 2.510629e+00 5.019430e+01
[106] 5.038469e+01 4.283842e+01 2.952643e+01 2.041884e+01 4.965294e+01 3.802742e+01 3.567256e+01
[113] 3.280021e+01 4.581555e+01 4.941346e+01 2.893483e+01 1.672478e+01 7.227937e+00 4.990436e+01
[120] 3.956621e+01 4.766592e+01 4.425857e+01 4.500864e+01 4.102699e+01 4.301624e+01 4.416433e+01
[127] 4.357460e+01 4.326310e+01 3.111311e+01 2.922297e+01 4.073881e+01 4.409122e+01 4.164362e+01
[134] 3.908407e+01 3.578370e+01 2.488653e+01 3.983624e+01 3.551024e+01 4.410145e+01 4.331663e+01
[141] 3.291160e+01 1.983053e+01 4.275699e+01 3.844919e+01 2.597821e+01 1.496584e+01 1.129464e+01
[148] 4.544318e+01 3.338175e+01 2.929140e+01 2.209917e+01 4.222534e+01 3.977110e+01 2.675981e+01
[155] 1.967378e+01 4.193763e+01 2.500249e+01 3.167673e+01 2.693440e+01 1.529105e+00 3.965706e+01
[162] 4.139143e+01 3.723843e+01 2.728607e+01 2.519290e+01 3.111729e+01 3.407740e+01 3.405956e+01
[169] 3.354228e+01 2.693956e+01 7.154184e+00 2.867341e+01 5.395066e+00 4.002057e+01 2.959465e+01
[176] 3.475811e+01 3.217955e+01 3.684676e+01 3.454356e+01 2.595033e+01 3.925627e+01 3.379813e+01
[183] 3.887554e+01 2.553715e+01 3.710172e+01 3.275626e+01 3.743227e+01 3.659519e+01 3.328437e+01
[190] 2.350335e+01 2.035916e+01 1.810388e+01 3.542660e+01 1.550913e+01 2.412700e+01 3.297383e+01
[197] 3.186611e+01 2.157975e+01 2.010599e+01 1.779843e+01 2.458466e+01 2.174180e+01 1.922264e+01
[204] 1.723259e+01 2.584786e+01 2.449421e+01 8.886751e+00 2.949964e+00 3.279112e+01 3.077131e+01
[211] 2.795712e+01 2.025277e+01 1.451903e+00 1.258830e+00 1.219799e+00 3.676591e+01 3.640767e+01
[218] 1.326745e+01 6.816980e-01 3.604222e+01 3.127483e+01 3.121813e+01 1.625142e+01 3.346284e+01
[225] 2.905092e+01 2.045829e+01 6.713314e+00 3.545501e+01 3.450613e+01 3.224678e+01 3.191621e+01
[232] 2.963620e+01 2.461366e+01 2.794583e+01 1.488224e+01 1.428170e+01 3.121501e+01 2.970183e+01
[239] 1.467484e+01 1.207361e+01 3.285536e+00 3.403253e+01 3.074796e+01 1.943945e+01 3.394828e+01
[246] 2.840249e+01 2.772940e+01 8.887309e+00 2.919324e+00 3.223756e+01 3.029359e+01 2.345274e+01
[253] 2.112343e+01 1.340417e+01 1.297048e+01 9.802227e+00 4.246483e+00 3.289960e+00 2.509487e+01
[260] 3.248087e+01 2.892711e+01 2.283881e+01 2.662321e+01 2.506262e+01 2.230728e+01 2.884418e+01
[267] 2.492260e+01 2.598571e+01 8.040735e+00 2.742367e+00 2.169241e+01 1.117029e+01 5.423529e+00
[274] 2.994922e+01 1.954676e+01 1.838291e+01 7.449955e-01 3.222954e+01 1.868712e+01 1.482649e+01
[281] 2.795158e+01 2.659291e+01 2.170224e+01 1.957237e+01 1.784084e+01 1.621475e+01 1.398752e+01
[288] 8.510164e+00 7.566371e+00 6.283739e+00 2.859092e+01 2.830175e+01 2.259363e+01 2.812659e+01
[295] 3.014584e+01 2.381307e+01 6.438480e+00 2.535634e+01 2.259914e+01 1.034259e+01 6.089433e+00
[302] 2.835659e+01 1.840036e+01 1.031649e+01 4.112225e+00 2.506140e+01 2.192970e+01 2.923060e+01
[309] 2.004305e+01 1.769758e+01 1.138569e+01 2.324934e+01 2.524220e+01 5.807701e+00 2.760916e+01
[316] 1.320885e+01 7.862230e+00 1.229968e+01 7.881923e+00 1.406007e+01 2.054853e+01 9.936309e+00
[323] 8.461229e+00 4.447360e+00 1.706942e+01 1.323440e+01 9.550543e+00 6.960835e+00 5.811770e+00
[330] 2.870440e+01 2.616947e+01 1.893319e+01 2.647481e+01 2.151383e+01 1.308933e+01 5.555265e+00
[337] 2.525316e+01 1.009343e+01 1.362231e+01 1.346543e+01 7.507965e+00 7.007156e+00 2.593914e+01
[344] 2.796572e+01 2.710659e+01 2.574711e+01 2.309577e+01 2.272447e+01 1.208096e+01 4.181760e+00
[351] 2.631345e+01 2.384238e+01 6.588918e+00 2.206169e+01 1.770581e+01 7.079968e+00 5.902045e+00
[358] 4.270623e-01 2.659416e+01 2.772109e+01 2.049437e+01 1.851783e+01 1.827038e+01 3.877509e+00
[365] 6.645598e-01 2.284637e+01 1.477431e+01 9.158327e+00 2.885850e+00 2.968212e-01 1.498895e+01
[372] 1.229866e+01 5.580236e+00 3.248863e+00 1.960017e+01 2.563482e+01 2.192240e+01 1.834310e+01
[379] 5.581924e+00 2.390755e+00 2.441310e+01 2.388987e+01 1.950753e+01 1.908101e+01 5.896021e+00
[386] 5.789377e+00 2.325911e+01 2.643967e+01 2.083177e+01 1.955935e+01 9.494491e+00 2.326656e+01
[393] 1.622253e+01 1.388635e+01 5.251525e+00 1.774875e+01 1.561508e+01 9.883390e+00 8.990788e+00
[400] 4.488538e+00 2.618340e+01 2.399688e+01 1.935034e+01 8.360200e+00 2.304580e+01 1.219497e+01
[407] 2.593941e+01 2.446505e+01 6.729565e+00 1.425524e+01 9.303754e+00 1.728206e+01 1.119894e+01
[414] 2.487197e+01 2.256272e+01 2.039931e+01 1.918570e+01 1.301088e+01 9.200421e+00 5.603347e+00
[421] 2.534198e+01 2.376362e+01 2.347709e+01 2.315072e+01 2.055057e+01 2.493158e+01 1.180815e+01
[428] 2.164224e+01 9.513616e+00 7.949984e+00 1.545955e+01 1.252228e+01 6.487492e+00 4.944158e+00
[435] 1.308243e+01 1.960906e+01 8.176836e-01 2.444419e+01 2.071503e+01 1.068891e+01 4.336049e+00
[442] 6.564201e-01 3.357389e+00 2.523523e+00 1.330037e+01 1.291449e+01 2.248090e+01 2.025432e+01
[449] 2.347351e+01 1.459742e+01 1.531248e+01 1.189576e+01 1.112144e+01 9.363225e+00 8.606570e+00
[456] 1.598572e+01 2.091004e+01 1.921619e+01 1.854726e+01 4.863509e+00 2.095380e+00 1.312934e+00
[463] 1.192241e+01 4.017172e+00 2.151958e+00 1.616916e+01 2.243902e+01 1.072110e+01 6.698241e+00
[470] 5.578182e+00 2.041924e+01 1.555081e+01 2.061051e+01 2.222555e+01 1.283849e+01 6.631117e+00
[477] 2.069798e+01 1.588758e+01 1.400894e+01 4.815956e+00 3.854331e+00 1.556876e+01 7.561396e+00
[484] 6.771392e+00 1.610137e+00 2.122793e+01 1.326482e+01 1.274088e+01 8.138572e+00 1.432186e+01
[491] 1.137227e+01 8.179176e+00 1.838333e+01 1.659939e+01 1.702245e+01 2.103132e+01 1.849107e+01
[498] 9.516157e+00 8.051631e+00 4.907333e+00 2.055461e+01 2.038110e+00 1.877694e+01 1.624090e+01
[505] 5.122734e+00 2.331538e+00 1.830342e+01 2.003395e+01 1.370770e+01 2.025749e+01 1.931876e+01
[512] 1.748892e+01 1.641332e+01 1.556469e+01 3.712812e+00 8.231966e+00 1.787034e+01 2.019904e+01
[519] 6.046000e+00 1.317291e+01 5.897929e+00 1.869510e+01 1.865945e+01 1.776476e+01 1.371905e+01
[526] 1.735484e+01 9.030941e+00 8.339053e+00 1.394607e+01 7.550695e+00 1.548629e+01 1.530416e+01
[533] 1.120927e+01 1.032535e+01 9.954366e+00 9.921420e+00 3.986970e+00 1.727819e+01 1.624798e+01
[540] 1.403465e+01 1.345963e+01 1.606338e+01 1.730005e+01 1.026733e+01 1.895330e+01 1.279460e+01
[547] 2.656625e+00 8.417160e+00 1.628462e+01 1.470349e+01 1.096649e+01 9.125117e+00 3.795178e+00
[554] 1.716398e+01 5.793525e+00 1.339571e+01 1.301423e+01 1.202544e+01 1.626271e+01 1.384206e+01
[561] 1.522586e+01 4.139225e+00 1.265142e+01 7.554921e+00 3.457271e+00 1.928010e+00 1.543682e+01
[568] 1.712635e+01 5.799633e-02 9.480057e+00 1.270548e+01 4.465263e+00 1.598561e+01 1.524212e+01
[575] 9.542642e+00 6.656656e+00 1.691394e+01 6.403931e+00 4.828686e+00 1.298142e+00 1.444960e+01
[582] 1.394150e+01 1.037927e+01 1.208362e+01 1.721552e+00 8.026616e-01 1.707031e+01 1.352681e+01
[589] 8.532113e+00 7.020408e+00 1.093849e+01 6.252544e+00 1.868518e+00 1.082761e+01 1.251534e+01
[596] 1.201173e+01 1.183653e+01 1.081870e+01 1.135043e+01 1.044782e+01 1.229236e+01 8.653967e+00
[603] 7.054273e+00 4.734613e-01 1.423757e+01 3.652594e+00 9.935014e+00 1.194200e+01 1.138758e+01
[610] 1.465464e+01 1.449117e+01 7.421321e+00 1.312282e+01 6.631407e+00 1.234939e+01 1.288003e+01
[617] 7.361787e+00 1.306176e+01 5.484223e+00 3.901867e+00 1.392201e+01 3.029431e+00 7.986554e-02
[624] 1.485521e+01 4.335571e+00 1.397286e+01 8.517609e+00 6.873635e+00 7.392217e+00 9.594713e+00
[631] 1.847928e-01 9.985794e+00 7.456171e+00 1.248045e+01 1.233084e+01 3.750934e+00 8.643261e+00
[638] 3.898775e+00 2.274734e+00 1.467479e+00 2.009171e+00 1.199398e+01 6.941411e+00 1.366145e+01
[645] 6.638531e+00 1.210598e+01 8.736423e+00 6.674111e+00 4.927051e+00 9.554155e+00 9.190611e+00
[652] 1.030397e+01 1.846919e+00 1.147597e+01 1.176372e+01 1.252506e+01 1.138211e+01 1.043543e+01
[659] 6.025691e+00 5.524759e+00 1.700712e+00 5.584590e+00 6.332037e-01 2.418012e+00 2.904019e-01
[666] 1.108379e+01 7.462583e+00 5.936903e+00 3.556916e+00 1.315118e+01 2.180949e+00 1.103011e+00
[673] 8.226278e+00 8.031709e-01 6.219120e-02 8.191435e+00 1.133459e+01 9.554855e+00 8.297852e+00
[680] 1.312436e+01 1.065352e+01 1.213920e+01 1.035015e+01 7.529505e+00 1.110691e+01 7.095463e+00
[687] 5.683142e+00 6.635650e+00 4.808819e-01 9.719518e+00 3.931073e+00 8.629909e-01 6.853892e+00
[694] 7.916633e+00 6.407728e+00 4.366586e+00 1.187031e+01 1.085030e+01 7.610995e+00 1.276737e+00
[701] 1.135661e+01 1.814618e+00 1.280706e+00 2.813305e-01 9.866757e+00 8.281111e+00 7.777870e+00
[708] 8.968916e+00 1.596112e+00 5.656534e+00 5.381716e+00 6.762756e-01 6.844961e-04 1.108469e+01
[715] 7.234120e+00 1.090172e+01 1.014207e+01 9.254936e+00 7.074206e+00 8.315573e+00 6.066248e+00
[722] 7.568424e+00 7.445600e+00 9.870816e+00 5.788489e+00 3.105209e+00 7.437671e+00 7.356870e+00
[729] 4.742614e+00 3.613805e+00 8.566013e-01 5.635028e+00 6.424084e+00 1.037958e+00 1.005179e+01
[736] 3.362008e+00 9.086828e+00 2.295025e+00 9.667397e+00 1.050783e+01 6.526717e+00 8.930574e+00
[743] 3.763479e+00 8.942086e+00 6.235634e+00 2.853733e+00 2.891246e+00 9.491606e+00 1.630454e+00
[750] 1.986783e+00 1.180989e+00 2.963140e+00 1.005065e+01 9.424669e+00 7.709097e+00 8.033329e-01
[757] 6.743513e+00 6.615019e-01 4.292043e+00 3.974307e+00 3.375632e-01 8.965197e-01 9.419789e+00
[764] 5.984827e+00 8.701366e+00 5.047493e+00 5.662109e+00 8.234994e+00 1.060266e+00 1.400308e+00
[771] 3.951072e+00 8.006469e+00 1.512781e+00 7.384935e+00 3.324054e+00 9.123099e+00 6.118303e+00
[778] 2.226296e+00 1.890811e+00 8.733896e+00 6.829430e+00 8.338261e+00 8.198078e+00 4.221167e-01
[785] 3.757892e-01 7.254865e+00 5.617607e+00 2.084967e+00 1.277598e+00 1.536733e+00 6.510922e+00
[792] 3.607466e+00 6.556535e+00 3.547014e+00 6.660884e+00 3.051435e+00 2.746939e+00 8.038987e+00
[799] 4.703691e+00 2.245849e+00 1.605489e+00 3.224852e+00 4.308737e-01 2.877854e+00 2.830244e+00
[806] 2.267962e+00 6.639185e+00 6.314431e+00 6.836739e+00 7.690951e-01 5.104591e+00 2.094095e+00
[813] 8.706784e-02 4.516619e+00 7.022220e+00 2.169877e+00 1.655891e+00 6.451049e+00 1.844688e+00
[820] 4.184161e+00 5.235536e+00 2.312051e+00 6.484579e+00 4.864761e+00 3.818242e+00 1.987461e+00
[827] 3.008533e+00 1.353202e+00 2.206627e+00 5.922326e+00 5.701631e-01 5.735382e+00 5.632109e+00
[834] 5.929483e+00 2.421828e+00 3.005691e+00 2.969108e+00 3.662233e+00 3.287642e+00 5.276706e+00
[841] 2.822728e+00 5.363428e+00 1.995631e+00 3.065061e+00 8.194354e-01 3.099368e+00 6.907587e-01
[848] 1.447840e+00 4.663487e+00 2.713478e+00 9.523636e-01 3.642447e+00 7.263583e-01 7.832383e-01
[855] 1.982516e+00 1.563594e+00 1.668285e+00 9.739643e-01 4.096668e+00 3.865910e+00 2.903219e-01
[862] 3.892205e+00 1.461136e+00 3.679696e+00 1.774336e+00 9.890883e-01 3.384719e+00 2.879628e+00
[869] 3.733359e+00 3.121266e+00 2.887898e+00 3.202889e-01 2.369446e+00 8.345323e-01 3.074379e-02
[876] 1.451945e+00 6.641848e-01 2.021926e+00 5.681057e-02 1.818199e+00 2.704232e+00 1.784822e+00
[883] 9.453237e-01 1.225358e+00 1.241007e+00 6.908020e-02 1.716672e-01 1.848517e+00 1.052250e-02
[890] 1.315466e-01 3.900988e-01 9.930517e-01 3.185483e-01 4.374126e-01 3.965519e-01 1.826024e-01

$PAR
  [1]  NA   1   1   1   1   1   1   2   2   8   8   9   9   4   5  15  16  16  16  10  10  10  10
 [24]  10  10  10  10  10  10  10  10  20  20  20  20  20  12  13  13  13  13  13  13  13  13  13
 [47]  13  13  13  13  13  13  17   6   6   6   6   6  11  59  14  14  14  14  14  14  60  60  33
 [70]  33  33  38  38  67  67  67  67  74  18  70  70  70  70  79  79  79  79  62  24  24  68  68
 [93]  68  68  68  91  92  92  92  92  92  92  92  92  75  76  76  76  76 106 106 106 106  34 105
[116] 105 105 105  82  82 119 119  53  53 110  83  83  83  83  83  63 121 121 121 121 121  40  40
[139]  25  72  84  84  54  54  54  54  54 114 123 123 123 122 122 122 122 126 126  85  85  85 127
[162] 128 125 125 125 107 152 152 152 156 156 124 124 131 131  98  98 174 174 174  56  56 137 137
[185] 153  86 181 181 183 144 144 144  26  26 111  71  71  71  71  71  99  99  99  99  35  35  35
[208]  35 163 163 163 163 163 163 163 185 178 178 178 216 216 216 216 188 188 217 217 135 135 135
[231] 138 138 138 228 228 193  36  36  36  36  36 176 179 179 229 229 229 229 229 167 167 242 242
[254] 242 242 242 245 245 182 169 169 169 224 224 224 149 149 189 189 189  93  93  93 196 196 196
[277] 196 209 209 209 186 260 250 250 250 250 250 250 250 250 278 278 278 197  64  64  64  87 221
[300] 221 221 237 166 166 166 129 129 210 210 210 210 243 251 251 274 274 274 238 238 175 108 108
[323] 108 108  43 150 150 150 150 308 308 308 116 116 116 116 266 266 100 100 100 100 330 172 172
[346] 172 172 246 246 246 292 292 292 294 294 294 294 294 211 281 281 281 281 281 281 234 247 247
[369] 247 247  45  45  45  45 315  65  96  96  96  96 170  95 154 154 154 154 263 359 282 282 282
[392] 333 333 333 333 388 388 388 388 388  58  58  58 351 401 401 331 331 331 268 268 145 145 180
[415] 407 407 205 205 205 205 298 298 298 298 298 313 165 264 157 157 136 136 414 414  47 206 206
[438] 408 408 438 438 438 381 381 101 101 195 195 352 352 190 190 190 190 190 423 252 252 387 387
[461] 387 387 347 347 347 405 366 366 366 366 348 348 299 293 293 293 447 447 447 447 447 467 467
[484] 467 467 474 151 151 151 354 377 377 202 283 271 428 428 102 486 486 253 253 439 477 501 501
[507] 321 361 109 191 191 191 191 191 191 510 448 212  29 508 508 142 155 375 375 390 390 390 383
[530] 383 244 244 403 403 403 403 403 511 511 511 511 203 458 458 417 417 417 384 545 332 332 332
[553] 332 503 503 522 522 522 523 362 497 497 493 493 493 493 276 378 378 507 192 192 517 285 285
[576] 285 200 396 396 396 355 310 310 512 512 512 526 543 543 543 538 538 538 204 554 554 554 554
[599] 325 495 117 117 117 494 513 513 559 223 539 504 504 504 393 456 573 478 478 482 482 482 514
[622] 472 472 194 194 531 531 531 567 451 532 574 574 371 371 371 624 624 624 624 367 239 239 610
[645] 450 581 581  48  48 490 236 410 410 479 529 394 394 394 560 560 560 509 339 588 588 541 541
[668] 541 541 254 254 254 445 445 445 326 316 316 316 520 670 613 435 435 418 616 616 571 571 563
[691] 656 615 635 646 584 584 349 349 349 558 596 596 596 596 608 463 452 655 655  49  49  49 609
[714] 311 311 701 701 701 701 599 677  30 272 685 685 685 714 666 666 666 666 551 591 591 698 698
[737] 594 594 598 468 740 658 658 583 583 583 683 300 304 652 652 717 735 753 632 535 536 536 398
[760] 398 724 705 256 256 630 630 678 650 575 498 429 391 391 411 718 419 651 651 737 399 399 780
[783] 765 637 637 288 288 548 548 782 720 720 679 679 706 706 706 768 768 516 516 673 783 676 676
[806] 269 798 798 707 707 755 755 755 289 483 564 564 341 667 633 727 617 171 719 590 328 809 809
[829] 757 576 645 476 476 741 741 433 818 733 578 721  31 834 832 767 833 662 373 336 273 842 840
[852] 505 505 649 480 480 729 729 814 814 814 400 400 441 305 464 691 364 481 825 825 825 730 565
[875] 443 870 870 844 844 827 871 797 797 738 639 639 812 826 888 709 856 773 885 831 803 358

$EXTANT
  [1] FALSE FALSE FALSE FALSE FALSE FALSE FALSE FALSE FALSE  TRUE FALSE FALSE  TRUE FALSE FALSE
 [16] FALSE FALSE FALSE FALSE FALSE FALSE FALSE FALSE FALSE FALSE FALSE FALSE FALSE FALSE  TRUE
 [31] FALSE FALSE FALSE FALSE  TRUE  TRUE FALSE FALSE FALSE FALSE FALSE FALSE FALSE FALSE  TRUE
 [46] FALSE FALSE  TRUE  TRUE  TRUE FALSE  TRUE FALSE  TRUE FALSE FALSE FALSE FALSE FALSE FALSE
 [61] FALSE FALSE FALSE FALSE FALSE FALSE FALSE FALSE FALSE FALSE FALSE FALSE FALSE FALSE FALSE
 [76] FALSE FALSE FALSE FALSE FALSE FALSE FALSE FALSE FALSE FALSE FALSE FALSE FALSE FALSE FALSE
 [91] FALSE  TRUE  TRUE FALSE FALSE  TRUE FALSE FALSE FALSE  TRUE FALSE  TRUE FALSE  TRUE  TRUE
[106] FALSE FALSE  TRUE FALSE FALSE FALSE FALSE FALSE FALSE FALSE  TRUE FALSE  TRUE FALSE FALSE
[121]  TRUE FALSE FALSE  TRUE FALSE FALSE FALSE FALSE FALSE FALSE FALSE FALSE FALSE FALSE FALSE
[136]  TRUE FALSE  TRUE FALSE FALSE FALSE  TRUE FALSE  TRUE FALSE  TRUE  TRUE FALSE  TRUE  TRUE
[151] FALSE FALSE FALSE  TRUE FALSE FALSE  TRUE FALSE FALSE  TRUE FALSE FALSE  TRUE FALSE FALSE
[166]  TRUE FALSE FALSE  TRUE FALSE FALSE  TRUE  TRUE FALSE FALSE FALSE FALSE FALSE FALSE FALSE
[181] FALSE FALSE FALSE FALSE FALSE FALSE FALSE FALSE  TRUE  TRUE  TRUE  TRUE FALSE  TRUE  TRUE
[196]  TRUE FALSE FALSE FALSE FALSE FALSE  TRUE FALSE  TRUE FALSE  TRUE  TRUE  TRUE FALSE  TRUE
[211] FALSE FALSE  TRUE  TRUE  TRUE FALSE  TRUE  TRUE  TRUE FALSE  TRUE FALSE FALSE  TRUE FALSE
[226] FALSE  TRUE  TRUE  TRUE FALSE FALSE FALSE FALSE FALSE FALSE  TRUE FALSE  TRUE  TRUE FALSE
[241]  TRUE FALSE FALSE  TRUE  TRUE FALSE  TRUE  TRUE  TRUE FALSE  TRUE FALSE  TRUE  TRUE FALSE
[256]  TRUE  TRUE  TRUE FALSE FALSE FALSE FALSE FALSE FALSE FALSE FALSE  TRUE  TRUE  TRUE  TRUE
[271] FALSE FALSE FALSE  TRUE FALSE FALSE  TRUE FALSE FALSE FALSE  TRUE  TRUE FALSE FALSE FALSE
[286] FALSE FALSE  TRUE FALSE  TRUE FALSE FALSE  TRUE  TRUE FALSE FALSE  TRUE FALSE  TRUE FALSE
[301]  TRUE FALSE FALSE  TRUE  TRUE FALSE FALSE FALSE FALSE  TRUE FALSE FALSE FALSE FALSE FALSE
[316]  TRUE  TRUE FALSE  TRUE FALSE FALSE  TRUE FALSE FALSE FALSE FALSE FALSE  TRUE  TRUE FALSE
[331] FALSE  TRUE  TRUE FALSE FALSE  TRUE FALSE  TRUE  TRUE FALSE  TRUE FALSE FALSE FALSE FALSE
[346] FALSE  TRUE FALSE  TRUE  TRUE  TRUE FALSE  TRUE FALSE FALSE  TRUE  TRUE  TRUE FALSE FALSE
[361] FALSE FALSE FALSE  TRUE  TRUE  TRUE  TRUE FALSE  TRUE  TRUE  TRUE FALSE  TRUE  TRUE FALSE
[376] FALSE  TRUE  TRUE FALSE  TRUE  TRUE FALSE FALSE FALSE  TRUE  TRUE  TRUE  TRUE FALSE FALSE
[391]  TRUE FALSE FALSE FALSE  TRUE  TRUE  TRUE  TRUE  TRUE  TRUE FALSE FALSE FALSE  TRUE FALSE
[406] FALSE FALSE  TRUE  TRUE  TRUE FALSE FALSE FALSE FALSE FALSE FALSE  TRUE FALSE  TRUE FALSE
[421] FALSE  TRUE FALSE FALSE FALSE FALSE FALSE FALSE FALSE  TRUE  TRUE  TRUE  TRUE  TRUE FALSE
[436]  TRUE  TRUE  TRUE  TRUE  TRUE FALSE  TRUE  TRUE  TRUE  TRUE FALSE FALSE  TRUE FALSE  TRUE
[451]  TRUE  TRUE FALSE FALSE  TRUE FALSE FALSE  TRUE FALSE  TRUE  TRUE  TRUE FALSE  TRUE  TRUE
[466] FALSE  TRUE FALSE  TRUE  TRUE FALSE  TRUE FALSE FALSE FALSE FALSE FALSE  TRUE  TRUE  TRUE
[481]  TRUE FALSE  TRUE  TRUE FALSE  TRUE  TRUE  TRUE FALSE  TRUE  TRUE  TRUE  TRUE  TRUE  TRUE
[496] FALSE  TRUE  TRUE FALSE  TRUE  TRUE  TRUE  TRUE FALSE  TRUE  TRUE  TRUE  TRUE FALSE FALSE
[511]  TRUE  TRUE  TRUE  TRUE  TRUE  TRUE FALSE FALSE FALSE  TRUE FALSE FALSE FALSE FALSE FALSE
[526] FALSE  TRUE FALSE FALSE  TRUE  TRUE  TRUE FALSE  TRUE  TRUE  TRUE FALSE  TRUE FALSE FALSE
[541]  TRUE FALSE FALSE  TRUE  TRUE  TRUE  TRUE  TRUE FALSE  TRUE  TRUE  TRUE FALSE  TRUE  TRUE
[556] FALSE  TRUE  TRUE  TRUE  TRUE FALSE FALSE  TRUE  TRUE  TRUE  TRUE  TRUE FALSE  TRUE  TRUE
[571]  TRUE  TRUE FALSE  TRUE  TRUE  TRUE FALSE  TRUE  TRUE  TRUE FALSE FALSE FALSE FALSE  TRUE
[586]  TRUE FALSE  TRUE FALSE  TRUE  TRUE  TRUE  TRUE  TRUE  TRUE  TRUE  TRUE  TRUE FALSE  TRUE
[601] FALSE FALSE FALSE  TRUE  TRUE  TRUE FALSE  TRUE  TRUE FALSE  TRUE  TRUE  TRUE  TRUE  TRUE
[616] FALSE  TRUE  TRUE FALSE  TRUE  TRUE  TRUE  TRUE  TRUE  TRUE FALSE  TRUE  TRUE  TRUE  TRUE
[631]  TRUE  TRUE  TRUE FALSE  TRUE  TRUE  TRUE  TRUE  TRUE  TRUE  TRUE  TRUE  TRUE  TRUE  TRUE
[646] FALSE FALSE FALSE  TRUE FALSE  TRUE  TRUE  TRUE FALSE FALSE  TRUE FALSE FALSE  TRUE  TRUE
[661] FALSE  TRUE  TRUE  TRUE  TRUE  TRUE  TRUE  TRUE FALSE  TRUE  TRUE  TRUE  TRUE  TRUE  TRUE
[676]  TRUE  TRUE  TRUE  TRUE FALSE FALSE FALSE  TRUE  TRUE FALSE FALSE FALSE FALSE  TRUE  TRUE
[691] FALSE  TRUE FALSE FALSE  TRUE  TRUE FALSE  TRUE FALSE  TRUE  TRUE  TRUE  TRUE  TRUE  TRUE
[706]  TRUE  TRUE  TRUE  TRUE  TRUE  TRUE  TRUE  TRUE  TRUE FALSE  TRUE  TRUE  TRUE  TRUE FALSE
[721]  TRUE FALSE  TRUE  TRUE FALSE  TRUE  TRUE  TRUE  TRUE  TRUE  TRUE  TRUE FALSE  TRUE FALSE
[736]  TRUE  TRUE FALSE  TRUE  TRUE  TRUE  TRUE FALSE  TRUE  TRUE  TRUE  TRUE  TRUE  TRUE  TRUE
[751]  TRUE FALSE FALSE  TRUE  TRUE  TRUE  TRUE  TRUE FALSE  TRUE  TRUE  TRUE  TRUE  TRUE  TRUE
[766] FALSE  TRUE  TRUE  TRUE  TRUE  TRUE  TRUE  TRUE  TRUE  TRUE  TRUE FALSE  TRUE  TRUE  TRUE
[781] FALSE  TRUE  TRUE  TRUE  TRUE FALSE  TRUE  TRUE  TRUE  TRUE  TRUE  TRUE FALSE  TRUE  TRUE
[796]  TRUE  TRUE  TRUE  TRUE  TRUE  TRUE  TRUE  TRUE  TRUE  TRUE  TRUE  TRUE  TRUE FALSE  TRUE
[811]  TRUE  TRUE  TRUE  TRUE  TRUE FALSE  TRUE  TRUE  TRUE  TRUE FALSE  TRUE  TRUE  TRUE  TRUE
[826]  TRUE  TRUE  TRUE FALSE  TRUE FALSE  TRUE  TRUE  TRUE  TRUE  TRUE  TRUE  TRUE  TRUE  TRUE
[841]  TRUE  TRUE  TRUE  TRUE  TRUE  TRUE  TRUE  TRUE  TRUE  TRUE  TRUE  TRUE  TRUE  TRUE  TRUE
[856]  TRUE  TRUE  TRUE  TRUE  TRUE  TRUE  TRUE  TRUE  TRUE  TRUE  TRUE  TRUE FALSE  TRUE  TRUE
[871]  TRUE  TRUE  TRUE  TRUE  TRUE  TRUE  TRUE  TRUE  TRUE FALSE  TRUE  TRUE  TRUE  TRUE  TRUE
[886]  TRUE  TRUE  TRUE  TRUE  TRUE  TRUE FALSE  TRUE  TRUE  TRUE  TRUE

