
Birth-death simulation object with 742 species and 500 extant species

Details for some species:

Extinction times (NA means extant)
[1]  3.950773 75.568778 71.902394 39.192949        NA 24.532385


Speciation times 
[1] 80.51330 76.92507 76.53007 61.39100 56.88069 49.00877


Species parents (NA for initial)
[1] NA  1  1  1  1  1


Species status (extinct or extant)
[1] "extinct" "extinct" "extinct" "extinct" "extant"  "extinct"


For more details on vector y, try sim$y, with y one of
TE TS PAR EXTANT



$TE
  [1]  3.95077288 75.56877789 71.90239358 39.19294897          NA 24.53238465 19.23378495 40.36915938 27.16876342 18.39698726
 [11]          NA          NA 28.68507982 40.93832795          NA 18.28475830  6.74428439          NA          NA 27.29809759
 [21] 30.61217801 33.29099652 15.46290966 28.25123689  0.33707169 23.50323189          NA 34.51274807 29.18972074          NA
 [31] 10.73704354  7.77183117 25.20484432 24.93911356 16.82655669 14.21906779          NA  3.14240266          NA 37.38552083
 [41]          NA 30.35040201 36.63118639          NA 32.44511885          NA 21.32341756 17.98609583          NA          NA
 [51] 24.23614570 35.69522326 20.93244860          NA 44.02774865 33.94836156          NA 21.89232280 10.66947091 35.88882013
 [61] 12.29842914          NA  2.55206864 30.85352485 16.98841642          NA          NA          NA          NA 26.99320472
 [71] 35.75232035 24.41362300          NA 29.99110799 10.84684668          NA  4.09354095 17.19652553          NA          NA
 [81]          NA 27.16334577          NA 36.45263010  4.11220916 37.00672864 30.79458686 31.55472908 27.98298692 28.19772017
 [91] 17.32440259 25.32323872 12.09059184  5.66363347          NA 19.04589095          NA 27.93146154  7.86652922  5.45568877
[101] 10.29311973  0.31097314 11.71714663 30.19467667  7.32821017 28.81168067          NA  3.83055358 30.60213700  1.24643668
[111]  2.89265144          NA          NA 35.32561809          NA 13.14186540 36.09434959 26.11342704  5.72777068          NA
[121]          NA          NA          NA          NA          NA          NA          NA          NA          NA          NA
[131]          NA          NA          NA  3.97495783 21.93341747          NA          NA          NA          NA  3.29672300
[141]          NA          NA 26.97534671 30.71996442 22.61962271          NA 21.84193936 27.12280062 25.96815044  1.92576782
[151] 17.34001930          NA  2.24449141          NA  9.89958115          NA          NA          NA          NA  7.83396650
[161]          NA          NA          NA  8.46417213          NA          NA 27.39626602          NA 27.65346323  0.15875512
[171]          NA          NA  9.38113441 15.87117791          NA          NA          NA          NA 19.92298098  4.97756593
[181] 26.05987943  4.57082196          NA  2.15033763          NA          NA 13.53826864          NA  0.56109795          NA
[191] 20.40083175 24.65866240          NA  6.66943890  3.38758182 26.85130484  3.16193994 20.86243865  6.40672976  0.02499556
[201]          NA          NA          NA          NA          NA          NA          NA          NA  3.47518057          NA
[211] 24.73522858          NA          NA 30.79113759 14.39538987          NA  6.44346392 19.66232155 14.65447199          NA
[221]          NA          NA          NA 12.57515259          NA  3.58284139          NA          NA  5.81733471          NA
[231]          NA  4.35175100          NA          NA          NA  3.22696725  4.79526145          NA          NA  2.41824168
[241]  7.75798685          NA 26.01545407          NA          NA 21.71756127          NA          NA 19.26578079          NA
[251]          NA          NA 17.96674187          NA  4.15245469 15.28554488          NA 11.93588926  0.62158448          NA
[261]  4.70638789          NA 10.75228771 15.47302587          NA          NA          NA          NA          NA          NA
[271]  4.64729145          NA          NA          NA          NA 25.03759207          NA 17.10699211  3.43534234          NA
[281]          NA 10.41987586          NA  8.95129274          NA          NA          NA  3.23444983  7.15625536 21.25178687
[291]          NA          NA          NA          NA          NA 11.11697501  2.30755310          NA          NA 17.36265177
[301]          NA  1.16307827 16.77272271  2.03196552          NA          NA          NA  9.98207519 17.86481241          NA
[311]          NA          NA          NA  0.23883058 10.63464562          NA          NA          NA          NA          NA
[321]          NA  6.75711248          NA  7.50980502          NA          NA 18.88926436 18.63834866          NA  0.17508778
[331]          NA          NA  4.13208884  6.71158123          NA 13.10977050          NA          NA 20.37592817  9.05485034
[341]          NA          NA 17.51659001          NA  8.75821606  2.97024670          NA          NA 12.33590728  2.81796907
[351] 14.63822859          NA          NA          NA          NA  1.05665188          NA          NA  2.67921255          NA
[361]  8.89810634          NA          NA  9.32219264          NA          NA          NA          NA          NA          NA
[371]          NA          NA  2.33855128          NA          NA          NA          NA          NA 13.41867016          NA
[381] 10.45549672          NA  8.89121721          NA 13.38352070          NA          NA  4.07288509          NA 16.53741245
[391]          NA 12.12991839  7.65576735          NA          NA          NA          NA          NA          NA          NA
[401]          NA          NA          NA          NA          NA          NA          NA          NA          NA  4.36395377
[411]          NA          NA  6.75372850          NA  0.36770700          NA          NA          NA          NA 13.40491202
[421]          NA          NA          NA          NA          NA  2.70874624          NA          NA          NA          NA
[431]          NA          NA  4.18173331          NA          NA          NA          NA          NA          NA          NA
[441]          NA          NA          NA          NA          NA          NA          NA          NA          NA  4.25913791
[451]  1.06350023          NA          NA          NA          NA          NA          NA          NA          NA          NA
[461]  0.46035550          NA          NA          NA          NA  3.16434741          NA          NA 11.62451195  4.76824336
[471]          NA          NA          NA          NA          NA          NA          NA          NA  1.94874374          NA
[481]          NA          NA          NA          NA          NA          NA          NA          NA  9.47768443  0.24855837
[491]          NA          NA          NA          NA          NA  4.28776734          NA          NA  5.47182712          NA
[501]          NA          NA          NA  1.72721129          NA  2.49049166          NA          NA          NA  9.44385474
[511]          NA  0.14985005          NA          NA          NA  7.94389701          NA          NA          NA          NA
[521]          NA          NA          NA          NA          NA          NA          NA          NA          NA          NA
[531]          NA          NA          NA  4.44289979          NA  0.59555973          NA          NA          NA          NA
[541]  0.92453796          NA          NA          NA          NA  5.30266805          NA          NA          NA          NA
[551]          NA  7.03336980          NA          NA  3.79427610          NA          NA          NA          NA          NA
[561]  7.22522496          NA          NA          NA          NA          NA          NA          NA          NA          NA
[571]          NA          NA          NA          NA          NA          NA  1.82382987          NA  0.34265730          NA
[581]          NA          NA          NA          NA          NA          NA          NA  2.60303296          NA  3.73927996
[591]          NA          NA          NA          NA  6.41928594  2.95318170          NA  1.87420019          NA          NA
[601]          NA  3.42606544          NA  5.37042671          NA          NA          NA          NA          NA          NA
[611]          NA          NA          NA          NA          NA          NA          NA          NA          NA          NA
[621]          NA          NA          NA          NA          NA  2.96659712          NA          NA          NA          NA
[631]          NA          NA          NA          NA          NA          NA          NA          NA          NA          NA
[641]          NA          NA          NA  1.43440873          NA          NA          NA          NA          NA          NA
[651]          NA          NA          NA          NA          NA          NA  0.43771227          NA          NA          NA
[661]          NA          NA          NA  1.89789757          NA          NA          NA          NA          NA          NA
[671]          NA          NA          NA          NA          NA          NA  1.64940728          NA          NA          NA
[681]          NA          NA          NA          NA          NA          NA          NA          NA          NA          NA
[691]  0.98723820          NA          NA          NA          NA          NA          NA          NA          NA          NA
[701]          NA  2.81193622          NA          NA          NA          NA  2.06672829          NA          NA          NA
[711]          NA          NA          NA          NA          NA          NA          NA          NA          NA          NA
[721]          NA          NA          NA          NA          NA          NA  0.15479773          NA          NA          NA
[731]          NA          NA          NA          NA          NA          NA          NA          NA          NA          NA
[741]          NA          NA

$TS
  [1] 80.513303135 76.925069647 76.530070053 61.390997896 56.880688615 49.008768894 47.496160749 46.712044631 36.125788927 19.087203719
 [11] 12.686168292  5.589352838 56.129153318 47.664367206 54.103407919 35.972890141 33.053975948 16.111625047 12.739864630 52.993900742
 [21] 50.510280789 46.455866131 33.786012648 33.743955657 47.027199199 45.697016469 39.769243257 37.912715324 35.212187475 28.536941485
 [31] 17.080737237  9.205168148 50.626017589 34.316711732 33.935500001 32.490478727 32.117373338 30.492590224 49.584388181 43.266723531
 [41] 35.433646769 30.985191639 47.362625608 40.495403544 48.738998217 43.924213783 41.698426260 33.936157123 23.574031079  3.362091976
 [51] 48.602335615 47.775569528 43.186551996 33.344923512 47.122204051 43.667756936 34.680104358 26.114311234 25.387352008 47.022007676
 [61] 44.408451271 39.435987359 39.095328313 36.695143583 19.175324723  9.146734919  3.116824255  0.874558674 43.949936279 43.194777682
 [71] 41.398855755 39.544330757 41.649927380 33.808581527 24.157448231 42.512883913 35.062279313 22.931348955 19.626997136 12.663202560
 [81] 40.582163884 31.976199528 11.539577345 41.880457473 41.760056984 40.677335529 42.854165114 41.750372311 39.225947394 31.961600189
 [91] 21.346060628 39.379659654 14.295991742 14.162032262  8.569627225 41.240877491 40.276111733 39.542384203 38.375383336 13.542140474
[101] 10.759220727 36.416035264 34.636210983 34.403685664 33.814199101 37.794570751 32.588110124 29.239061959 40.861221240 39.429082424
[111] 22.724011639 21.496424644  3.912275363 40.918526134 37.611484757 36.003873913 37.379724235 39.235188231 35.505688647 30.986084445
[121] 14.493378672 11.579672765  6.129886248 19.414541951  8.453115762  1.119756663 24.680997248 22.642887959 14.968335525 14.182950027
[131] 13.726714696 12.464242830  6.224335861 24.751226621 27.028476641 18.168370527 25.890303832 23.742009151 22.507100721  6.482883693
[141]  6.385087573  1.939338135 39.270872311 38.039258188 37.158258157 35.206356743 26.585026762 33.923573231 28.905475654  6.112845926
[151] 34.386031837 32.118337624 21.553457998 20.469013508 16.250092182 12.007452124 11.489626444  7.972791848 33.760089274 32.436019630
[161] 26.423037337 15.932005491 13.246785813 11.162229242  8.735379629  4.231406484 31.824945994 28.655105371 30.721482822 29.739201484
[171] 18.408375323 24.943991880 24.486059274 23.037115557 19.609595910 10.564167937  7.058376730  6.422736426 24.355010589 32.448461011
[181] 31.975752386 14.700045727 12.100478990  6.891611239  0.275911704 24.670935276 16.149169341  7.372142746  4.304093610 16.243766333
[191] 29.403665073 24.678728830 19.254420630 33.642656822 32.587116596 27.430485429 23.405936379 32.583857668 20.275923318 19.763210352
[201] 28.261684864 20.266871481 12.291823114  1.399628446 32.982683354 19.592831279 16.959254686 33.344466736 22.414854193 16.658399707
[211] 25.230347469  1.294425663  0.269984568 32.250743557 22.349565469  9.466845582 23.772360380 22.714381311 22.410379867 28.918675962
[221]  9.651824978  8.911682173 24.595499080 15.119419363 24.171899236 18.974509585 16.686472439 16.111121632  8.392572100 31.697096564
[231] 15.912130962 12.389949554 14.228894290  9.804261717 16.620929425 16.596435038 14.544228701  5.592438154 29.394174107 29.275723975
[241] 10.567865801 14.380364354 26.833082810 19.842358157  6.429499910 28.336519688 15.254879264  3.446918723 23.114982739  2.170599794
[251]  1.502137621  0.577147509 22.688354627 18.701580973  4.534544455 24.868212324 23.107040250 19.209205427  2.851063630 12.634627420
[261] 12.186665071 22.081651256 21.533253597 15.986008181  8.220963490  4.636268069  2.390761206 26.898774938 26.441623667 19.869119121
[271] 17.714124034  9.010794732  4.557663008 21.781864661  7.018842168 25.505761796 23.979971091 24.125768613 16.841154565 10.511831917
[281] 13.779718766 21.538910112 15.743856095 10.928514698 10.439697947  5.490922764 18.604235487 14.914231420  8.336917189 23.270234082
[291] 11.013645733  7.962292343  5.712487384 23.835033121  2.792114682 15.603825920 15.178892401  9.628894946 23.287237210 22.181042780
[301] 15.980700024  9.610607855 20.224973637  9.115453377  0.947662896  0.490858672 23.230537131 21.563191159 19.075132216 16.345175019
[311]  4.531846819  3.355359583  1.817665557 20.211577739 19.707656770 19.634709289 16.888095956 23.352200580  0.920319811 20.913766911
[321] 10.987579898 17.905268278 14.293009873 22.231316056 12.278758942  5.186679338 20.144445936 20.105374578 11.146572201  6.917470467
[331] 21.226150817  0.557455823 20.949617495 19.752613698 17.304682141 15.988834394 22.322894018 17.484543812 22.342733455 15.104305474
[341]  4.870690704  2.252875954 18.638092487  0.111173633  9.503715095  3.843543079  3.528421667  2.889181115 16.231037485 13.373699607
[351] 14.778318755 10.678878580  9.431710373  8.091016895 10.053478195  3.382384428 15.143484465  5.035373283 19.351470835 18.293615702
[361] 16.279525108 10.191783590 19.216891023 15.528584767  9.083925529  3.261289719  2.588974608 16.776135542 19.013251155  3.359528460
[371] 16.125582252  3.733767663 18.588452304 16.392744241 13.872985417  7.429552397 10.524940213 14.992402859 16.163604856  1.953433399
[381] 12.961492072  5.558740129 15.149556059 12.067946173 13.665378560  0.346476976 18.837031804 15.766755955  6.002302448 17.230017030
[391] 15.614298288 14.801719853 18.714345873 16.982758849 14.178658096  6.002645784  1.388246184 17.961003455  7.327030732  5.618438727
[401]  4.204353820  2.271803183 17.129802761  1.653247783  6.139099663  4.955224521 10.645621420  3.400284202  1.072667215 11.023603212
[411] 13.294223319  8.104720079  8.045916655  7.252228703 11.281106170  4.706202583 15.641402358 11.245135937  4.067340543 16.826335982
[421] 15.556875160  8.385855910 16.731881118  4.077786832  0.505248827 16.405151092 15.205684786 12.313304718 12.208716951 12.011781663
[431]  7.613526078  0.801474860 16.290474749 15.579080462 10.425706484  7.153819542  5.845233706  3.743953583  9.667160699  3.775754921
[441]  7.855446075  7.050945994  9.990733531 12.354533181  3.749337899 15.503076382 16.238953642  3.301837141  9.312857503 15.456837128
[451] 16.073986435  3.990619684  3.604341528  2.459701254  9.107821962  8.370951004  9.672838723 15.714177107  9.082828424 12.203326851
[461]  9.106272521  2.117753248 14.785419612 10.848636998  7.849675522  9.508781809  8.098099119  4.767045234 14.646223656  6.887445202
[471]  6.130686253  5.644933291  3.058077705  1.345937339  3.375370737  3.191401308  1.140505659 13.699799655  8.305973154 10.418068963
[481] 10.547770915  3.145038445  8.447658497  6.104878604  8.787571874  9.228482685  3.935223224  1.040929248 13.566440358 12.746868017
[491]  6.922376766 11.199323490  4.727499780 13.825048914 12.161552314  8.578760511 11.288974459  8.153913479  6.921508334 13.591968854
[501]  6.454980171  1.142712470  3.112029681  5.723199465  7.800077104  7.420386107  7.925551871  6.598727100  0.542028483 10.774855293
[511]  8.132315798  7.128838699  2.046528298 11.781136633 10.962132544  8.930685427  3.811425431 10.940655754  8.812675387  8.201492016
[521]  1.783332244  1.233829892 12.023122634  2.367230388 10.848500465  9.819032507  0.727520171  4.314320723  0.433391200  9.523033552
[531]  6.812970970 10.880486180  3.163394153  6.940789696  6.866476084  2.037357511  5.120310856  4.026802456  1.913198828  1.887358356
[541]  9.204841675  8.219847161  4.193417483 10.891028432 10.170436314  5.712025046  0.369386219 11.594782861 10.478234734  6.102791589
[551]  5.895233804  8.030891639  9.877654384  2.716409969  7.812390515  5.615765328 11.090980653  6.502133367  2.569352851  0.644424672
[561]  9.151730124  2.511149846  6.980079809  0.178539935  5.389836177  0.453479675 10.840362497  7.280521250  2.784802509  3.472514988
[571]  9.647445058  4.036012253  7.881039517  0.804991672  8.366688933  5.549209798  7.313257703  1.982669933  1.993100181  1.661061303
[581]  9.580205267  7.530668097  4.535317550  3.840749274  2.670930948  1.761721239  0.038094466  4.478819034  1.477730455  5.004720090
[591]  4.308401368  4.216699699  3.327998492  8.245614737  6.979939744  6.194477689  5.735804907  6.841982924  9.098663415  3.891922952
[601]  3.784315341  8.848114845  7.356372296  6.788265850  3.157817583  6.573726462  7.509065726  4.785137097  6.026494127  4.988762922
[611]  3.871670860  0.612081491  1.827584974  5.515872658  6.997287052  7.345955722  4.737402090  5.596869168  2.705547351  6.228692614
[621]  4.872670900  0.456448979  5.483589954  0.508747049  6.955481730  4.864768796  7.885264437  0.545971170  5.732895622  7.560131087
[631]  1.737497982  7.823018927  2.758457681  3.325578775  0.770200626  0.945161574  7.085253934  1.861384593  0.509973764  3.642904867
[641]  4.802642359  6.181319489  2.611837901  6.147199317  6.009704844  0.007259894  5.525838927  0.074109583  0.560312472  2.765064255
[651]  5.044101882  1.483304915  1.156913690  2.081205777  4.389040490  1.480004771  0.847332745  4.120781142  0.322125638  2.979229715
[661]  3.391936376  0.856042641  0.095711920  5.308071545  5.106435428  1.781021398  1.485211197  0.623497627  1.714428840  5.277456883
[671]  1.358650983  0.071598245  2.995379172  0.502634832  3.616283246  3.672585408  1.911320240  1.456308858  0.753674249  0.266868838
[681]  2.361608755  2.054137093  1.074510019  3.960675635  1.905733108  1.361768119  2.827456085  0.533023566  1.007957711  3.856774229
[691]  1.873637654  0.825388512  2.020796122  1.920762070  3.170760255  0.948726093  3.539402533  0.455266835  0.077679846  0.011862951
[701]  2.742171498  3.187440506  2.277173159  1.155846138  3.251896275  3.060251328  3.025135142  2.867694457  1.159491934  2.735946077
[711]  1.854395401  2.417223955  1.322546820  0.491561770  0.023076515  1.535192083  0.020798273  1.798625400  1.716565990  1.026715927
[721]  0.004975019  1.554864508  1.577136153  2.072429853  1.867192321  0.062628425  1.116409229  0.778783764  0.456580271  1.294616635
[731]  0.669945890  1.361803891  0.281874121  1.075024261  0.235220236  0.744225450  0.736154519  0.559957275  0.380842869  0.479346324
[741]  0.240021234  0.141810618

$PAR
  [1]  NA   1   1   1   1   1   1   1   1   1   1   1   4   4   5   5   5   5   5  13  13  13  13  13  15  15  15  15  15  15  15  15
 [33]  20  20  20  20  20  20  33  33  33  33  21  21  39  39  39  39  39  39  45  45  45  45  51  51  51   7   7  43  25  25  25  25
 [65]  25  25  25  25   8   8  22  22  26  26  26  61  61  61  61  61  69  46  46  56  40  40  70  53  53  53  53  87  76  76  76  85
 [97]  85  85  85  85  85  88  88  88  88  47  47  47  73  73  73  73  73  71  96  96 109  86  81  81  81  81  81  44  44  44  97  97
[129]  97  27  27  27  27  72  62  62 110 110 110 110 110 110  92  92  92 118 118  89  89  63  99  99  99  99  99  99  99  99 106 115
[161] 115 115 115 115 115 115  64 102 116 116 116 119 119 119 119 119 119 119  41  29 146 146 146 146 146  77  77  77  77  57 103 103
[193] 103  34  48  48 105  23  23  23 159 159 159 159 194 194 194  54  54  54 208 208 208  17  17  17 205 205 205 107 107 107 195 195
[225] 198  36 180 180 180 160 160 160 152 152  37  37  37  37 167 230 230 120  38  38  38 170 170 170 191 239 239 239 108 108 108 220
[257] 220 220 220 168 168  30  30  30  30  30  30 201 201 269 269 269 269 161 161  58  58 137 137 137  59 172 172 172 172 172 256 134
[289] 134 127 127 127 127 186 186 223 223 223 173 173 173 173 179 225 225 225  75  75 277 277 277 294 294 217 217 217 138  49  49 197
[321] 197 318 307 257 257 257  78  78 111 111 218 139 209 209 209 209 219 219 215 215 337 337 300 262 274 274 274 274 153 153 282 282
[353] 112 112 331 331 333 333 154 154 154 199 202 202 202 202 202 314 270 270 244 244 200 200 200 200 334 315 316 316  79  79 175 175
[385] 206 206 359 359 359 193 258 258 387 387 254 254 254 287 373 171 171 171 360 360 136 136 398 398 398 322 271 271 271 271 335 335
[417] 403 403 403 394 394 394 207 207 207 317 317 317 317 317 317 317 279 279 279 279 423 423 227 227 210 210 236 426 426 374 310 310
[449] 433 190 447 447 447 371  18 228 451 301 301 162 162 162 231 231 231 458 458 458 417 391 391 391 391 391 434 434 434 421 421 364
[481] 450 247 427 427 297 383 357 129 288 288 288 182 182 469 469 237 121 121 121  93 323 130 395  94 375 375 494 281 281 478 478 478
[513] 478 500 500 350 350 411 411 163 163 163 381 490  11  11  80 260 260 132 232 444 444 428 203 203 429 429 429 429 460 261 495 183
[545] 183 523 523 430 514 548 548  83 157 157 415 415 418 418 418 492 329 557 321 321 515 515 518 518 544 532 464 464 352 352 241 176
[577] 481 481 280 280 285 285 285 285 285 435 435 545 526 234 457 439 221 298 298 298 298 302 581 353 353 486 541  66 455 461 599 599
[609] 365 459 272 272 485 496 125 483 483 479 594 265 265 265 542 542 467 467 354 354 158 507 507 573 573 505 505 431 630 376 177 442
[641] 275 615 184 535 535 535 531 531 508 606 501 178 133 644 471 484 550 645 645 389 629 629 629 546 556 556 556 556 382 576 576 576
[673] 647 647 614 286 286 623 565 565 664 670 537 665 358 358 621 617 273 588 655 655 189 452 487 690 584 584 517 445 372 676 640 453
[705] 570 570  50 370 312 476 673 660 348 348 348 259 569 710 585 643 562 712 342 462 462 693 142 666 719 404 404 722 667 204 204 212
[737] 126 126 727 636 736 698

$EXTANT
  [1] FALSE FALSE FALSE FALSE  TRUE FALSE FALSE FALSE FALSE FALSE  TRUE  TRUE FALSE FALSE  TRUE FALSE FALSE  TRUE  TRUE FALSE FALSE
 [22] FALSE FALSE FALSE FALSE FALSE  TRUE FALSE FALSE  TRUE FALSE FALSE FALSE FALSE FALSE FALSE  TRUE FALSE  TRUE FALSE  TRUE FALSE
 [43] FALSE  TRUE FALSE  TRUE FALSE FALSE  TRUE  TRUE FALSE FALSE FALSE  TRUE FALSE FALSE  TRUE FALSE FALSE FALSE FALSE  TRUE FALSE
 [64] FALSE FALSE  TRUE  TRUE  TRUE  TRUE FALSE FALSE FALSE  TRUE FALSE FALSE  TRUE FALSE FALSE  TRUE  TRUE  TRUE FALSE  TRUE FALSE
 [85] FALSE FALSE FALSE FALSE FALSE FALSE FALSE FALSE FALSE FALSE  TRUE FALSE  TRUE FALSE FALSE FALSE FALSE FALSE FALSE FALSE FALSE
[106] FALSE  TRUE FALSE FALSE FALSE FALSE  TRUE  TRUE FALSE  TRUE FALSE FALSE FALSE FALSE  TRUE  TRUE  TRUE  TRUE  TRUE  TRUE  TRUE
[127]  TRUE  TRUE  TRUE  TRUE  TRUE  TRUE  TRUE FALSE FALSE  TRUE  TRUE  TRUE  TRUE FALSE  TRUE  TRUE FALSE FALSE FALSE  TRUE FALSE
[148] FALSE FALSE FALSE FALSE  TRUE FALSE  TRUE FALSE  TRUE  TRUE  TRUE  TRUE FALSE  TRUE  TRUE  TRUE FALSE  TRUE  TRUE FALSE  TRUE
[169] FALSE FALSE  TRUE  TRUE FALSE FALSE  TRUE  TRUE  TRUE  TRUE FALSE FALSE FALSE FALSE  TRUE FALSE  TRUE  TRUE FALSE  TRUE FALSE
[190]  TRUE FALSE FALSE  TRUE FALSE FALSE FALSE FALSE FALSE FALSE FALSE  TRUE  TRUE  TRUE  TRUE  TRUE  TRUE  TRUE  TRUE FALSE  TRUE
[211] FALSE  TRUE  TRUE FALSE FALSE  TRUE FALSE FALSE FALSE  TRUE  TRUE  TRUE  TRUE FALSE  TRUE FALSE  TRUE  TRUE FALSE  TRUE  TRUE
[232] FALSE  TRUE  TRUE  TRUE FALSE FALSE  TRUE  TRUE FALSE FALSE  TRUE FALSE  TRUE  TRUE FALSE  TRUE  TRUE FALSE  TRUE  TRUE  TRUE
[253] FALSE  TRUE FALSE FALSE  TRUE FALSE FALSE  TRUE FALSE  TRUE FALSE FALSE  TRUE  TRUE  TRUE  TRUE  TRUE  TRUE FALSE  TRUE  TRUE
[274]  TRUE  TRUE FALSE  TRUE FALSE FALSE  TRUE  TRUE FALSE  TRUE FALSE  TRUE  TRUE  TRUE FALSE FALSE FALSE  TRUE  TRUE  TRUE  TRUE
[295]  TRUE FALSE FALSE  TRUE  TRUE FALSE  TRUE FALSE FALSE FALSE  TRUE  TRUE  TRUE FALSE FALSE  TRUE  TRUE  TRUE  TRUE FALSE FALSE
[316]  TRUE  TRUE  TRUE  TRUE  TRUE  TRUE FALSE  TRUE FALSE  TRUE  TRUE FALSE FALSE  TRUE FALSE  TRUE  TRUE FALSE FALSE  TRUE FALSE
[337]  TRUE  TRUE FALSE FALSE  TRUE  TRUE FALSE  TRUE FALSE FALSE  TRUE  TRUE FALSE FALSE FALSE  TRUE  TRUE  TRUE  TRUE FALSE  TRUE
[358]  TRUE FALSE  TRUE FALSE  TRUE  TRUE FALSE  TRUE  TRUE  TRUE  TRUE  TRUE  TRUE  TRUE  TRUE FALSE  TRUE  TRUE  TRUE  TRUE  TRUE
[379] FALSE  TRUE FALSE  TRUE FALSE  TRUE FALSE  TRUE  TRUE FALSE  TRUE FALSE  TRUE FALSE FALSE  TRUE  TRUE  TRUE  TRUE  TRUE  TRUE
[400]  TRUE  TRUE  TRUE  TRUE  TRUE  TRUE  TRUE  TRUE  TRUE  TRUE FALSE  TRUE  TRUE FALSE  TRUE FALSE  TRUE  TRUE  TRUE  TRUE FALSE
[421]  TRUE  TRUE  TRUE  TRUE  TRUE FALSE  TRUE  TRUE  TRUE  TRUE  TRUE  TRUE FALSE  TRUE  TRUE  TRUE  TRUE  TRUE  TRUE  TRUE  TRUE
[442]  TRUE  TRUE  TRUE  TRUE  TRUE  TRUE  TRUE  TRUE FALSE FALSE  TRUE  TRUE  TRUE  TRUE  TRUE  TRUE  TRUE  TRUE  TRUE FALSE  TRUE
[463]  TRUE  TRUE  TRUE FALSE  TRUE  TRUE FALSE FALSE  TRUE  TRUE  TRUE  TRUE  TRUE  TRUE  TRUE  TRUE FALSE  TRUE  TRUE  TRUE  TRUE
[484]  TRUE  TRUE  TRUE  TRUE  TRUE FALSE FALSE  TRUE  TRUE  TRUE  TRUE  TRUE FALSE  TRUE  TRUE FALSE  TRUE  TRUE  TRUE  TRUE FALSE
[505]  TRUE FALSE  TRUE  TRUE  TRUE FALSE  TRUE FALSE  TRUE  TRUE  TRUE FALSE  TRUE  TRUE  TRUE  TRUE  TRUE  TRUE  TRUE  TRUE  TRUE
[526]  TRUE  TRUE  TRUE  TRUE  TRUE  TRUE  TRUE  TRUE FALSE  TRUE FALSE  TRUE  TRUE  TRUE  TRUE FALSE  TRUE  TRUE  TRUE  TRUE FALSE
[547]  TRUE  TRUE  TRUE  TRUE  TRUE FALSE  TRUE  TRUE FALSE  TRUE  TRUE  TRUE  TRUE  TRUE FALSE  TRUE  TRUE  TRUE  TRUE  TRUE  TRUE
[568]  TRUE  TRUE  TRUE  TRUE  TRUE  TRUE  TRUE  TRUE  TRUE FALSE  TRUE FALSE  TRUE  TRUE  TRUE  TRUE  TRUE  TRUE  TRUE  TRUE FALSE
[589]  TRUE FALSE  TRUE  TRUE  TRUE  TRUE FALSE FALSE  TRUE FALSE  TRUE  TRUE  TRUE FALSE  TRUE FALSE  TRUE  TRUE  TRUE  TRUE  TRUE
[610]  TRUE  TRUE  TRUE  TRUE  TRUE  TRUE  TRUE  TRUE  TRUE  TRUE  TRUE  TRUE  TRUE  TRUE  TRUE  TRUE FALSE  TRUE  TRUE  TRUE  TRUE
[631]  TRUE  TRUE  TRUE  TRUE  TRUE  TRUE  TRUE  TRUE  TRUE  TRUE  TRUE  TRUE  TRUE FALSE  TRUE  TRUE  TRUE  TRUE  TRUE  TRUE  TRUE
[652]  TRUE  TRUE  TRUE  TRUE  TRUE FALSE  TRUE  TRUE  TRUE  TRUE  TRUE  TRUE FALSE  TRUE  TRUE  TRUE  TRUE  TRUE  TRUE  TRUE  TRUE
[673]  TRUE  TRUE  TRUE  TRUE FALSE  TRUE  TRUE  TRUE  TRUE  TRUE  TRUE  TRUE  TRUE  TRUE  TRUE  TRUE  TRUE  TRUE FALSE  TRUE  TRUE
[694]  TRUE  TRUE  TRUE  TRUE  TRUE  TRUE  TRUE  TRUE FALSE  TRUE  TRUE  TRUE  TRUE FALSE  TRUE  TRUE  TRUE  TRUE  TRUE  TRUE  TRUE
[715]  TRUE  TRUE  TRUE  TRUE  TRUE  TRUE  TRUE  TRUE  TRUE  TRUE  TRUE  TRUE FALSE  TRUE  TRUE  TRUE  TRUE  TRUE  TRUE  TRUE  TRUE
[736]  TRUE  TRUE  TRUE  TRUE  TRUE  TRUE  TRUE

