
Birth-death simulation object with 983 species and 500 extant species

Details for some species:

Extinction times (NA means extant)
[1] 144.75997 131.85293 148.08215 130.50879 128.05413  51.36206


Speciation times 
[1] 172.7780 163.2329 158.0834 141.7075 140.4446 134.9475


Species parents (NA for initial)
[1] NA  1  2  2  2  2


Species status (extinct or extant)
[1] "extinct" "extinct" "extinct" "extinct" "extinct" "extinct"


For more details on vector y, try sim$y, with y one of
TE TS PAR EXTANT



$TE
  [1] 144.7599651 131.8529323 148.0821485 130.5087946 128.0541284  51.3620572 149.8920370 131.4376743 118.4674230 137.1044308
 [11] 119.0882825 117.7043928 127.7426444 134.6029689  98.9834670  81.2642868  64.3971542          NA 109.5340047 100.2497022
 [21]  40.2666842 103.1243043  94.3734312 103.2245413 105.5621648  95.5521518  94.8542373  97.8582514  98.2497166  88.6412802
 [31]          NA  77.7763588  85.8915885  63.9761571  64.7627359  54.2207721 104.4890186 106.5178501  93.9720801  76.1434186
 [41]  70.9589382  44.8215661  93.9558418  84.1726275  65.3194067  89.3031189  76.6581549  69.3281303  80.4547778  70.1674155
 [51]  64.7079667  85.7307678  28.3365338          NA          NA   5.3515035          NA          NA          NA  66.4674686
 [61]  80.3973383  35.0328612  80.2957741  81.0465596  78.8322733  69.4878838  56.2627395  43.9475678          NA  32.8289919
 [71]  83.9018299  58.0305044  63.6867799  83.5065309  19.4202472  85.6550190          NA  76.8099857   8.2285554  58.4056508
 [81]  43.5017199  67.5106814  79.8364358  78.7724054  72.8309160  72.4566622  67.1968785  56.7220503  46.1211268          NA
 [91]  74.0858193  30.0689101  63.3967068  74.4999570  54.7299060  43.0197538  30.5948106   8.9808428          NA   7.5314483
[101]  68.1722002  57.7212640  41.1177390  67.4514854  25.0331274  38.4769451  50.4221758  61.8663444  63.7931343  65.9655199
[111]  49.6757188  45.3642545  59.5335416  29.6500984  41.5339313  65.1410087  50.0501149  47.4922295  44.0780321  26.4093214
[121]  37.7568941  29.8814286          NA  40.8171842   3.1423610  40.1483219  11.9054275          NA          NA          NA
[131]   6.2081839          NA          NA          NA   3.6187934  35.5007482  53.4376830  56.9730770  48.0697942  37.8537249
[141]  55.8827131  36.9359806  47.9645739  53.6821958  45.4578739  44.2570479  39.9324167  26.9733620  26.7247503  13.8744716
[151]          NA  52.0784841  46.7171084  13.7419497   6.4431076   3.3677183   4.1786159          NA  32.7980949  31.3432351
[161]  25.0512088          NA          NA  14.1566358          NA          NA  26.2596929  38.7041847  24.6200586  33.0707378
[171]  23.5445898   2.8817691  36.3776797  38.7612057   8.1235965   2.5924108  36.3731869          NA  29.9111815  40.2324600
[181]  34.1654571  20.6482453  11.3484787  40.6918703  36.3848484  14.9408277          NA   4.6521586          NA  21.2453159
[191]          NA          NA          NA  24.7174435   1.2963239   0.9493777          NA  16.4979525          NA  35.9534512
[201]          NA          NA  14.6207407          NA          NA  45.6249802  10.2778134          NA  23.9265263  13.1221954
[211]  14.1232068  32.2905225   1.6735016   3.4815062  22.8969527  22.2079764          NA  30.9236354   9.0433055  10.5272804
[221]          NA   3.1411137  32.8409284  27.2553712          NA  18.6890468  31.7666070  37.8285448  25.2624686   8.7300258
[231]          NA  25.8729928          NA  14.1819849  37.9208411  16.5536230          NA   5.2878080   7.6976709          NA
[241]          NA  32.9586519          NA          NA  13.4694199          NA  17.5302701  28.4297193          NA          NA
[251]          NA          NA  27.7578100  13.9127043  23.1591374   4.6656105   0.2345162   0.1573455  16.6676443          NA
[261]          NA          NA  28.6466945          NA          NA          NA          NA          NA  31.5189781  16.4225225
[271]   5.7101482   7.4853035  14.5615933  27.8121313  35.2878083  19.6799275   3.7581238   0.2004691   4.9885664  23.1560501
[281]  29.5215906  25.6745139          NA  20.2282227   2.1358724          NA          NA          NA  35.3021921  31.4803559
[291]          NA          NA   1.5342731          NA          NA  14.0909042   9.1528305          NA  33.1203498          NA
[301]  14.3481446   1.6387961   4.4547450  28.9741125  32.3649809  21.8220893  10.7487594          NA   7.4579322  13.7369960
[311]          NA  20.9923047   4.0556964  17.0153531  24.5235569  23.3060841  17.4546098          NA   1.2622982   4.9056973
[321]          NA          NA          NA  21.6832744  11.8127466          NA          NA          NA          NA          NA
[331]          NA  32.3662636   7.0922701          NA          NA   8.3203949          NA          NA  18.8095851   9.2463297
[341]   8.0825283   0.5731227          NA   6.4991120  28.7169006  18.1079556          NA          NA          NA   1.8262682
[351]          NA          NA          NA          NA          NA          NA          NA  21.3289022   8.2023544          NA
[361]          NA          NA          NA   2.9043552          NA          NA   6.8641816   3.1761651  25.8908431          NA
[371]   2.0269203  25.4457957          NA          NA          NA   3.4477388  15.6961843          NA   9.9266976          NA
[381]  21.9079073          NA  15.4760065          NA   2.2682452   4.2819463  23.0342784   8.9543600          NA  23.9281916
[391]  21.8830737  18.4227495   2.6058767   7.6101509  11.7585978   2.2520073          NA          NA          NA   8.9264533
[401]          NA  13.8433815   0.6866110  18.1470692  16.7434254  18.6923903   1.1856827  20.1826557          NA          NA
[411]          NA          NA          NA   8.2459850  10.1347359          NA          NA          NA  22.6168405          NA
[421]          NA          NA  10.0192287  19.6407058   3.9569227   3.8844535          NA   3.4013603   2.4569841          NA
[431]  14.8105845          NA  24.2620522  17.1757963  16.1470174          NA  20.2904780   3.9279752  20.6558624   8.7998305
[441]  23.4953324  21.4307668   4.1951559          NA          NA  17.1293387   5.5120349          NA  21.4538385   1.5809945
[451]   7.1909733   1.0253826          NA          NA          NA   6.3979539          NA          NA          NA  12.7835083
[461]          NA   4.8162556  11.2660039          NA          NA   3.6302254  14.4928335          NA          NA          NA
[471]          NA  21.5119224          NA  12.8477386          NA          NA          NA          NA          NA          NA
[481]  11.8332189   5.2560421          NA   0.8317502   1.0792918          NA  18.7008987   5.1135289   2.3157488  18.4336722
[491]   4.2212963          NA  18.1947391  21.2376939   8.2586211          NA          NA          NA          NA  10.4305025
[501]          NA          NA          NA  17.9275787   5.0265204          NA   6.3441402          NA          NA  11.9545158
[511]          NA          NA   6.1283180          NA          NA          NA   6.4291001   9.2967303   6.3695803          NA
[521]   8.4900006   7.0057133          NA          NA          NA   7.7580993   1.4542084   7.7655530          NA  11.5513217
[531]          NA          NA          NA   6.5707859          NA          NA          NA   9.7167820  11.5651435   0.6027018
[541]  12.8319369   6.6286135   1.1645509   7.1296740          NA          NA          NA          NA          NA   8.6977759
[551]          NA          NA   8.0435263   2.7835707          NA          NA  10.0783170          NA          NA  16.4471375
[561]          NA          NA   1.2572904          NA   4.2310716          NA          NA   5.4445810          NA  19.5156578
[571]   1.3589156   2.4345697          NA          NA   6.0526957          NA          NA          NA   7.1064053   6.6656263
[581]  12.5549020          NA   2.6752516  19.4699362          NA          NA   9.4465160   1.0280546          NA  15.7411366
[591]          NA          NA          NA          NA   8.3866123   1.5334312   5.8704997          NA   1.7296378          NA
[601]          NA          NA          NA          NA          NA          NA          NA  12.2667673          NA          NA
[611]          NA          NA          NA          NA   5.1335229          NA          NA          NA   3.8656074          NA
[621]          NA   5.6017187  12.8623204   1.1724413          NA  13.7258618          NA          NA          NA   2.4170708
[631]          NA  14.3504628   7.4186841          NA  15.2704686   2.0007430          NA   1.8946562          NA          NA
[641]          NA  12.3150657          NA          NA          NA   9.6904338          NA          NA          NA          NA
[651]  11.5950358          NA          NA          NA          NA  13.4165752  12.0653561   1.3043349          NA  10.7550262
[661]   9.7931823  12.5092587          NA          NA   2.6706815          NA          NA          NA          NA          NA
[671]  11.0022088          NA          NA   3.1963549          NA   7.6633346          NA   3.4481092   6.8785040          NA
[681]          NA          NA          NA          NA   7.7332511   6.1002517          NA          NA   7.7614967          NA
[691]          NA          NA          NA   3.0167300   4.1954787  12.9380000   1.3156068   0.9967472   7.0580595   7.6918334
[701]          NA   3.4191680          NA          NA          NA          NA          NA          NA          NA          NA
[711]   8.3081889   2.7304011          NA   6.4766690  12.9339534          NA          NA          NA          NA   5.0154322
[721]  12.9367422   0.9731811   4.7633748          NA          NA  10.9628961   3.3814699  10.4802797   0.2031810          NA
[731]          NA   4.4362294          NA   1.2299042          NA          NA          NA   7.9998698          NA   7.2370348
[741]          NA   3.1123737          NA          NA   6.5035781          NA          NA          NA          NA          NA
[751]          NA          NA          NA   0.4866685          NA          NA   3.7758606          NA  10.8383295   3.8696097
[761]          NA          NA          NA          NA          NA          NA          NA   4.1861151   1.1471080   4.0322529
[771]          NA          NA          NA          NA          NA          NA          NA          NA          NA          NA
[781]          NA   4.5879634          NA          NA   0.8179238   4.4644164   1.9145537          NA          NA          NA
[791]          NA          NA          NA   8.4067967          NA          NA          NA          NA          NA          NA
[801]          NA          NA          NA          NA          NA          NA   6.2507199          NA   5.1466501          NA
[811]          NA          NA          NA          NA          NA   6.8838620          NA          NA          NA          NA
[821]          NA          NA          NA          NA          NA          NA   5.8148635   2.9731229          NA          NA
[831]   4.7535244          NA          NA   3.0549155          NA          NA   0.1787311   0.8773358          NA   5.7320662
[841]          NA          NA          NA          NA          NA          NA   0.6816715          NA          NA          NA
[851]          NA          NA          NA          NA          NA   2.5220518          NA          NA          NA          NA
[861]   5.6583715          NA   2.9051629          NA          NA          NA   2.1032033          NA   0.6887803          NA
[871]          NA          NA          NA          NA   3.4416712          NA          NA          NA   1.7786419          NA
[881]          NA          NA          NA          NA          NA          NA          NA          NA   1.3888597   0.7673187
[891]          NA          NA          NA          NA          NA          NA          NA          NA          NA          NA
[901]          NA          NA          NA          NA          NA          NA          NA          NA          NA          NA
[911]   0.1364035          NA          NA          NA   0.7010931          NA          NA          NA          NA          NA
[921]          NA          NA          NA          NA          NA          NA          NA          NA   0.3551041          NA
[931]          NA          NA          NA   2.5297957          NA          NA          NA          NA          NA   2.9408337
[941]          NA          NA          NA          NA   0.1078718          NA   3.0035339          NA          NA          NA
[951]          NA          NA          NA          NA          NA          NA          NA          NA          NA          NA
[961]          NA          NA          NA          NA   1.1444819          NA          NA          NA          NA          NA
[971]          NA          NA   0.9968903          NA          NA          NA          NA          NA          NA          NA
[981]          NA          NA          NA

$TS
  [1] 1.727780e+02 1.632329e+02 1.580834e+02 1.417075e+02 1.404446e+02 1.349475e+02 1.507133e+02 1.498428e+02 1.416553e+02 1.403777e+02
 [11] 1.314485e+02 1.214729e+02 1.355710e+02 1.350431e+02 1.336538e+02 1.235729e+02 6.561564e+01 5.555883e+01 1.167175e+02 1.120179e+02
 [21] 1.117252e+02 1.102981e+02 1.010813e+02 1.113644e+02 1.107594e+02 1.043699e+02 1.018930e+02 1.086883e+02 1.070586e+02 1.037651e+02
 [31] 9.714383e+01 8.790235e+01 8.701505e+01 6.619261e+01 6.498973e+01 5.765983e+01 1.089759e+02 1.103399e+02 1.052395e+02 9.846399e+01
 [41] 9.763740e+01 9.129588e+01 9.892889e+01 9.876862e+01 9.728427e+01 9.432909e+01 8.273323e+01 8.969386e+01 8.580366e+01 9.442194e+01
 [51] 6.842113e+01 9.398441e+01 4.620466e+01 4.609386e+01 3.072862e+01 1.098072e+01 1.002378e+01 6.462138e+00 2.251420e+00 8.514217e+01
 [61] 8.434459e+01 7.555034e+01 9.127945e+01 8.312021e+01 7.958295e+01 7.402350e+01 6.418441e+01 6.123571e+01 4.950667e+01 4.700845e+01
 [71] 9.012910e+01 8.192285e+01 9.001502e+01 8.780706e+01 8.433263e+01 8.842916e+01 6.883432e+01 8.344701e+01 8.019845e+01 7.197119e+01
 [81] 7.185660e+01 7.013385e+01 8.290807e+01 8.110496e+01 7.768339e+01 7.684038e+01 7.177826e+01 8.153794e+01 4.734451e+01 4.331097e+01
 [91] 7.558858e+01 6.072018e+01 7.589135e+01 7.556650e+01 6.784630e+01 5.398283e+01 3.601083e+01 1.713254e+01 1.241608e+01 1.006732e+01
[101] 7.460970e+01 7.516943e+01 6.493939e+01 7.392724e+01 4.718446e+01 4.096279e+01 6.855811e+01 6.313451e+01 7.111007e+01 6.914377e+01
[111] 6.880025e+01 6.549826e+01 7.169427e+01 6.983324e+01 6.191588e+01 6.824970e+01 6.793972e+01 6.219801e+01 4.958661e+01 4.200567e+01
[121] 3.791410e+01 3.320964e+01 5.811179e+01 5.564146e+01 5.102258e+01 4.207836e+01 4.067499e+01 3.018544e+01 2.138973e+01 2.129306e+01
[131] 1.451776e+01 1.450184e+01 4.765818e+00 5.603539e+01 5.505667e+01 5.566725e+01 6.494440e+01 6.441896e+01 5.329645e+01 6.318431e+01
[141] 5.765989e+01 4.629803e+01 5.039995e+01 5.921961e+01 5.520046e+01 4.880669e+01 4.642406e+01 5.518459e+01 4.718867e+01 3.352082e+01
[151] 3.146819e+01 5.268398e+01 5.266316e+01 4.744949e+01 2.209360e+01 1.736468e+01 1.502492e+01 1.595401e+00 4.829034e+01 4.389990e+01
[161] 3.246504e+01 3.101572e+01 2.237274e+01 2.103843e+01 1.229899e+01 6.856004e+00 4.477155e+01 4.259862e+01 3.895363e+01 3.713219e+01
[171] 3.625286e+01 5.060252e+01 4.901208e+01 4.437660e+01 2.061687e+01 3.668472e+00 4.242497e+01 3.990116e+01 3.741527e+01 4.825636e+01
[181] 3.666579e+01 2.174989e+01 1.766195e+01 4.409982e+01 4.996243e+01 4.313061e+01 4.209836e+01 3.894889e+01 2.711168e+01 2.276413e+01
[191] 1.951943e+01 9.207295e+00 4.729801e+01 3.321371e+01 3.667605e+00 3.727993e+01 3.162728e+01 2.362208e+01 8.178691e+00 3.855722e+01
[201] 4.272004e+01 4.431356e+01 2.488455e+01 2.452701e+01 1.604672e+01 4.596122e+01 3.917199e+01 3.340984e+01 3.861887e+01 3.445697e+01
[211] 4.263196e+01 4.108678e+01 4.577272e+01 2.684699e+01 2.319643e+01 2.280952e+01 6.142415e+00 3.997223e+01 3.225752e+01 2.366681e+01
[221] 2.189062e+01 1.989183e+01 4.182467e+01 2.817109e+01 2.736239e+01 3.974670e+01 3.858281e+01 4.312936e+01 2.921553e+01 1.825911e+01
[231] 4.322276e+00 3.504170e+01 2.118430e+01 1.905028e+01 4.098534e+01 3.169236e+01 3.022991e+01 2.329894e+01 1.044217e+01 5.999570e+00
[241] 5.187935e-01 3.945480e+01 1.695258e+01 1.645764e+01 1.443883e+01 2.500611e+00 4.099399e+01 3.461323e+01 3.430111e+01 2.869132e+01
[251] 4.079891e+01 3.779351e+01 3.832501e+01 3.816348e+01 2.775117e+01 2.285656e+01 1.878465e+01 1.251871e+01 3.273619e+01 2.252162e+01
[261] 1.730376e+01 1.360375e+01 3.421830e+01 2.272798e+01 1.362916e+01 1.156689e+01 9.028454e+00 4.797564e+00 3.391756e+01 2.631050e+01
[271] 2.428548e+01 1.784057e+01 1.585520e+01 3.011672e+01 3.862064e+01 3.827556e+01 1.953273e+01 1.948832e+01 3.627361e+01 3.356811e+01
[281] 3.280015e+01 3.236521e+01 2.513219e+01 3.240927e+01 3.712763e+01 3.658539e+01 3.146495e+01 3.471311e+01 3.653092e+01 3.483578e+01
[291] 3.064882e+01 2.194404e+01 1.586654e+01 1.389354e+01 8.367482e+00 2.355907e+01 1.711887e+01 6.871379e+00 3.351890e+01 2.217560e+01
[301] 2.131388e+01 1.254797e+01 5.149417e+00 3.312058e+01 3.295526e+01 2.922680e+01 1.800467e+01 5.385300e+00 3.545489e+01 2.996451e+01
[311] 2.384823e+01 3.559268e+01 3.458986e+01 3.216909e+01 3.135944e+01 2.371999e+01 2.297987e+01 2.237989e+01 2.231784e+01 2.554862e+01
[321] 1.647910e+01 9.173733e+00 8.124761e+00 3.431171e+01 2.297229e+01 1.996254e+01 9.481436e+00 6.516920e+00 2.553783e+01 1.422101e+01
[331] 1.124793e+01 3.393176e+01 1.546057e+01 2.984264e+01 2.974292e+01 1.638516e+01 3.204029e+01 3.218932e+01 3.073185e+01 3.044138e+01
[341] 1.327580e+01 3.863274e+00 1.382152e+00 3.275348e+01 3.106861e+01 2.911351e+01 3.255832e+01 2.253527e+01 2.180842e+01 1.307074e+01
[351] 1.280370e+01 8.098797e+00 3.112847e+01 2.557331e+01 1.562061e+01 4.874349e+00 2.880932e+01 2.399948e+01 1.249632e+01 1.749494e+01
[361] 6.632420e+00 1.611868e+00 1.291756e+00 2.162694e+01 1.698514e+01 1.642817e+01 1.481165e+01 1.360913e+01 3.164175e+01 2.472807e+01
[371] 2.397806e+01 2.840192e+01 1.850366e+01 1.275769e+01 2.451182e+00 4.356365e+00 2.823185e+01 2.510278e-01 1.975799e+01 3.078771e+00
[381] 3.039505e+01 2.374425e+01 1.951068e+01 2.713331e+01 2.336379e+01 2.051659e+01 2.361367e+01 9.104677e+00 1.568414e+01 2.619432e+01
[391] 2.489447e+01 2.870707e+01 2.646850e+01 2.377892e+01 1.857186e+01 9.284532e+00 8.344224e+00 1.044474e+01 1.229545e+00 2.944074e+01
[401] 2.987572e+01 2.593175e+01 2.480684e+01 1.863973e+01 2.371864e+01 1.941843e+01 4.733377e+00 2.026419e+01 1.804818e+01 8.943236e+00
[411] 8.836695e+00 5.290708e+00 3.734694e+00 2.490202e+01 1.482073e+01 1.360951e+01 6.807957e+00 1.020089e+01 2.480608e+01 2.687521e+01
[421] 2.849037e+01 1.313031e+00 2.305149e+01 2.289062e+01 2.774679e+01 2.628189e+01 9.386315e+00 8.279463e+00 3.849081e+00 2.503313e+01
[431] 2.651309e+01 2.580684e+01 2.501577e+01 2.067219e+01 1.710459e+01 2.429479e+01 2.342609e+01 2.500640e+01 2.363457e+01 1.310478e+01
[441] 2.622475e+01 2.567146e+01 1.015129e+01 7.735364e+00 1.318319e+00 2.292811e+01 2.032731e+01 8.843048e+00 2.331272e+01 1.188831e+01
[451] 9.733860e+00 2.850969e+00 2.039939e+01 1.854894e+01 6.200480e+00 2.474811e+01 1.322735e+01 6.368742e+00 2.353630e+01 2.301454e+01
[461] 2.193830e+01 1.674544e+01 1.412728e+01 1.108731e+01 7.456732e+00 6.690007e+00 2.013234e+01 1.113121e+01 1.068682e+01 6.436528e+00
[471] 1.646348e+01 2.381175e+01 1.441835e+01 2.019884e+01 1.830276e+01 1.218362e+01 1.218143e+01 1.819763e+01 1.198517e+01 7.927627e+00
[481] 1.360676e+01 9.931131e+00 2.068609e+01 1.764344e+01 9.606810e+00 9.150601e+00 2.332440e+01 2.343069e+01 2.178115e+01 2.479527e+01
[491] 1.869760e+01 4.354769e+00 2.404298e+01 2.133311e+01 1.930777e+01 1.526775e+01 1.578015e+01 9.538481e+00 1.123971e+00 1.765487e+01
[501] 1.177491e+01 1.299777e+00 2.103090e+01 1.852980e+01 1.099478e+01 1.908162e+01 7.457210e+00 6.252031e+00 2.201112e+01 1.838475e+01
[511] 8.165841e+00 5.408262e+00 2.215664e+01 1.986823e+01 1.661233e+01 1.067805e+01 1.608980e+01 2.304111e+01 2.197194e+01 2.079312e+01
[521] 2.348726e+01 2.028341e+01 1.432455e+01 1.785256e+01 8.673309e+00 2.302199e+01 2.208848e+01 1.240810e+01 2.113683e+01 2.054134e+01
[531] 1.079214e+01 2.122514e+01 1.916564e+01 9.724724e+00 1.862686e+01 1.894860e+01 1.581389e+01 1.886778e+01 1.731470e+01 1.944918e+01
[541] 1.663496e+01 1.413190e+01 4.859878e+00 1.191061e+01 8.444483e+00 6.035830e+00 4.224317e+00 1.256400e+00 1.337495e+01 1.938005e+01
[551] 1.736122e+01 1.605124e+01 8.644701e+00 8.238972e+00 5.220356e+00 1.256373e+00 1.785581e+01 3.907324e+00 8.920561e-02 2.050995e+01
[561] 1.160424e+01 8.011472e+00 1.900959e+01 1.364503e+01 8.184951e+00 1.645181e+01 1.888350e+01 1.077618e+01 7.448111e+00 2.093777e+01
[571] 1.262255e+01 9.254835e+00 1.515529e+01 1.023093e+01 1.653878e+01 1.635311e+01 7.405305e+00 4.939038e+00 1.152591e+01 1.146764e+01
[581] 1.504333e+01 1.500768e+01 5.336645e+00 2.086158e+01 1.049341e+01 7.947645e+00 1.390930e+01 4.476189e+00 4.040301e+00 1.645082e+01
[591] 1.415848e+01 9.620606e+00 6.382328e+00 1.452192e+01 1.379841e+01 8.688863e+00 9.306689e+00 7.250963e+00 2.022950e+01 3.414799e+00
[601] 2.303211e+00 1.184241e+01 8.154944e+00 1.647425e+01 9.186040e+00 1.925709e+01 1.374011e+01 1.899872e+01 1.172521e+01 7.421978e+00
[611] 1.163826e+01 1.017514e+01 9.810113e+00 3.331571e+00 1.391871e+01 2.288093e+00 1.582054e+01 9.912533e+00 8.174404e+00 5.157614e+00
[621] 1.125378e+01 1.102756e+01 1.437147e+01 1.749292e+01 5.332074e+00 1.856974e+01 1.133979e+01 7.342057e+00 4.509136e+00 2.661404e+00
[631] 1.832249e+01 1.722822e+01 1.465844e+01 1.303834e+00 1.679027e+01 1.308200e+01 1.064468e+01 9.308151e+00 5.347557e-01 1.017643e+01
[641] 9.528377e+00 1.859477e+01 1.105062e+01 1.859134e+01 3.177145e+00 1.262066e+01 6.689246e+00 1.329740e+01 8.108221e+00 5.116783e+00
[651] 1.392834e+01 1.375105e+01 3.356891e+00 7.348170e+00 1.567908e+01 1.427870e+01 1.346031e+01 7.183139e+00 1.615046e+01 1.595289e+01
[661] 1.767566e+01 1.677305e+01 1.352329e+01 8.804210e+00 6.709596e+00 4.821211e+00 1.211556e+01 1.100808e+01 1.701637e+00 1.470482e+01
[671] 1.273296e+01 1.053045e+01 1.178387e+01 1.505453e+01 1.595656e+01 1.581472e+01 7.301157e+00 7.097130e+00 1.101679e+01 1.278117e+01
[681] 1.300148e+01 4.122651e+00 3.039678e+00 1.303500e+01 9.246863e+00 9.080487e+00 1.349256e+01 1.332046e+01 9.194142e+00 8.950942e+00
[691] 1.589778e+01 1.080538e+01 1.768545e+00 4.498817e+00 7.971154e+00 1.481460e+01 1.090518e+01 8.665790e+00 8.462729e+00 1.404483e+01
[701] 8.430261e+00 8.356697e+00 1.021195e+01 6.972039e+00 3.701835e+00 4.209380e-03 7.463211e+00 7.104290e-01 2.845822e+00 3.903801e+00
[711] 1.372773e+01 2.971479e+00 1.301322e+01 1.388948e+01 1.426793e+01 9.031945e+00 5.041176e+00 1.353316e+00 1.354322e+01 1.054219e+01
[721] 1.336647e+01 5.376060e+00 1.288486e+01 1.035430e+01 7.679560e+00 1.372098e+01 3.468586e+00 1.157151e+01 8.891406e+00 3.790251e+00
[731] 1.174040e+01 5.767755e+00 6.829085e+00 1.262494e+01 1.286985e+01 4.873981e+00 7.147400e-01 1.290658e+01 9.088325e+00 7.835522e+00
[741] 7.054973e+00 6.263184e+00 7.568928e+00 5.719056e+00 1.180393e+01 7.330335e+00 1.101977e+01 9.191137e-02 9.090847e+00 7.566728e+00
[751] 5.837046e+00 3.857872e+00 2.137261e+00 9.824120e+00 9.495306e+00 8.982939e+00 6.614280e+00 1.727443e+00 1.194129e+01 1.124497e+01
[761] 5.585526e+00 8.583966e-01 8.957551e+00 7.929240e+00 8.079943e-01 7.798355e+00 1.172939e+01 7.819186e+00 1.175085e+01 8.543628e+00
[771] 8.530551e+00 6.978081e+00 5.853570e+00 2.057017e+00 1.507447e+00 1.109730e+01 5.130795e+00 1.393353e+00 5.920743e+00 1.858465e+00
[781] 1.093516e+01 8.252958e+00 9.470651e-02 1.150287e+01 5.419144e+00 9.765207e+00 7.555637e+00 5.986243e+00 5.659010e-01 1.134197e+00
[791] 6.242746e+00 6.507631e+00 6.936734e+00 1.027269e+01 1.005900e+01 1.952376e-01 3.206634e+00 3.970513e+00 3.399429e-01 7.334694e+00
[801] 1.044383e+01 1.852053e+00 3.172419e+00 9.113576e+00 3.303403e+00 3.075591e-01 7.455743e+00 9.035401e+00 8.276444e+00 9.774368e-02
[811] 5.138857e+00 2.895683e+00 9.379485e+00 6.242037e+00 2.820273e+00 8.685263e+00 7.171862e+00 9.348866e+00 8.455452e+00 3.190820e+00
[821] 1.550462e+00 4.396663e-01 6.474959e+00 7.653059e+00 7.520544e+00 4.620767e+00 8.752044e+00 3.472355e+00 8.721478e+00 5.551689e+00
[831] 5.463978e+00 7.232748e+00 6.168967e+00 5.546906e+00 4.101059e+00 3.560220e+00 6.740103e+00 4.575166e+00 3.236921e+00 6.304322e+00
[841] 4.925831e-01 2.775966e-01 6.285749e+00 3.590549e-01 3.415753e+00 6.899900e+00 6.529976e+00 4.718312e+00 7.984732e-01 5.525228e+00
[851] 4.977058e+00 2.976081e+00 3.037708e+00 1.829799e+00 3.739163e+00 4.319790e+00 2.583676e+00 6.059996e+00 7.243089e+00 2.595614e+00
[861] 5.727265e+00 2.459626e-01 7.904259e+00 3.195009e+00 6.316269e+00 1.806456e+00 6.669359e+00 7.509406e+00 6.750167e+00 1.858557e+00
[871] 2.594990e+00 7.572503e+00 5.372668e+00 3.442422e+00 3.567152e+00 2.136381e+00 3.518223e+00 4.961063e-03 3.787989e+00 7.173112e+00
[881] 7.259244e+00 6.097158e+00 2.318431e+00 2.237109e+00 3.884720e+00 2.739756e+00 3.013573e+00 3.535472e+00 3.936298e+00 7.045618e+00
[891] 2.113676e+00 2.101770e+00 5.717924e+00 3.974683e+00 4.238675e+00 4.138375e+00 3.601312e+00 2.384884e+00 1.089142e+00 3.929286e+00
[901] 2.743760e+00 6.452369e+00 4.210028e+00 2.572758e+00 2.045078e+00 7.457491e-01 2.036628e-01 5.901085e+00 5.659386e+00 4.971559e+00
[911] 1.123910e+00 5.519061e-01 1.513014e+00 1.379445e+00 5.838083e+00 6.094800e+00 2.975406e+00 1.475054e+00 6.021497e+00 2.612693e+00
[921] 3.069320e+00 1.745281e+00 4.023358e+00 2.872436e-01 4.799847e+00 9.670594e-01 4.182749e+00 4.644270e+00 4.129055e+00 2.873637e+00
[931] 5.934621e-01 4.017658e+00 3.500635e+00 4.995368e+00 3.867805e+00 2.971308e+00 2.820819e+00 5.532642e-02 2.661134e+00 3.017925e+00
[941] 1.720459e+00 1.251898e+00 6.761313e-01 2.213693e+00 2.990441e-01 2.094857e+00 4.107214e+00 3.636198e+00 4.073005e+00 1.103370e+00
[951] 7.711011e-01 1.901317e+00 2.996771e+00 5.854175e-01 5.644191e-01 1.063793e+00 2.691460e+00 2.431099e+00 2.790422e+00 2.795313e+00
[961] 2.430885e+00 7.944810e-01 1.178279e+00 5.320757e-01 3.207405e+00 1.896890e+00 1.411647e+00 2.248970e+00 1.815974e+00 2.593597e+00
[971] 9.969839e-01 1.546198e+00 2.647706e+00 1.810664e+00 1.334600e+00 1.584462e+00 3.678486e-01 6.504661e-01 6.584664e-01 1.004774e+00
[981] 3.971776e-01 7.615466e-01 9.208707e-02

$PAR
  [1]  NA   1   2   2   2   2   3   3   4   9   9   9   5   5  13   6   6   6  15  15  15  16  16  19  19  20  20  21  21  21  21  21
 [33]  21  21  21  21  24  25  37  29  26  30  27  43  43  43  40  41  41  45  45  31  31  31  31  31  31  31  31  50  50  50  52  42
 [65]  42  42  42  42  42  42  63  63  71  71  71  73  73  48  48  48  48  48  32  49  60  60  60  61  75  75  72  72  88  88  88  79
 [97]  79  79  79  79  85  93  93  62  62  62 102 102  80  80  80  80  81  81  81  87 113 114 114 114 114 114  77  77  77  77  77  77
[129]  77  77  77  77  77 107 107  95  34  34 112 103 103 103 118  68  68  68  68  92  92  92  92 123 123 123 123 123 123 123 134 134
[161] 134 134 134 134 134 134 136 136 136 136 136 124  18  18  18  18 148 148 148 135 135 135 135  96 139 125 125 125 125 125 125 125
[193] 172 172 172 185  69  69  69 173 159 180 154 154 193 149 105 105  70  70 142 142  54  54  54  54  54 213 213 213 213 213 167 167
[225] 167 174 202 184  90  90  90 186 186 186 228 201 201 201 201 201 201 187 187 187 187 187 126 120 120 120 223 223 212 235 251 251
[257] 251 251 127 127 127 127 218 178 178 178 178 178 226 226 226 207 207 169 188 188 188 188 209 209 209 209 209 227 253 253 253 254
[289] 252 252 196 196 196 196 196 285 285 285 286 286 286 286 286 279 279 279 279 279 171 171 171  97  97  97  97 312 312 312 312 309
[321] 309 309 309 232 288 288 288 288 313 313 313 210 210 324 324 249 269 280 280 150 208 208 208 304 304 304 344 344 344 344 344 344
[353] 347 347 347 347 161 219 219 338 338 338 338 337 337 337 337 337 236 236 236 197 197 197 197 151 287 287 353 353 345 162 162 339
[385] 339 339  55  55 340 381 381 237 237 237 237 237 237 128 128 274 310 310 310 310 401 401 401 334 334 334 334 334 334 335 335 335
[417] 335 400 306 346 357 357 392 392 250 250 250 250 250 421 372 372 377 377 377 255 255 425 425 425 225 225 225 225 225 384 189 189
[449] 420 420 420 420 214 214 214 393 393 393 270 270 426 426 426 426 426 426 432 432 432 432 354 320 320 329 329 329 329 430 430 430
[481] 438 438 414 414 414 414 391 203 203 403 403 403 419 456 456 456 370 370 370 204 436 436 271 271 271 493 371 371 311 311 311 311
[513] 472 394 394 382 220 439 198 198 296 296 296 521 488 437 437 385 487 238 423 518 518 518 526 317 325 446 446 256 256 256 264 348
[545] 348 348 348 348 260 318 163 163 163 163 163 163 319 300 300 513 155 155 527 527 509 519 292 292 292 461 461 461 221 221 349 349
[577] 349 349 489 489 364 364 129 130 130 130 233 233 529 164 164 503 520 483 175 175 386 386 453 453 453 447 522 599 599 474 474 467
[609] 326 326 222 514 514 514 191 278 540 540 540 540 550 550 495 606 606 533 533 533 533 533 234 563 563 563 608 536 536 536 536 567
[641] 567 538 538 535 535 642 644 395 373 373 510 510 631 475 230 230 230 478 409 307 524 500 500 360 360 360 624 624 261 632 297 297
[673] 365 243 662 462 462 515 321 604 244 366 366 336 336 336 576 659 659 675 660 660 293 617 676 537 537 537 537 497 497 389 655 655
[705] 355 355 333 496 573 674 582 582 415 696 633 594 132 523 656 542 463 615 587 587 714 595 607 711 564 265 416 368 262 687 657 549
[737] 688 440 636 636 350 350 681 681 738 723 735 735 351 374 374 571 302 258 258 258 258  99 528 477 477 477 667 667 667 544 602 673
[769] 501 501 769 769 769 769 769 767 767 609 611 611 561 561 561 728 266 580 627 627 627 776 643 622 747 679 668 668 697 692 531 469
[801] 516 516 585 801 801 801 724 703 703 703 612  57 754 754 613 534 485 498 498 498 641 755 813 818 818 818 638 638 572 572 572 605
[833] 605 322 322 804 749 749 739 756 763 763 690 410 411 664 829 829 829 525 698 819 701 397 428 565 199 619 511 511 603 603 649 649
[865] 352 352 562 695 695 586 764 863 863 766 725 824 872 872 787 825 707 465 465 465 577 628 746 598 859 832 832 880 817 678 772 772
[897] 704 793 793 846 846 298 733 417 417 417 647 867 792 792 792 902 470 865 742 455 455 833 217 217 919 919 240 240 788 788 779 773
[929] 773 761 830 850 785 512 512 512 873 625 650 934 851 356 736 925 133 848 826 694 588 547 903 949 923 894 798 900 558 885 429 195
[961] 836 836 888 874 614 805 380 921 853 953 937 959 886 886 973 854 969 974 502 499 956 926 789

$EXTANT
  [1] FALSE FALSE FALSE FALSE FALSE FALSE FALSE FALSE FALSE FALSE FALSE FALSE FALSE FALSE FALSE FALSE FALSE  TRUE FALSE FALSE FALSE
 [22] FALSE FALSE FALSE FALSE FALSE FALSE FALSE FALSE FALSE  TRUE FALSE FALSE FALSE FALSE FALSE FALSE FALSE FALSE FALSE FALSE FALSE
 [43] FALSE FALSE FALSE FALSE FALSE FALSE FALSE FALSE FALSE FALSE FALSE  TRUE  TRUE FALSE  TRUE  TRUE  TRUE FALSE FALSE FALSE FALSE
 [64] FALSE FALSE FALSE FALSE FALSE  TRUE FALSE FALSE FALSE FALSE FALSE FALSE FALSE  TRUE FALSE FALSE FALSE FALSE FALSE FALSE FALSE
 [85] FALSE FALSE FALSE FALSE FALSE  TRUE FALSE FALSE FALSE FALSE FALSE FALSE FALSE FALSE  TRUE FALSE FALSE FALSE FALSE FALSE FALSE
[106] FALSE FALSE FALSE FALSE FALSE FALSE FALSE FALSE FALSE FALSE FALSE FALSE FALSE FALSE FALSE FALSE FALSE  TRUE FALSE FALSE FALSE
[127] FALSE  TRUE  TRUE  TRUE FALSE  TRUE  TRUE  TRUE FALSE FALSE FALSE FALSE FALSE FALSE FALSE FALSE FALSE FALSE FALSE FALSE FALSE
[148] FALSE FALSE FALSE  TRUE FALSE FALSE FALSE FALSE FALSE FALSE  TRUE FALSE FALSE FALSE  TRUE  TRUE FALSE  TRUE  TRUE FALSE FALSE
[169] FALSE FALSE FALSE FALSE FALSE FALSE FALSE FALSE FALSE  TRUE FALSE FALSE FALSE FALSE FALSE FALSE FALSE FALSE  TRUE FALSE  TRUE
[190] FALSE  TRUE  TRUE  TRUE FALSE FALSE FALSE  TRUE FALSE  TRUE FALSE  TRUE  TRUE FALSE  TRUE  TRUE FALSE FALSE  TRUE FALSE FALSE
[211] FALSE FALSE FALSE FALSE FALSE FALSE  TRUE FALSE FALSE FALSE  TRUE FALSE FALSE FALSE  TRUE FALSE FALSE FALSE FALSE FALSE  TRUE
[232] FALSE  TRUE FALSE FALSE FALSE  TRUE FALSE FALSE  TRUE  TRUE FALSE  TRUE  TRUE FALSE  TRUE FALSE FALSE  TRUE  TRUE  TRUE  TRUE
[253] FALSE FALSE FALSE FALSE FALSE FALSE FALSE  TRUE  TRUE  TRUE FALSE  TRUE  TRUE  TRUE  TRUE  TRUE FALSE FALSE FALSE FALSE FALSE
[274] FALSE FALSE FALSE FALSE FALSE FALSE FALSE FALSE FALSE  TRUE FALSE FALSE  TRUE  TRUE  TRUE FALSE FALSE  TRUE  TRUE FALSE  TRUE
[295]  TRUE FALSE FALSE  TRUE FALSE  TRUE FALSE FALSE FALSE FALSE FALSE FALSE FALSE  TRUE FALSE FALSE  TRUE FALSE FALSE FALSE FALSE
[316] FALSE FALSE  TRUE FALSE FALSE  TRUE  TRUE  TRUE FALSE FALSE  TRUE  TRUE  TRUE  TRUE  TRUE  TRUE FALSE FALSE  TRUE  TRUE FALSE
[337]  TRUE  TRUE FALSE FALSE FALSE FALSE  TRUE FALSE FALSE FALSE  TRUE  TRUE  TRUE FALSE  TRUE  TRUE  TRUE  TRUE  TRUE  TRUE  TRUE
[358] FALSE FALSE  TRUE  TRUE  TRUE  TRUE FALSE  TRUE  TRUE FALSE FALSE FALSE  TRUE FALSE FALSE  TRUE  TRUE  TRUE FALSE FALSE  TRUE
[379] FALSE  TRUE FALSE  TRUE FALSE  TRUE FALSE FALSE FALSE FALSE  TRUE FALSE FALSE FALSE FALSE FALSE FALSE FALSE  TRUE  TRUE  TRUE
[400] FALSE  TRUE FALSE FALSE FALSE FALSE FALSE FALSE FALSE  TRUE  TRUE  TRUE  TRUE  TRUE FALSE FALSE  TRUE  TRUE  TRUE FALSE  TRUE
[421]  TRUE  TRUE FALSE FALSE FALSE FALSE  TRUE FALSE FALSE  TRUE FALSE  TRUE FALSE FALSE FALSE  TRUE FALSE FALSE FALSE FALSE FALSE
[442] FALSE FALSE  TRUE  TRUE FALSE FALSE  TRUE FALSE FALSE FALSE FALSE  TRUE  TRUE  TRUE FALSE  TRUE  TRUE  TRUE FALSE  TRUE FALSE
[463] FALSE  TRUE  TRUE FALSE FALSE  TRUE  TRUE  TRUE  TRUE FALSE  TRUE FALSE  TRUE  TRUE  TRUE  TRUE  TRUE  TRUE FALSE FALSE  TRUE
[484] FALSE FALSE  TRUE FALSE FALSE FALSE FALSE FALSE  TRUE FALSE FALSE FALSE  TRUE  TRUE  TRUE  TRUE FALSE  TRUE  TRUE  TRUE FALSE
[505] FALSE  TRUE FALSE  TRUE  TRUE FALSE  TRUE  TRUE FALSE  TRUE  TRUE  TRUE FALSE FALSE FALSE  TRUE FALSE FALSE  TRUE  TRUE  TRUE
[526] FALSE FALSE FALSE  TRUE FALSE  TRUE  TRUE  TRUE FALSE  TRUE  TRUE  TRUE FALSE FALSE FALSE FALSE FALSE FALSE FALSE  TRUE  TRUE
[547]  TRUE  TRUE  TRUE FALSE  TRUE  TRUE FALSE FALSE  TRUE  TRUE FALSE  TRUE  TRUE FALSE  TRUE  TRUE FALSE  TRUE FALSE  TRUE  TRUE
[568] FALSE  TRUE FALSE FALSE FALSE  TRUE  TRUE FALSE  TRUE  TRUE  TRUE FALSE FALSE FALSE  TRUE FALSE FALSE  TRUE  TRUE FALSE FALSE
[589]  TRUE FALSE  TRUE  TRUE  TRUE  TRUE FALSE FALSE FALSE  TRUE FALSE  TRUE  TRUE  TRUE  TRUE  TRUE  TRUE  TRUE  TRUE FALSE  TRUE
[610]  TRUE  TRUE  TRUE  TRUE  TRUE FALSE  TRUE  TRUE  TRUE FALSE  TRUE  TRUE FALSE FALSE FALSE  TRUE FALSE  TRUE  TRUE  TRUE FALSE
[631]  TRUE FALSE FALSE  TRUE FALSE FALSE  TRUE FALSE  TRUE  TRUE  TRUE FALSE  TRUE  TRUE  TRUE FALSE  TRUE  TRUE  TRUE  TRUE FALSE
[652]  TRUE  TRUE  TRUE  TRUE FALSE FALSE FALSE  TRUE FALSE FALSE FALSE  TRUE  TRUE FALSE  TRUE  TRUE  TRUE  TRUE  TRUE FALSE  TRUE
[673]  TRUE FALSE  TRUE FALSE  TRUE FALSE FALSE  TRUE  TRUE  TRUE  TRUE  TRUE FALSE FALSE  TRUE  TRUE FALSE  TRUE  TRUE  TRUE  TRUE
[694] FALSE FALSE FALSE FALSE FALSE FALSE FALSE  TRUE FALSE  TRUE  TRUE  TRUE  TRUE  TRUE  TRUE  TRUE  TRUE FALSE FALSE  TRUE FALSE
[715] FALSE  TRUE  TRUE  TRUE  TRUE FALSE FALSE FALSE FALSE  TRUE  TRUE FALSE FALSE FALSE FALSE  TRUE  TRUE FALSE  TRUE FALSE  TRUE
[736]  TRUE  TRUE FALSE  TRUE FALSE  TRUE FALSE  TRUE  TRUE FALSE  TRUE  TRUE  TRUE  TRUE  TRUE  TRUE  TRUE  TRUE FALSE  TRUE  TRUE
[757] FALSE  TRUE FALSE FALSE  TRUE  TRUE  TRUE  TRUE  TRUE  TRUE  TRUE FALSE FALSE FALSE  TRUE  TRUE  TRUE  TRUE  TRUE  TRUE  TRUE
[778]  TRUE  TRUE  TRUE  TRUE FALSE  TRUE  TRUE FALSE FALSE FALSE  TRUE  TRUE  TRUE  TRUE  TRUE  TRUE FALSE  TRUE  TRUE  TRUE  TRUE
[799]  TRUE  TRUE  TRUE  TRUE  TRUE  TRUE  TRUE  TRUE FALSE  TRUE FALSE  TRUE  TRUE  TRUE  TRUE  TRUE  TRUE FALSE  TRUE  TRUE  TRUE
[820]  TRUE  TRUE  TRUE  TRUE  TRUE  TRUE  TRUE FALSE FALSE  TRUE  TRUE FALSE  TRUE  TRUE FALSE  TRUE  TRUE FALSE FALSE  TRUE FALSE
[841]  TRUE  TRUE  TRUE  TRUE  TRUE  TRUE FALSE  TRUE  TRUE  TRUE  TRUE  TRUE  TRUE  TRUE  TRUE FALSE  TRUE  TRUE  TRUE  TRUE FALSE
[862]  TRUE FALSE  TRUE  TRUE  TRUE FALSE  TRUE FALSE  TRUE  TRUE  TRUE  TRUE  TRUE FALSE  TRUE  TRUE  TRUE FALSE  TRUE  TRUE  TRUE
[883]  TRUE  TRUE  TRUE  TRUE  TRUE  TRUE FALSE FALSE  TRUE  TRUE  TRUE  TRUE  TRUE  TRUE  TRUE  TRUE  TRUE  TRUE  TRUE  TRUE  TRUE
[904]  TRUE  TRUE  TRUE  TRUE  TRUE  TRUE  TRUE FALSE  TRUE  TRUE  TRUE FALSE  TRUE  TRUE  TRUE  TRUE  TRUE  TRUE  TRUE  TRUE  TRUE
[925]  TRUE  TRUE  TRUE  TRUE FALSE  TRUE  TRUE  TRUE  TRUE FALSE  TRUE  TRUE  TRUE  TRUE  TRUE FALSE  TRUE  TRUE  TRUE  TRUE FALSE
[946]  TRUE FALSE  TRUE  TRUE  TRUE  TRUE  TRUE  TRUE  TRUE  TRUE  TRUE  TRUE  TRUE  TRUE  TRUE  TRUE  TRUE  TRUE  TRUE FALSE  TRUE
[967]  TRUE  TRUE  TRUE  TRUE  TRUE  TRUE FALSE  TRUE  TRUE  TRUE  TRUE  TRUE  TRUE  TRUE  TRUE  TRUE  TRUE

