
Birth-death simulation object with 853 species and 500 extant species

Details for some species:

Extinction times (NA means extant)
[1] 116.87203 142.45711 108.95216  43.65859 114.04350 107.77644


Speciation times 
[1] 149.1746 143.4940 122.5297 117.7099 115.2017 112.4605


Species parents (NA for initial)
[1] NA  1  1  3  4  4


Species status (extinct or extant)
[1] "extinct" "extinct" "extinct" "extinct" "extinct" "extinct"


For more details on vector y, try sim$y, with y one of
TE TS PAR EXTANT



$TE
  [1] 116.87202595 142.45711369 108.95215661  43.65858885 114.04349502 107.77643952  73.16170315           NA  34.81125581  39.92206972
 [11]  47.11642706  39.69149569  86.09589046  87.47404452  52.61312589  66.78045109  57.50920351  35.42642663  61.03597298  49.39227191
 [21]  42.12904408           NA           NA           NA  44.94393269  36.22358636  34.92998619  24.31337257           NA  36.80147763
 [31]  10.38319949  51.33921597  47.05477652   8.22021014           NA  39.09929141  28.56401061  38.21492325  14.80395316  34.89815890
 [41]  21.84551379           NA           NA  15.23575806  14.04809903  34.36291346  43.58977921  28.87282743  39.84451165  18.09263834
 [51]  13.02685608           NA           NA           NA           NA   9.93546475  14.75400828           NA   9.45962058  19.86179471
 [61]  10.60650790           NA           NA           NA   0.97909497   9.68824092  39.79355613  14.24527353  31.64603257  20.92412057
 [71]  18.80447195  22.74468539           NA   8.60384017  25.04308860   6.49449850  39.06641019  24.00957496  31.65571637   7.22072791
 [81]           NA           NA           NA  14.44015608  19.53180666  28.19297981   4.11120654           NA   1.20303700  16.34958799
 [91]  10.60141689           NA           NA  18.80019730           NA           NA           NA  31.13756441  17.92960805   8.98904954
[101]   8.36425402  19.93932789   3.61785888   5.91757000           NA           NA  38.31690673  20.54822073   1.29640893   1.03968133
[111]           NA           NA   1.63841983  23.49910222  13.97978166           NA   8.16684642  34.61806996           NA  24.50142455
[121]           NA           NA           NA  11.75356109   9.90639091  17.17338931           NA  10.35299866   0.30200598  23.50540598
[131]  29.16764704           NA  31.74632936  38.20362694  23.68970552  36.42503130           NA  15.63569804           NA  24.10111427
[141]  11.86751787   8.89682902  26.88108925   3.06633792           NA           NA           NA  27.56050192  35.06304336  18.11027540
[151]  37.19483402  32.42031444           NA           NA  10.59268125   5.00650711  20.96481726           NA  25.87360181  16.81101888
[161]           NA   9.13309242  12.42233217  24.15504710  31.94021643  29.38342000  21.08753808  21.82379655           NA  16.30044589
[171]   8.74810505  21.44140577           NA  21.67257563  16.87116444  21.60633859  27.27106615  21.79868938           NA           NA
[181]  12.03245650           NA  15.75926138   4.82530433           NA  19.25881572  23.94572931           NA           NA  21.01015221
[191]   4.99593826   0.50256932           NA  11.50777116   6.33307930   1.02763035   3.86161598           NA   9.86335152           NA
[201]  11.23942561  28.34262439  19.52374828  18.43473269   5.80253083           NA           NA           NA  34.57909440  24.18682735
[211]   7.70877290   1.39475046           NA           NA  13.25352663           NA  12.99355494  11.07536475           NA           NA
[221]           NA           NA  23.11698929           NA  24.18516332  16.76869433  18.65326927           NA  17.75235201           NA
[231]  13.30707960  15.02086728   3.32415138   5.15646814   8.33117304           NA           NA  12.29528056           NA           NA
[241]           NA  28.41849380  12.97632382           NA           NA           NA           NA  17.26737214   3.48139219           NA
[251]           NA   5.65369755  16.82370017   6.83440518           NA   2.35701275           NA  16.54210058  22.68115958  12.75901435
[261]   4.12734475  26.28178513  24.31098311   3.74073043  13.59430496   5.91341405           NA           NA  15.43499742  22.29873268
[271]           NA   0.31316193  19.43011610           NA           NA   4.30659120           NA           NA   5.86735333   5.22094271
[281]           NA   7.65783572           NA  14.10565609   8.12050130  16.43305469   4.88074494  19.50462576  10.55884590           NA
[291]           NA           NA           NA           NA  12.25125658  15.14233349  10.62623042           NA           NA           NA
[301]   9.32269101           NA           NA           NA   3.17903277           NA  18.38026778   1.79975616           NA  22.00447376
[311]  13.18645906           NA           NA           NA  17.28160748  15.04806823           NA           NA   6.30139961           NA
[321]           NA           NA           NA  15.16414211           NA           NA           NA   6.00001640  14.05639778           NA
[331]   0.54549912  14.09036621   9.88803061           NA  18.02421299           NA           NA           NA  12.05896075           NA
[341]           NA   7.21119959   8.67680655           NA   4.90924695           NA           NA           NA  19.32471300   0.18099641
[351]           NA   6.46648161           NA           NA           NA           NA           NA           NA           NA           NA
[361]  17.73200836           NA           NA   9.11762718           NA  18.45192387           NA  22.06411686   8.10861828           NA
[371]  18.05483934   9.18391242           NA           NA           NA           NA   4.27195984   3.88863101           NA           NA
[381]   8.35409203   1.46885902           NA  10.98355288           NA  10.13921469           NA   8.32637772           NA   9.17724415
[391]   6.59078973           NA           NA           NA  12.23436822           NA           NA           NA   4.01612844   9.23886531
[401]           NA   3.59194148           NA           NA   2.19279600   6.62436377           NA           NA   2.04000336   2.58859897
[411]           NA           NA   3.67746157           NA           NA   1.22222946           NA   1.57245741           NA           NA
[421]  12.58690180           NA           NA  19.87213627           NA           NA           NA           NA           NA           NA
[431]           NA           NA           NA   1.42467075  10.25595638           NA           NA  10.53099956  10.52720120           NA
[441]           NA           NA           NA           NA           NA   8.37064610           NA           NA           NA   3.30680085
[451]  11.70096277           NA           NA  10.66183885           NA  10.10002384  11.77311830           NA           NA           NA
[461]           NA           NA           NA   8.33394324   9.24706496           NA           NA           NA           NA   2.46743150
[471]  10.76605904           NA           NA   4.60969808   9.31994957  10.08167266           NA   4.24783991   6.91616825   7.78571803
[481]  15.16113620           NA           NA           NA   0.24580259           NA           NA   3.67241658  14.80435835           NA
[491]   8.84030523   5.38428561  11.14837726           NA  13.07673186           NA           NA           NA           NA           NA
[501]           NA           NA   8.53762596   3.89180134           NA           NA           NA   9.14620769  12.23346689           NA
[511]           NA           NA           NA           NA           NA           NA           NA           NA           NA  11.52218941
[521]           NA           NA   9.08465793  11.20670707  12.41289343           NA           NA           NA           NA           NA
[531]  15.74983787   8.17415489           NA           NA           NA           NA           NA           NA   9.32854158   1.82065039
[541]           NA           NA  10.44470361   1.46692112   1.56655507           NA           NA           NA           NA           NA
[551]           NA           NA   2.54834831           NA           NA           NA           NA           NA           NA           NA
[561]           NA           NA           NA           NA           NA           NA           NA   4.29940581           NA           NA
[571]           NA   4.27518929           NA           NA           NA           NA   2.11598210           NA   1.74927916           NA
[581]           NA           NA           NA           NA           NA           NA           NA           NA           NA           NA
[591]  13.36212133  10.47755423           NA  11.00603587           NA           NA           NA           NA           NA  14.26992118
[601]   0.30286981           NA           NA           NA           NA           NA           NA           NA           NA           NA
[611]   3.26963257           NA   4.44700316   5.99581921   9.75083926   8.14740091           NA           NA   7.00536241   0.98590231
[621]           NA           NA   9.14057072   7.58595193   3.30937836           NA           NA           NA           NA           NA
[631]           NA  11.47837174           NA           NA   5.48098283           NA           NA   9.28254893           NA           NA
[641]           NA           NA           NA           NA           NA           NA           NA   0.39315393   8.08693123   6.43405665
[651]           NA  10.98599251           NA           NA           NA           NA   7.42187887           NA           NA           NA
[661]           NA           NA   5.29450692           NA           NA           NA           NA   5.73586649           NA           NA
[671]           NA   0.31449948           NA           NA           NA           NA   6.59834895           NA           NA           NA
[681]           NA           NA   7.15933567   0.47676351           NA           NA           NA   3.30338899           NA           NA
[691]   1.65124404   4.91447662   0.06314339           NA           NA           NA           NA           NA   5.40104883           NA
[701]           NA   1.67533209           NA           NA           NA           NA   0.20162260           NA           NA           NA
[711]           NA           NA   6.52163390           NA           NA           NA   2.27792419           NA           NA           NA
[721]           NA           NA           NA           NA           NA           NA           NA   2.85574497           NA           NA
[731]   3.85432117           NA           NA           NA           NA           NA   1.61218375           NA           NA           NA
[741]           NA   3.26894975           NA           NA           NA           NA           NA           NA           NA           NA
[751]           NA           NA           NA   1.99074100           NA           NA           NA           NA           NA           NA
[761]           NA           NA           NA   1.02555457           NA   0.01445714           NA           NA   6.01784680           NA
[771]           NA           NA           NA           NA           NA           NA           NA           NA           NA           NA
[781]           NA   3.51758149           NA           NA           NA           NA           NA           NA           NA           NA
[791]           NA           NA           NA           NA           NA           NA           NA           NA           NA   0.29429693
[801]           NA           NA           NA           NA           NA           NA   1.43584840           NA           NA           NA
[811]           NA           NA           NA           NA           NA   1.57548809           NA           NA           NA   0.21130933
[821]           NA           NA           NA   1.65398777           NA           NA           NA           NA           NA           NA
[831]           NA           NA           NA           NA           NA           NA           NA           NA           NA   0.61402497
[841]           NA           NA           NA           NA           NA           NA           NA           NA           NA           NA
[851]           NA           NA           NA

$TS
  [1] 1.491746e+02 1.434940e+02 1.225297e+02 1.177099e+02 1.152017e+02 1.124605e+02 9.325130e+01 6.765995e+01 6.514032e+01 6.135151e+01
 [11] 6.108475e+01 5.825936e+01 9.041312e+01 8.753516e+01 7.979924e+01 7.208002e+01 6.983212e+01 6.506126e+01 6.152735e+01 5.528270e+01
 [21] 4.724675e+01 2.155474e+01 9.799644e+00 1.873060e-01 4.590163e+01 4.183090e+01 5.074791e+01 4.987957e+01 4.482388e+01 4.073376e+01
 [31] 5.151151e+01 5.458388e+01 5.301272e+01 4.509565e+01 4.441352e+01 4.335874e+01 4.148023e+01 5.245800e+01 5.079035e+01 5.137869e+01
 [41] 4.462591e+01 4.042334e+01 2.559372e+01 4.781970e+01 4.472118e+01 4.402478e+01 4.897345e+01 4.773852e+01 4.571843e+01 4.307758e+01
 [51] 2.988865e+01 2.497688e+01 2.260483e+01 1.822242e+01 1.543034e+01 5.002672e+01 4.647935e+01 4.171870e+01 3.934344e+01 2.228415e+01
 [61] 1.715964e+01 1.651129e+01 1.073390e+01 4.672426e+01 4.586448e+01 4.333718e+01 4.130635e+01 2.770554e+01 4.639448e+01 4.750414e+01
 [71] 3.937627e+01 3.409404e+01 4.415108e+01 4.320487e+01 3.899557e+01 3.156511e+01 4.328409e+01 4.270474e+01 3.372143e+01 1.886851e+01
 [81] 1.353272e+01 3.542859e+00 7.147336e-01 3.959482e+01 3.456998e+01 2.960093e+01 2.648544e+01 2.294538e+01 1.949689e+01 4.110148e+01
 [91] 3.289014e+01 2.589360e+01 2.160045e+01 2.020515e+01 8.268761e+00 7.605854e+00 2.699733e+00 4.006633e+01 3.047832e+01 1.332072e+01
[101] 4.138384e+01 2.643850e+01 2.642701e+01 1.627071e+01 1.069671e+01 7.674366e+00 4.075031e+01 3.156656e+01 2.265877e+01 1.927196e+01
[111] 3.568447e+01 3.863767e+01 4.002712e+01 2.602872e+01 2.124277e+01 1.362870e+01 9.970227e+00 4.095891e+01 4.248952e+01 2.915958e+01
[121] 2.094073e+01 2.071098e+01 1.610812e+01 1.461054e+01 3.511469e+01 2.247632e+01 1.670939e+01 1.653674e+01 1.386910e+01 4.054324e+01
[131] 3.811882e+01 3.454064e+01 3.360060e+01 3.895297e+01 4.236605e+01 4.069046e+01 2.475722e+01 3.980964e+01 3.656735e+01 3.856768e+01
[141] 3.700145e+01 3.129799e+01 3.245654e+01 3.091283e+01 1.326706e+01 2.421795e+01 2.119981e+01 3.628943e+01 3.523061e+01 3.913650e+01
[151] 4.041196e+01 3.811778e+01 4.755706e+00 1.506845e+00 3.897197e+01 3.750091e+01 3.721325e+01 3.053007e+01 2.714690e+01 2.508798e+01
[161] 2.423152e+01 1.667313e+01 2.625552e+01 2.571244e+01 3.402745e+01 3.247029e+01 3.528613e+01 2.841779e+01 2.626343e+01 2.166662e+01
[171] 3.720974e+01 3.474765e+01 2.430281e+01 3.456892e+01 1.958835e+01 3.440745e+01 3.330218e+01 3.226251e+01 2.678259e+01 3.509976e+01
[181] 3.060920e+01 6.509212e+00 3.391820e+01 2.773689e+01 2.694281e+01 2.673211e+01 2.660281e+01 2.368919e+01 3.182957e+01 3.111730e+01
[191] 2.607116e+01 2.273207e+01 1.988766e+01 2.792407e+01 7.660396e+00 1.148102e+00 3.546006e+01 3.362339e+01 2.356767e+01 1.017366e+01
[201] 3.486110e+01 3.351554e+01 2.445680e+01 2.292785e+01 1.570438e+01 1.517034e+01 1.501657e+01 7.019732e+00 3.503845e+01 2.943339e+01
[211] 2.122463e+01 4.367497e+00 1.898979e+01 1.894738e+01 1.880981e+01 2.013357e+01 2.562313e+01 2.308080e+01 2.275176e+01 6.152305e+00
[221] 3.900151e+00 3.195159e+01 2.770150e+01 3.185882e+01 3.067018e+01 2.379394e+01 3.157944e+01 2.978844e+01 2.048611e+01 1.711441e+01
[231] 3.182726e+01 2.840316e+01 2.809770e+01 2.031859e+01 1.577285e+01 1.230546e+01 8.050659e+00 3.062465e+01 2.312823e+01 1.394388e+01
[241] 2.811221e+01 3.155521e+01 2.821073e+01 1.375500e+01 1.346038e+01 8.249992e+00 7.152325e+00 3.171449e+01 2.467218e+01 1.504493e+01
[251] 1.101600e+01 8.417209e+00 1.884502e+01 1.730982e+01 2.840134e+01 2.421557e+01 2.370740e+01 3.074658e+01 2.433025e+01 1.630651e+01
[261] 3.056706e+01 2.645607e+01 3.036719e+01 2.881641e+01 2.454276e+01 2.012730e+01 1.442756e+01 1.025748e+01 2.480539e+01 2.412776e+01
[271] 2.689566e+01 2.576914e+01 2.307668e+01 1.606227e+01 1.555996e+01 1.982005e+01 6.293062e+00 6.038571e+00 1.992637e+01 1.697657e+01
[281] 1.589078e+01 1.203605e+01 1.013576e+00 2.373457e+01 2.213091e+01 2.060382e+01 1.864241e+01 2.739858e+01 2.724685e+01 2.148516e+01
[291] 1.374158e+01 5.732410e+00 3.218614e+00 2.570989e-01 2.713533e+01 2.498816e+01 2.492166e+01 2.007221e+01 1.468043e+01 2.135756e+01
[301] 2.706208e+01 1.862352e+01 7.800440e+00 6.380820e+00 1.161835e+01 8.120978e+00 2.646250e+01 1.811421e+01 1.237701e+01 2.453346e+01
[311] 2.450493e+01 1.926190e+01 2.712296e+01 2.649240e+01 2.368306e+01 2.621883e+01 2.494574e+01 1.913513e+01 1.117846e+01 4.794531e+00
[321] 2.843963e+00 2.744950e+00 1.640394e+01 2.294740e+01 7.132820e+00 3.351989e+00 1.928396e+01 1.297550e+01 1.871882e+01 6.209776e+00
[331] 2.677439e+00 2.353699e+01 2.017660e+01 2.214407e+01 2.208058e+01 2.023269e+01 1.671359e+01 1.013754e+01 1.705509e+01 1.280217e+01
[341] 2.510182e+01 2.272633e+01 2.160580e+01 1.046718e+01 2.556150e+01 2.168422e+01 7.746696e+00 5.009508e+00 2.266421e+01 1.741804e+01
[351] 1.694599e+01 1.173706e+01 1.018868e+01 1.503798e+00 2.015970e+01 7.363371e+00 1.863903e+01 1.299636e+01 6.477092e+00 1.173445e+01
[361] 2.125466e+01 2.320691e+01 1.535378e+01 1.049805e+01 1.027207e+01 2.199272e+01 2.150030e+01 2.270665e+01 1.102784e+01 7.343889e+00
[371] 2.384599e+01 1.365898e+01 1.418422e+01 1.759757e+01 2.243627e+01 2.178762e+01 1.212310e+01 9.378705e+00 8.016859e+00 5.004216e+00
[381] 1.801547e+01 2.225799e+01 1.815927e+01 1.432200e+01 1.052428e+01 2.158559e+01 2.004166e+01 1.961027e+01 2.011484e+01 1.377615e+01
[391] 8.461958e+00 3.585209e-01 2.318211e+01 1.917922e+01 1.874724e+01 1.077719e+01 1.968625e+01 4.208156e+00 1.599477e+01 1.372449e+01
[401] 8.404491e+00 6.569868e+00 4.504762e+00 1.527514e+01 1.492028e+01 1.362652e+01 7.249561e+00 2.178412e+01 1.468922e+01 1.130726e+01
[411] 2.060835e+01 2.020123e+01 1.748274e+01 1.614181e+01 7.936033e+00 3.661016e+00 7.012277e+00 3.103898e+00 6.664584e+00 1.838537e+01
[421] 1.533818e+01 9.487408e+00 2.204831e+01 2.193724e+01 1.264582e+01 1.568514e+01 1.467013e+01 4.532933e+00 2.031220e+00 1.646376e+00
[431] 1.562558e+01 8.828952e+00 6.626929e+00 1.794530e+01 1.102037e+01 1.336299e+01 4.842182e+00 2.103949e+01 1.756399e+01 2.011046e+01
[441] 9.963652e+00 9.161795e+00 9.264644e+00 4.516405e+00 2.068112e+01 2.053585e+01 1.694938e+01 8.848275e+00 1.254530e+01 6.457651e+00
[451] 1.364652e+01 5.505716e+00 1.756909e+01 1.708765e+01 5.234718e+00 1.708889e+01 1.597385e+01 6.758398e+00 3.823101e+00 1.179772e+00
[461] 4.392798e+00 1.632501e+01 1.410451e+01 1.165092e+01 1.080814e+01 1.735325e+01 1.643201e+01 1.179476e+01 7.163915e+00 1.980331e+01
[471] 1.865699e+01 7.913417e+00 1.441989e+00 1.974310e+01 1.956059e+01 1.915674e+01 1.769039e+01 1.146655e+01 1.231724e+01 1.881408e+01
[481] 1.713181e+01 1.618847e+01 5.835841e+00 2.465899e+00 4.125515e+00 1.792146e+01 3.838149e+00 1.693100e+01 1.510933e+01 1.253960e+01
[491] 1.012443e+01 8.423385e+00 1.894607e+01 1.638641e+01 1.316214e+01 1.084105e+01 1.770396e+01 1.292003e+01 8.103894e+00 3.665286e+00
[501] 1.238101e+01 1.027813e+01 1.911058e+01 1.306986e+01 3.060475e+00 1.286099e+01 1.878976e+00 1.519448e+01 1.459727e+01 1.312420e+01
[511] 9.469677e+00 8.755344e+00 8.027709e+00 1.735635e+01 1.409927e+01 1.723049e+01 6.338421e+00 1.145898e+01 1.842198e+01 1.649728e+01
[521] 1.727315e+01 1.553755e+01 1.507378e+01 1.472077e+01 1.547621e+01 1.484578e+01 4.701288e+00 1.998107e+00 1.194368e+01 5.585448e+00
[531] 1.728909e+01 8.212073e+00 7.681631e+00 4.800860e+00 7.484650e-01 1.626705e+01 1.567078e+01 1.577835e+01 1.000482e+01 2.280790e+00
[541] 1.246780e+01 1.699479e+01 1.400938e+01 5.515802e+00 2.888444e+00 1.265081e+01 7.009073e+00 4.519755e+00 2.071553e+00 1.412525e+00
[551] 1.610854e+01 1.368383e+01 1.143380e+01 1.436629e+01 9.137199e+00 8.041504e-01 1.496030e+00 1.581270e+01 6.950396e+00 1.914578e+00
[561] 2.782027e-02 1.049007e+01 1.254807e+01 1.169135e+00 1.521637e+01 1.216426e+01 1.461832e+01 1.387912e+01 1.309830e+01 3.513050e-01
[571] 1.480130e+01 1.459885e+01 5.088741e+00 7.846944e+00 7.040296e+00 9.406572e-01 1.529665e+01 1.091831e+01 4.385306e+00 9.507461e+00
[581] 9.260206e+00 2.705256e+00 1.216007e+00 5.913706e+00 1.267519e+01 1.131773e+01 1.130932e+01 1.098924e+01 8.704312e+00 7.207879e+00
[591] 1.412132e+01 1.120766e+01 2.707971e+00 1.499055e+01 1.496423e+01 1.494740e+01 1.530847e+00 1.844729e+00 1.288429e+01 1.483140e+01
[601] 2.790542e+00 5.393810e+00 1.449914e+01 1.300447e+01 7.320738e+00 6.815843e+00 3.201757e+00 1.401090e+01 9.971443e+00 7.760023e+00
[611] 3.905431e+00 1.021847e+01 9.448585e+00 1.430316e+01 1.270964e+01 1.173551e+01 8.410642e+00 4.626519e+00 9.555385e+00 7.947305e+00
[621] 6.540378e+00 4.881949e+00 1.080274e+01 8.016081e+00 5.072224e+00 3.451076e+00 8.600539e+00 2.072518e+00 6.719441e+00 1.205823e+01
[631] 1.416027e+01 1.294764e+01 1.294024e+01 1.073140e+01 5.545733e+00 1.187133e+01 6.632683e+00 1.106935e+01 1.065944e+01 5.849780e+00
[641] 5.710961e+00 9.437615e+00 7.066582e+00 6.005511e+00 8.268556e+00 1.294606e+00 1.212745e+01 3.074106e+00 1.284892e+01 8.370114e+00
[651] 4.861528e+00 1.168323e+01 3.737735e+00 6.922003e+00 1.898136e+00 8.439337e+00 8.915648e+00 4.947171e+00 1.917847e+00 7.824327e+00
[661] 1.800770e+00 2.356391e-01 5.455075e+00 9.507332e+00 3.049052e+00 2.937109e+00 5.199004e+00 6.614269e+00 4.957861e+00 3.824788e+00
[671] 3.253335e+00 1.356412e+00 2.223574e-01 8.006886e+00 1.084731e+01 9.151460e+00 7.729479e+00 2.035816e+00 1.070940e+01 1.022300e+01
[681] 6.858980e-02 3.235900e+00 8.354853e+00 2.862618e+00 3.696818e+00 1.642914e+00 7.961586e+00 6.536981e+00 9.226419e+00 1.778455e+00
[691] 7.542793e+00 6.572623e+00 9.383186e+00 5.142273e+00 2.554059e+00 3.458412e+00 7.274663e+00 8.329059e+00 9.470684e+00 7.353546e+00
[701] 1.552611e+00 4.244379e+00 7.366455e+00 6.181245e+00 9.280640e-01 2.033073e+00 8.486923e+00 7.935978e+00 6.037282e+00 5.128543e+00
[711] 5.505631e+00 6.182827e+00 7.056332e+00 2.241934e+00 6.641963e+00 4.394589e+00 6.819039e+00 9.053205e+00 4.577048e+00 1.600853e+00
[721] 8.094329e+00 6.106367e+00 2.675144e+00 3.597912e+00 8.416966e+00 4.369994e+00 3.654444e+00 3.491097e+00 4.247704e+00 3.036307e+00
[731] 5.063227e+00 3.150124e+00 3.009834e+00 3.574663e-01 1.529191e+00 2.019611e-01 5.854489e+00 4.826999e+00 3.799153e+00 6.553901e+00
[741] 1.741759e-01 5.438219e+00 4.234058e+00 2.183684e+00 3.723673e+00 5.087231e+00 2.613558e+00 4.824168e+00 3.713876e+00 3.191199e+00
[751] 1.750920e+00 5.774114e+00 3.226488e+00 2.457423e+00 5.188748e+00 1.424148e-01 1.637881e-02 6.547189e+00 1.938531e+00 2.819547e+00
[761] 5.698903e+00 1.406722e+00 6.095643e+00 4.107762e+00 3.185773e+00 1.280350e+00 1.014947e+00 8.083345e-01 6.281882e+00 4.263723e+00
[771] 4.924862e+00 7.019272e-02 5.485734e+00 2.699263e+00 2.397779e+00 2.416116e+00 1.934388e+00 3.302942e+00 4.390480e+00 1.764149e+00
[781] 9.253360e-01 4.453602e+00 4.366923e+00 3.247218e+00 8.802731e-02 2.506179e-03 3.523661e+00 1.512980e+00 1.416774e+00 9.820552e-01
[791] 3.506214e+00 2.825516e+00 2.578708e+00 2.510236e+00 7.556825e-01 3.315725e+00 2.106538e+00 1.440834e+00 1.041946e+00 2.470255e+00
[801] 6.019633e-01 2.715269e+00 2.124328e+00 2.072418e-01 3.198978e+00 5.215534e-01 4.290587e+00 2.716897e+00 1.551175e+00 1.893647e+00
[811] 4.115258e+00 1.447182e+00 3.934109e-01 1.506774e+00 2.878347e+00 2.061227e+00 4.651137e-01 3.093727e+00 2.935519e+00 2.816605e+00
[821] 1.602614e+00 1.443233e+00 1.326846e+00 2.419435e+00 2.041121e+00 1.873055e+00 2.672527e+00 1.265815e+00 9.294353e-01 1.579067e+00
[831] 9.183523e-01 1.972321e+00 8.055630e-01 1.256225e+00 4.257291e-01 1.254578e+00 3.784682e-01 1.808707e-01 5.234867e-01 1.498229e+00
[841] 7.548638e-01 1.539161e-01 3.957586e-01 6.783789e-01 1.335200e+00 1.263868e+00 1.148013e+00 1.158234e+00 5.085763e-01 1.613343e-01
[851] 4.606001e-01 2.829493e-01 2.175949e-02

$PAR
  [1]  NA   1   1   3   4   4   4   4   4   4   4   4   7   7   7  15  16  17  17   8   8   8   8   8   9   9  18  18  18  18  10  11
 [33]  11  12  12  12  12  33  33  38  31  31  31  40  40  40  39  39  39  39  39  39  39  39  39  27  27  27  27  56  56  56  56  28
 [65]  28  28  28  28  47  44  44  44  48  48  48  48  21  21  64  64  64  64  64  57  57  57  57  57  57  69  65  65  65  65  65  65
 [97]  65  34  34  34  29  29  29  29  29  29  45  45  45  45  41  35  73  73  73  73  73  46  36  66  66  66  66  66  74  74  74  74
[129]  74  50  50  50  50  78 119 119 119  26  58  37  37  37 101 101 101  90  90 118 118 107  30 130  42  42 151 151 113 113 113 113
[161] 113 113 138 138  84  84  71  71  59  59 150 150 150  75 155 112 112 112 112 140 131 156 157 157 157 157 157 157 171 171 171 171
[193] 171 141 139 139 148 111 111 111 197 197 197 197 197 197 197 197 125 125 125 180 201 201 201  85 132 132 132 132 132 176 176  72
[225]  72  72 183 183 183 183 198 198 198 198 198 198 198 177  91  91 222 224 224 224 224 224 224 189 189 189 189 189 231 248 108 108
[257] 108  76 142 142 190 190 144 144 144 144 144 144 258 258 225 225 238 238 238 181 261 261 158 158 158 158 158  99  51  51  51 228
[289] 228 228 228 228 228 228 210 120 264 264 264 232 255 255 255 255 241 241 194 194 194  68  68  68 288 289 289 295 313 313 313 313
[321] 313 313 301 185 185 185 271 271 179 179 179 186 186 314 314 314 314 314 103 103 169 169 169 169 163  92  92  92 272 272 272 272
[353] 272 272  43  43 345 345 345 341 160 296 296  52  52 317 297 137 137 137 265 265 311 173 161 161 161 161 161 161 146 256 256 256
[385] 256 371 226 284 257 257 257 257 188 188 315 199 362 362 393 393 393 393 393 239 239 239 239 218 218 218 324  88  88  88  88  88
[417] 219 219 192 342 109 375  60 382 334 285 285 423 423 423 376 376 376 408 408 346 346 170 170 343 343 343  93  93 386 386 386  22
[449] 367 367 290 300 147 147 147 121 121 121 121 122 445 411 411 446 446 234 234 234 234 336 336 336 336  94 412 412 412 412 333 355
[481] 216 216 216 216 440 298 298 387 387 387 387 387 279 279 279 279 470 470 470 470 474 397 175 475  89 327 327 312 312 312 394 394
[513] 394 503 503 213 214 493  80 480 395 395 329 471 357 357 357 302 519 519 420 420 420 383 383 381 381 434 434 434 497 477 477 477
[545] 374 453 453 453 453 350 514 514 466 254 521 521 516  61 230 230 230 280 351 351 127 127 323 323 494 494 462 462 462 104 482 482
[577] 274 274 274 399 399 281 281 538 205 205 205 205 205 205 426 537 431 275 275 275 275 522  55 363 363 577 404 404 404 404 404 565
[609] 565 565 565 508 206 523 523 250 250 207 595 595 405 405 526 526 526 526 409 409 299 427 572 572 603 603 603 554 631 463 463 463
[641] 515 608 608 608 129 129 291 569 328 328 633 498 498 599 599 649 340 340 546 425 425 425 490 541 541 309 236 630 636 636 636 636
[673] 636 468 616 360 360 360 305 553 586 587 369 588 578 675  63  63 634 634 679 679 639 385 385 562 344 502 268 268 612 338 609 609
[705] 441 580 699 699 511 511 613 642 693 693 443 689 442 555 555 555 448 432 432 627 707 707 707 707 656 401 306 306 306 306 721 721
[737] 513 513 379 687 574 660 347 106 703 356 356 700 700 370 407 247 247 575 547 654 654 606 458 629 715 715 433 758 758 182 182 359
[769] 450 517 277 712 722 737 737 640 292 761 544 452 452 711 711 711 711 602 667 755 694 573 746 746 380 380 380 669 622 437 534 153
[801] 719 548 548 444 403 403 782 461 461 779 729 743 221 745 685 500 727 787 728 805 805 665 665 733 792 792 760 802 582 794 794 800
[833] 484 775 803 628 832 810 598 780 780 780 830 701 735 154 473 828 836 564 767 535 673

$EXTANT
  [1] FALSE FALSE FALSE FALSE FALSE FALSE FALSE  TRUE FALSE FALSE FALSE FALSE FALSE FALSE FALSE FALSE FALSE FALSE FALSE FALSE FALSE
 [22]  TRUE  TRUE  TRUE FALSE FALSE FALSE FALSE  TRUE FALSE FALSE FALSE FALSE FALSE  TRUE FALSE FALSE FALSE FALSE FALSE FALSE  TRUE
 [43]  TRUE FALSE FALSE FALSE FALSE FALSE FALSE FALSE FALSE  TRUE  TRUE  TRUE  TRUE FALSE FALSE  TRUE FALSE FALSE FALSE  TRUE  TRUE
 [64]  TRUE FALSE FALSE FALSE FALSE FALSE FALSE FALSE FALSE  TRUE FALSE FALSE FALSE FALSE FALSE FALSE FALSE  TRUE  TRUE  TRUE FALSE
 [85] FALSE FALSE FALSE  TRUE FALSE FALSE FALSE  TRUE  TRUE FALSE  TRUE  TRUE  TRUE FALSE FALSE FALSE FALSE FALSE FALSE FALSE  TRUE
[106]  TRUE FALSE FALSE FALSE FALSE  TRUE  TRUE FALSE FALSE FALSE  TRUE FALSE FALSE  TRUE FALSE  TRUE  TRUE  TRUE FALSE FALSE FALSE
[127]  TRUE FALSE FALSE FALSE FALSE  TRUE FALSE FALSE FALSE FALSE  TRUE FALSE  TRUE FALSE FALSE FALSE FALSE FALSE  TRUE  TRUE  TRUE
[148] FALSE FALSE FALSE FALSE FALSE  TRUE  TRUE FALSE FALSE FALSE  TRUE FALSE FALSE  TRUE FALSE FALSE FALSE FALSE FALSE FALSE FALSE
[169]  TRUE FALSE FALSE FALSE  TRUE FALSE FALSE FALSE FALSE FALSE  TRUE  TRUE FALSE  TRUE FALSE FALSE  TRUE FALSE FALSE  TRUE  TRUE
[190] FALSE FALSE FALSE  TRUE FALSE FALSE FALSE FALSE  TRUE FALSE  TRUE FALSE FALSE FALSE FALSE FALSE  TRUE  TRUE  TRUE FALSE FALSE
[211] FALSE FALSE  TRUE  TRUE FALSE  TRUE FALSE FALSE  TRUE  TRUE  TRUE  TRUE FALSE  TRUE FALSE FALSE FALSE  TRUE FALSE  TRUE FALSE
[232] FALSE FALSE FALSE FALSE  TRUE  TRUE FALSE  TRUE  TRUE  TRUE FALSE FALSE  TRUE  TRUE  TRUE  TRUE FALSE FALSE  TRUE  TRUE FALSE
[253] FALSE FALSE  TRUE FALSE  TRUE FALSE FALSE FALSE FALSE FALSE FALSE FALSE FALSE FALSE  TRUE  TRUE FALSE FALSE  TRUE FALSE FALSE
[274]  TRUE  TRUE FALSE  TRUE  TRUE FALSE FALSE  TRUE FALSE  TRUE FALSE FALSE FALSE FALSE FALSE FALSE  TRUE  TRUE  TRUE  TRUE  TRUE
[295] FALSE FALSE FALSE  TRUE  TRUE  TRUE FALSE  TRUE  TRUE  TRUE FALSE  TRUE FALSE FALSE  TRUE FALSE FALSE  TRUE  TRUE  TRUE FALSE
[316] FALSE  TRUE  TRUE FALSE  TRUE  TRUE  TRUE  TRUE FALSE  TRUE  TRUE  TRUE FALSE FALSE  TRUE FALSE FALSE FALSE  TRUE FALSE  TRUE
[337]  TRUE  TRUE FALSE  TRUE  TRUE FALSE FALSE  TRUE FALSE  TRUE  TRUE  TRUE FALSE FALSE  TRUE FALSE  TRUE  TRUE  TRUE  TRUE  TRUE
[358]  TRUE  TRUE  TRUE FALSE  TRUE  TRUE FALSE  TRUE FALSE  TRUE FALSE FALSE  TRUE FALSE FALSE  TRUE  TRUE  TRUE  TRUE FALSE FALSE
[379]  TRUE  TRUE FALSE FALSE  TRUE FALSE  TRUE FALSE  TRUE FALSE  TRUE FALSE FALSE  TRUE  TRUE  TRUE FALSE  TRUE  TRUE  TRUE FALSE
[400] FALSE  TRUE FALSE  TRUE  TRUE FALSE FALSE  TRUE  TRUE FALSE FALSE  TRUE  TRUE FALSE  TRUE  TRUE FALSE  TRUE FALSE  TRUE  TRUE
[421] FALSE  TRUE  TRUE FALSE  TRUE  TRUE  TRUE  TRUE  TRUE  TRUE  TRUE  TRUE  TRUE FALSE FALSE  TRUE  TRUE FALSE FALSE  TRUE  TRUE
[442]  TRUE  TRUE  TRUE  TRUE FALSE  TRUE  TRUE  TRUE FALSE FALSE  TRUE  TRUE FALSE  TRUE FALSE FALSE  TRUE  TRUE  TRUE  TRUE  TRUE
[463]  TRUE FALSE FALSE  TRUE  TRUE  TRUE  TRUE FALSE FALSE  TRUE  TRUE FALSE FALSE FALSE  TRUE FALSE FALSE FALSE FALSE  TRUE  TRUE
[484]  TRUE FALSE  TRUE  TRUE FALSE FALSE  TRUE FALSE FALSE FALSE  TRUE FALSE  TRUE  TRUE  TRUE  TRUE  TRUE  TRUE  TRUE FALSE FALSE
[505]  TRUE  TRUE  TRUE FALSE FALSE  TRUE  TRUE  TRUE  TRUE  TRUE  TRUE  TRUE  TRUE  TRUE  TRUE FALSE  TRUE  TRUE FALSE FALSE FALSE
[526]  TRUE  TRUE  TRUE  TRUE  TRUE FALSE FALSE  TRUE  TRUE  TRUE  TRUE  TRUE  TRUE FALSE FALSE  TRUE  TRUE FALSE FALSE FALSE  TRUE
[547]  TRUE  TRUE  TRUE  TRUE  TRUE  TRUE FALSE  TRUE  TRUE  TRUE  TRUE  TRUE  TRUE  TRUE  TRUE  TRUE  TRUE  TRUE  TRUE  TRUE  TRUE
[568] FALSE  TRUE  TRUE  TRUE FALSE  TRUE  TRUE  TRUE  TRUE FALSE  TRUE FALSE  TRUE  TRUE  TRUE  TRUE  TRUE  TRUE  TRUE  TRUE  TRUE
[589]  TRUE  TRUE FALSE FALSE  TRUE FALSE  TRUE  TRUE  TRUE  TRUE  TRUE FALSE FALSE  TRUE  TRUE  TRUE  TRUE  TRUE  TRUE  TRUE  TRUE
[610]  TRUE FALSE  TRUE FALSE FALSE FALSE FALSE  TRUE  TRUE FALSE FALSE  TRUE  TRUE FALSE FALSE FALSE  TRUE  TRUE  TRUE  TRUE  TRUE
[631]  TRUE FALSE  TRUE  TRUE FALSE  TRUE  TRUE FALSE  TRUE  TRUE  TRUE  TRUE  TRUE  TRUE  TRUE  TRUE  TRUE FALSE FALSE FALSE  TRUE
[652] FALSE  TRUE  TRUE  TRUE  TRUE FALSE  TRUE  TRUE  TRUE  TRUE  TRUE FALSE  TRUE  TRUE  TRUE  TRUE FALSE  TRUE  TRUE  TRUE FALSE
[673]  TRUE  TRUE  TRUE  TRUE FALSE  TRUE  TRUE  TRUE  TRUE  TRUE FALSE FALSE  TRUE  TRUE  TRUE FALSE  TRUE  TRUE FALSE FALSE FALSE
[694]  TRUE  TRUE  TRUE  TRUE  TRUE FALSE  TRUE  TRUE FALSE  TRUE  TRUE  TRUE  TRUE FALSE  TRUE  TRUE  TRUE  TRUE  TRUE FALSE  TRUE
[715]  TRUE  TRUE FALSE  TRUE  TRUE  TRUE  TRUE  TRUE  TRUE  TRUE  TRUE  TRUE  TRUE FALSE  TRUE  TRUE FALSE  TRUE  TRUE  TRUE  TRUE
[736]  TRUE FALSE  TRUE  TRUE  TRUE  TRUE FALSE  TRUE  TRUE  TRUE  TRUE  TRUE  TRUE  TRUE  TRUE  TRUE  TRUE  TRUE FALSE  TRUE  TRUE
[757]  TRUE  TRUE  TRUE  TRUE  TRUE  TRUE  TRUE FALSE  TRUE FALSE  TRUE  TRUE FALSE  TRUE  TRUE  TRUE  TRUE  TRUE  TRUE  TRUE  TRUE
[778]  TRUE  TRUE  TRUE  TRUE FALSE  TRUE  TRUE  TRUE  TRUE  TRUE  TRUE  TRUE  TRUE  TRUE  TRUE  TRUE  TRUE  TRUE  TRUE  TRUE  TRUE
[799]  TRUE FALSE  TRUE  TRUE  TRUE  TRUE  TRUE  TRUE FALSE  TRUE  TRUE  TRUE  TRUE  TRUE  TRUE  TRUE  TRUE FALSE  TRUE  TRUE  TRUE
[820] FALSE  TRUE  TRUE  TRUE FALSE  TRUE  TRUE  TRUE  TRUE  TRUE  TRUE  TRUE  TRUE  TRUE  TRUE  TRUE  TRUE  TRUE  TRUE  TRUE FALSE
[841]  TRUE  TRUE  TRUE  TRUE  TRUE  TRUE  TRUE  TRUE  TRUE  TRUE  TRUE  TRUE  TRUE

