
Birth-death simulation object with 863 species and 500 extant species

Details for some species:

Extinction times (NA means extant)
[1] 93.73152       NA 88.53820 90.95957 57.61303 81.34988


Speciation times 
[1] 103.46512  96.70748  95.99215  93.54560  93.21702  84.31864


Species parents (NA for initial)
[1] NA  1  1  2  2  2


Species status (extinct or extant)
[1] "extinct" "extant"  "extinct" "extinct" "extinct" "extinct"


For more details on vector y, try sim$y, with y one of
TE TS PAR EXTANT



$TE
  [1] 93.7315231         NA 88.5381963 90.9595728 57.6130270 81.3498786  8.9831756 47.3693880         NA 39.7525797 32.7597272
 [12] 19.1677263 21.8513923  8.6652084         NA         NA 25.0371215 26.6726337 33.8421347 30.8580629 20.8784724 62.7316108
 [23] 14.8439423 34.9157150 28.0897943 14.9921356 35.5262575 41.4707801 20.6336463         NA  5.0832950 48.0678874 51.8098860
 [34] 54.6057419 60.6307302 52.3238925 45.4825974 31.3790551  9.3145496  9.0439632 56.6473567 29.4738285         NA 49.5553440
 [45] 22.6326829 36.6624571 22.9933391 29.6704548 30.1523252 59.2159288         NA 24.3872305 54.9932510 10.2770600 27.9529397
 [56] 21.3123243 35.1388028  4.7979635 14.1958387  2.5948964 15.4386673 21.2637275 51.6888918 49.2015656 20.9505355  1.7985695
 [67] 21.3214266 28.8023244 34.4119833 20.0267995 30.6824273 31.5716309 34.1388714 37.6659016 35.4315984         NA         NA
 [78]         NA  2.3033125  5.0950382 34.6037986 35.8548578         NA         NA 37.6524399 36.5668966 41.8065836 28.1258251
 [89]         NA 21.7253666         NA         NA 36.1974489 19.2120051         NA 45.2026398 41.1919279 20.1445477 22.8264649
[100] 11.9383748         NA 15.4935087 33.9247411         NA  3.9706677         NA  5.8745076  3.4876742         NA 38.6796890
[111] 41.3991788  8.8255605 23.5309495 19.9923311  3.5929965         NA 37.3523877         NA 39.4582176 42.9286603 27.6726989
[122]         NA 28.9415069 24.3173682 40.9680893 31.6560101 32.6936849  6.3669408  2.5551496         NA 41.3011795 14.0542759
[133] 33.0785941         NA 23.8230680 29.9420918 35.5997241 27.3573774         NA 42.0424237         NA 21.7564294 31.6559935
[144]  0.4009005  8.4398400         NA  1.6697169         NA 16.8047910 32.8228318 24.7663002  9.8230848 17.8119719 19.1204515
[155]         NA         NA         NA 40.8039046  3.3228590         NA         NA 17.3118245 25.4705597         NA 14.1745072
[166]         NA         NA         NA         NA         NA 17.2347479 21.7888565 35.5560204  3.8726890  3.7810107         NA
[177]         NA         NA         NA 26.5612687 20.0683012 19.9451638         NA  9.8779042         NA 11.8441627         NA
[188]         NA         NA 18.4495674         NA 27.3004765         NA         NA 12.6085748 31.5315300 15.6542122         NA
[199]  9.1719538         NA         NA         NA         NA         NA  0.4606724  9.7016995 19.4098568  6.7373798 24.8373635
[210] 15.3726926 30.9802717 13.0482870 30.5460493 11.6969320 15.1801200 11.0604989         NA         NA 19.2186358  6.5474391
[221]         NA         NA         NA         NA         NA 23.8742423         NA 33.4547448         NA 26.3526245  1.7782302
[232] 16.6155313 17.7831957         NA  2.5002048         NA         NA 15.2119766 30.1627212         NA 17.3398347  3.8018667
[243]  4.9199588         NA         NA         NA         NA 29.2203610 14.8557421  9.2298589         NA 17.9538335 13.5811802
[254]         NA  2.8019444 11.1619070         NA         NA         NA  1.9599873         NA  0.7903106         NA 26.5907201
[265]         NA 13.0084678 16.1902491 24.2174019         NA  5.5833416         NA 21.5983981         NA  9.8656519 17.4426736
[276]         NA  0.3297934         NA 26.0003844 23.9659511         NA  3.1934642 26.4498156         NA  6.8040322 20.8992011
[287]  7.7988743 10.3031543         NA         NA         NA         NA  2.0411199         NA         NA         NA  8.5125900
[298]  9.1443481  9.7611618         NA         NA 20.9162392         NA         NA  8.6194769         NA  6.6885276 14.7855678
[309] 14.1684687         NA         NA 14.1164333         NA         NA         NA 10.5269921  1.0134594         NA  4.6229720
[320]         NA 12.1777504         NA 13.1135458         NA  7.3226818 11.7075381  3.7033712         NA         NA 11.8004001
[331]  9.9201058         NA         NA 24.7896681         NA         NA         NA         NA         NA  4.2127484 20.4302370
[342]  0.5244276  7.6870871         NA         NA         NA         NA  2.8615916 19.3554437         NA 20.7080889  5.3338208
[353]         NA         NA         NA 21.7806290         NA  4.5351987         NA         NA  4.7870859  0.7780955         NA
[364] 15.8611932         NA         NA  6.4485978 11.1226427         NA         NA 10.0560108         NA  0.4427455 14.5360175
[375] 21.5646829  8.0982074         NA         NA 19.9371559 14.8983497         NA         NA  2.4570853         NA         NA
[386] 18.1196926 14.4206377 13.4875680         NA 19.2751778 16.8055534 12.3285765         NA 20.2837981         NA         NA
[397]         NA 19.4421778         NA 14.4295081         NA  9.0052547         NA  4.5007355  2.9662414         NA         NA
[408]         NA 11.1245035 18.5117225  9.4171538  2.7912557         NA  3.7264432 10.3772047 10.6914298         NA  2.2036908
[419]         NA         NA         NA         NA         NA 15.1291187         NA  9.1540219         NA  8.3917065         NA
[430]  3.7823383  2.7694522         NA         NA         NA         NA  7.5213930         NA         NA         NA         NA
[441]         NA         NA         NA 12.8568898 18.6517695  6.9605818         NA  3.5290204  1.5852540         NA 10.1363512
[452]         NA 16.9165219         NA  6.4059823         NA         NA         NA  1.0327015  7.1965607         NA         NA
[463]  3.2675626  1.7675356  4.1098698         NA  6.4428922         NA  7.2271352  4.5528194 14.0819752         NA 10.2388100
[474]  4.6807855         NA  4.3991526         NA         NA         NA  8.3901025  9.9371422         NA 15.9299166         NA
[485]         NA  4.7595374 14.1553443         NA  9.3842965  3.2776825         NA  7.8653208 14.2170126         NA         NA
[496] 17.5864179         NA         NA         NA         NA         NA 12.8932237         NA         NA         NA  4.9616894
[507]         NA         NA  6.7443548         NA         NA         NA         NA  1.9380944         NA 11.2274177         NA
[518]         NA         NA         NA  1.2427018         NA         NA 10.5857491  6.8665903  9.6634966  1.0166421         NA
[529]         NA         NA  1.3254429         NA         NA         NA         NA         NA         NA         NA         NA
[540]  8.3071793  6.4118467         NA         NA         NA         NA         NA 10.2481091         NA         NA  3.8052068
[551]  7.5642294  0.3528764         NA         NA         NA         NA  6.0249613         NA         NA  4.2308719  9.3893133
[562]         NA         NA  6.4741371         NA         NA  7.7627251         NA         NA         NA         NA         NA
[573]         NA         NA         NA         NA         NA         NA         NA  3.1219033         NA         NA         NA
[584]         NA  4.8116732  1.1408139         NA         NA         NA         NA         NA         NA  4.3614527         NA
[595]         NA         NA         NA         NA  4.9407287         NA         NA  4.6138462         NA         NA         NA
[606]         NA         NA         NA         NA         NA  5.6464824         NA  1.7748052         NA         NA         NA
[617]         NA         NA         NA         NA         NA  7.1550570         NA         NA         NA         NA         NA
[628]         NA         NA         NA         NA         NA         NA         NA         NA         NA         NA  7.7885990
[639]         NA  8.1761053         NA         NA  2.2538256  4.5645687         NA  6.2899676         NA         NA         NA
[650]         NA         NA         NA         NA         NA         NA         NA         NA         NA         NA         NA
[661]         NA         NA         NA  4.6037743  5.3407741         NA         NA         NA  6.4046564  8.3312102         NA
[672]         NA         NA         NA         NA         NA         NA         NA         NA         NA  1.8945837         NA
[683]         NA         NA         NA         NA         NA         NA         NA         NA         NA         NA         NA
[694]         NA         NA  7.5943108         NA         NA         NA         NA         NA         NA         NA         NA
[705]  2.9622562         NA  5.1175633         NA         NA         NA  1.1487812         NA         NA         NA         NA
[716]         NA         NA         NA         NA  4.5113038         NA         NA         NA  4.1422546         NA  2.2471602
[727]  1.7865491         NA         NA         NA         NA         NA         NA         NA         NA         NA         NA
[738]  2.3364146         NA         NA         NA         NA         NA         NA         NA         NA  2.5098703  6.3138959
[749]         NA         NA         NA         NA         NA         NA         NA         NA         NA         NA         NA
[760]         NA         NA         NA         NA  3.1316759         NA         NA  4.5125598  3.6722246         NA         NA
[771]         NA  0.1496887         NA         NA         NA         NA  3.7892038         NA         NA         NA  5.9499852
[782]         NA  2.8972761         NA         NA         NA         NA  1.4696761         NA         NA         NA         NA
[793]         NA         NA         NA         NA         NA         NA         NA         NA         NA         NA  0.9937495
[804]         NA         NA         NA         NA         NA         NA         NA  0.2396448         NA         NA         NA
[815]         NA  2.3418552         NA         NA  1.9111381         NA         NA         NA         NA         NA         NA
[826]         NA         NA         NA         NA         NA         NA         NA         NA  1.1317631         NA         NA
[837]         NA         NA         NA         NA         NA         NA         NA         NA         NA         NA         NA
[848]         NA         NA         NA         NA         NA         NA         NA         NA         NA         NA         NA
[859]         NA         NA         NA         NA         NA

$TS
  [1] 103.46511810  96.70748070  95.99214578  93.54560388  93.21702243  84.31864390  66.20931089  61.89077874  47.12833556  43.02503999
 [11]  39.42155111  34.23347807  32.87450736  19.06948535  13.32697754   5.19597355  83.30410654  66.85384559  63.30533294  81.87292142
 [21]  53.47130587  70.12935380  49.46705025  44.49728219  65.43817935  54.72574563  54.70703369  43.22568286  37.33670100  31.72805236
 [31]  28.29975646  65.78931465  65.27457117  64.79873030  60.84452799  53.86627587  52.24523664  47.03875661  16.67151645  16.13923327
 [41]  58.72792949  57.83131655  48.47244797  55.73801234  46.95440477  38.96750769  34.03020244  31.95509182  55.89160225  60.18357747
 [51]  56.57597774  62.75060696  59.14698024  48.18499343  54.36164865  52.51073906  49.27023154  30.05822445  28.48361829  26.65851110
 [61]  26.64416771  25.15689330  55.75313596  52.91676742  55.84697054  48.18488679  38.78119495  38.76105279  35.51609408  34.74367655
 [71]  31.85481652  43.75113756  38.78138547  38.11962415  36.90981036  17.35575475   8.18272657  42.98730742  25.91207465  50.51802754
 [81]  47.08576945  37.79956468  31.36967645  18.31751709  53.63229452  50.74735095  49.99971782  42.31709536  41.01248261  44.30255547
 [91]  26.98726552  22.49870533  42.75828564  37.05726724   8.01397246  48.19064884  45.11308267  44.01563742  30.79725904  44.95597681
[101]  43.83599658  47.57724331  36.41596866  17.61726958  36.85712367  36.45566265  14.50283349  11.98089059  10.64522685  44.43290324
[111]  43.37512855  38.68047701  26.02456327  39.07913642  12.42638514   0.35078283  39.72101984  39.68411761  39.49056780  45.42150699
[121]  45.11909421  34.61286005  40.42874432  33.41196322  41.87767503  43.10788169  42.96416895  22.19275603  15.53929695  42.25238803
[131]  41.36882578  40.12249384  39.76055481  38.85229748  37.79046848  41.29065435  36.14438104  33.00926910  23.14277185  43.57640760
[141]  28.10302265  26.73806394  36.12404042  35.26269294  31.34374702  13.48830446   6.53168835   4.07570801  33.21235918  37.14759629
[151]  41.91523316  42.32266135  36.42454973  27.52231276   9.11775621   2.77467259   1.37917127  41.81821846  34.87867831  34.39020436
[161]  42.34506318  40.15437006  36.82420784  32.13720050  25.45112214  11.31418911  10.98258231  10.36215788   2.78549361   2.13749308
[171]  23.83776222  32.07558755  38.97776603  30.07570114  14.49517242   4.78241369   1.52639619  41.84392891  34.84513975  34.56140544
[181]  33.73238162  34.41506321  31.57272079  35.16741991  35.90532519  31.35681959  15.04099889   9.53979656  39.57803095  23.62808598
[191]  15.74174855  28.67579960  21.18067273   1.49807571  16.17164330  39.36607499  31.21393768  26.79230948  24.73240932  30.51350408
[201]  30.36314932  26.79458646  18.82792734  15.87300793   9.34939137  38.09745208  37.66374689  34.44352266  37.88749998  34.09237573
[211]  37.70464322  35.57620524  32.86519499  28.71353972  18.93967766  17.21332165  15.50657087  27.85360778  26.02068119  25.19751787
[221]  29.41722659  22.45519033  31.06652780  30.58738655  28.98132713  34.40961817  12.50777150  35.64298352  31.39037905  32.39736155
[231]  32.31150697  28.41317175  22.33401044   8.77453521   5.97746773   5.04611488  30.97677428  33.96312958  33.58034822  12.91891000
[241]  23.65135452  21.39356714  18.64487761  17.12617503  10.53190695   8.74277993   4.70771767  31.60211830  28.56945278  15.84153442
[251]   8.32425688  26.15365814  31.14282352  26.44388160  24.47177947  19.21069344  16.33089119  10.46334188   1.54427163  32.31949270
[261]  20.04496748  24.38877460  21.03503890  31.36477390  29.65842593  26.74776801  21.66665480  25.08512509  20.28155585  23.61178349
[271]  25.96198307  22.55343101  22.49581408  20.99979010  17.62906438  15.39116520  15.87841922   5.41731414  26.63649860  30.72088712
[281]  23.06855317  11.94344851  30.78193117  24.01383191  22.64753862  22.47741340  21.44476893  17.99138849  16.54135251   8.17083016
[291]  28.40275528   9.49583292   5.86250510   2.40929236  25.33329385  16.32622051  14.48025144  22.15937484  18.59010076  13.84118868
[301]  11.33232693  28.11355857  27.46428744  25.11376214  19.89720273  18.03867566   7.33439325  26.25109602  26.45921261  12.35493092
[311]   4.24500217  29.31457118   1.78420420   0.88556740  16.91176219  14.27999294  14.24510868   4.33327307  21.76984499  21.19009807
[321]  20.30698092  17.03956943  15.38774788  17.28362504  11.58666168  19.41746074   7.37006608  18.98984790   4.38300031  15.73121235
[331]  28.40819974  26.18278618  26.89846867  24.79725512  26.88660853  14.61837759   5.61104357   4.78075530  27.90716008  25.36654750
[341]  20.63784072  13.98939057  13.64677406   9.11336744   8.99099764   0.61017954   6.43592392   5.73242736  27.12688054   5.80747434
[351]  27.19410203  27.17366594  22.82445647   3.20653691   3.04941251  23.97182392   8.22921343  19.88010635  21.60912422  16.51446240
[361]  10.19039872   6.14489937   4.06130695  17.35814519  19.06548238   5.42560660  23.76430906  13.43086270   3.50700754  22.29053949
[371]  21.75577733   9.68492431  16.39392812  15.79687441  22.53909277  15.48199435  14.08829433   3.24342207  26.00693298  23.44480261
[381]  24.34682939   2.88657323  16.66463003  25.91644914   5.48597234  24.16189923  22.19302033  19.51055058   1.19823119  21.85144499
[391]  18.95005013  18.60047137  15.76922321  22.28452794  20.37375630  10.60679141  23.35107590  19.86818040   6.46068017  21.93716861
[401]  24.52587641  13.04370532  10.72101322  16.21935456  14.47669026  21.05007978  20.38163260  16.96798331  16.13365520  24.14791211
[411]  21.49892147  18.97224757  22.48384812  18.50237079  12.02875748  12.07662147  11.82790328  10.81329165   7.29510490   7.62769988
[421]   2.36357214  22.56219834  18.46813735  17.63688972  17.85575915  13.94867817  18.58689129  20.83455934  14.14936894   4.87484391
[431]  14.20500161  17.08058915  11.47544089  19.44424937  18.61755055   8.32960529   2.04609485  15.37338525  14.33654834  10.14816381
[441]   9.34884716   4.63739565   4.49452605  20.15312376  18.65503354  14.68312929   2.18910025   4.50083978  11.53149463  15.21677828
[451]  18.21817183  14.79842254  19.02264771   7.72003734  19.16097879  17.13296764  12.42174962  10.57606914  15.14017557  14.87599697
[461]  10.22309365   2.49121886  14.38369414  11.99889889  20.49211387  15.64197342  18.84029351   1.58696525  20.32038384  11.20498205
[471]  17.54893426  12.30183714  10.36158373   8.49547100   7.40665670  19.58101301  12.36022946   0.66720556  17.74606313  14.42531628
[481]  10.16157978  16.96957572  17.06992894  14.00363969  16.72910427  10.30657831  14.93528241   0.38867929  16.78197886  13.17733384
[491]  10.12410383  17.11271541  18.57189515  10.38076377   8.12653373  17.61812989   8.71155060   8.03464815  11.03280006   1.75186439
[501]  14.67197460  13.35200352  18.37146548  18.14243242  10.40003190  15.18032438   8.10798537   4.31244144  12.36510425   9.00578476
[511]  16.36187651  11.28305405  15.45082071  14.02562980   0.61756639  16.18679359  14.56196648   7.65162031   4.44663845   6.42859129
[521]   5.89533635   3.47399717   0.37057691  15.07294174  13.59148434  12.97551841  13.43220447   2.25000391  13.01082930   7.04245350
[531]   4.68736825  14.38403765  16.66790048  10.67286983  10.26885768   2.28033453   1.63352925   0.02719364   5.67195155  12.44604004
[541]   7.61005467  10.51573369   0.06085353  11.71741534   9.31136097   6.10194960  14.35316350  13.63376534   0.90290341  13.37660544
[551]  10.54731520   8.36721528   5.11697035   5.06787481  15.55282174  11.83943234  15.83147141  12.07222180   3.36679166  15.20963934
[561]  13.43567056   1.95329811  12.39207597   7.48243012  14.73793407   0.43687913  14.85127693   2.92146642  15.43904598   7.66218622
[571]   6.97046003   4.44999573  14.74051338  11.21744302  13.67506707  10.94228935  10.23050293   1.42992528   0.46075657  13.06516599
[581]   9.31218563  10.73961440   8.11972692   6.72547484   6.21439988  12.15513679   4.35411912   2.53046984   9.27204410   9.13750829
[591]  11.95783727   9.03510705   7.37448454   1.59827283   1.59972795  10.21218645   3.95193106  14.20828255  10.70609836   8.49093533
[601]   7.98409916   6.88539865   6.36829119   4.80717507   6.43190719   3.28171324   2.69504099   1.02163250   1.61559847  14.25979487
[611]  11.78187068  13.28978355  11.36775024   5.28663406  12.33522844  13.02461802  10.37197080   8.08448282   8.35606450   2.86390075
[621]  13.48113322  12.72201961   7.45493959   4.95855145   3.59412441   7.77002589  13.28464245   5.34115409   4.28688547   8.29482046
[631]   0.42864696  11.28965135   4.52244122  11.46160749  10.12546602   8.53214835   7.84170032  10.17906795  11.69143790  10.34213898
[641]   4.59424957  12.66681552  11.65126634   6.01674099  10.44409440   6.72238423   5.91231170   0.38553291   3.47496606   2.82016250
[651]   7.34682140   4.07024472   8.52694694   5.77521337   2.36061542  11.08141532   9.49220182   2.60101106   1.67310149   8.94555073
[661]  12.25766291   7.72809752   8.51739211   7.79371368  11.27655688  10.38592827   5.28791298   2.00542641  11.69975917   9.96813844
[671]   2.17388302   4.51097429   3.04325047  11.36448476  10.32340989   1.64157451   3.95660753   3.07497897   5.26717736   9.08108709
[681]   8.92297529   6.59888224   9.55990072   9.84968009   6.60104285   3.64967720   7.74389088   3.40780735   5.79565461   9.24898458
[691]   9.06758720   7.26749528   3.30874524   4.43555988   3.16426647   9.50619350   1.29514281   6.09271990   4.23490648   2.61446472
[701]   2.36463634   8.39288088   8.91566847   3.08511918   6.47422273   7.40598252  10.33470109   7.07115779   5.98054119   5.38883879
[711]   5.05181780   3.83141612   8.94447570   4.72297586   8.59040372   3.47348151   7.42597934   7.58802805   3.79043062   7.02802708
[721]   3.39780468   7.42294863   3.34543075   4.79996399   5.94207583   2.30632576   7.66709524   0.77769666   0.39202808   4.26091412
[731]   0.99098968   8.32623735   4.99256122   4.55595480   8.54549177   7.43505879   5.74151260   7.99489982   6.13678634   2.80320794
[741]   3.13839907   1.80148094   5.07252964   1.02236494   0.53019982   3.80708025   6.52103310   7.91979912   5.15865933   1.89968756
[751]   5.48779093   0.01276515   7.65327080   0.97299449   5.37989522   2.56911094   0.80617211   2.02338169   7.59109030   2.10415315
[761]   4.93198686   1.47362936   3.49285183   3.17907699   5.49737581   6.94903221   5.87206205   4.84036096   4.49929891   6.32839062
[771]   0.55008239   6.75858850   1.07967040   3.29340996   0.94795668   0.84820739   6.21833130   7.01435685   1.68710306   1.19907124
[781]   6.13958385   0.68391934   3.64320596   3.83664584   0.99062187   4.69529239   1.86077593   5.25225114   6.01752351   2.36702920
[791]   3.78851830   3.79004922   2.58995349   3.53042606   4.97171830   2.21695791   3.07216361   3.67629718   1.76945085   4.01925592
[801]   4.01130067   3.15510123   2.96912236   0.15266147   5.19408843   3.49569571   2.10076047   0.42596042   5.00258891   3.33815006
[811]   2.57450334   0.26407376   4.87214673   3.52638897   4.96273652   3.88002368   4.71933425   4.21992295   4.44383995   2.96160344
[821]   0.54061777   1.91189115   3.30821842   2.70271176   4.48552549   1.36883001   2.72711675   2.73617296   3.57510484   0.21533669
[831]   2.97523708   1.17500899   0.49023507   3.38688127   0.49802308   0.95311296   3.23144973   1.75632598   1.47739775   3.13573845
[841]   0.29572672   1.56563025   2.37586628   2.58039100   3.02142670   2.92240702   1.68630478   0.77555444   0.66635693   1.01782842
[851]   2.80255603   1.71479105   1.49395997   0.61066890   1.75428243   1.91343360   0.75646486   0.75168380   0.76229558   0.58340358
[861]   0.05766150   0.45351189   0.32344114

$PAR
  [1]  NA   1   1   2   2   2   2   2   2   2   2   2   2   2   2   2   5   5   5  17  17  20  20  20  18  18  18  18  18  18  18   7
 [33]   7   7   7   7   7   7   7   7  32  32  32  25  25  25  25  25  33  34  34  19  19  19  52  52  52  52  52  52  52  52   8   8
 [65]  53  42  42  42  42  42  42  51  51  51  51  51  51  65  65  26  26  26  26  26  27  27  27  27  85  21  21  56  86  86  80  87
 [97]  23  23  23  57  57  43  43  43  54  54  54  54  54  66  66  66 102   9   9   9  38  38  38  45  45  45 121 121  97 100 100 100
[129] 100  24  24  24  24  24  24  90  90  90  90  98  98  98 101 101 101 101 101 101  72 126  10  78  78  78  78  78  78 127 127 127
[161]  93  93 161 161 161 161 161 161 161 161 152  88 130 130 130 130 130 151 151 151 151 178 178 136  89  89  89  89 123 132 132 118
[193] 118 118 189  11 114 114 114 134 134 134 134 134 134  73  67  68 112 112 206 206 206 206 206 206 206 209 135 135  29  29  94  94
[225]  94 105 105 163 163 106 106 106 106 106 106 106 153 103 185 185 212 212 212 212 144 144 144 184 184 184 159 179  70 122 122 122
[257] 122 122 122 208 208  12 210  47  47  47 238 181 181 149  13 260 260 260 231 231 164 164 172  71  30  30 248 183 183 183 183 183
[289] 183 183 229  83  83  83 186 186 186 145 145 145 145 253 223 237 237 237 237  99 280 224 224 200 200 200 201 201 174 174  58  58
[321]  58  58  58 265 265 221 221 225 225 214 249 249 331 331 291 291 291 291  31  31  31  31 141 141 141 141 339 339 218 218 154 154
[353] 154 303 303 351 352 349  91  91  91  91  91 333 335 335 202 202 202 198 198 198 266 266 142  60  60  60 309 309 254 254 308 332
[385] 332 252 219 271 271 384 384 384 384  79  79  79 340 340 295 220  62 304 304 199 199 401 401 401 401 255 255 255 262 262 262 381
[417] 381 381 381 284 284 241 241 241 270 270 380 397 397 139 353 422 422  92  92 273 273 413 413 413 413 413 413 222 222 222 222 370
[449] 128 298 371 371 267 359 411 411 411 411 242 242 320 320 193 193 406 406 263 263 428 428 465 465 465 465 465 407 407 407 395 469
[481] 469 444 305 358 476 476 388 434 326 326  14 453 328 328 412 391 467 467 203 203 243 392 299 299 427 503 503 503  84  84 451 451
[513] 504 425 425 104 104  76  76 324 324 456 456 244 244 492 432 432 322 322 322 482 408 408 408 408 408 408 315 485 485  39 533 383
[545] 383 383 511 511 296 404 404 404 404 404  40  40 409 409 277 204 204 204 250 393 191 191 330 466 555 217 217 217 513 513 569 569
[577] 276 276 276 438 438 450 560 459 459 524 187 187 567 567 452 452 452 452 573 565 565 446 446 501 501 501 501 501 336 336 336 336
[609] 517 175 297 405 405 405 547 610 610 610 598 598 431 431 431 429 377 514 484 484 342 300 575 548 548 525 146 146 146 527 612 627
[641] 627 490 580 580 402 616 616 529 240 240 622 642 227 227 457 563 563 563 563 477 310 310 472 472 661 661 586 558 464 464 464 108
[673] 556 417 417 544 639 639 643 325 449 449 634 613 613 166 512 512 665 574 574 167 167 418 418 403 403 534 534 534 534 458 551 245
[705] 542 645 505 505 505 666 666 666 168 168 640 675 596 361 440 635 491 372 683 188 657 657 205 205 441 581 545 589 589 589 155 680
[737] 691 592 510 510 345 345 660 660 713 703 234 497 497 497 715 653 600 600 619 619 732 251 290 290 495 495 507 618 637 626 687 662
[769] 662 570 420 623 623 736 717 717 475 706 692 692 708 708 571 766 766 682 605 603 585 362 698 235 235 725 521 293 654 751 385 366
[801] 366 278 278 278 755 628 667  16 805 805 553 554 809 809 795 795 176 176 338 714 714 817 641 641 633 672 769 572 819 629 148 677
[833] 597 784 746 625 829 806 763 649 721 834 774 840 704 704 678 846 568 382 740 827 824 824 844 671 758 856 750 750 850 833 648

$EXTANT
  [1] FALSE  TRUE FALSE FALSE FALSE FALSE FALSE FALSE  TRUE FALSE FALSE FALSE FALSE FALSE  TRUE  TRUE FALSE FALSE FALSE FALSE FALSE
 [22] FALSE FALSE FALSE FALSE FALSE FALSE FALSE FALSE  TRUE FALSE FALSE FALSE FALSE FALSE FALSE FALSE FALSE FALSE FALSE FALSE FALSE
 [43]  TRUE FALSE FALSE FALSE FALSE FALSE FALSE FALSE  TRUE FALSE FALSE FALSE FALSE FALSE FALSE FALSE FALSE FALSE FALSE FALSE FALSE
 [64] FALSE FALSE FALSE FALSE FALSE FALSE FALSE FALSE FALSE FALSE FALSE FALSE  TRUE  TRUE  TRUE FALSE FALSE FALSE FALSE  TRUE  TRUE
 [85] FALSE FALSE FALSE FALSE  TRUE FALSE  TRUE  TRUE FALSE FALSE  TRUE FALSE FALSE FALSE FALSE FALSE  TRUE FALSE FALSE  TRUE FALSE
[106]  TRUE FALSE FALSE  TRUE FALSE FALSE FALSE FALSE FALSE FALSE  TRUE FALSE  TRUE FALSE FALSE FALSE  TRUE FALSE FALSE FALSE FALSE
[127] FALSE FALSE FALSE  TRUE FALSE FALSE FALSE  TRUE FALSE FALSE FALSE FALSE  TRUE FALSE  TRUE FALSE FALSE FALSE FALSE  TRUE FALSE
[148]  TRUE FALSE FALSE FALSE FALSE FALSE FALSE  TRUE  TRUE  TRUE FALSE FALSE  TRUE  TRUE FALSE FALSE  TRUE FALSE  TRUE  TRUE  TRUE
[169]  TRUE  TRUE FALSE FALSE FALSE FALSE FALSE  TRUE  TRUE  TRUE  TRUE FALSE FALSE FALSE  TRUE FALSE  TRUE FALSE  TRUE  TRUE  TRUE
[190] FALSE  TRUE FALSE  TRUE  TRUE FALSE FALSE FALSE  TRUE FALSE  TRUE  TRUE  TRUE  TRUE  TRUE FALSE FALSE FALSE FALSE FALSE FALSE
[211] FALSE FALSE FALSE FALSE FALSE FALSE  TRUE  TRUE FALSE FALSE  TRUE  TRUE  TRUE  TRUE  TRUE FALSE  TRUE FALSE  TRUE FALSE FALSE
[232] FALSE FALSE  TRUE FALSE  TRUE  TRUE FALSE FALSE  TRUE FALSE FALSE FALSE  TRUE  TRUE  TRUE  TRUE FALSE FALSE FALSE  TRUE FALSE
[253] FALSE  TRUE FALSE FALSE  TRUE  TRUE  TRUE FALSE  TRUE FALSE  TRUE FALSE  TRUE FALSE FALSE FALSE  TRUE FALSE  TRUE FALSE  TRUE
[274] FALSE FALSE  TRUE FALSE  TRUE FALSE FALSE  TRUE FALSE FALSE  TRUE FALSE FALSE FALSE FALSE  TRUE  TRUE  TRUE  TRUE FALSE  TRUE
[295]  TRUE  TRUE FALSE FALSE FALSE  TRUE  TRUE FALSE  TRUE  TRUE FALSE  TRUE FALSE FALSE FALSE  TRUE  TRUE FALSE  TRUE  TRUE  TRUE
[316] FALSE FALSE  TRUE FALSE  TRUE FALSE  TRUE FALSE  TRUE FALSE FALSE FALSE  TRUE  TRUE FALSE FALSE  TRUE  TRUE FALSE  TRUE  TRUE
[337]  TRUE  TRUE  TRUE FALSE FALSE FALSE FALSE  TRUE  TRUE  TRUE  TRUE FALSE FALSE  TRUE FALSE FALSE  TRUE  TRUE  TRUE FALSE  TRUE
[358] FALSE  TRUE  TRUE FALSE FALSE  TRUE FALSE  TRUE  TRUE FALSE FALSE  TRUE  TRUE FALSE  TRUE FALSE FALSE FALSE FALSE  TRUE  TRUE
[379] FALSE FALSE  TRUE  TRUE FALSE  TRUE  TRUE FALSE FALSE FALSE  TRUE FALSE FALSE FALSE  TRUE FALSE  TRUE  TRUE  TRUE FALSE  TRUE
[400] FALSE  TRUE FALSE  TRUE FALSE FALSE  TRUE  TRUE  TRUE FALSE FALSE FALSE FALSE  TRUE FALSE FALSE FALSE  TRUE FALSE  TRUE  TRUE
[421]  TRUE  TRUE  TRUE FALSE  TRUE FALSE  TRUE FALSE  TRUE FALSE FALSE  TRUE  TRUE  TRUE  TRUE FALSE  TRUE  TRUE  TRUE  TRUE  TRUE
[442]  TRUE  TRUE FALSE FALSE FALSE  TRUE FALSE FALSE  TRUE FALSE  TRUE FALSE  TRUE FALSE  TRUE  TRUE  TRUE FALSE FALSE  TRUE  TRUE
[463] FALSE FALSE FALSE  TRUE FALSE  TRUE FALSE FALSE FALSE  TRUE FALSE FALSE  TRUE FALSE  TRUE  TRUE  TRUE FALSE FALSE  TRUE FALSE
[484]  TRUE  TRUE FALSE FALSE  TRUE FALSE FALSE  TRUE FALSE FALSE  TRUE  TRUE FALSE  TRUE  TRUE  TRUE  TRUE  TRUE FALSE  TRUE  TRUE
[505]  TRUE FALSE  TRUE  TRUE FALSE  TRUE  TRUE  TRUE  TRUE FALSE  TRUE FALSE  TRUE  TRUE  TRUE  TRUE FALSE  TRUE  TRUE FALSE FALSE
[526] FALSE FALSE  TRUE  TRUE  TRUE FALSE  TRUE  TRUE  TRUE  TRUE  TRUE  TRUE  TRUE  TRUE FALSE FALSE  TRUE  TRUE  TRUE  TRUE  TRUE
[547] FALSE  TRUE  TRUE FALSE FALSE FALSE  TRUE  TRUE  TRUE  TRUE FALSE  TRUE  TRUE FALSE FALSE  TRUE  TRUE FALSE  TRUE  TRUE FALSE
[568]  TRUE  TRUE  TRUE  TRUE  TRUE  TRUE  TRUE  TRUE  TRUE  TRUE  TRUE  TRUE FALSE  TRUE  TRUE  TRUE  TRUE FALSE FALSE  TRUE  TRUE
[589]  TRUE  TRUE  TRUE  TRUE FALSE  TRUE  TRUE  TRUE  TRUE  TRUE FALSE  TRUE  TRUE FALSE  TRUE  TRUE  TRUE  TRUE  TRUE  TRUE  TRUE
[610]  TRUE FALSE  TRUE FALSE  TRUE  TRUE  TRUE  TRUE  TRUE  TRUE  TRUE  TRUE FALSE  TRUE  TRUE  TRUE  TRUE  TRUE  TRUE  TRUE  TRUE
[631]  TRUE  TRUE  TRUE  TRUE  TRUE  TRUE  TRUE FALSE  TRUE FALSE  TRUE  TRUE FALSE FALSE  TRUE FALSE  TRUE  TRUE  TRUE  TRUE  TRUE
[652]  TRUE  TRUE  TRUE  TRUE  TRUE  TRUE  TRUE  TRUE  TRUE  TRUE  TRUE  TRUE FALSE FALSE  TRUE  TRUE  TRUE FALSE FALSE  TRUE  TRUE
[673]  TRUE  TRUE  TRUE  TRUE  TRUE  TRUE  TRUE  TRUE FALSE  TRUE  TRUE  TRUE  TRUE  TRUE  TRUE  TRUE  TRUE  TRUE  TRUE  TRUE  TRUE
[694]  TRUE  TRUE FALSE  TRUE  TRUE  TRUE  TRUE  TRUE  TRUE  TRUE  TRUE FALSE  TRUE FALSE  TRUE  TRUE  TRUE FALSE  TRUE  TRUE  TRUE
[715]  TRUE  TRUE  TRUE  TRUE  TRUE FALSE  TRUE  TRUE  TRUE FALSE  TRUE FALSE FALSE  TRUE  TRUE  TRUE  TRUE  TRUE  TRUE  TRUE  TRUE
[736]  TRUE  TRUE FALSE  TRUE  TRUE  TRUE  TRUE  TRUE  TRUE  TRUE  TRUE FALSE FALSE  TRUE  TRUE  TRUE  TRUE  TRUE  TRUE  TRUE  TRUE
[757]  TRUE  TRUE  TRUE  TRUE  TRUE  TRUE  TRUE FALSE  TRUE  TRUE FALSE FALSE  TRUE  TRUE  TRUE FALSE  TRUE  TRUE  TRUE  TRUE FALSE
[778]  TRUE  TRUE  TRUE FALSE  TRUE FALSE  TRUE  TRUE  TRUE  TRUE FALSE  TRUE  TRUE  TRUE  TRUE  TRUE  TRUE  TRUE  TRUE  TRUE  TRUE
[799]  TRUE  TRUE  TRUE  TRUE FALSE  TRUE  TRUE  TRUE  TRUE  TRUE  TRUE  TRUE FALSE  TRUE  TRUE  TRUE  TRUE FALSE  TRUE  TRUE FALSE
[820]  TRUE  TRUE  TRUE  TRUE  TRUE  TRUE  TRUE  TRUE  TRUE  TRUE  TRUE  TRUE  TRUE  TRUE FALSE  TRUE  TRUE  TRUE  TRUE  TRUE  TRUE
[841]  TRUE  TRUE  TRUE  TRUE  TRUE  TRUE  TRUE  TRUE  TRUE  TRUE  TRUE  TRUE  TRUE  TRUE  TRUE  TRUE  TRUE  TRUE  TRUE  TRUE  TRUE
[862]  TRUE  TRUE

