
Birth-death simulation object with 843 species and 500 extant species

Details for some species:

Extinction times (NA means extant)
[1] 122.70738 101.40109  92.90088  90.95667 107.14727  95.57412


Speciation times 
[1] 127.0512 122.8850 116.5334 108.9540 108.3620 108.1275


Species parents (NA for initial)
[1] NA  1  2  2  2  2


Species status (extinct or extant)
[1] "extinct" "extinct" "extinct" "extinct" "extinct" "extinct"


For more details on vector y, try sim$y, with y one of
TE TS PAR EXTANT



$TE
  [1] 122.70738191 101.40108923  92.90087808  90.95667103 107.14727263  95.57412198 102.04950936 104.61102740  87.24975603  89.92063187
 [11]  90.47680716  61.74783082  97.24031881  99.29156595           NA  97.84066746  78.00847131  93.28162260  52.97562830  84.43310569
 [21]  72.30234463  87.11378791  89.03626417  46.20460453  34.28074773  12.08897251           NA           NA           NA           NA
 [31]  96.46178184  92.96689295  85.77295420  76.96540821  78.72790853  91.32280151  83.99912298  43.32204130  59.97683662  51.79658179
 [41]  35.55337396  53.89621190  67.96407278  56.64878916  79.71939591  69.03578362   5.57941358  75.53806270  69.25111472  70.65946176
 [51]  68.87507131  70.12184555  79.61800840  76.32664976  82.07650607  76.49302192  71.17928803  60.66764500  72.32323003  50.17811036
 [61]  49.81033305  20.52525089  23.64354054  35.85883598           NA  51.35289996  48.80333636           NA  44.13185169  62.43269160
 [71]  63.24477405  61.68039936  62.86697429  61.31505969  25.68293251  61.98895600  30.93573259  46.98715833  27.76040898  60.53973448
 [81]  55.55233787  43.42038392  18.55056067           NA   8.82306882           NA           NA           NA  42.98497889  15.07522508
 [91]  26.02090705   6.41609696           NA   6.18728913  32.71198790  20.31142529  29.85207070  10.10457021  43.61017443  46.31418529
[101]  23.15994400  38.48626958  23.92774226  35.45228441  29.05473308  36.35672758           NA  19.17746871   9.06258182  30.29449264
[111]  29.27994675  22.87165244  41.05529599  15.54453050           NA  43.97359356  40.00173608  34.21300078  36.29008502  10.46090041
[121]  20.96215141   9.57278866   8.14173130           NA           NA  10.32377035   8.76358429  35.70621801  35.38197065   9.08401854
[131]           NA  35.29848381           NA  17.04987790           NA  30.91401999  32.09063178   3.14306311  37.27508191  42.93321272
[141]  25.94356771   9.19207621           NA           NA           NA  24.43589415   1.95924152           NA           NA  26.79993062
[151]   2.10805464  29.48959805           NA  26.84304061           NA  13.91942181   5.00891788           NA  15.84011260  25.06658293
[161]           NA  25.26165059           NA   0.92887771           NA           NA   3.41441102  22.83429165  27.86857292  41.61238496
[171]  33.00098966           NA  18.95946715           NA  23.89403891           NA           NA           NA           NA  32.83025695
[181]           NA  24.90814970  41.24824026  18.95278924           NA           NA   6.61780988           NA  36.54748418           NA
[191]  35.88318561  11.79580696  10.32424499   6.87403953  18.35661046           NA           NA           NA  24.18182475           NA
[201]           NA   9.00586858           NA  17.49681306   9.76890700           NA   3.56517266           NA  36.81587213           NA
[211]           NA           NA           NA  32.88516492           NA           NA           NA           NA   5.99921792   8.87973270
[221]           NA           NA   6.52782961   1.77371274  11.17257137  28.91861575           NA           NA  23.85585832   5.08448204
[231]  15.21095160  10.53690611  20.40443084           NA   9.29454212           NA           NA   2.02863487           NA           NA
[241]           NA           NA           NA  18.11967133           NA           NA  26.83851374           NA           NA           NA
[251]           NA           NA  15.07723362  24.81411222           NA   8.39725539  34.19450001  19.45362073   5.86958376  22.33512442
[261]   0.69340484           NA           NA  21.93377265           NA           NA  21.77565388  20.15443216   3.74310542  12.28585441
[271]           NA           NA   1.27058097           NA           NA           NA  24.52711233  27.78746037           NA  10.71989069
[281]           NA           NA           NA           NA  30.85368270  10.85996329  11.46148600   3.79287393           NA  17.27301685
[291]  20.98136465           NA           NA           NA           NA           NA           NA   6.76969556  16.73807701  23.47684089
[301]           NA  19.48326043           NA           NA  17.12838324   2.14890025           NA           NA           NA           NA
[311]   2.32263550  20.66244819           NA  16.26706702   2.50794995           NA           NA           NA   8.71990288   9.28552769
[321]           NA           NA           NA           NA  23.03948197           NA           NA  25.67068845           NA  14.82877818
[331]           NA   9.01293941  12.44595531           NA           NA           NA   5.19955891           NA   6.73962176   4.73316404
[341]  22.12007687           NA           NA           NA           NA           NA  27.16548095           NA   1.35112151           NA
[351]  19.72929435  14.11143222           NA   1.00521670           NA  18.48387513  14.85910626           NA           NA           NA
[361]           NA   3.91339672           NA   5.94143398           NA           NA   9.11461012  14.72173294           NA           NA
[371]   3.79968792   2.80831283           NA   7.89727169           NA           NA           NA           NA           NA  25.57788256
[381]   1.93502206           NA           NA           NA           NA           NA           NA  16.20501215   3.33753295           NA
[391]   9.47664087  11.96513381   0.60266836           NA  20.19402986           NA           NA           NA           NA           NA
[401]           NA           NA           NA           NA  15.61834921           NA  18.26831636  21.54009047   9.52494358           NA
[411]   1.24734135  12.94819107   5.15752505   9.39421026   2.24690032   7.19369938  10.36128088           NA           NA           NA
[421]           NA           NA   1.35659537           NA           NA   6.29574201  11.12265484   6.62820842   5.12973774           NA
[431]   8.25471465           NA  14.86794325  14.38207318           NA  10.06882901   1.10748245  13.15649950           NA   2.51537438
[441]           NA           NA   1.19097811   9.86274632  10.48608557           NA           NA           NA           NA  19.83465109
[451]   9.17578143           NA           NA           NA  19.16545718   7.13080042           NA           NA   6.51367451  14.93097984
[461]  13.36229924           NA           NA   1.05728138           NA           NA           NA           NA           NA   5.22544284
[471]  14.85098157   5.65198795   2.20725491  11.56143885   3.33808052           NA           NA           NA           NA           NA
[481]           NA   3.17240663           NA           NA           NA           NA           NA  14.39427535  11.46113419           NA
[491]           NA           NA           NA           NA           NA   5.78974663           NA           NA           NA  10.89868796
[501]  12.20011738           NA           NA   3.70292067   3.99925770           NA           NA           NA           NA           NA
[511]           NA   2.63145191   5.54550538           NA           NA           NA           NA           NA           NA           NA
[521]           NA   8.91305240           NA           NA           NA           NA           NA   4.55816008           NA           NA
[531]           NA           NA   7.22207824   1.07962548           NA           NA           NA           NA           NA           NA
[541]           NA           NA   2.80615295   6.25180664           NA           NA           NA   7.31092799           NA           NA
[551]           NA           NA           NA           NA           NA           NA           NA   7.34846381           NA           NA
[561]   9.65501727           NA   5.67337535   3.46144717           NA           NA           NA           NA           NA   9.88246906
[571]           NA   0.64197069           NA           NA           NA           NA           NA           NA           NA           NA
[581]           NA           NA           NA           NA           NA           NA           NA           NA           NA           NA
[591]   5.54100984           NA   3.66441375           NA           NA           NA           NA           NA   9.93100241           NA
[601]   2.90983396           NA   3.23662351           NA           NA   6.78888949  10.61327869           NA           NA           NA
[611]           NA           NA           NA   1.19135147           NA   0.48548854           NA           NA   9.60492079           NA
[621]           NA   0.45974384           NA   2.89879060           NA           NA   0.94466497           NA           NA           NA
[631]           NA           NA   7.84477520           NA           NA           NA           NA           NA   1.61745388           NA
[641]           NA           NA           NA           NA           NA           NA           NA           NA           NA   4.93209946
[651]           NA           NA           NA           NA           NA           NA           NA   0.89220841   6.83325742           NA
[661]   1.97597620           NA           NA           NA           NA           NA   4.56513727   2.75222473           NA           NA
[671]           NA           NA           NA           NA   1.73531317           NA           NA           NA           NA           NA
[681]           NA           NA           NA           NA           NA           NA           NA           NA           NA           NA
[691]           NA           NA           NA   5.62180856   6.91812181   5.15109061           NA           NA           NA           NA
[701]   0.87615258           NA           NA           NA           NA           NA           NA           NA           NA           NA
[711]           NA           NA           NA           NA           NA           NA           NA           NA           NA   6.21623187
[721]           NA           NA           NA           NA           NA           NA           NA           NA           NA           NA
[731]           NA   5.74698468   6.56309744           NA           NA   5.24742991   3.51984384           NA           NA           NA
[741]           NA           NA           NA           NA           NA           NA           NA           NA           NA           NA
[751]   2.26292805           NA           NA           NA           NA           NA           NA           NA           NA           NA
[761]           NA           NA           NA           NA           NA   0.67819042           NA           NA           NA           NA
[771]           NA           NA           NA           NA           NA           NA           NA           NA           NA           NA
[781]   0.53487655           NA   3.97245312   0.06195924           NA           NA           NA           NA           NA           NA
[791]           NA           NA           NA           NA           NA           NA           NA           NA           NA           NA
[801]           NA           NA           NA   1.58757663           NA           NA           NA           NA           NA           NA
[811]           NA           NA           NA           NA           NA           NA   1.66725419           NA           NA           NA
[821]           NA           NA           NA           NA           NA           NA           NA   0.59394224           NA           NA
[831]           NA           NA           NA           NA           NA           NA           NA           NA           NA           NA
[841]           NA           NA           NA

$TS
  [1] 127.05119870 122.88503523 116.53336217 108.95399114 108.36201298 108.12749622 111.91370539 106.71208400  93.91419700 104.99664945
 [11] 101.82753829  92.71801511 101.28160400 100.11786495 100.51559882  98.39208279 101.37770693  96.46544931  94.77768006  90.49579469
 [21]  98.16378606  99.02114156  95.06293097  73.91912169  43.76423663  40.46218639  29.84902422  22.34638783  15.05516362   0.57218977
 [31]  99.55810095  97.92611996  87.90464379  84.11876760  82.14912748  95.01800165  90.91225030  66.46331223  62.83769072  58.54798266
 [41]  55.15112823  92.38720396  76.40753301  69.81156497  90.61739486  89.41698263  81.79732553  80.89204113  78.81944420  72.41759529
 [51]  71.95160922  90.28154235  83.56779455  81.04365021  84.85163931  86.42413965  75.31314010  80.97312848  77.72930821  56.17228020
 [61]  55.02370782  50.15144778  42.81873375  36.23806231   9.55590407  80.95757328  78.64611178  63.97141119  76.29516998  63.17592553
 [71]  76.82214565  75.74593252  69.23961943  64.72480506  56.49503206  66.02146432  51.41930655  66.95137955  50.36252129  61.62137552
 [81]  59.61768777  44.58361407  22.76740156  22.56294371  14.56951718   8.12210327   4.89029559  58.67289222  51.39011397  48.00343288
 [91]  34.58022515  14.85161322   0.82095407  48.10090468  45.13631802  44.29285644  36.53422181  30.56399331  54.01682817  49.17998411
[101]  39.97080579  46.00877657  47.76484050  35.72535848  49.86264640  47.37775477  43.78466995  33.50875632  32.76139526  45.00545658
[111]  30.76611189  46.57038184  42.95061186  29.24170996  29.15165895  45.58764368  44.11549141  40.14875253  39.55619261  39.06463203
[121]  22.22847749  13.83227671  45.97553648  34.66074840  30.81991501  27.06859144  22.71994805  47.51109238  47.05930731  27.53634237
[131]  43.40549324  42.76472729  43.68990260  41.76109215  41.12794552  38.01868472  32.25745281  45.35231152  44.95577222  44.28551429
[141]  37.56793149  30.11878741  18.62034291  34.84770912  32.44454678  24.98810008  15.12519460   6.64084455   4.87141182  36.45776976
[151]  34.67401905  44.86322308  38.80054410  32.77677441  39.61735911  21.12408135   6.61339208   1.26595528  39.94990264  36.80454125
[161]  42.40548972  41.26529765  19.42675166  14.11081771   3.93688335   0.08914723  40.42870249  36.77146385  33.42994998  42.63226111
[171]  40.52247840  38.23065419  36.99592303  34.80013531  33.76980120  33.09945010  31.87676682  29.83822636  25.16755567  41.39510070
[181]  40.95436492  42.45410126  41.81736464  38.40634950  24.19293534   4.31078060  35.83949719  32.32981005  40.66021129  40.16058667
[191]  37.43309573  35.16715803  29.94909433  28.54110255  24.35736515  12.87007138   3.97691111  32.17708799  29.13197808  19.23935747
[201]  18.39970090  12.03294496  36.36806013  32.12220685  28.60079360  25.69732483  15.40928429  13.06804907  38.23807532  25.24316622
[211]  20.66425898  13.81584628  36.79646537  34.69133729  34.06802732  28.93540800  18.97630289  16.96262081  14.04331072  12.89952391
[221]   7.65198187  30.91869446  30.17228910  29.64518298  33.02116525  32.38535532   8.48225030   2.56098516  33.17211374  27.16958426
[231]  25.69133246  22.71776582  20.96581549  10.48088843  16.59657260   5.50507885  36.77487194  21.57380968  11.72445560  34.68516046
[241]  27.51414330  32.86901517  19.13740786  34.18383448  30.91281833  26.07375793  29.78353976  25.57481215  10.54204185  24.56282540
[251]  19.58262275  13.28411464  23.09133838  32.50901147  23.00177483  17.24243069  35.68541235  32.94185855  29.91060319  23.27483602
[261]  18.22825304  23.36294756   7.87664694  31.30016800  29.74069577   5.14936229  29.40865373  27.26115974   7.60982855  20.99214104
[271]  11.60542682   9.05602831   8.15874380   7.02249906   6.80451279   6.45589360  28.27716690  32.18677144  26.87899063  23.49016919
[281]  10.35469549  19.79507699  18.15570842  29.39286834  31.49636088  15.28517067  12.92647384  17.55097332  11.14190849  27.17845953
[291]  24.75614535  21.78864303  21.09225437  12.50549068   7.68988787   4.55361135   1.23517440  30.85012212  30.34130374  27.98714355
[301]  31.84020719  25.75478896  17.55262434  21.29189070  21.22877064  31.01716635  26.06779109  20.33481933  15.00018319   4.56205047
[311]  12.44665307  25.08786745  10.79194495  25.21989764   9.50958339  18.83444389  23.39170682  19.02394611  23.33291127  16.99775349
[321]  13.89913609  11.45250294   8.22541682  28.02666361  27.84535637  10.30132041   9.68453374  29.93128119  24.88948090  18.58426516
[331]  18.39418239  15.41926742  25.06904167  15.71400268   1.68378310  19.08867281  11.24390341   9.93542992   8.42461063   8.16677934
[341]  25.52148406  11.57135860   5.30378506  28.55073669  26.61499544   5.14998352  28.32084280  28.72853433  16.03788544   5.25486382
[351]  27.46910810  22.36172682  22.26906879  20.95553010  16.60337114  28.35532625  24.15758742  13.69591002   7.05964796   0.03565170
[361]   0.02029542  25.30676139  14.00997694   9.35959866   7.30324503   0.21031002  24.77731403  23.33119941  21.08662070  20.99233833
[371]  17.38201046  14.19464669   4.19962778  11.07099571   9.71364187  14.60830394   1.34969710  26.68157668  26.40743253  27.32683998
[381]  15.75012534  12.13858037  11.36163067   3.93505035   3.32058694  24.64569330  10.88845909  19.38635760  17.39445745  25.66310838
[391]  21.08191998  19.75582336   0.79605459  25.67333213  22.92885367   9.40426476   6.59401290  20.02427853  18.93880570  18.12480082
[401]   9.67468110   4.82940051   0.99765884  26.14745993  22.01549883   1.74526886  25.20013413  24.17066811  12.30477851  17.33122193
[411]   4.90421362  20.02017269  16.20147502  10.30938803  24.36088955  23.91357199  19.14977530  22.84282401  20.90107610  13.98978263
[421]   9.98953365   6.63357237   6.59238608   2.45325267   0.27823088  12.39621228  15.61208839  11.65346303   6.99174266   6.98189555
[431]  15.95090187   9.05712446  19.79072305  19.79829609  19.64621544  12.61135139  10.20661617  23.82706527  18.03055867   7.82154390
[441]   7.81241345   6.78613590   5.83645983  14.29332109  23.96160002  15.97501227  14.28848717   4.22468840   4.17499175  22.81654277
[451]  23.26057563   9.72601624  13.44506604  12.74401127  21.88521935  18.53174860  14.10717552  11.82782582  11.80597545  21.10718186
[461]  17.35062092   4.68659740   8.51748295  19.26050070   7.34691019   6.52497410   2.26368654  13.42161252  11.06605012  20.14209748
[471]  15.76485080  19.03055839  14.27322530  12.67999619  10.58818185   7.71995143  10.79151057   7.24023227   5.77023869  17.76331023
[481]  11.88357528   5.97208677   5.17790109   0.09596985  18.82661553  17.85480986  15.17591318  16.93587235  18.61118439  19.10616770
[491]   9.33597968   5.93245705   4.61180022  10.21659358   1.44190393  10.59237435   9.00628322   1.92705526  11.38374450  16.21076498
[501]  14.38439241   5.10244392   2.92488341  17.75418479  12.09486468   3.62149329   2.69648788  16.66851594  12.14874378   7.92044164
[511]   0.26183757  10.48946477  16.08078468   7.96846872  13.22493361   5.52125485  18.39640340   9.24747028   9.77393392   8.92704859
[521]   7.14045693  12.64251039   8.06190831   4.46234282  10.32012530  11.57626086  18.21324851   5.94968130   6.42024902   3.93906163
[531]   7.59313185   0.83141790   9.98998631  12.13931293   5.28667877   6.96883607   3.76967359  11.66363060  13.79516751   9.11666185
[541]   8.00696849   4.75103406   3.94684889  16.91479642   5.46233850  12.53070713   4.88185357   8.80325159   5.07668944   9.68372375
[551]  15.72943240  13.75608444   8.55506202  11.13640323  10.43570377   8.06142114   8.46126529   8.18380963   6.36617780  14.65356966
[561]  13.53712437   3.88619974   7.78644612   6.53557646   1.03011362  12.40425096  11.45948669   8.49797555  11.65654751  10.89038375
[571]   7.76261882   5.71104665   7.00376602   2.35678980  12.88666165  11.76040936   3.74955824   1.85261713   1.12301580  10.72632835
[581]   9.99726317  11.64796619  11.23290341   2.61470783   9.61362504   7.91723478   9.15847688   9.12038614   4.31763255  11.92809174
[591]   8.35991623  10.67627076   8.49902937   7.03608801   2.13219197   1.66399479   3.66880238   6.84260561  12.48455055  11.66827304
[601]   9.47392770   6.31468718   5.74149160   3.91872576   5.39963983  12.76455437  11.02227559  10.37322167   3.07999535   2.62827240
[611]   0.73664086   0.48584897  10.76938345   4.03375732   2.96102312   1.32449209  11.40597759  11.87651793   9.63633691   3.69542411
[621]   3.30693756  11.14262138   1.59442038   6.88468991   2.95095805   8.67229279   1.06489957   6.72407368   6.19627552   1.46182643
[631]   6.76422510   1.18084113   9.37751189   9.16885882  10.21390101  10.52300898   6.27150569   1.08955830   9.29604687   0.80144226
[641]   0.57903817  11.10383342   8.16312084   6.60311719   6.48046833   0.54851198  10.77998058   9.32454266   7.80200682   7.29611219
[651]   0.09712995   5.19335522  10.49117059   7.91473478   6.44106786   3.99571099   2.63484870   8.14643076  10.60436522   0.10514679
[661]  10.73046625   5.43171131   9.72949413   6.62980317   2.19688633  10.30906382  10.57385440   8.43293356   2.97556440   9.10585276
[671]   4.61211676   2.84248069   5.02842406   1.77115077   9.75621716   9.36881595   4.55199219   4.41557409   2.81313646   2.19067569
[681]   3.71750900   9.72442978   0.58900645   5.00593021   6.12258599   7.74325271   3.24616240   8.88474818   4.43707690   3.84970347
[691]   3.54166127   9.67322116   4.66586490   9.56458121   8.63915484   8.17755953   1.88023750   8.05687417   9.43646693   3.61809938
[701]   7.74712696   5.34066071   1.10355207   5.63586304   5.92446274   3.83868090   2.06731968   9.17102861   3.81681218   0.79758089
[711]   1.64342603   1.47863546   8.94206022   5.75200794   4.92052695   4.43324137   3.13880495   1.45745768   1.78623099   8.14426545
[721]   2.58698126   6.68558118   8.10705299   4.42023143   1.28245408   2.56742045   7.52121891   1.95195850   4.15870994   0.03099023
[731]   3.00111408   7.87444014   7.60409845   5.12993841   1.37821619   5.45578907   4.91735998   4.39519843   3.50953064   3.53162671
[741]   5.04270276   0.86010271   0.23021931   3.97561690   5.54357495   4.63050694   2.54947376   0.28086551   4.96460483   1.04924824
[751]   6.91903413   3.50071631   3.46869610   4.36505092   0.35025647   4.98350101   4.76007228   2.45214252   0.19748507   5.85784423
[761]   5.03210113   3.66075813   3.87837666   3.93598241   1.01376158   4.11642233   0.99704199   2.59614843   1.85901533   2.06072206
[771]   5.70651543   3.62564923   0.04444488   4.04964669   2.51039619   2.92336399   2.54606815   2.81682090   2.37728896   2.67959634
[781]   2.28260150   0.98744044   4.60306984   1.66717101   2.36093147   2.32398317   1.94359771   0.67085179   3.92475042   1.14706988
[791]   2.90239076   2.08229777   1.75034656   3.07043338   3.52671540   1.65900002   4.06630051   1.61609197   0.46575745   3.94634689
[801]   1.36366319   3.57658518   3.68991743   3.25576567   1.49049126   3.66210886   1.32989433   1.23443133   1.30088844   0.88132028
[811]   3.46920532   3.23221066   1.53061408   3.58273059   1.44550019   1.41675489   3.29608598   3.14699590   0.96705025   2.05651797
[821]   0.15372096   1.40238093   1.72961714   1.02218012   1.06482897   3.20905635   0.95328280   1.22821558   1.94945693   0.35814459
[831]   0.77299177   1.13145808   1.47672780   1.91814854   1.15889796   0.29104680   0.45107102   0.26759290   0.55934322   1.36011648
[841]   0.30463204   0.91568517   0.29500118

$PAR
  [1]  NA   1   2   2   2   2   3   3   3   4   4   4   6   6  10  10  11  11  11  11  13  15  15  15  15  15  15  15  15  15  14  21
 [33]  21  21  21  32  23  19  19  19  19   9  12  12  42  42  42  42  42  42  42  45  45  45  52  46  46  47  47  47  47  47  47  47
 [65]  47  58  58  58  66  66  49  59  69  69  69  24  24  73  78  38  68  68  68  68  68  68  68  81  88  88  88  88  88  75  75  75
 [97]  75  75  41  41  41  99  77  77  89  89  79  79  79  62  62 105 105 105 105  94  94  94  94  94  94  94  90  90  90  90  90 103
[129] 103 103 128 129 112 112 112 112 112 102 102 123 123 123 123 138 138 138 138 138 138  95  95 110 110  96 107 107 107 107  25  25
[161] 133 133 133 133 133 133 131 131 131  63  63  63  63  63  63  63  63  63  63 132 132 170 170 161 161 161 134 134 180 135 135 135
[193] 135 135 135 135 135 181 181 181 181 181 171  26  26  26  26  26 167 167 167 167 190 190 190 190 190 190 190 190 190 101 101 101
[225] 155 155 155 155 120 120 120 120 120 120 153 153 172 172 172 136 141 173 173 160 160 160 213 213 213 237 237 237 168 150 203 203
[257] 187 187 192 192 192 144 144 174 174 174 240 151 151 124 124 124 124 124 124 124 215 175 108 176 176 242 242 154 109 109 109 145
[289] 145 188 188 188 188 188 188 188 188 278 278 278 198 204 204 177 301 264 306 306 306 306 222 245 298 125 125  98 299 299 223 223
[321] 223 223 223 142 142 142 142 193 193 193 193 193 259  27  27 178 178 178 178 178 265 265 265 224 224 224 267 284 284 284 114 114
[353] 114 114 114 115 115 115 115 115 115 199 216 216 216 216 348 205 205 344 344 344 344 194 194 324 324 325 325 130 130 130 241 241
[385] 241 268 230 126 126 279 279 279 279 378 378 378 378 345 345 345 345 345 345 379 379 379 404 404 404 246 246 307 307 307 302 206
[417] 206 231 394 390 390 390 390 390 390 248 362 362 362 362 210 210 314 407 407 179 179 367 386 386 386 386 386 250 415 415 415 185
[449] 185 408 445 416 280 280 319 368 451 451 451 253 255 255 418  83  28  28  28 293 391 270 270 419 419 419 419 211 308 308 308 398
[481] 398 398 398 398 434 434 434 433 392 435 435 435 435 251 251 163 464 464 200 243 243 243 243 490 490 490 490 336 336 336 336 472
[513] 318 318 217 217 399 316 143 143 143 489 201 201 517 331 261 527 283 283 400 400 439 480 480 504 504 303 371 371 371 371 371 461
[545] 410 320 218 508 508 355 413 349 349 446 446 446 431 381 381 551 551 551 334 334 334 487  29  29 309 309 309 309 560 560 376 376
[577] 376 376 376 444 444 447 447 447 372 372 164 457 457 219 219 363 363 420 321 321 212 539 552 453 453 453 453 468 252 515 515 515
[609] 515 208 575 196 606 454 454 454 436 311 311 509 534 590 590 618 458 576 576 239 600 600 538 538 569 582 271 526 342 567 322 322
[641] 322 617 499 499 499 499 337 337 337 583 583 289 554 554 554 554 642 469 387 387 313 477 647 661 661 592 475 249 249 512 512 512
[673] 234 555 281 281 281 281 281 281 666 326 494 437 581 338 519 675 663 663 663 682 682 375 692 692 585 694  65  65 601 699 699 396
[705] 491 491 639 518 518 518 708 587 588 588 588 432 432 432 497 713 713 688 548 463 463 568 227 227 557 557 668 323 323 323 323 643
[737] 658 723 723 523 556 510 586 654 263 263 263 441 649 649 571 571 476 295 531 727 465 465 365 478 521 359 274 536 536 624 628 148
[769] 148 422 664 423 645 637 637 443 443 479 479 714 714 714 603 572 745 516 236 236 545 343 350 350 350 652 346 734 761 411 757 542
[801] 746 493 689 738 738 589 589 186 614 197 744 800 800 165 764 690 577 577 597 806 806 772 740 795 752 385 794 776 679 679 507 768
[833] 228 781 665 792 770 829 787 823 833 825 810

$EXTANT
  [1] FALSE FALSE FALSE FALSE FALSE FALSE FALSE FALSE FALSE FALSE FALSE FALSE FALSE FALSE  TRUE FALSE FALSE FALSE FALSE FALSE FALSE
 [22] FALSE FALSE FALSE FALSE FALSE  TRUE  TRUE  TRUE  TRUE FALSE FALSE FALSE FALSE FALSE FALSE FALSE FALSE FALSE FALSE FALSE FALSE
 [43] FALSE FALSE FALSE FALSE FALSE FALSE FALSE FALSE FALSE FALSE FALSE FALSE FALSE FALSE FALSE FALSE FALSE FALSE FALSE FALSE FALSE
 [64] FALSE  TRUE FALSE FALSE  TRUE FALSE FALSE FALSE FALSE FALSE FALSE FALSE FALSE FALSE FALSE FALSE FALSE FALSE FALSE FALSE  TRUE
 [85] FALSE  TRUE  TRUE  TRUE FALSE FALSE FALSE FALSE  TRUE FALSE FALSE FALSE FALSE FALSE FALSE FALSE FALSE FALSE FALSE FALSE FALSE
[106] FALSE  TRUE FALSE FALSE FALSE FALSE FALSE FALSE FALSE  TRUE FALSE FALSE FALSE FALSE FALSE FALSE FALSE FALSE  TRUE  TRUE FALSE
[127] FALSE FALSE FALSE FALSE  TRUE FALSE  TRUE FALSE  TRUE FALSE FALSE FALSE FALSE FALSE FALSE FALSE  TRUE  TRUE  TRUE FALSE FALSE
[148]  TRUE  TRUE FALSE FALSE FALSE  TRUE FALSE  TRUE FALSE FALSE  TRUE FALSE FALSE  TRUE FALSE  TRUE FALSE  TRUE  TRUE FALSE FALSE
[169] FALSE FALSE FALSE  TRUE FALSE  TRUE FALSE  TRUE  TRUE  TRUE  TRUE FALSE  TRUE FALSE FALSE FALSE  TRUE  TRUE FALSE  TRUE FALSE
[190]  TRUE FALSE FALSE FALSE FALSE FALSE  TRUE  TRUE  TRUE FALSE  TRUE  TRUE FALSE  TRUE FALSE FALSE  TRUE FALSE  TRUE FALSE  TRUE
[211]  TRUE  TRUE  TRUE FALSE  TRUE  TRUE  TRUE  TRUE FALSE FALSE  TRUE  TRUE FALSE FALSE FALSE FALSE  TRUE  TRUE FALSE FALSE FALSE
[232] FALSE FALSE  TRUE FALSE  TRUE  TRUE FALSE  TRUE  TRUE  TRUE  TRUE  TRUE FALSE  TRUE  TRUE FALSE  TRUE  TRUE  TRUE  TRUE  TRUE
[253] FALSE FALSE  TRUE FALSE FALSE FALSE FALSE FALSE FALSE  TRUE  TRUE FALSE  TRUE  TRUE FALSE FALSE FALSE FALSE  TRUE  TRUE FALSE
[274]  TRUE  TRUE  TRUE FALSE FALSE  TRUE FALSE  TRUE  TRUE  TRUE  TRUE FALSE FALSE FALSE FALSE  TRUE FALSE FALSE  TRUE  TRUE  TRUE
[295]  TRUE  TRUE  TRUE FALSE FALSE FALSE  TRUE FALSE  TRUE  TRUE FALSE FALSE  TRUE  TRUE  TRUE  TRUE FALSE FALSE  TRUE FALSE FALSE
[316]  TRUE  TRUE  TRUE FALSE FALSE  TRUE  TRUE  TRUE  TRUE FALSE  TRUE  TRUE FALSE  TRUE FALSE  TRUE FALSE FALSE  TRUE  TRUE  TRUE
[337] FALSE  TRUE FALSE FALSE FALSE  TRUE  TRUE  TRUE  TRUE  TRUE FALSE  TRUE FALSE  TRUE FALSE FALSE  TRUE FALSE  TRUE FALSE FALSE
[358]  TRUE  TRUE  TRUE  TRUE FALSE  TRUE FALSE  TRUE  TRUE FALSE FALSE  TRUE  TRUE FALSE FALSE  TRUE FALSE  TRUE  TRUE  TRUE  TRUE
[379]  TRUE FALSE FALSE  TRUE  TRUE  TRUE  TRUE  TRUE  TRUE FALSE FALSE  TRUE FALSE FALSE FALSE  TRUE FALSE  TRUE  TRUE  TRUE  TRUE
[400]  TRUE  TRUE  TRUE  TRUE  TRUE FALSE  TRUE FALSE FALSE FALSE  TRUE FALSE FALSE FALSE FALSE FALSE FALSE FALSE  TRUE  TRUE  TRUE
[421]  TRUE  TRUE FALSE  TRUE  TRUE FALSE FALSE FALSE FALSE  TRUE FALSE  TRUE FALSE FALSE  TRUE FALSE FALSE FALSE  TRUE FALSE  TRUE
[442]  TRUE FALSE FALSE FALSE  TRUE  TRUE  TRUE  TRUE FALSE FALSE  TRUE  TRUE  TRUE FALSE FALSE  TRUE  TRUE FALSE FALSE FALSE  TRUE
[463]  TRUE FALSE  TRUE  TRUE  TRUE  TRUE  TRUE FALSE FALSE FALSE FALSE FALSE FALSE  TRUE  TRUE  TRUE  TRUE  TRUE  TRUE FALSE  TRUE
[484]  TRUE  TRUE  TRUE  TRUE FALSE FALSE  TRUE  TRUE  TRUE  TRUE  TRUE  TRUE FALSE  TRUE  TRUE  TRUE FALSE FALSE  TRUE  TRUE FALSE
[505] FALSE  TRUE  TRUE  TRUE  TRUE  TRUE  TRUE FALSE FALSE  TRUE  TRUE  TRUE  TRUE  TRUE  TRUE  TRUE  TRUE FALSE  TRUE  TRUE  TRUE
[526]  TRUE  TRUE FALSE  TRUE  TRUE  TRUE  TRUE FALSE FALSE  TRUE  TRUE  TRUE  TRUE  TRUE  TRUE  TRUE  TRUE FALSE FALSE  TRUE  TRUE
[547]  TRUE FALSE  TRUE  TRUE  TRUE  TRUE  TRUE  TRUE  TRUE  TRUE  TRUE FALSE  TRUE  TRUE FALSE  TRUE FALSE FALSE  TRUE  TRUE  TRUE
[568]  TRUE  TRUE FALSE  TRUE FALSE  TRUE  TRUE  TRUE  TRUE  TRUE  TRUE  TRUE  TRUE  TRUE  TRUE  TRUE  TRUE  TRUE  TRUE  TRUE  TRUE
[589]  TRUE  TRUE FALSE  TRUE FALSE  TRUE  TRUE  TRUE  TRUE  TRUE FALSE  TRUE FALSE  TRUE FALSE  TRUE  TRUE FALSE FALSE  TRUE  TRUE
[610]  TRUE  TRUE  TRUE  TRUE FALSE  TRUE FALSE  TRUE  TRUE FALSE  TRUE  TRUE FALSE  TRUE FALSE  TRUE  TRUE FALSE  TRUE  TRUE  TRUE
[631]  TRUE  TRUE FALSE  TRUE  TRUE  TRUE  TRUE  TRUE FALSE  TRUE  TRUE  TRUE  TRUE  TRUE  TRUE  TRUE  TRUE  TRUE  TRUE FALSE  TRUE
[652]  TRUE  TRUE  TRUE  TRUE  TRUE  TRUE FALSE FALSE  TRUE FALSE  TRUE  TRUE  TRUE  TRUE  TRUE FALSE FALSE  TRUE  TRUE  TRUE  TRUE
[673]  TRUE  TRUE FALSE  TRUE  TRUE  TRUE  TRUE  TRUE  TRUE  TRUE  TRUE  TRUE  TRUE  TRUE  TRUE  TRUE  TRUE  TRUE  TRUE  TRUE  TRUE
[694] FALSE FALSE FALSE  TRUE  TRUE  TRUE  TRUE FALSE  TRUE  TRUE  TRUE  TRUE  TRUE  TRUE  TRUE  TRUE  TRUE  TRUE  TRUE  TRUE  TRUE
[715]  TRUE  TRUE  TRUE  TRUE  TRUE FALSE  TRUE  TRUE  TRUE  TRUE  TRUE  TRUE  TRUE  TRUE  TRUE  TRUE  TRUE FALSE FALSE  TRUE  TRUE
[736] FALSE FALSE  TRUE  TRUE  TRUE  TRUE  TRUE  TRUE  TRUE  TRUE  TRUE  TRUE  TRUE  TRUE  TRUE FALSE  TRUE  TRUE  TRUE  TRUE  TRUE
[757]  TRUE  TRUE  TRUE  TRUE  TRUE  TRUE  TRUE  TRUE  TRUE FALSE  TRUE  TRUE  TRUE  TRUE  TRUE  TRUE  TRUE  TRUE  TRUE  TRUE  TRUE
[778]  TRUE  TRUE  TRUE FALSE  TRUE FALSE FALSE  TRUE  TRUE  TRUE  TRUE  TRUE  TRUE  TRUE  TRUE  TRUE  TRUE  TRUE  TRUE  TRUE  TRUE
[799]  TRUE  TRUE  TRUE  TRUE  TRUE FALSE  TRUE  TRUE  TRUE  TRUE  TRUE  TRUE  TRUE  TRUE  TRUE  TRUE  TRUE  TRUE FALSE  TRUE  TRUE
[820]  TRUE  TRUE  TRUE  TRUE  TRUE  TRUE  TRUE  TRUE FALSE  TRUE  TRUE  TRUE  TRUE  TRUE  TRUE  TRUE  TRUE  TRUE  TRUE  TRUE  TRUE
[841]  TRUE  TRUE  TRUE

