
Birth-death simulation object with 828 species and 500 extant species

Details for some species:

Extinction times (NA means extant)
[1] 41.02965 26.61790 43.25397 36.22532 33.98218 21.16872


Speciation times 
[1] 66.57481 65.59309 63.60719 56.18799 54.31573 46.43805


Species parents (NA for initial)
[1] NA  1  1  1  1  1


Species status (extinct or extant)
[1] "extinct" "extinct" "extinct" "extinct" "extinct" "extinct"


For more details on vector y, try sim$y, with y one of
TE TS PAR EXTANT



$TE
  [1] 41.029649860 26.617901444 43.253970905 36.225324617 33.982181335 21.168718095 25.298839467 43.967027976  3.597254049 19.455654277
 [11]  6.540169195 24.087097664 24.631678311 49.667807099 11.331210174 31.204960520 33.207926224 42.875039357 49.128798523 50.910220114
 [21] 56.009592041 29.133433846 12.945265122 43.291904796 41.779465596           NA 27.407236894           NA           NA           NA
 [31]           NA           NA 44.705111010           NA 22.033703263 26.709551563           NA 47.721565362           NA 32.164311390
 [41] 27.242354704 28.257320859 34.442988559 26.211629919 13.354326484 13.165515544           NA           NA 41.593390669 39.675001085
 [51] 18.876118848 35.689566071 39.662097335 20.760366951 21.478459600 34.020514577 26.566986110 11.157402681 19.023944325 30.519165881
 [61]           NA           NA 38.691244169 29.249636113 29.356541981 24.649787216 12.496201306 14.042455163 26.312733648 12.422351109
 [71] 25.202874400  6.197583466 33.606095889 39.332214097  4.388455220 29.815399379           NA           NA           NA           NA
 [81]           NA 25.908612527 19.037194003 18.006960197 22.374651960  6.287165860 28.144964346 17.253732942           NA 23.154333198
 [91]           NA 17.453121523  9.099421872  3.666791434           NA           NA 23.099984018 33.147206521 20.813957568 32.816124955
[101] 25.062860801 15.323965311  8.280265896 16.727519321 10.196910144  0.889357825 34.882088419 16.516903274 11.126556315 31.108987926
[111] 16.450680185 24.483676101 18.656155581           NA 34.179733330           NA 13.156183778 18.573680458 12.690394359 27.963047772
[121]           NA 19.017687536 36.407127847           NA           NA  0.597172689           NA 15.482795510           NA           NA
[131] 10.772601610  0.645815511           NA 28.881092051 21.883786463           NA 12.380272016  0.432958246           NA 19.723097560
[141]           NA 10.790642269 12.132301428 30.549872208  0.591459914 16.223585998 22.902559412 30.636365676 20.009012088 31.251577873
[151] 17.687773348 17.419096654           NA 23.428691246  0.211217378           NA           NA 25.048785312  6.595368875 35.454422963
[161]           NA           NA 13.603276459  9.660413126 16.262330003 16.393930254           NA           NA           NA 19.370107898
[171] 15.915133195           NA  7.399171614 14.381266668           NA           NA 20.546856360 18.770445708 23.973461880 11.382779967
[181] 31.750510232  4.219802191           NA           NA           NA           NA           NA 15.649573339 27.323580029  5.557928986
[191]           NA           NA           NA  4.008313269 10.535763835 25.803815699           NA           NA 12.843568333 25.713296573
[201] 16.900359374           NA           NA  6.605916006  6.457602719           NA  2.087714449  2.243518674           NA           NA
[211]           NA 12.641767022           NA           NA           NA 20.157030441           NA           NA           NA           NA
[221] 11.814385719           NA           NA           NA 21.529043992 17.655970597           NA           NA 19.262795628  6.499057261
[231] 10.659996715  4.441724622           NA           NA           NA           NA  6.810286326           NA           NA  7.033565439
[241]           NA           NA           NA           NA           NA           NA  0.458372569 27.283821695 21.916163839 16.465618201
[251] 13.573551295           NA           NA           NA           NA           NA           NA           NA           NA           NA
[261]  0.799696148 14.814823178           NA  4.650110334  5.950350792  7.059517897           NA 14.101433054 16.802477535           NA
[271]           NA 19.187415005  3.590713281           NA           NA           NA           NA           NA           NA           NA
[281]           NA           NA 18.301566792 16.759735900           NA  0.931901212 12.224335742  5.262981939           NA           NA
[291]           NA           NA 22.443522386 18.310626192 18.173737468  9.689132542 11.634355167  4.343838289 22.989964185  5.075653945
[301]  6.068967505           NA           NA 14.308363607 19.790941914           NA           NA  9.288143063 24.632163973 15.789703370
[311]           NA  2.183842409 22.629785820           NA  4.378301673 15.107126906           NA           NA  2.339212845 22.494074767
[321]           NA  2.354831402           NA           NA           NA           NA  4.433713138           NA  5.987987661           NA
[331]           NA  6.137079817 20.125517610 19.299161888  8.902271210 10.091466204 19.460619124           NA  4.703061895           NA
[341]           NA           NA           NA           NA           NA 11.157606393 18.684011447  2.963559282  6.338631656           NA
[351] 20.114339991           NA  5.535265582           NA           NA           NA 18.871205593  3.345097194  0.214112947 14.157988780
[361]           NA  7.889334542           NA           NA           NA           NA  9.738894411           NA 15.549573055  8.967733800
[371] 13.438506310 19.224909996           NA  1.889474164  3.508074263  4.508491398           NA           NA 21.772643839           NA
[381]           NA           NA           NA           NA 11.565625757           NA           NA           NA           NA  2.993887560
[391]           NA           NA  4.575596474           NA  7.013300080  3.740183895 14.938711936  1.497985871  8.913292898 11.677177910
[401]           NA           NA           NA           NA           NA           NA           NA 20.705159768  8.428950105           NA
[411]           NA           NA           NA           NA           NA  6.328089581 14.030608255           NA           NA           NA
[421]           NA           NA           NA           NA           NA           NA           NA           NA           NA           NA
[431]           NA           NA 16.734939783           NA           NA           NA           NA  6.965812454  5.103810841           NA
[441]  7.727567254           NA  7.743907513           NA           NA           NA           NA           NA           NA           NA
[451]           NA  0.737258221           NA           NA  0.003488471           NA           NA  5.857681893           NA           NA
[461]           NA           NA           NA  8.836325193  3.734445581           NA           NA  9.181276759 15.239400504 14.547317753
[471]  4.169643257  0.047687531           NA           NA           NA  7.637048409  7.710860988           NA 10.567418365  1.812683752
[481]           NA 17.807844970           NA           NA  1.425080570           NA           NA           NA           NA           NA
[491]  0.234893867           NA           NA 15.908223308           NA           NA  3.495806579           NA           NA           NA
[501]           NA           NA  7.959638126  9.297132570           NA  9.497535902           NA           NA           NA  1.141373230
[511]           NA  3.746562980           NA           NA           NA           NA           NA           NA  2.135403991           NA
[521]           NA  3.279104756           NA           NA           NA           NA           NA           NA 12.536838335 15.271312539
[531]           NA           NA           NA           NA  5.004221091  0.924697811           NA           NA           NA           NA
[541]  7.012790266 11.554360634  2.563455604  1.796324104           NA           NA  0.794020792           NA           NA           NA
[551]  5.241010631           NA 12.639809064           NA           NA           NA           NA           NA           NA  0.721901002
[561]           NA           NA  0.318727702           NA           NA  9.087002229           NA  3.394507414 10.535056337           NA
[571]           NA           NA           NA           NA 13.603720671           NA  5.935191333           NA  6.338450892           NA
[581]           NA           NA           NA           NA  0.959935166           NA           NA  1.573875112  0.791205900           NA
[591]           NA           NA  3.448700498           NA           NA           NA           NA           NA           NA           NA
[601]           NA           NA           NA           NA           NA  0.463371982           NA           NA           NA           NA
[611]           NA           NA           NA  0.077570426           NA           NA           NA           NA           NA  2.743324373
[621]  8.518761507  3.676775250           NA           NA           NA           NA           NA           NA  3.074704218  4.631788332
[631]           NA           NA  3.536084917  3.801027892           NA           NA           NA           NA           NA           NA
[641]           NA           NA           NA           NA           NA           NA           NA           NA           NA           NA
[651]           NA           NA  5.464673480  5.442065290  1.688970602           NA           NA           NA  2.482935098  7.571126208
[661]  3.673387824           NA           NA           NA           NA           NA           NA  7.318064034           NA           NA
[671]  2.230518097           NA           NA           NA           NA           NA           NA           NA           NA           NA
[681]           NA           NA           NA           NA           NA           NA           NA  7.426975868           NA           NA
[691]           NA           NA           NA           NA           NA           NA           NA           NA           NA           NA
[701]           NA           NA           NA           NA           NA           NA           NA           NA           NA           NA
[711]           NA           NA           NA           NA           NA           NA           NA           NA           NA           NA
[721]           NA  1.686020229           NA           NA           NA           NA           NA           NA           NA           NA
[731]  6.230962954           NA           NA           NA           NA  0.025835363           NA  1.152308962           NA           NA
[741]           NA           NA           NA           NA           NA           NA  1.757669079           NA           NA  4.103037085
[751]           NA           NA           NA           NA           NA  4.778477969           NA           NA           NA           NA
[761]  0.922811623           NA           NA           NA  1.212148399           NA           NA           NA           NA           NA
[771]           NA           NA           NA           NA           NA           NA           NA           NA           NA           NA
[781]           NA           NA           NA  3.120630265           NA           NA           NA  1.110523152           NA           NA
[791]           NA           NA           NA           NA           NA           NA  3.160898147           NA           NA           NA
[801]           NA           NA           NA           NA           NA           NA           NA           NA           NA           NA
[811]           NA           NA           NA           NA           NA           NA           NA           NA           NA           NA
[821]           NA  0.282259534           NA           NA           NA           NA           NA           NA

$TS
  [1] 66.574806803 65.593085641 63.607192480 56.187989305 54.315728294 46.438048746 42.572947487 60.869263393 45.063093698 35.100188499
 [11] 34.318013178 30.480660121 28.554774052 62.722455075 56.728901377 49.179597496 47.033761543 61.317816179 58.663014037 57.519414382
 [21] 56.096138018 55.701677685 52.605425789 50.928783900 49.640971342 51.164496857 49.966397484 39.386125639 31.828917528 30.756160017
 [31] 26.127157166 18.429558836 49.395444536 49.227557246 40.438654365 30.521662784 29.859332289 48.288496037 43.198302620 43.141215739
 [41] 37.100696016 29.535406849 49.781904509 36.025850177 33.693091989 22.979573513 16.094185024  4.243858339 50.886581134 50.127305484
 [51] 45.966196528 47.680555873 44.683105461 41.334886965 38.229236431 34.753773222 44.386230581 48.585394824 35.802891225 33.242297390
 [61] 17.008039462  4.811778725 41.828484860 42.503534880 40.316269114 39.768501553 15.483684798 14.291208393 40.217487485 42.892657051
 [71] 39.644542777 35.258169937 43.478958585 41.772743195 40.231746108 37.069254873 25.637084665  7.789276700  6.205366107  6.105980180
 [81]  4.769993477 41.188712257 37.350829674 28.930252763 38.910517895 35.314717034 39.221539040 39.104054956 37.881337658 28.774452748
 [91] 26.518424638 18.809950455 12.117429395  9.206525235  9.187549500  2.850355136 37.371036556 34.643711040 34.465091080 41.822178739
[101] 35.350940840 33.950660327 28.442575478 40.633814691 32.630324040 33.495985683 40.715017237 40.540782530 24.711847470 38.991506235
[111] 28.220229265 27.582297061 38.844658516 37.051148729 35.551461587 28.692920744 28.151376047 27.950258687 25.753303309 34.552689679
[121] 21.604440492 19.022743251 38.158624934 33.018043999 26.003612404 36.154643251 33.012109627 36.811446584 33.407257720 20.183372199
[131] 17.480430514  8.860233651 27.811417808 33.625019983 30.763853247 29.699922007 22.508509622  8.316947053  8.122907075 37.051272616
[141] 23.115180409 22.858978631 22.269051080 31.500215435 27.964781362 27.939985611 25.725060210 33.406100304 23.726551529 32.033116915
[151] 23.853211007 22.952756574 28.593316714 24.734632823 10.037751295  5.977150816  0.736890667 31.549318561 26.161260364 36.480286221
[161] 34.738370371 33.845781804 36.677367564 30.471823013 21.267462357 17.649895501 14.985753599 22.748217973 18.720291336 36.001753321
[171] 21.855080202 23.915538584 19.752406311 17.704616269 14.335050711 13.474800189 32.491002348 30.292177920 34.821432513 21.815848184
[181] 32.103345854 29.488500917 20.089317739 27.421406627 10.559511435 12.712852100  9.268844014 23.680230828 30.863345570 33.513912447
[191] 33.045598344 32.376608235 30.530885096 21.969795012 19.280379287 31.508869493 23.746854706 22.437189618 17.282277040 30.272237890
[201] 21.863827770 12.510022120 13.782353186 26.936417311 17.639416157  8.501619798 17.188434344 11.174267092  8.698261971  1.392832871
[211] 23.564338907 17.263878447 16.000495020  4.880911995 30.906407084 20.896507637  4.119587025 28.685158685 24.176677163 17.933311299
[221] 16.892236289 16.831496092  6.671125129  0.635893084 26.285652104 24.040334151 15.337621264 11.577703680 22.885697155 14.183130318
[231] 27.734637428 30.524494585 21.254320473 11.586816919  9.311945711  2.671892874 30.857459335 22.477748093 17.498215811 16.956676222
[241]  7.020103452  4.671859756  1.868763585  1.796780100 24.136558227 10.320177829  9.773627102 28.608124376 28.364108394 25.246673412
[251] 23.750155380 22.580995101 20.920459006  9.960730609  0.341771453 15.310533114  6.789167252  4.680213092  2.654138195  4.822638737
[261] 28.159595218 25.685224758 18.564334449 16.877227709 13.953952990 26.148714450 19.963931935 17.806837590 20.731301390  3.297671330
[271]  2.149839061 25.877331436 27.009443073 19.986026851  5.728681763  4.397605728  3.741833322 16.650546136 10.297227370  4.207881800
[281]  1.757694924  0.434311029 26.860341819 18.371908831 18.343286732 17.915980167 13.322268886 11.060930568 10.742887115  6.814622233
[291]  4.118165472  0.292524705 25.925521724 25.026311737 23.344095105 12.296208607 19.787287792 17.026216328 24.117851819 23.411753911
[301] 17.962910145 24.667889843 24.061518078 16.499950082 23.766452687  4.154582469  4.125972403 18.937039753 27.217322238 22.667422359
[311] 14.249304188 26.901639561 23.422120871 21.900608800 13.693366572 26.710260712 13.912866765 13.356433252  5.836555075 25.712916409
[321]  4.192541508 21.407375639 15.629434490 14.325619692 22.201733339 11.789644325 21.506994400 11.798581701 10.251770422  7.688682756
[331]  4.502138535 24.125957936 22.835680392 21.604753599 11.031366483 21.320813939 19.592928139 13.861967662  9.437894469 23.698682601
[341] 17.719815339 11.070302550  3.226527426 20.660670138 16.442215889 20.797396028 19.295877727 14.106688197 11.571587492  5.377498554
[351] 25.235817981 25.105649649 23.095686531 18.820126538 14.027597883 11.238316877 20.058004190 17.854213579 21.369480192 16.411624550
[361]  4.642594904 15.821336446 16.095888449  8.445143404  2.999421659  2.824764144 20.972791962 16.067868751 23.680542688  9.414586552
[371] 22.426833921 19.450641429 19.299275135 14.221453200  5.826996417  5.585492352  2.909190837  2.263896466 23.565525050 20.697694897
[381]  6.134415924 17.649201149 17.059871771 21.275730067 20.893851276 12.593775774  4.970532126  0.610519052  0.005966913 11.680723427
[391]  9.795234991  6.446556403 15.203561739 14.872556811 21.959882691 18.145690243 18.092332110 11.424358701 21.913342689 12.654783305
[401] 12.351210628 22.120302959  7.689702878  3.480544024  1.437405044 18.052369929 22.250310244 20.845684801 14.039946148 11.121230668
[411]  8.181770628 21.855037607 15.891488989 13.908875607  8.446710406 18.342103608 21.316367447  7.430283115  6.755373715  8.395399145
[421]  7.496053023  0.556780916 17.125006738  7.824467966  1.754705813 10.590579404 16.851336224 15.167779586  3.751700529 17.573058146
[431] 18.242843284  3.705714125 19.478524258 14.168842386 13.376255107 12.803320361 11.290184484 15.812001810 13.098777952 19.814334956
[441] 18.949665532 14.928616902 13.557470871 11.350723614  7.851983040  9.358305689 12.133269107  2.515975584 19.896247867 14.528212394
[451]  8.267884078 15.494048889  1.922233315  3.718303746  2.166045886  1.195165729 10.797918589  9.688324790 17.576605648  7.521902182
[461]  4.432616568  0.365791702  0.195798924 18.732506401 12.921169798  2.707654537  1.595255427 18.200490992 16.816427210 16.675401732
[471]  8.740829784  4.384911535 12.663440562 10.907617931  5.163165689 12.123657050 11.597220031  2.818735512 16.608266365 13.850018383
[481]  4.339872916 17.815878561 11.336658683 16.208137972 15.670418833 11.647514436 10.789889605 11.407450589 15.429639434  2.955497742
[491]  7.099410291  7.978073829  5.991019341 16.671085039  5.152573362  3.486812844  9.268041212  5.525967429  2.463937128  1.912337770
[501]  8.551608357  6.370995630 14.455183659 11.749847400  6.961821545 13.398509968  7.288386832 11.375623254  4.787910582 11.822220796
[511] 14.215652427 13.697262873  6.800685079  1.917883257 13.599093917 16.279648339 13.474430646  6.495391766 15.309695499  8.123077024
[521] 12.302760377  4.444674807 13.540194575  8.820456890  6.136124591 13.578555783  4.130640183  0.595738612 15.895980816 15.755393812
[531] 15.022490706  7.472190636  2.141187607  2.819457261 11.549126003 13.436621295  1.087441974 12.220813912  8.651098647  1.826586878
[541] 14.694047962 13.415203453  6.962439013 10.867216170  8.119320751  3.761613823  3.241929924  0.838879287 12.119188992  4.690923313
[551] 11.657845541  5.698401919 13.571290701 12.902171124  8.005460749  6.940824656  6.091619270  8.462351047  0.860190651 10.444795612
[561] 13.709514381 11.568343165 11.390803811  4.527234776  2.890631748  9.666665726  8.579240552 11.921583697 11.191134682 11.076953552
[571]  0.544697158 10.478094224  4.683068757  6.727121321 14.003128048 10.680096342  8.512624652  7.452353569  9.319749034  6.186019343
[581]  5.285204511 13.580937751  5.466109196  2.000393321  2.882235492  1.904883915  0.257195106  9.459972522 10.986385133  7.579202956
[591]  7.089000154  9.797040630  3.894018388  2.590569889  0.590354484  6.186734064  1.450597344 11.283496063 12.636857801  6.298221601
[601]  2.706809640  1.539248099  1.351684236 12.943728552  0.677876887  4.448380302  3.912275694 10.022950384  9.006294024  9.338067907
[611]  9.942978584  0.963182461  4.298715412  0.403638126 11.579123395  5.903883070  0.300113076  6.922016311 10.263507601 11.715332216
[621]  9.788659576  9.615067585  1.723111870  8.746399427 11.618285421  1.047079868  7.585043790  5.430908234 10.162782660  5.903192228
[631]  7.770535709  9.637598147  5.064794952  4.418671847  5.782985117 11.445752670  6.425825199  8.272438925  4.404512896  5.394460475
[641]  8.156031748  4.375742036  9.478308693  4.213826572  9.953078147  7.850302395  4.289381071  0.092170531  0.424860048  9.933819044
[651]  9.743706416  1.749639086  7.754445810  5.928960720  3.384304031  9.815257126  7.390547433  5.758791609  3.640366063  7.578835055
[661]  4.702853294  2.237543134  7.170363628  9.079767086  4.996178916  2.463040805  9.299673016  7.978849814  7.223126150  1.819893301
[671]  2.940475290  2.351404370  5.160056614  4.985028493  5.464225443  4.902260772  0.004694553  2.438025002  0.407330635  7.179613524
[681]  3.840763150  3.449068017  1.273552513  8.341895260  8.438969139  5.346255053  7.741320377  7.516270137  3.255253017  3.032232419
[691]  5.877530820  3.987638733  2.735020732  2.173386913  1.576793131  6.089501106  8.597673220  8.201944585  7.444726796  3.423712281
[701]  6.893606078  4.065320934  3.104289690  6.270371208  1.337912258  1.334121952  4.792432679  5.591516892  2.768043153  6.349009509
[711]  3.672798429  0.575888515  7.311242541  5.453590953  2.480402007  2.156861281  0.863627464  2.344083008  0.795189370  1.861140226
[721]  1.445805848  2.814392654  0.931785499  2.087146995  7.201036351  5.688197007  0.641463088  5.197600756  6.743547659  2.454086897
[731]  6.635316511  1.640310501  1.971429541  5.915929414  5.274215522  4.548192071  0.538009617  1.633572990  3.040494550  4.938682440
[741]  2.800679269  0.121972799  5.907539449  4.153612457  3.028599996  1.846682326  4.500479703  5.543633881  5.691633454  4.305133714
[751]  2.327382552  3.029431619  1.904235007  1.866668834  5.473875050  4.859234664  3.238204052  3.147133385  1.913551832  0.850180451
[761]  4.515806253  5.511010337  0.745313940  0.904230834  4.098089673  0.146147322  3.233137777  0.339863210  4.084407311  1.764540561
[771]  4.198605908  2.728333494  2.199037293  3.697567452  2.670098232  2.670935304  2.118955176  4.436626889  3.561699379  2.291076740
[781]  2.062354880  0.878841988  4.212743191  3.831701146  0.019807304  3.453143780  2.889639028  2.597696616  0.542484685  0.854713392
[791]  0.576616920  3.098120317  2.754624403  0.220104393  3.904656303  3.694635583  3.467498568  0.904314824  1.476726295  3.533677951
[801]  0.130104523  3.372665869  1.267331522  2.706173339  0.287083463  0.485887628  0.127255601  1.793509006  2.130700397  2.009309954
[811]  0.867706253  0.048449608  0.322118435  1.481843191  0.950353869  1.586574320  1.410966505  1.521897121  1.836803718  1.434904485
[821]  0.062093459  1.499270182  1.599704398  0.534039952  1.317131239  0.355486570  0.640687556  0.195580386

$PAR
  [1]  NA   1   1   1   1   1   1   2   2   2   2   2   2   3   3   3   3  14  14  14  14  14  18  18  18  20  15  15  15  15  15  15
 [33]   4   4  22  22  22  23  23  23  23  23  26  26  26  26  26  26  24  49  49  50  27  27  27  27  43  34  34  34  34  34  16  58
 [65]  58  58  58  58  52  17  17   6   9   9   9   9   9   9   9   9   9  57  57  57  73  73  39  39  39  39  39  39  39  39  39  39
 [97]  40  40  40   7   7   7   7  64  64 100  74  54  54  82  82  82 104 104 104 104 104 104 104 108 108 108  35  35  35  65  65  75
[129]  75  75  75  75  66  71  71  28  28  28  28  87  88  88  88 110  85  85  85 113 113  55  55  55  89  89  89  89  89  83  83  76
[161] 140 140 114 114 114 114 114 128 128 163 163 126 126 126 126 126  44  44 170 170  59  59  59 101  86  72  72  10 179 161 161 161
[193] 161 161 161  11 102 102 102 162 162 162  45 190 190 190 106 106 106 106 129 129 129 129 191 191 191 124 124 124 124 124 124 124
[225] 127 127 127 127 105 105 177 192  29  29  29  29 144 215 215 215 215 215 215 215 237 237 237 135 135 135 135  30  30  30  30 193
[257] 193 193 193 232 164 164 164 164 164 200  37  37 136 136 136 182  84 116 116 116 116 218 218 218 218 218 153 153 153 153 153 153
[289] 153 153 153 153  13 103 103 103 111 111 261 261 261 117 117 117 145 145 145 146 133 133 133 231 231 231 231 184 184 184 184 273
[321] 273 204 204 204 312 312  91  91  91  91  91 225 159 159 159 266 266 266 266 125 125 125 125 119 119  77  77  77  77  77 250 351
[353] 351 352 352 352 109 109 302 302 302 219 245 245 245 245 332 332 303 303 172 172 172 172 172 172 172 172 197 149 340 369 188 211
[385] 211 211 211 211 211 300 141 141 353 353 152 142 142 142 310 252 252 238 238 238 238 198 371 371 143 407 407 194 194 194 194 314
[417] 412 412 412 121 121 121 327 327 359 336 384 384 384 165 233 233 367 253 253 253 253 385 346 344 344 344 344 344 344 130 183 183
[449] 267 267 267 449 449 440 440 440 173 173 373 373 373 373 373 308 354 354 354  92 464 464 169 169 263 263 263  32  32  32 285 285
[481] 285 431 431 468 468 468 468 396 397 406 220 286 286 358 358 358 341 341 341 341 382 382 459 459 459 430 430 239 239 131 423 423
[513] 423 423 383 298  61  61 240 240 221 427 222 222 222 278 278 278 479 345 345 345 345 516 484 363 213 413 413 413 485 485 485 323
[545] 323 452 489 489 256 256 519 519 531 531 531 531 531 167 167 442 394 541 541 450 450 503 503 175 324 324 311 374 374 511 230 230
[577] 230 230 434 434 434 355 355 355 414 414 338 480 561 561 512 515 515 515 515 582 582 526 523 523 523 176 176 517 517 536 536 435
[609] 435 318 439 186 473 473 599 599 599 202 521 296 447 447 447 476 549 549 568 568 510 510 328 390 486 486 234 615 615 349 562 398
[641] 563 563 508 508 444 483 437 598 356 208 208 342 288 288 544 487 576 576 576 426 426 185 246 619 619 619 329 608 608 608 254 645
[673] 611 611 650 650 650 592 592 391 651 632 632 643 588 339 579 667 667 667  94 664 664 609 524 624 539 501 501 501 206 206 415 685
[705] 685 685 420 684 138 638 698 698 411 411 641 520 139 492 492 424 424  78  78 631 330 627 590 421 657 680 663 663 591 543 543 543
[737] 505 556 701 290 290 513 257 392 710 710 600 704  79  79  79 580 493 156 734 630 319 658 275 275 552 708 675 686 673 665 740 676
[769] 214  62 707 509 550 242 242 361 564 331 331 331 747 606 522 778 276 642 642 613 647 644 783 280 744 744 291 765 277 432 774 659
[801] 800 797 786 689 757 343 343 490 793 793 793 772 715 499 678 455 453 514 746 746 746 770 623 467 820 820 811 224

$EXTANT
  [1] FALSE FALSE FALSE FALSE FALSE FALSE FALSE FALSE FALSE FALSE FALSE FALSE FALSE FALSE FALSE FALSE FALSE FALSE FALSE FALSE FALSE
 [22] FALSE FALSE FALSE FALSE  TRUE FALSE  TRUE  TRUE  TRUE  TRUE  TRUE FALSE  TRUE FALSE FALSE  TRUE FALSE  TRUE FALSE FALSE FALSE
 [43] FALSE FALSE FALSE FALSE  TRUE  TRUE FALSE FALSE FALSE FALSE FALSE FALSE FALSE FALSE FALSE FALSE FALSE FALSE  TRUE  TRUE FALSE
 [64] FALSE FALSE FALSE FALSE FALSE FALSE FALSE FALSE FALSE FALSE FALSE FALSE FALSE  TRUE  TRUE  TRUE  TRUE  TRUE FALSE FALSE FALSE
 [85] FALSE FALSE FALSE FALSE  TRUE FALSE  TRUE FALSE FALSE FALSE  TRUE  TRUE FALSE FALSE FALSE FALSE FALSE FALSE FALSE FALSE FALSE
[106] FALSE FALSE FALSE FALSE FALSE FALSE FALSE FALSE  TRUE FALSE  TRUE FALSE FALSE FALSE FALSE  TRUE FALSE FALSE  TRUE  TRUE FALSE
[127]  TRUE FALSE  TRUE  TRUE FALSE FALSE  TRUE FALSE FALSE  TRUE FALSE FALSE  TRUE FALSE  TRUE FALSE FALSE FALSE FALSE FALSE FALSE
[148] FALSE FALSE FALSE FALSE FALSE  TRUE FALSE FALSE  TRUE  TRUE FALSE FALSE FALSE  TRUE  TRUE FALSE FALSE FALSE FALSE  TRUE  TRUE
[169]  TRUE FALSE FALSE  TRUE FALSE FALSE  TRUE  TRUE FALSE FALSE FALSE FALSE FALSE FALSE  TRUE  TRUE  TRUE  TRUE  TRUE FALSE FALSE
[190] FALSE  TRUE  TRUE  TRUE FALSE FALSE FALSE  TRUE  TRUE FALSE FALSE FALSE  TRUE  TRUE FALSE FALSE  TRUE FALSE FALSE  TRUE  TRUE
[211]  TRUE FALSE  TRUE  TRUE  TRUE FALSE  TRUE  TRUE  TRUE  TRUE FALSE  TRUE  TRUE  TRUE FALSE FALSE  TRUE  TRUE FALSE FALSE FALSE
[232] FALSE  TRUE  TRUE  TRUE  TRUE FALSE  TRUE  TRUE FALSE  TRUE  TRUE  TRUE  TRUE  TRUE  TRUE FALSE FALSE FALSE FALSE FALSE  TRUE
[253]  TRUE  TRUE  TRUE  TRUE  TRUE  TRUE  TRUE  TRUE FALSE FALSE  TRUE FALSE FALSE FALSE  TRUE FALSE FALSE  TRUE  TRUE FALSE FALSE
[274]  TRUE  TRUE  TRUE  TRUE  TRUE  TRUE  TRUE  TRUE  TRUE FALSE FALSE  TRUE FALSE FALSE FALSE  TRUE  TRUE  TRUE  TRUE FALSE FALSE
[295] FALSE FALSE FALSE FALSE FALSE FALSE FALSE  TRUE  TRUE FALSE FALSE  TRUE  TRUE FALSE FALSE FALSE  TRUE FALSE FALSE  TRUE FALSE
[316] FALSE  TRUE  TRUE FALSE FALSE  TRUE FALSE  TRUE  TRUE  TRUE  TRUE FALSE  TRUE FALSE  TRUE  TRUE FALSE FALSE FALSE FALSE FALSE
[337] FALSE  TRUE FALSE  TRUE  TRUE  TRUE  TRUE  TRUE  TRUE FALSE FALSE FALSE FALSE  TRUE FALSE  TRUE FALSE  TRUE  TRUE  TRUE FALSE
[358] FALSE FALSE FALSE  TRUE FALSE  TRUE  TRUE  TRUE  TRUE FALSE  TRUE FALSE FALSE FALSE FALSE  TRUE FALSE FALSE FALSE  TRUE  TRUE
[379] FALSE  TRUE  TRUE  TRUE  TRUE  TRUE FALSE  TRUE  TRUE  TRUE  TRUE FALSE  TRUE  TRUE FALSE  TRUE FALSE FALSE FALSE FALSE FALSE
[400] FALSE  TRUE  TRUE  TRUE  TRUE  TRUE  TRUE  TRUE FALSE FALSE  TRUE  TRUE  TRUE  TRUE  TRUE  TRUE FALSE FALSE  TRUE  TRUE  TRUE
[421]  TRUE  TRUE  TRUE  TRUE  TRUE  TRUE  TRUE  TRUE  TRUE  TRUE  TRUE  TRUE FALSE  TRUE  TRUE  TRUE  TRUE FALSE FALSE  TRUE FALSE
[442]  TRUE FALSE  TRUE  TRUE  TRUE  TRUE  TRUE  TRUE  TRUE  TRUE FALSE  TRUE  TRUE FALSE  TRUE  TRUE FALSE  TRUE  TRUE  TRUE  TRUE
[463]  TRUE FALSE FALSE  TRUE  TRUE FALSE FALSE FALSE FALSE FALSE  TRUE  TRUE  TRUE FALSE FALSE  TRUE FALSE FALSE  TRUE FALSE  TRUE
[484]  TRUE FALSE  TRUE  TRUE  TRUE  TRUE  TRUE FALSE  TRUE  TRUE FALSE  TRUE  TRUE FALSE  TRUE  TRUE  TRUE  TRUE  TRUE FALSE FALSE
[505]  TRUE FALSE  TRUE  TRUE  TRUE FALSE  TRUE FALSE  TRUE  TRUE  TRUE  TRUE  TRUE  TRUE FALSE  TRUE  TRUE FALSE  TRUE  TRUE  TRUE
[526]  TRUE  TRUE  TRUE FALSE FALSE  TRUE  TRUE  TRUE  TRUE FALSE FALSE  TRUE  TRUE  TRUE  TRUE FALSE FALSE FALSE FALSE  TRUE  TRUE
[547] FALSE  TRUE  TRUE  TRUE FALSE  TRUE FALSE  TRUE  TRUE  TRUE  TRUE  TRUE  TRUE FALSE  TRUE  TRUE FALSE  TRUE  TRUE FALSE  TRUE
[568] FALSE FALSE  TRUE  TRUE  TRUE  TRUE  TRUE FALSE  TRUE FALSE  TRUE FALSE  TRUE  TRUE  TRUE  TRUE  TRUE FALSE  TRUE  TRUE FALSE
[589] FALSE  TRUE  TRUE  TRUE FALSE  TRUE  TRUE  TRUE  TRUE  TRUE  TRUE  TRUE  TRUE  TRUE  TRUE  TRUE  TRUE FALSE  TRUE  TRUE  TRUE
[610]  TRUE  TRUE  TRUE  TRUE FALSE  TRUE  TRUE  TRUE  TRUE  TRUE FALSE FALSE FALSE  TRUE  TRUE  TRUE  TRUE  TRUE  TRUE FALSE FALSE
[631]  TRUE  TRUE FALSE FALSE  TRUE  TRUE  TRUE  TRUE  TRUE  TRUE  TRUE  TRUE  TRUE  TRUE  TRUE  TRUE  TRUE  TRUE  TRUE  TRUE  TRUE
[652]  TRUE FALSE FALSE FALSE  TRUE  TRUE  TRUE FALSE FALSE FALSE  TRUE  TRUE  TRUE  TRUE  TRUE  TRUE FALSE  TRUE  TRUE FALSE  TRUE
[673]  TRUE  TRUE  TRUE  TRUE  TRUE  TRUE  TRUE  TRUE  TRUE  TRUE  TRUE  TRUE  TRUE  TRUE  TRUE FALSE  TRUE  TRUE  TRUE  TRUE  TRUE
[694]  TRUE  TRUE  TRUE  TRUE  TRUE  TRUE  TRUE  TRUE  TRUE  TRUE  TRUE  TRUE  TRUE  TRUE  TRUE  TRUE  TRUE  TRUE  TRUE  TRUE  TRUE
[715]  TRUE  TRUE  TRUE  TRUE  TRUE  TRUE  TRUE FALSE  TRUE  TRUE  TRUE  TRUE  TRUE  TRUE  TRUE  TRUE FALSE  TRUE  TRUE  TRUE  TRUE
[736] FALSE  TRUE FALSE  TRUE  TRUE  TRUE  TRUE  TRUE  TRUE  TRUE  TRUE FALSE  TRUE  TRUE FALSE  TRUE  TRUE  TRUE  TRUE  TRUE FALSE
[757]  TRUE  TRUE  TRUE  TRUE FALSE  TRUE  TRUE  TRUE FALSE  TRUE  TRUE  TRUE  TRUE  TRUE  TRUE  TRUE  TRUE  TRUE  TRUE  TRUE  TRUE
[778]  TRUE  TRUE  TRUE  TRUE  TRUE  TRUE FALSE  TRUE  TRUE  TRUE FALSE  TRUE  TRUE  TRUE  TRUE  TRUE  TRUE  TRUE  TRUE FALSE  TRUE
[799]  TRUE  TRUE  TRUE  TRUE  TRUE  TRUE  TRUE  TRUE  TRUE  TRUE  TRUE  TRUE  TRUE  TRUE  TRUE  TRUE  TRUE  TRUE  TRUE  TRUE  TRUE
[820]  TRUE  TRUE FALSE  TRUE  TRUE  TRUE  TRUE  TRUE  TRUE

