
Birth-death simulation object with 810 species and 500 extant species

Details for some species:

Extinction times (NA means extant)
[1] 69.2266090 81.4673879 56.3686349  0.1469533 20.9486508 36.9152377


Speciation times 
[1] 99.47049 82.77349 78.73453 70.95572 78.44485 64.03764


Species parents (NA for initial)
[1] NA  1  1  1  3  3


Species status (extinct or extant)
[1] "extinct" "extinct" "extinct" "extinct" "extinct" "extinct"


For more details on vector y, try sim$y, with y one of
TE TS PAR EXTANT



$TE
  [1] 69.22660900 81.46738790 56.36863489  0.14695329 20.94865079 36.91523765  4.33857282
  [8] 38.76521113 11.33146192          NA 39.85003136 44.90530683          NA 16.82526886
 [15]          NA          NA          NA 15.88700456 38.79016140 53.60827238 47.31091424
 [22] 43.27842977 25.76104503          NA 30.95783394  6.51168181          NA  2.94939451
 [29] 35.43535538          NA          NA          NA 11.66353735          NA 51.27894587
 [36] 50.86099326 51.03394750 37.66167520 25.42954942 48.55103803 26.40000908          NA
 [43]          NA          NA 56.58500885          NA 45.01787933 26.33741819 54.95471453
 [50] 28.56344287 48.75732050 13.97839928 18.00036405 21.97234280          NA 38.24997840
 [57]          NA 17.56268231  7.98556448 11.86678127  4.44942365 34.99519129          NA
 [64]          NA          NA 10.77471106 17.76208577          NA 17.19554215 19.64707993
 [71]          NA 17.83481796          NA          NA 39.63732672          NA          NA
 [78]  1.52216228          NA 28.62896772 36.50488781 25.27478571          NA  8.98286583
 [85]          NA          NA          NA          NA  6.77114779          NA  1.51713858
 [92] 31.24821017 12.17238327 13.50823991 22.74591656  6.10747042          NA          NA
 [99]          NA 10.87500591 12.72923043 34.70337980 31.68617296          NA          NA
[106]          NA 14.57225960 18.83517170          NA 17.64643349 12.10895530 11.83149670
[113]          NA          NA          NA          NA 41.83853964 26.37198947 16.86864710
[120]          NA 12.15691786 30.73360038 26.98924223  6.05762553 13.07644018  7.62472831
[127]  9.18834345  1.27562277          NA          NA 33.12054609 21.77169240 14.47990472
[134] 20.03269534          NA          NA  5.12573632  4.97322107 42.33061645 18.03726749
[141]  9.70439941          NA          NA          NA          NA 18.07601471 21.43148941
[148] 34.57335376 27.31511998 12.05868446  2.58867590          NA          NA 16.75115320
[155] 11.31306619 21.61613985          NA 20.00907345          NA          NA          NA
[162] 17.81055088 39.27983235 27.57551633          NA          NA 28.82528024  2.59474859
[169] 19.94851739 24.23955238          NA          NA  8.30516368 21.22402897 25.00669350
[176] 21.17900481 15.79139830 28.11632101          NA          NA 17.46094342 21.02516523
[183] 25.70463223          NA 20.20124113  8.41670296 16.37452359 22.00692287          NA
[190]          NA          NA 24.70017790 16.14008093  6.60837126 30.50883311 23.07654574
[197]  3.14651621 22.91675387  7.86599228  8.12438694          NA 16.31265851          NA
[204]          NA          NA          NA          NA  4.73794814 13.22405726 24.51992949
[211] 10.47889649          NA  2.88768118          NA          NA          NA  9.33262542
[218] 14.24511143          NA          NA  1.53949745  1.03545816          NA          NA
[225]          NA          NA 18.34256729 13.86044307 10.34073047 18.69600800          NA
[232] 20.68504349  7.90960288          NA          NA  0.50580856          NA          NA
[239]  3.04863654          NA 16.66562928 10.82069107          NA  2.62586194          NA
[246]          NA          NA          NA          NA          NA 17.90302153  0.71299984
[253]          NA          NA  9.74609611  9.86236363  8.03355152 17.76296882          NA
[260] 17.15499500  3.62034483 17.61938612 14.87512795          NA          NA          NA
[267]  8.66564140 10.17075791          NA          NA 12.15645859          NA          NA
[274]          NA          NA  3.49991482 22.32205718          NA          NA          NA
[281]          NA          NA  4.87689343 20.43454680          NA          NA          NA
[288]  7.11580560  6.07971934 20.58455285  2.46082704 18.59583797          NA          NA
[295] 13.54095670          NA 22.67389422 21.38446495          NA 11.32439989          NA
[302]          NA  5.34243780 10.15324606  8.08893899          NA          NA          NA
[309]          NA  4.31984350          NA          NA          NA 15.41511929          NA
[316]          NA          NA  3.98151538  0.41658103  4.98735189 14.84932967 18.85389591
[323]          NA 21.45189721          NA 10.47366851          NA 11.19036394          NA
[330]          NA 17.24001009  4.67958115          NA  2.07441813          NA          NA
[337]          NA  2.10394104  3.21854701          NA          NA          NA          NA
[344]  3.62175553          NA          NA          NA          NA  5.41921795          NA
[351] 11.23441687          NA          NA  8.39023718 22.17097173 15.74713593 16.68432056
[358] 15.81016450          NA          NA          NA          NA  7.73208201          NA
[365]  5.03301857          NA          NA 12.29531592          NA  1.29709417          NA
[372]          NA          NA  8.30868248          NA  8.49123532 13.86361289 13.76591980
[379]          NA          NA          NA          NA  0.11090245 16.19450875  1.69135250
[386]          NA          NA          NA          NA          NA          NA          NA
[393]          NA          NA          NA  9.36187399          NA 13.85863261          NA
[400]          NA          NA 12.87822812  3.55018188          NA          NA          NA
[407]          NA          NA          NA          NA          NA 11.47212056          NA
[414]          NA          NA 13.67534018          NA 14.29714745  8.46350740          NA
[421]  7.50812146  1.16175008          NA          NA          NA          NA          NA
[428]          NA 15.47972771 13.72941134          NA          NA          NA          NA
[435]          NA          NA          NA          NA          NA          NA          NA
[442]          NA          NA          NA          NA  2.72646708          NA          NA
[449]  4.17683110  5.89609449          NA          NA  3.57473922          NA          NA
[456]  6.20682842          NA          NA          NA 14.68995562          NA          NA
[463]          NA          NA          NA          NA          NA          NA          NA
[470]          NA  4.51555216          NA 11.19524380 12.98997811          NA          NA
[477]          NA          NA 14.27875278          NA 13.31059122          NA          NA
[484]          NA  5.20661373 16.08591483          NA  6.39146402          NA 10.09782429
[491]          NA 13.42032310          NA          NA          NA          NA  6.66590557
[498]          NA          NA  8.45156285  0.21831133          NA          NA          NA
[505]          NA          NA          NA  4.32190465          NA 11.58221247          NA
[512] 11.02248618          NA          NA          NA          NA          NA  2.98063983
[519]          NA  8.74231133          NA          NA          NA          NA          NA
[526]          NA  0.81412733          NA          NA  2.33239195          NA  5.06043969
[533]  3.78621239          NA          NA          NA          NA          NA          NA
[540]          NA          NA 10.23417483          NA          NA          NA          NA
[547]          NA  0.13542378          NA  4.42748836          NA          NA          NA
[554]          NA  1.87518092          NA          NA          NA  6.17714153  1.71700820
[561] 13.56604689  2.15898927          NA          NA  1.04332588          NA  0.10756306
[568]  5.65070369          NA          NA          NA          NA          NA          NA
[575]          NA  5.01666920          NA          NA          NA  8.44061009          NA
[582]          NA          NA          NA          NA          NA          NA          NA
[589]          NA          NA  0.05539286  2.81978793  8.27754412          NA          NA
[596]          NA          NA          NA          NA          NA  6.44547833          NA
[603]          NA          NA  4.64098900  1.46211619          NA          NA  5.69388481
[610]  0.22656094          NA          NA          NA          NA          NA          NA
[617]          NA          NA          NA  0.72959775          NA          NA          NA
[624]          NA          NA          NA          NA  7.10194010          NA  0.60987652
[631]          NA  6.15979611  8.53907626          NA  0.23259358          NA          NA
[638]          NA  5.70399735          NA          NA          NA  1.80336784          NA
[645]          NA  4.42018885  0.67743526          NA          NA          NA  4.31284857
[652]          NA          NA          NA          NA          NA          NA  5.77475099
[659]  1.00754191          NA          NA          NA  5.03792061          NA          NA
[666]          NA          NA          NA          NA          NA          NA          NA
[673]          NA          NA          NA          NA          NA  2.28010997          NA
[680]  1.16495827          NA          NA  5.40315849          NA          NA          NA
[687]  5.85061885  2.63718908          NA          NA          NA  4.60637104          NA
[694]          NA          NA          NA          NA          NA  1.65884838          NA
[701]          NA          NA          NA  0.72900987          NA          NA          NA
[708]  3.29342111          NA          NA          NA          NA          NA          NA
[715]          NA          NA          NA          NA          NA          NA          NA
[722]          NA          NA          NA          NA          NA          NA          NA
[729]  0.26423499          NA          NA  6.17590551          NA          NA  1.42618413
[736]          NA          NA  2.65017208  4.60559884  2.86177634          NA          NA
[743]          NA          NA          NA          NA          NA          NA  2.46718498
[750]          NA          NA          NA          NA          NA          NA  2.93438790
[757]          NA          NA          NA          NA          NA          NA          NA
[764]          NA          NA          NA          NA          NA          NA          NA
[771]          NA          NA          NA          NA          NA          NA          NA
[778]          NA          NA          NA  2.29469160          NA          NA  2.11087297
[785]          NA          NA          NA          NA          NA          NA          NA
[792]          NA  1.96064709          NA          NA          NA          NA          NA
[799]          NA          NA          NA          NA          NA          NA          NA
[806]          NA          NA          NA          NA          NA

$TS
  [1] 99.470487668 82.773488372 78.734527885 70.955722177 78.444852018 64.037641148 71.142098326
  [8] 40.513663536 26.363456438 68.726773853 63.142491384 52.425142843 50.925316149 38.966198219
 [15] 21.882515206 21.252273126 21.169151092 17.548734267 63.331904952 59.902565974 58.508562069
 [22] 44.867117848 43.173560422 36.183295694 31.309531565  8.280578938  5.744475214  5.164889474
 [29] 64.045703742 51.719863876 50.817168234 20.875806757 16.679400571  2.199565647 60.613358118
 [36] 57.954873422 56.009914568 44.382504738 40.649411922 51.632495738 50.336161555 47.302007331
 [43] 45.663490279 45.456208112 59.376621306 56.033922942 56.794918263 58.157768983 55.412132495
 [50] 56.603616427 48.866588912 27.801549298 45.863028530 33.440224545 28.700709723 47.054972998
 [57] 43.335125805 30.447583203 23.906575819 12.049735790  6.391650066 55.957701854 53.155253688
 [64] 52.649418125 45.884394707 43.025731752 36.446835646 44.986527982 18.188024454 49.326271129
 [71] 44.473806334 24.506707186 46.347385235 48.538883953 42.088100398 19.168936454 12.988742559
 [78] 11.652946083  8.821469244 47.453678743 47.386491103 25.817732672 20.945964019  9.844301279
 [85]  3.252638962  2.690795878 24.698864605 24.427921373 11.086346751  9.607476501 29.970596118
 [92] 31.941185142 25.372439902 24.105181946 36.898297873  6.630792825 46.281165066 29.233605519
 [99] 23.529967933 17.630424473 38.639029800 43.961340454 42.971726278 34.586431905  8.851939496
[106]  1.252389289 31.026751544 27.541045221  3.086512938 45.200191527 37.011752086 25.851151286
[113] 22.253410504 19.758420237  7.180783446  1.149035087 45.162180814 29.499296121 29.136160806
[120] 27.977855165 19.241860366 42.253597423 39.629253836 16.407289142 30.165366347 28.497865314
[127] 25.047915897 24.585223177 20.451543189 16.807224711 36.677450552 24.283338753 44.797586455
[134] 28.955265369 28.219006915 15.393675721 10.709236704  5.255761135 44.258147917 41.987196380
[141] 21.433239641 20.325437146 18.133508414 15.889959955 14.647152256 39.038892241 38.543233098
[148] 36.109645987 39.111762435 22.228140978 19.118017506  5.812653339  1.943995062 37.771840422
[155] 17.221221804 40.448040766 36.866734949 34.415248497 32.194102005 33.032071449 29.367921609
[162] 26.151335421 40.586703882 33.841802461 22.952203462 37.314553624 35.269903638 30.485106434
[169] 21.369239522 26.546839066 19.936597832 31.243076320 33.267902671 30.456853834 26.853922159
[176] 22.974803360 17.750861552 33.657090833 12.988571899 12.536616257 36.797887943 30.778232253
[183] 30.784579791 31.300772260 23.560386546  8.532368508 30.800363369 27.796433376 17.518679392
[190] 30.365226493 24.304536255 35.768045410 17.237216085 12.187513238 35.060061027 34.628172769
[197] 30.865451064 27.128798230 30.794592173 29.471306316 29.167563193 29.127303124 27.182141830
[204] 22.313885721 10.280898134  7.947122200  4.892791567 28.339318865 31.127534365 26.420812645
[211] 30.201239873 29.775368472 22.736178981 13.032217780  8.730315739 30.372574818 18.609734862
[218] 17.826099559  8.972809301  6.481977222  5.871670023 13.651914895 10.850986094 10.046261833
[225] 11.716871165  8.828185686 31.047183756 20.411863584 15.177854254 25.284835106 27.623450547
[232] 24.975214960 22.537604943 16.825437239 11.392440782 25.907066762 25.034003144 21.930907657
[239] 15.064900545 14.710916541 26.011997183 22.681524641 21.437020421 11.214782026  9.923229514
[246]  8.179795815  7.906271369  4.610306159 27.811135289 25.699414506 22.783131579 21.870166327
[253] 13.090735193  1.311776938 20.716860097 20.126710793 10.806823661 24.483902739 18.266283698
[260] 29.423943313 23.412923458 20.773771056 15.728308252 15.259486307  5.724688890  2.893459625
[267] 12.307012187 26.650856143  8.976849184  1.286082722 20.916423728  8.336663903  1.743489811
[274] 26.510686650 21.869630710 17.423039832 25.344893582 23.810475764 26.524524980 26.302815260
[281] 22.383159630  2.195603018  7.871340982 22.366349841 18.699075452 17.754278116 11.366011042
[288]  9.856873991  8.115778859 26.184666153 21.691255836 18.910603035  9.550536402 25.728430071
[295] 14.578819622 24.963838451 24.676715287 23.027065642 16.193108599 23.399220032 21.084275647
[302]  1.703916426 21.045930772 14.084014670 12.135631433  8.216838590  4.913102533  3.684332762
[309]  3.522815672 23.486846753  5.814395839  4.074979257  1.759682196 26.192876425 20.082328900
[316] 16.081013344 11.637898218  4.194603712  2.568108297 26.044080855 23.614823003 20.300515122
[323]  5.515062656 25.493096459 25.088220553 12.403220039  3.346616690 15.006529706 11.439344583
[330] 19.949904312 23.600947527 19.943746124  8.261182381 23.016619174 15.902602438 14.581384089
[337]  8.934346017 18.545895217 17.917827636 17.701760105 10.188440621  0.539209458 24.635541915
[344] 19.348276832  3.628541359 18.715614315 16.048771938 15.943839185 18.648788366 22.296838885
[351] 19.932702696 10.790210678  1.483326429 22.327699792 23.806978883 21.847950800 20.409017106
[358] 23.786097275 15.958625632 10.332511132  7.419399889  6.124471412 19.236168150 19.831184351
[365] 16.987912708 14.754959263 14.306908079 14.294357814  1.429692881  6.839963015 13.237393900
[372] 11.924114668  8.933159232 10.012500286  2.933993443 13.838447295 20.699139401 19.347657720
[379] 19.873978913 19.450279841 11.495995618  1.079731110 21.273511624 18.572031194 10.337858265
[386] 13.119855285 11.444246796 21.323707410  6.727247197  3.305140334 20.630478498 15.119882677
[393]  7.062797762  1.988061947 13.732231750 21.619392683 19.618337087 19.032343155  8.727807390
[400]  8.191337284  8.047691105 13.588198324 19.971088281  8.331972126  5.256017305  1.418631438
[407]  1.254085175  1.008356849 14.356623891 13.821946855 13.600319779 14.521189438  6.983330786
[414]  3.340418969 14.797121133 17.241303972 10.728640334 20.039106386 17.432110312  5.336291057
[421] 19.199201819 11.800674201 13.640940560 19.468483267 19.838228867 15.522415837  4.627948147
[428]  4.044577517 17.812061337 15.680384281 10.847501167  7.735560916  4.936062794 18.531019623
[435] 15.267841463 16.433481355  1.212184400  8.156348988  7.732641772  0.842066930 11.258228306
[442]  6.791379206  4.281372955  0.332809813  0.357991196 15.018415072 11.494973784  0.314018306
[449] 13.765907668 10.332173797  7.416371222 12.043273983  5.764406862 15.918523817 16.189759642
[456] 10.509753482  8.518935827  4.284170994  1.777745245 14.929361383 12.648435536 12.591533794
[463] 16.032477026 14.588179043  0.402579151 15.554289094 14.940387929 12.835318587 12.334760131
[470] 17.167677163 18.168896040 17.854556460 17.708347877 15.898540429  2.280166838 11.768363263
[477]  9.206770882 14.195785877 17.826057338 16.012134720 14.512777938  2.282493975  2.695927580
[484]  1.027466298 17.187418823 17.640483745 15.857199704  9.651664530  4.745576775 16.543016315
[491] 12.809179946 14.854952909 15.395844213 15.257806509 14.443421017 11.785934523  9.426722014
[498]  8.864114457  1.001117404 10.118682340 15.773129771  8.489965259 13.130824713  6.070370710
[505] 15.663737348 10.037933043  9.232102306  6.665034698  9.698491386 12.786925285  4.782457835
[512] 12.652673385  8.972849589  7.103483842 13.357251245 13.600878677  9.306412198  7.405139984
[519]  4.296452579 15.011726628  1.246567311 11.416743290  4.977349495  6.725538372 13.944550057
[526] 15.413892565  5.650551445  2.566985498  5.731578091  4.241393215  1.080665431  8.413021872
[533]  4.864976107 13.989670187  7.929173912 11.744667071 12.053173307 11.213826894  9.649563929
[540]  9.392511201 14.855750106 12.487590062 11.496075936  5.583996381  4.318566367  3.627331035
[547]  2.547607027 14.256405665 12.203955794  9.665059541 13.963763521 11.861596015 11.140643872
[554]  6.997993106  5.701556748  4.255358220  9.659795205  7.639802437 12.694155089  8.571698940
[561] 13.822660607  9.136940854  4.575998204 11.061736328  6.979789684  3.453539003  0.799051340
[568]  8.857173692  1.439471735  9.935808209  7.341125602  7.702759423  7.950579797  4.431822410
[575] 10.157894043  9.970645246  9.038744498  6.865767700  2.203395351  9.622556629  3.373036791
[582]  9.216591125  7.695820573  8.354930415  0.131853233  2.144622442  1.811314516  7.043933789
[589]  3.172028702 11.132915208  6.087071236  4.656130741 11.320442146  8.145479012  2.565822850
[596]  0.236919689  3.184328297 11.714166205  6.950729588  3.794078881 11.183805043  6.696129518
[603]  7.279888066  9.345479387  4.989624031  4.008551363  5.788874423  1.533290942  8.819594858
[610]  7.622439028  5.190314527  0.999431971  0.686107919  3.024252917  0.569271220  4.231322128
[617]  5.016578499  1.374495111  4.551782921  1.302775499  0.299482055  9.092935466  8.049770569
[624]  7.022046797  7.461305340  5.888461102  7.755790080  9.401066520  6.277048522  6.039676818
[631]  7.320618919 10.096238635  9.627057033  6.100030145  6.421649181  6.017129933  7.472924086
[638]  2.080356859  9.760817370  6.631027116  6.380839638  1.560533923  5.438358288  9.712380103
[645]  7.733554349  6.506619805  8.844398307  2.336308435  6.125132221  6.975732439  5.888625623
[652]  7.770242096  4.158326677  2.200420237  2.184887671  0.499336771  5.526510528  7.061672658
[659]  2.533733034  7.376604584  8.114256359  6.634053293  8.719050121  4.230603148  3.781785195
[666]  7.202268381  0.787767716  8.006662604  3.637206688  1.058860178  8.763507766  6.193336996
[673]  6.855035750  1.304628245  7.204745683  1.888237620  7.946305887  4.942043296  3.827758016
[680]  1.589794461  6.097620585  1.972504365  7.793391934  2.240136073  3.857523091  8.203080528
[687]  7.134354025  6.898952223  7.703395555  3.189545096  7.820193630  5.017183109  5.255282663
[694]  6.321735558  3.841497697  3.592468301  1.844950464  6.316992223  2.732856932  3.566701523
[701]  2.457116872  5.933653631  2.457620243  6.474502719  1.851693348  5.819275005  2.587798479
[708]  5.298209562  0.382763971  4.593319365  7.256056558  0.930118458  0.120155727  3.112513632
[715]  5.714436428  6.228663087  4.506814795  6.394037526  5.067169514  5.003369705  1.885045391
[722]  6.071888581  2.245201501  5.515218574  3.218467300  5.417479033  6.316948730  2.820885061
[729]  2.429124672  6.247091876  0.003655623  6.650413164  6.434166572  5.275920192  5.096711481
[736]  6.263776903  1.676436683  4.708393264  5.237466875  4.588684263  3.812440754  5.081503836
[743]  4.303445087  2.688768285  6.017583161  5.741178700  3.313378434  0.052151083  2.519393301
[750]  1.122444030  0.995406588  4.504093712  2.113434202  2.466414663  3.402992400  3.713804037
[757]  4.088366290  1.875590006  3.631338016  1.077932850  3.357811309  2.736899708  2.743316414
[764]  0.389359967  2.996928787  1.107567060  0.434349983  2.885402803  1.248818108  4.443485642
[771]  2.509203042  0.244697000  0.720276621  1.508090522  0.016596645  2.394302442  1.128638484
[778]  1.951653489  3.508900688  2.917888243  3.663807259  0.130322868  0.071483263  3.383204005
[785]  0.257245339  2.244139863  0.593594602  0.719989106  0.923810866  0.748777716  1.851335056
[792]  0.202748528  2.780294802  1.305894733  1.575443587  1.266379232  2.227310543  2.115749470
[799]  0.765331628  0.651018413  0.623059811  1.213574279  1.957188101  0.394781466  1.214477285
[806]  1.590857200  1.386256907  0.947701951  0.101845703  0.104298957

$PAR
  [1]  NA   1   1   1   3   3   5   5   5   7   7   7   7   7   7   7   7   7   4   4   4   4   4
 [24]   4   4   4   4   4  10  10  10  10  10  10  29  29  29   6   6  19  19  11  11  11  35  35
 [47]  45  21  21  48  48  48  50  50  50  46  46  46  46  46  46  37  62  62  62  62  62  63  63
 [70]  64  64  64  12  30  30  30  30  30  30  13  13  13  13  13  13  13  31  31  31  31  41  70
 [93]  70  70  74  74  81  42  42  42  56  73  73  73  73  73  97  97  97  65  65  65  65  65  65
[116]  65  53  53  53  53  53  43  43  43  44  44  44  44  44  44 110 110  68  68  68  68  68  68
[139]  22 133 133  71  71  71  71  38 102 102  57  57  57  57  57  66  66 103 103 103 103 122 140
[162] 140  39  39 156 123 123 149 146  14  14 101 147 147 147 154 154 166 166 166 111 111  95 157
[185] 157 157 181 181 181  67  67  24  24  24 148 148 192 192 167 167 167 104 104 104 104 104 104
[208] 158 164  54 160 160 160 160 160 159 159 159 159 159 159 184 184 184 172 172 209 209 209 227
[231] 107 107 107 107 197 199 199 199 199 199 183 182 168 168 168 168 168 168 216 216 216 216 216
[254] 190 211 211 211 125 125  91  91  91  91  91  91  91 212 260 161 161  98  98  98 119 119 119
[277] 202 134  55  55  55  55 126 208 208 208 208 135 135 120 120 120 120 249 249  52  52  52  52
[300] 188 231 231 203 203 203 203 203 203 203 198 279 274 274 210   9 280 280 280 280 290 236 236
[323] 236  82 294 294 294 250 250  93 230 230 325 127 127 237 237 296 296 296 296 296  87  87  87
[346] 343 343 128 258  88  88  88  88 132  59  59  59 278 278 278 278 278 358 321  99  99  99  99
[369]  99 310 165 165 165 213 213 242 233 233 281 281 281 281 284 204 204 350 350 113 113 113 150
[392] 238  15  15 252 356 356 356 291 291 291 396 243 243 243 243 243 243 141 141 141 388  16  16
[415] 301 303  83  32  32  32 391 391 129 357 142 142 142 142 418 332 332 332 332 171 171 351 379
[438] 425 425 425 364 364 364 364 114 397 397 397 424 424 424 380 380 344 421 421 421  76  76 151
[461] 151 151 398 398 346 285 349 349 349 384 338 338 338 338 338 434 434 259 471 471 143 143 472
[484] 472 479 429 177 340 340 486 189 419 276 155 155 470 470 470 470 365 234 234 130 130 490 436
[507] 436 436 124 299 299 455 455 455 316 347 347 347 347 463 480 359 359 348 454 335 144 144 487
[530] 487 501 505 505 426 426 526 136 435 435 435 264 264 264 264 264 494 494 229 239 520 541 415
[553] 366 366 366 366 240 240 336 336 295 495 495 367 367 367 548 478 478 534 534 410 449 449 423
[576] 423 516 516 516 411 411 515 386 253 214 179 179 491 491 559 469 469 267 549 549 537 452 372
[599] 552 552 422 496 476 536 536 536 225 598 317 317 317 317 317 543 447 387 329 287 441 441 441
[622] 538 538 601 553 553 590 223 352 352 417 137 456 385 360 360 450 575 632 224 224 224 576 288
[645] 644 644 509 509 539  90  90 293 293 540 604 604 507 582 582 477 562 562 622 622 622 577 513
[668] 337 337 337 373 373 568 105 226 226 609 671 671 671 399 399 532 584 272 404 306 306 686 686
[691] 400 400 438 661 661 623 623 401 401 573 573 677 677 247 247 283 691 652 652 558 637 625 625
[714] 361 518 571 571 631 631 711 675 115 115 393 393 624 554 554 554 599 599 442 442 389 389 602
[737] 602 718  61  61 694 727 727 727 629 736 736 736 716 716 649 702 221 706 607 527 724 726 734
[760] 734 742 742 523 523 433 307 307 207 489 563 619 574 743 458 556 653 653 757 312 685 679 679
[783] 679 665 665 308 308 669 759 345 761 725 597 589 266 768 528 754 482 579 579 798 394 153 791
[806] 737 680 774 618 769

$EXTANT
  [1] FALSE FALSE FALSE FALSE FALSE FALSE FALSE FALSE FALSE  TRUE FALSE FALSE  TRUE FALSE  TRUE
 [16]  TRUE  TRUE FALSE FALSE FALSE FALSE FALSE FALSE  TRUE FALSE FALSE  TRUE FALSE FALSE  TRUE
 [31]  TRUE  TRUE FALSE  TRUE FALSE FALSE FALSE FALSE FALSE FALSE FALSE  TRUE  TRUE  TRUE FALSE
 [46]  TRUE FALSE FALSE FALSE FALSE FALSE FALSE FALSE FALSE  TRUE FALSE  TRUE FALSE FALSE FALSE
 [61] FALSE FALSE  TRUE  TRUE  TRUE FALSE FALSE  TRUE FALSE FALSE  TRUE FALSE  TRUE  TRUE FALSE
 [76]  TRUE  TRUE FALSE  TRUE FALSE FALSE FALSE  TRUE FALSE  TRUE  TRUE  TRUE  TRUE FALSE  TRUE
 [91] FALSE FALSE FALSE FALSE FALSE FALSE  TRUE  TRUE  TRUE FALSE FALSE FALSE FALSE  TRUE  TRUE
[106]  TRUE FALSE FALSE  TRUE FALSE FALSE FALSE  TRUE  TRUE  TRUE  TRUE FALSE FALSE FALSE  TRUE
[121] FALSE FALSE FALSE FALSE FALSE FALSE FALSE FALSE  TRUE  TRUE FALSE FALSE FALSE FALSE  TRUE
[136]  TRUE FALSE FALSE FALSE FALSE FALSE  TRUE  TRUE  TRUE  TRUE FALSE FALSE FALSE FALSE FALSE
[151] FALSE  TRUE  TRUE FALSE FALSE FALSE  TRUE FALSE  TRUE  TRUE  TRUE FALSE FALSE FALSE  TRUE
[166]  TRUE FALSE FALSE FALSE FALSE  TRUE  TRUE FALSE FALSE FALSE FALSE FALSE FALSE  TRUE  TRUE
[181] FALSE FALSE FALSE  TRUE FALSE FALSE FALSE FALSE  TRUE  TRUE  TRUE FALSE FALSE FALSE FALSE
[196] FALSE FALSE FALSE FALSE FALSE  TRUE FALSE  TRUE  TRUE  TRUE  TRUE  TRUE FALSE FALSE FALSE
[211] FALSE  TRUE FALSE  TRUE  TRUE  TRUE FALSE FALSE  TRUE  TRUE FALSE FALSE  TRUE  TRUE  TRUE
[226]  TRUE FALSE FALSE FALSE FALSE  TRUE FALSE FALSE  TRUE  TRUE FALSE  TRUE  TRUE FALSE  TRUE
[241] FALSE FALSE  TRUE FALSE  TRUE  TRUE  TRUE  TRUE  TRUE  TRUE FALSE FALSE  TRUE  TRUE FALSE
[256] FALSE FALSE FALSE  TRUE FALSE FALSE FALSE FALSE  TRUE  TRUE  TRUE FALSE FALSE  TRUE  TRUE
[271] FALSE  TRUE  TRUE  TRUE  TRUE FALSE FALSE  TRUE  TRUE  TRUE  TRUE  TRUE FALSE FALSE  TRUE
[286]  TRUE  TRUE FALSE FALSE FALSE FALSE FALSE  TRUE  TRUE FALSE  TRUE FALSE FALSE  TRUE FALSE
[301]  TRUE  TRUE FALSE FALSE FALSE  TRUE  TRUE  TRUE  TRUE FALSE  TRUE  TRUE  TRUE FALSE  TRUE
[316]  TRUE  TRUE FALSE FALSE FALSE FALSE FALSE  TRUE FALSE  TRUE FALSE  TRUE FALSE  TRUE  TRUE
[331] FALSE FALSE  TRUE FALSE  TRUE  TRUE  TRUE FALSE FALSE  TRUE  TRUE  TRUE  TRUE FALSE  TRUE
[346]  TRUE  TRUE  TRUE FALSE  TRUE FALSE  TRUE  TRUE FALSE FALSE FALSE FALSE FALSE  TRUE  TRUE
[361]  TRUE  TRUE FALSE  TRUE FALSE  TRUE  TRUE FALSE  TRUE FALSE  TRUE  TRUE  TRUE FALSE  TRUE
[376] FALSE FALSE FALSE  TRUE  TRUE  TRUE  TRUE FALSE FALSE FALSE  TRUE  TRUE  TRUE  TRUE  TRUE
[391]  TRUE  TRUE  TRUE  TRUE  TRUE FALSE  TRUE FALSE  TRUE  TRUE  TRUE FALSE FALSE  TRUE  TRUE
[406]  TRUE  TRUE  TRUE  TRUE  TRUE  TRUE FALSE  TRUE  TRUE  TRUE FALSE  TRUE FALSE FALSE  TRUE
[421] FALSE FALSE  TRUE  TRUE  TRUE  TRUE  TRUE  TRUE FALSE FALSE  TRUE  TRUE  TRUE  TRUE  TRUE
[436]  TRUE  TRUE  TRUE  TRUE  TRUE  TRUE  TRUE  TRUE  TRUE  TRUE FALSE  TRUE  TRUE FALSE FALSE
[451]  TRUE  TRUE FALSE  TRUE  TRUE FALSE  TRUE  TRUE  TRUE FALSE  TRUE  TRUE  TRUE  TRUE  TRUE
[466]  TRUE  TRUE  TRUE  TRUE  TRUE FALSE  TRUE FALSE FALSE  TRUE  TRUE  TRUE  TRUE FALSE  TRUE
[481] FALSE  TRUE  TRUE  TRUE FALSE FALSE  TRUE FALSE  TRUE FALSE  TRUE FALSE  TRUE  TRUE  TRUE
[496]  TRUE FALSE  TRUE  TRUE FALSE FALSE  TRUE  TRUE  TRUE  TRUE  TRUE  TRUE FALSE  TRUE FALSE
[511]  TRUE FALSE  TRUE  TRUE  TRUE  TRUE  TRUE FALSE  TRUE FALSE  TRUE  TRUE  TRUE  TRUE  TRUE
[526]  TRUE FALSE  TRUE  TRUE FALSE  TRUE FALSE FALSE  TRUE  TRUE  TRUE  TRUE  TRUE  TRUE  TRUE
[541]  TRUE FALSE  TRUE  TRUE  TRUE  TRUE  TRUE FALSE  TRUE FALSE  TRUE  TRUE  TRUE  TRUE FALSE
[556]  TRUE  TRUE  TRUE FALSE FALSE FALSE FALSE  TRUE  TRUE FALSE  TRUE FALSE FALSE  TRUE  TRUE
[571]  TRUE  TRUE  TRUE  TRUE  TRUE FALSE  TRUE  TRUE  TRUE FALSE  TRUE  TRUE  TRUE  TRUE  TRUE
[586]  TRUE  TRUE  TRUE  TRUE  TRUE FALSE FALSE FALSE  TRUE  TRUE  TRUE  TRUE  TRUE  TRUE  TRUE
[601] FALSE  TRUE  TRUE  TRUE FALSE FALSE  TRUE  TRUE FALSE FALSE  TRUE  TRUE  TRUE  TRUE  TRUE
[616]  TRUE  TRUE  TRUE  TRUE FALSE  TRUE  TRUE  TRUE  TRUE  TRUE  TRUE  TRUE FALSE  TRUE FALSE
[631]  TRUE FALSE FALSE  TRUE FALSE  TRUE  TRUE  TRUE FALSE  TRUE  TRUE  TRUE FALSE  TRUE  TRUE
[646] FALSE FALSE  TRUE  TRUE  TRUE FALSE  TRUE  TRUE  TRUE  TRUE  TRUE  TRUE FALSE FALSE  TRUE
[661]  TRUE  TRUE FALSE  TRUE  TRUE  TRUE  TRUE  TRUE  TRUE  TRUE  TRUE  TRUE  TRUE  TRUE  TRUE
[676]  TRUE  TRUE FALSE  TRUE FALSE  TRUE  TRUE FALSE  TRUE  TRUE  TRUE FALSE FALSE  TRUE  TRUE
[691]  TRUE FALSE  TRUE  TRUE  TRUE  TRUE  TRUE  TRUE FALSE  TRUE  TRUE  TRUE  TRUE FALSE  TRUE
[706]  TRUE  TRUE FALSE  TRUE  TRUE  TRUE  TRUE  TRUE  TRUE  TRUE  TRUE  TRUE  TRUE  TRUE  TRUE
[721]  TRUE  TRUE  TRUE  TRUE  TRUE  TRUE  TRUE  TRUE FALSE  TRUE  TRUE FALSE  TRUE  TRUE FALSE
[736]  TRUE  TRUE FALSE FALSE FALSE  TRUE  TRUE  TRUE  TRUE  TRUE  TRUE  TRUE  TRUE FALSE  TRUE
[751]  TRUE  TRUE  TRUE  TRUE  TRUE FALSE  TRUE  TRUE  TRUE  TRUE  TRUE  TRUE  TRUE  TRUE  TRUE
[766]  TRUE  TRUE  TRUE  TRUE  TRUE  TRUE  TRUE  TRUE  TRUE  TRUE  TRUE  TRUE  TRUE  TRUE  TRUE
[781] FALSE  TRUE  TRUE FALSE  TRUE  TRUE  TRUE  TRUE  TRUE  TRUE  TRUE  TRUE FALSE  TRUE  TRUE
[796]  TRUE  TRUE  TRUE  TRUE  TRUE  TRUE  TRUE  TRUE  TRUE  TRUE  TRUE  TRUE  TRUE  TRUE  TRUE

