
Birth-death simulation object with 836 species and 500 extant species

Details for some species:

Extinction times (NA means extant)
[1] 25.37040 69.53607 55.33285 84.59722 62.81212 74.95701


Speciation times 
[1] 112.95753  92.47526  88.72703  86.70657  76.95141  75.64108


Species parents (NA for initial)
[1] NA  1  1  1  1  1


Species status (extinct or extant)
[1] "extinct" "extinct" "extinct" "extinct" "extinct" "extinct"


For more details on vector y, try sim$y, with y one of
TE TS PAR EXTANT



$TE
  [1] 25.3703994 69.5360707 55.3328517 84.5972216 62.8121244 74.9570150  6.7067498 42.3512600 40.1875576 29.3850030 64.4311948
 [12] 66.5869232 56.2693046 68.4283487 85.6124767 66.8565053 66.5959067 72.2533816 62.5993782  6.3963290 39.8884496 39.4231555
 [23]  1.7465464 31.1072384 55.5297512 30.0614850 17.2833997 22.1440203 37.2122008 34.6397357         NA         NA  1.3471654
 [34]  3.8912329         NA         NA 36.6770027 63.8430664 22.3643878 34.9277425         NA 34.6738181 42.9580633 54.8496551
 [45] 31.0334031 32.9759836 36.6491263 33.7874784 27.8684886         NA 14.8344521         NA  5.6526696         NA         NA
 [56] 16.9555310 17.1331184 38.7867873 24.7419788 21.3190586 41.8063650 38.0089110 60.3255101 28.5810635 24.5678249         NA
 [67]         NA         NA 23.9285363 13.8529179 48.8679482 39.3848213 22.0579759  7.1176217 40.8011699         NA         NA
 [78]         NA 14.6919979 16.0076933         NA 43.6071280 33.6857114 25.2843469 26.7448089 11.8214029         NA 38.2021051
 [89]         NA         NA  9.1194720 25.9990879         NA 35.8298364 33.7510384 26.3894966 12.5526469         NA         NA
[100] 19.7015512 32.4289911 18.6468655         NA 39.6292530 15.2866044 23.8199828 26.1134475  7.4090571 39.0898314 19.4671526
[111]  5.7249951         NA         NA 19.3051258         NA 31.3387074 36.2989148  6.2583844         NA         NA 14.2580124
[122] 15.9311849  8.0260203 17.6318253         NA 26.6005886         NA 16.6315991         NA  4.6078463  5.6767761  8.4795579
[133]         NA         NA 26.5784141 13.0292100         NA         NA         NA         NA         NA  7.4499128 16.5636116
[144]         NA 30.7380116 24.7546147         NA  9.5771652 27.7752453         NA 14.1780404         NA         NA         NA
[155]         NA         NA         NA         NA  8.2132306 30.8636431         NA  8.9850045  9.4612968 24.0355713 35.8885147
[166]  0.1321345         NA         NA         NA         NA 14.0255972 14.3407085 29.7572007         NA 21.7098767  3.4034785
[177]         NA         NA         NA 23.0448387 18.9113396 34.1008162 18.8715953 11.3306511         NA         NA  1.2986465
[188]         NA         NA  6.8240584 12.1746357         NA  2.0014403  5.6133556 21.9205049  0.6960974         NA  9.1572342
[199] 21.1363421         NA         NA 26.3525460 26.0377159         NA 13.7304549         NA         NA  0.5695747         NA
[210] 31.1773021         NA 28.7962819         NA         NA 15.9580929         NA         NA         NA         NA         NA
[221]  4.6099298         NA         NA  6.0908942         NA 20.0250226  9.8599768  5.6590361 23.5434009  1.3629525  5.1383661
[232]         NA         NA 17.5983691         NA         NA         NA 11.7877023         NA  3.0067333 24.9106168         NA
[243] 21.3173864  7.7111573 10.6648803  7.5550620         NA 23.9202545 15.0240607  5.2416094         NA 12.9284627  9.4928105
[254] 24.7799967         NA 15.7806639 13.1382752         NA         NA         NA         NA         NA         NA         NA
[265]  8.4521023  0.8325406  9.5583430         NA 14.9695524         NA         NA         NA  2.6720975         NA  6.1911465
[276]         NA         NA  4.2079900  2.9583625 23.8002676 10.9462563 16.5809751         NA  5.3639939         NA  4.1114482
[287] 13.0281225 12.5774651         NA         NA  0.1993731         NA         NA         NA         NA 10.2011103         NA
[298]         NA  1.5300891  7.1433954  8.3743419  6.4952593  7.2112351  1.9976102  5.4477853  6.4946711  4.9706343 19.9068859
[309]         NA         NA         NA         NA 16.0918061  6.7175489         NA 12.0553076         NA         NA         NA
[320]         NA  2.8614760 14.2397254         NA         NA         NA         NA         NA         NA 13.5709625 15.0676921
[331] 14.0990751 17.6048580         NA         NA         NA         NA         NA         NA         NA  8.3694435  6.0121144
[342] 15.3689313 15.3605865         NA         NA         NA         NA         NA 22.6367464 21.4907608  8.4747503         NA
[353]         NA         NA  0.2266445         NA         NA         NA  1.1919141  6.5469541         NA  3.6636441         NA
[364] 16.5441570         NA 12.8375116 14.8514082         NA  2.8590449         NA         NA  3.6062116         NA         NA
[375]         NA 12.9592782         NA         NA  0.2659603         NA 18.5868139         NA         NA         NA 12.7800112
[386]  8.1802952         NA 13.8141455         NA         NA         NA  1.8519624         NA  9.3085105 11.1172937         NA
[397]         NA 21.2125951         NA 12.0270783         NA 14.0948031         NA         NA         NA  4.4972069         NA
[408]         NA 12.6365905 14.6259431         NA         NA         NA  5.8918843         NA         NA         NA  5.8594683
[419]         NA         NA 18.1447585         NA         NA  8.3048695         NA         NA         NA         NA 19.1734675
[430]         NA         NA  4.4187511         NA         NA 12.5549807  6.7441566 11.2303708 10.5989737         NA  2.2157924
[441]         NA  7.6235252         NA         NA  6.1895754         NA  4.9918990         NA 10.3259990  1.4793868         NA
[452]         NA         NA         NA 13.9829018  3.3186067         NA  9.2621465  1.2589206         NA         NA 16.0886069
[463] 14.1509730  2.8839500  5.0842965 10.5548844         NA         NA  4.4613181         NA  5.0149083         NA  1.4431556
[474]         NA         NA  3.7276144  9.9444131         NA         NA         NA  1.7956716         NA  3.8831282  3.8092032
[485]         NA         NA  0.6453038         NA         NA  0.3007204  7.8139590  6.0144854  6.8439230         NA 16.9845824
[496]  9.2665662         NA         NA         NA         NA         NA  5.8804623 11.3210228         NA         NA  4.2709653
[507]  7.4587544         NA         NA  4.6558736         NA         NA         NA         NA         NA  9.5514450  4.6641761
[518]         NA  4.6694277  0.8114465  4.0262042         NA         NA         NA         NA         NA         NA         NA
[529]         NA         NA         NA  9.3989633         NA         NA         NA 10.5920420         NA         NA  0.6409279
[540]         NA         NA         NA  3.8458970         NA  3.1807326  0.8030433         NA  4.3861287         NA  9.9475724
[551]         NA         NA         NA  7.0238212  9.6092992         NA         NA         NA         NA         NA         NA
[562]         NA         NA         NA         NA         NA         NA  6.1063915  8.1277024  9.3505225  7.8080376  8.5463698
[573]  2.1602957         NA         NA         NA  9.0863554         NA         NA  6.0864131         NA  3.2870924         NA
[584]  2.2915313         NA  8.1589748  0.4354499  1.2675299         NA         NA  2.8476946         NA  4.1114283  2.8320987
[595]         NA         NA         NA         NA         NA         NA         NA         NA         NA         NA         NA
[606]  9.0166431         NA         NA         NA         NA         NA         NA         NA         NA         NA         NA
[617]         NA         NA         NA         NA         NA         NA         NA         NA         NA  3.6279738         NA
[628]  9.3954349  5.7639442         NA         NA  6.0160473         NA         NA  5.5196162         NA         NA         NA
[639]         NA         NA         NA         NA         NA         NA         NA  0.9682014         NA         NA         NA
[650]         NA         NA         NA  2.4186073         NA         NA         NA         NA         NA         NA         NA
[661]         NA  1.4650539         NA         NA         NA  7.7548883  2.3267935         NA         NA  1.9449864         NA
[672]         NA         NA         NA  3.3333550         NA         NA         NA         NA         NA         NA         NA
[683]         NA         NA         NA  1.4430402         NA         NA         NA         NA  2.2580243         NA         NA
[694]         NA         NA         NA         NA         NA  3.4353295         NA         NA         NA         NA         NA
[705]         NA         NA         NA         NA         NA         NA         NA         NA         NA         NA         NA
[716]         NA         NA         NA         NA         NA  3.5602380         NA         NA         NA         NA  3.0485369
[727]         NA         NA         NA         NA         NA         NA         NA         NA         NA         NA         NA
[738]         NA         NA         NA         NA         NA         NA  1.2553913         NA         NA         NA         NA
[749]         NA         NA         NA         NA  2.3665599         NA         NA         NA  4.9559302         NA         NA
[760]         NA         NA  0.9910044         NA         NA         NA         NA         NA         NA         NA         NA
[771]         NA         NA         NA         NA         NA         NA         NA         NA  1.8274390         NA         NA
[782]         NA         NA         NA         NA         NA         NA         NA         NA         NA  1.8635015         NA
[793]         NA         NA         NA         NA         NA         NA         NA         NA         NA         NA         NA
[804]         NA         NA  2.4290998  1.4178310         NA         NA         NA         NA         NA         NA         NA
[815]         NA         NA         NA         NA         NA         NA         NA         NA         NA         NA         NA
[826]         NA         NA         NA         NA         NA         NA         NA         NA         NA         NA         NA

$TS
  [1] 112.95752682  92.47526015  88.72703100  86.70656818  76.95140879  75.64107633  67.26819520  60.91965529  51.88526401  41.33342239
 [11]  84.10319668  81.71989403  58.74376338  85.72107914  85.67239486  78.59931275  75.96611729  77.17863234  72.87760866  66.97820735
 [21]  72.67707123  66.60860813  70.95923543  70.81899630  67.93771890  66.07342403  55.28280653  50.55587995  43.92849797  51.64465999
 [31]  40.50235035  38.21032421  25.04332391   6.81856877   5.17202625   4.13279499  69.63007913  65.43622590  61.24411039  47.60634378
 [41]  45.63365359  37.66325844  66.60997095  56.54245878  50.64058307  61.54461121  60.39182166  47.83800596  36.63664170  32.04900568
 [51]  31.82607374  30.21952080  29.35208978  26.08963220  12.31624882  31.00544787  57.10802444  53.43574803  52.02045315  47.41638640
 [61]  52.40483295  43.57931755  62.86921938  50.63252306  44.46203049  43.28705372  32.57372588  32.44893484  48.91286301  44.61263747
 [71]  49.22192536  40.96437449  50.85321155  47.24832584  44.32752358  39.50853968  36.19805098  33.78861415  28.29735169  24.34964014
 [81]  22.43006091  50.79269533  42.32170050  42.94742783  29.94876303  26.16898394  46.91509737  47.57087615  27.14706628  24.07395427
 [91]  22.40859824  49.02339618  44.54769778  36.03541664  47.80704992  36.69267936  26.44882970  41.90406611  34.46732070  32.34364877
[101]  35.44043087  31.65564286  28.72705455  43.62219138  43.54162266  36.37877452  34.03821500  46.41791414  45.17401418  27.37600575
[111]  27.29962828  27.04806423  26.79445997  25.68695044  22.64899222  41.13152272  38.04729301  27.40723342  11.01176404   1.74120402
[121]  25.54108916  18.70058310  19.84581208  19.56900366  43.04809584  40.13995741  42.37719655  36.65097273  25.51679760  19.10038362
[131]  12.07889540   8.93516211   7.59522360   4.92648005  26.78970138  39.78015170  24.65197459  24.19524701  23.87621770  17.74051484
[141]  16.96351827  41.22299839  31.49012548   4.05867553  36.46714336  36.15549791  25.57442112  41.28594541  32.49532726  29.64394459
[151]  22.88567142  14.64695814   7.94119394  38.37411025  37.12576688  34.93398025  24.74551342  18.78104075  17.62150105  40.34816887
[161]  36.12778241  19.24313547  19.06742299  27.27791950  38.97346701  23.23513871   9.12169203   6.11906618   4.11796582  33.10040512
[171]  31.49297234  33.52523771  30.11780050  29.35727233  35.69913453  17.54840563   6.75965162   4.78412479   0.07058347  38.84306886
[181]  37.96042187  37.23866471  26.22976371  26.58885070  18.69575752  12.41001523   3.84368476   2.53781085   0.98002135  32.37272996
[191]  29.76046232  21.82311456  22.21521434  35.06278817  23.07954458  17.58560615   0.09858804  33.95687217  32.33636800  34.21779838
[201]  18.11950509  30.21749526  30.02362485  29.04289619  26.82066765  25.23811541  17.52557102   2.61067691   1.30379416  31.85267247
[211]  27.59711665  31.66725796  21.35653999  17.91531898  17.28134925  16.68236810  16.03966429   6.37742567   1.95354499  18.13343531
[221]  17.31136804  15.62079875  13.17443806  27.06208252  24.71597347  21.04818439  13.14751853  29.91111890  25.68293240   3.41137251
[231]  21.02577940  19.42016141  17.08719848  31.28771323  18.32462246   3.70265531  22.25448620  12.40347253   5.42912426   5.00102635
[241]  29.91195595  29.89853582  26.50877590  22.73139291  20.32210140  18.05090445  15.26728947  29.56349622  16.50147001   9.30558485
[251]   7.02941534  28.19162330  23.33541713  27.42668490  25.98011781  20.46171117  15.16889382  11.55176272   9.64803066   6.08960351
[261]   0.70099302  19.45320316  17.29515462  18.18387042  18.06411423  30.12461030  24.39027192  18.84001486  28.04273724  23.04902446
[271]  11.86004675   0.98923364  24.89561198   8.79211910  29.55689025  27.54450177   6.81363383  26.14867467  18.52753177  24.56266531
[281]  22.52124173  21.50374126   3.55028087  29.15474054  25.37241271  22.73165178  22.03941720  19.79267672  10.79460558  10.29312809
[291]  27.94183117   0.62777656  27.47475833  12.09004209   6.28207233  24.34940504  14.66652632  11.46184774   1.97913300  16.02517403
[301]  15.49277401  15.64685131  15.21629461  26.31778375  13.93731093  13.73480828  21.09886557  21.03762568  25.33659916  11.86953769
[311]  10.80783836   4.18894720  17.50655509   9.47289292  17.50746274  17.07630489  13.80897572   4.06422025   4.28316555  18.85699452
[321]   8.63840630  25.88795289   9.34412757  22.64591931  20.70662306  19.87851092  21.09162295   5.91879384  25.08322885  23.32988830
[331]  20.52061867  20.35463837  19.93269210  14.30012058  13.98166118  10.48441436   1.66002737   0.21275592  17.08582426  24.11829867
[341]  20.35365627  18.74657674  19.45113119  16.88896492   7.35067030  22.22047416   8.58797031   5.74685710  23.22547711  23.94694425
[351]  19.54795444  14.86291391  21.95690027   3.90914368  18.43591666  13.71956089   8.35360525   6.33294759   4.79790692  25.22966103
[361]  24.83101871   5.50959576   6.81833362  25.05329854  23.35284802  16.54609891  23.44104925  21.57903145  21.08039014   1.55008709
[371]  21.23899778  18.53727577  11.36896772  10.97365906   0.51400879  14.17698388   7.31164418   6.04314166  17.87532626   1.37705218
[381]  20.46015788  20.68197803  17.63715909  22.35509826  13.29588648  16.19102192   9.30906588  14.35699521  11.21049545   8.34694470
[391]   0.83876187   8.23184908   7.64642744  22.98719047  18.83131565   8.34824459   1.02918100  23.17730394  15.41652934  14.54253787
[401]   0.87662944  22.83252868  22.34667889  18.58863938   8.81566079  10.62252633  20.68704469   9.08304296  17.92754219  16.31553898
[411]   2.12648436   0.56798473  16.42563038  21.16964765  14.90003671   4.57300536  15.30782945  15.94350394   9.92693619   4.80392928
[421]  20.31663792  13.45686736  12.40036288   9.81330499  21.83418972  20.79171184  17.56711097   7.42946503  20.58729384   3.35044065
[431]   2.03247853  21.24497727   0.73609975  18.67024306  17.78961565   8.32328157  16.13389533  14.42452653  10.85286321   7.60750394
[441]   8.53964381  19.36385554  19.26860544  16.64865914   7.98848993   7.10985195  15.51838822  10.78022765  14.49038550   5.42391596
[451]  17.68706201  12.91358617   5.37934041   0.37884755  19.56710696   4.56718577   2.23416865  18.63353942   9.70079251   8.54445026
[461]  17.91561605  17.81381601  18.23572135  17.66709689  14.30036681  11.27887613   3.16613822  12.75520153  10.05476444  13.72331736
[471]  10.78159800  12.67976745  12.45419301  17.04447143  17.02001185  11.85195856  11.77946408   4.44621782  14.94356752  10.39008940
[481]   5.70256309  13.73995134  10.07913694   3.92298694   0.16108551   5.83170911  12.96353543   7.66186706   4.45842930   2.86475166
[491]  12.96320222   7.36236445  11.20790626   0.35691897  18.26665528  15.77737469   7.86086666  14.61929784  12.71260971  14.07526319
[501]  17.05044619  13.18852685  15.31459033   7.46273549  12.10902647   7.70382831  11.44338398  16.64603361   8.83014785  15.49333514
[511]   9.44282644   6.91450603   6.73850086   0.36391861  13.35573375  15.27304865  14.39135058  10.76745296   9.88760142   9.15725993
[521]  13.27280349   5.94306367  12.79196967   4.04179689  12.95884495   9.72037336   4.81328048   2.29115638   0.29534152  15.94134250
[531]   7.46082731   9.77301878   7.56926589   5.64613345   6.06241232  11.79453625   7.79652667   4.74572537   2.41970828   0.14473951
[541]   8.18547536  11.98882614  11.55238407  11.19904128  12.59602836   8.02219317   0.17045983  14.78320698  14.06273652  12.53824456
[551]  12.04545383  14.24327403  10.52801283  15.30651947  12.35732354   9.39059355  14.97282763  11.41124705  12.13007557   5.30678036
[561]   7.19132526   6.17746465   6.87694274   7.10033608   4.02622477   2.58764120   1.71306339  11.06539829  10.28211287  12.07550550
[571]  11.26061655   9.38973212   2.69735982  15.28034029   3.25735476   2.25452079  14.06826616   6.62203214   4.23690463  11.02963524
[581]   2.74777759  12.31284843   2.06758325   9.73525827  10.22574109   8.16564839   7.64176065   7.06425468  14.42899861   0.08157642
[591]  13.84184365  10.25488391  10.46588472   9.44841156   5.65463964   0.09920616  10.85522727   3.54801148   0.01169053  11.06771940
[601]  13.56199620   6.04793647   4.38951870   8.35728652  12.21278417  10.42582662   3.36672431   0.14607208  12.19984502   9.91697074
[611]  10.70070106   8.46716156  11.41580899   2.87007399   0.44892957  11.19100723   1.37011090   6.84436536   7.94652075   4.67095120
[621]   1.92487815  10.49878227   6.71767555  10.28890092   7.81825516   6.21394713  10.76701106  10.55018883  11.05138718   6.88605217
[631]   4.27746715  10.96769758  11.28891086   6.33988355   6.28748381   1.89173006   3.55603620   3.73917232   6.71317719   1.08315144
[641]   6.90242813  10.07483444  10.67704261   6.25952912   1.34790509  10.93436652   3.22303462   3.24911327   3.97166786   9.34106432
[651]   7.46127476   4.26603196   3.65413001   7.01235413   3.79968113   0.30630454   7.53156664   8.69417374   7.96716933   3.25888874
[661]   6.04779877   2.00731048   1.07461863   5.56523910   1.56371778   9.50382364   5.02942147   2.37206961   5.99061068   8.33370184
[671]   7.32532945   3.26641232   0.64747045   5.73640282   3.68928006   3.49327194   2.95295341   5.27132846   2.08997435   5.26659660
[681]   5.47016080   8.13895448   1.69628393   9.42573428   7.93390559   5.68744209   4.22052926   7.03187934   4.43225921   2.08202305
[691]   5.10026419   6.21290435   6.49978218   7.71104334   5.35121509   4.43342171   6.22868108   1.78699946   5.48802876   1.32262945
[701]   4.49988393   5.05056718   0.88421396   5.62211362   3.35249824   4.32521903   3.46567111   7.63371968   5.28103119   4.63718814
[711]   4.10667628   3.18723880   4.86830149   2.13022100   1.93103468   1.49017218   7.52707554   4.25015116   7.33521949   2.95291355
[721]   5.64548803   5.17460599   6.20770060   4.50277309   3.37539122   7.08749120   1.53567572   2.23136447   5.83219989   1.41954911
[731]   0.59332463   5.50839011   6.54942712   1.69239792   1.20714211   5.28592473   3.69729457   6.30050057   2.57961857   3.54648680
[741]   0.70674925   0.77022232   5.52179629   4.10738719   4.86962790   0.74912187   1.91294069   5.17816584   0.78334431   0.77838686
[751]   4.24092672   1.78297654   3.22306360   1.73206406   5.16312272   0.08162748   5.53576721   2.63982734   2.34178599   1.21547448
[761]   1.16866580   5.54849774   4.38350219   3.63223881   4.84702246   3.02316666   1.17257434   2.71177949   2.65795830   2.85053655
[771]   2.12037617   5.27568780   1.07464900   2.11877586   4.31595887   2.97658697   5.18953996   3.96869316   3.43759850   1.92584822
[781]   4.85897370   3.15194158   2.44039203   3.58582230   0.01537459   3.74932713   4.05972483   1.05902634   4.43322059   1.40128162
[791]   2.79045784   1.05026171   1.94099355   2.38894123   3.82930739   0.04003110   2.15516557   3.83553946   4.11089801   3.27895409
[801]   2.49170629   0.49170264   2.84191900   3.90025919   2.18943738   2.43542502   2.30712941   1.70916824   3.14265256   0.53193322
[811]   1.56066950   3.29241323   1.74198843   0.96419211   3.20997370   0.16121186   1.76232500   2.65817494   2.72843862   1.99927664
[821]   2.71752509   0.85520385   0.11056229   0.07643278   0.58870074   0.18893259   0.03967402   1.02834581   0.87086911   1.02478140
[831]   0.01514689   0.53624905   0.96066651   0.73943725   0.28946548   0.37341642

$PAR
  [1]  NA   1   1   1   1   1   1   1   1   1   3   3   3   4  14  14  11  12  18   5  17  19  21  21  21  21  21  21  21  23  23  23
 [33]  23  23  23  23  24  24  24  24  24  24  37  37  37  25   7   7   7   7   7   7   7   7   7  20  43  43  43  43  22  22  26  26
 [65]  46  46  39  39   8   8  47  47  57  57  57  57  57  57  57  57  57  27  58  61  59  59  30  73  73  73  73  82  64  64  28  28
 [97]  28  92  92  92  69  69  69  48  48  95  95  40  40  60  60  60  60  60  60  74  74  74  87  87 108 108  41  41 109 109  93  93
[129]  93  93  93  93  93  93  65  29 105  66  66  66  66 125 125 125  84  84  84 127 127 127 127 127 127  83  83  98  98  98  98  10
[161] 148 148 148 142  31  31  31  31  31 160 160 126 126 126  76  76  76  76  76 165 165 165 180 154 154 154 154 154 154  32  32  32
[193] 181 155 155 155 155  49 106  77  77 146 146 161 161 161 161 161 161 175 175 194 194 194 194 194 156  99  99 200 200 200 200 107
[225] 198 198 198  78  78  78 172 172 172 170 170 170  67  67  67  67 149  68  68  68  68  68  68 190 190 190 190 100 100 199  50  50
[257]  50  50  50  50  50  51  51 171 171 143 234 234  56  56  52  52 266 266 228 228 228 191 191 150 150 150 150 248 248 275 275 275
[289] 275 275 174 174  53  53  53 284 284 284 204 103 103  79  79 252 252 252 269 269 291 291 291 291 211 211 276 276 276 276 293 118
[321] 118 111 111  89 224 224 112 112 205 205 113 113 113 113 113 113 113 113 184 243  97  97 304 304 304 183 278 278  54 255 255 322
[353] 147 147 129 129 129 129 285 309 309 206 360 329 329 329 364  33  33  33 273 361 361 361 361 157 157 157 137 137 267  80  80 296
[385] 296 138 138 340  90  90  90 139 139 367 365 365 365 330 330 166 166 349 270 270 270 394 151 286 244 244 115 324 281  81  81  81
[417]  91 384 384 403 237 237 346 346 193 193 193 193 353 353 353 425 425 192 192 192 368 368 368 368 432 371 327 327 327 369 231 231
[449] 426 325 407 407 407 407 382 382 382 332 341 341 333 333 326 326 326 326 326 123 123 351 351 262 262 232 442 443 443 443 162 130
[481] 130 163 320 320 320 268 395 158 158 158 434 434 458 404 372 279 279 355 355 235 463 264 201 201 265 246 461 214 214 379 379 379
[513] 379 379 140 451 464 383 383 383 196 196 427 427 176 315 315 315 315 221 221 263 263 263 233 339 339 339 339 339 501 474 474 474
[545] 141 141 141 344 344 344 344 216 216 444 508 508 410 437 217 217 418 530 302 222 222 222 222 447 447 510 301 301 399 417 417 417
[577] 554 574 574 247 247 557 415 548 297 297 297 297 152 152 449 465 334 334 334 334 552 552 500 577 549 335 335 305 591 591 317 317
[609] 482 422 502 502 223 223 223 487 487 452 468 468 468 472 472 550 473 473 186 423 555  55  55 605 505 505 505 505 294 542 310 310
[641] 476 543 258 258 258 298 373 389 616 629 374 374 374 597 311 311 289 471 471 448 518 627 627 553 553 622 622 622 593 480 480 290
[673] 290 624 592 592 592 642 610 519 584 459 259 666 314 511 511 684 556 556 323 250 520 167 509 509 274 274 460 441 604 357 390 670
[705] 670 392 682 153 685 685 685 497 537 488 488 488 393 587 440 440 533 717 504 504 428 345 719 561 564 564 564 726 688 654 654 512
[737] 618  34 277 177 177 623 639 634 358 358 644 697 697 697 626 692 723 168 535 602 522 486 486 486 674 595 595 595 721 664 664 762
[769] 762 743 732 699 681 239 453 453 695 695 695 709 772 772 680 777 745 420 359 178 538 724 489 489 696 603 319 319 631 687 169 711
[801] 711 711 318 144 778 804 655 655 737 737 784 283 598 676 707 707 705 672 648 809 720 758 801 759 411 771 774 690 793 813 120 683
[833] 665 663 750 832

$EXTANT
  [1] FALSE FALSE FALSE FALSE FALSE FALSE FALSE FALSE FALSE FALSE FALSE FALSE FALSE FALSE FALSE FALSE FALSE FALSE FALSE FALSE FALSE
 [22] FALSE FALSE FALSE FALSE FALSE FALSE FALSE FALSE FALSE  TRUE  TRUE FALSE FALSE  TRUE  TRUE FALSE FALSE FALSE FALSE  TRUE FALSE
 [43] FALSE FALSE FALSE FALSE FALSE FALSE FALSE  TRUE FALSE  TRUE FALSE  TRUE  TRUE FALSE FALSE FALSE FALSE FALSE FALSE FALSE FALSE
 [64] FALSE FALSE  TRUE  TRUE  TRUE FALSE FALSE FALSE FALSE FALSE FALSE FALSE  TRUE  TRUE  TRUE FALSE FALSE  TRUE FALSE FALSE FALSE
 [85] FALSE FALSE  TRUE FALSE  TRUE  TRUE FALSE FALSE  TRUE FALSE FALSE FALSE FALSE  TRUE  TRUE FALSE FALSE FALSE  TRUE FALSE FALSE
[106] FALSE FALSE FALSE FALSE FALSE FALSE  TRUE  TRUE FALSE  TRUE FALSE FALSE FALSE  TRUE  TRUE FALSE FALSE FALSE FALSE  TRUE FALSE
[127]  TRUE FALSE  TRUE FALSE FALSE FALSE  TRUE  TRUE FALSE FALSE  TRUE  TRUE  TRUE  TRUE  TRUE FALSE FALSE  TRUE FALSE FALSE  TRUE
[148] FALSE FALSE  TRUE FALSE  TRUE  TRUE  TRUE  TRUE  TRUE  TRUE  TRUE FALSE FALSE  TRUE FALSE FALSE FALSE FALSE FALSE  TRUE  TRUE
[169]  TRUE  TRUE FALSE FALSE FALSE  TRUE FALSE FALSE  TRUE  TRUE  TRUE FALSE FALSE FALSE FALSE FALSE  TRUE  TRUE FALSE  TRUE  TRUE
[190] FALSE FALSE  TRUE FALSE FALSE FALSE FALSE  TRUE FALSE FALSE  TRUE  TRUE FALSE FALSE  TRUE FALSE  TRUE  TRUE FALSE  TRUE FALSE
[211]  TRUE FALSE  TRUE  TRUE FALSE  TRUE  TRUE  TRUE  TRUE  TRUE FALSE  TRUE  TRUE FALSE  TRUE FALSE FALSE FALSE FALSE FALSE FALSE
[232]  TRUE  TRUE FALSE  TRUE  TRUE  TRUE FALSE  TRUE FALSE FALSE  TRUE FALSE FALSE FALSE FALSE  TRUE FALSE FALSE FALSE  TRUE FALSE
[253] FALSE FALSE  TRUE FALSE FALSE  TRUE  TRUE  TRUE  TRUE  TRUE  TRUE  TRUE FALSE FALSE FALSE  TRUE FALSE  TRUE  TRUE  TRUE FALSE
[274]  TRUE FALSE  TRUE  TRUE FALSE FALSE FALSE FALSE FALSE  TRUE FALSE  TRUE FALSE FALSE FALSE  TRUE  TRUE FALSE  TRUE  TRUE  TRUE
[295]  TRUE FALSE  TRUE  TRUE FALSE FALSE FALSE FALSE FALSE FALSE FALSE FALSE FALSE FALSE  TRUE  TRUE  TRUE  TRUE FALSE FALSE  TRUE
[316] FALSE  TRUE  TRUE  TRUE  TRUE FALSE FALSE  TRUE  TRUE  TRUE  TRUE  TRUE  TRUE FALSE FALSE FALSE FALSE  TRUE  TRUE  TRUE  TRUE
[337]  TRUE  TRUE  TRUE FALSE FALSE FALSE FALSE  TRUE  TRUE  TRUE  TRUE  TRUE FALSE FALSE FALSE  TRUE  TRUE  TRUE FALSE  TRUE  TRUE
[358]  TRUE FALSE FALSE  TRUE FALSE  TRUE FALSE  TRUE FALSE FALSE  TRUE FALSE  TRUE  TRUE FALSE  TRUE  TRUE  TRUE FALSE  TRUE  TRUE
[379] FALSE  TRUE FALSE  TRUE  TRUE  TRUE FALSE FALSE  TRUE FALSE  TRUE  TRUE  TRUE FALSE  TRUE FALSE FALSE  TRUE  TRUE FALSE  TRUE
[400] FALSE  TRUE FALSE  TRUE  TRUE  TRUE FALSE  TRUE  TRUE FALSE FALSE  TRUE  TRUE  TRUE FALSE  TRUE  TRUE  TRUE FALSE  TRUE  TRUE
[421] FALSE  TRUE  TRUE FALSE  TRUE  TRUE  TRUE  TRUE FALSE  TRUE  TRUE FALSE  TRUE  TRUE FALSE FALSE FALSE FALSE  TRUE FALSE  TRUE
[442] FALSE  TRUE  TRUE FALSE  TRUE FALSE  TRUE FALSE FALSE  TRUE  TRUE  TRUE  TRUE FALSE FALSE  TRUE FALSE FALSE  TRUE  TRUE FALSE
[463] FALSE FALSE FALSE FALSE  TRUE  TRUE FALSE  TRUE FALSE  TRUE FALSE  TRUE  TRUE FALSE FALSE  TRUE  TRUE  TRUE FALSE  TRUE FALSE
[484] FALSE  TRUE  TRUE FALSE  TRUE  TRUE FALSE FALSE FALSE FALSE  TRUE FALSE FALSE  TRUE  TRUE  TRUE  TRUE  TRUE FALSE FALSE  TRUE
[505]  TRUE FALSE FALSE  TRUE  TRUE FALSE  TRUE  TRUE  TRUE  TRUE  TRUE FALSE FALSE  TRUE FALSE FALSE FALSE  TRUE  TRUE  TRUE  TRUE
[526]  TRUE  TRUE  TRUE  TRUE  TRUE  TRUE FALSE  TRUE  TRUE  TRUE FALSE  TRUE  TRUE FALSE  TRUE  TRUE  TRUE FALSE  TRUE FALSE FALSE
[547]  TRUE FALSE  TRUE FALSE  TRUE  TRUE  TRUE FALSE FALSE  TRUE  TRUE  TRUE  TRUE  TRUE  TRUE  TRUE  TRUE  TRUE  TRUE  TRUE  TRUE
[568] FALSE FALSE FALSE FALSE FALSE FALSE  TRUE  TRUE  TRUE FALSE  TRUE  TRUE FALSE  TRUE FALSE  TRUE FALSE  TRUE FALSE FALSE FALSE
[589]  TRUE  TRUE FALSE  TRUE FALSE FALSE  TRUE  TRUE  TRUE  TRUE  TRUE  TRUE  TRUE  TRUE  TRUE  TRUE  TRUE FALSE  TRUE  TRUE  TRUE
[610]  TRUE  TRUE  TRUE  TRUE  TRUE  TRUE  TRUE  TRUE  TRUE  TRUE  TRUE  TRUE  TRUE  TRUE  TRUE  TRUE FALSE  TRUE FALSE FALSE  TRUE
[631]  TRUE FALSE  TRUE  TRUE FALSE  TRUE  TRUE  TRUE  TRUE  TRUE  TRUE  TRUE  TRUE  TRUE  TRUE FALSE  TRUE  TRUE  TRUE  TRUE  TRUE
[652]  TRUE FALSE  TRUE  TRUE  TRUE  TRUE  TRUE  TRUE  TRUE  TRUE FALSE  TRUE  TRUE  TRUE FALSE FALSE  TRUE  TRUE FALSE  TRUE  TRUE
[673]  TRUE  TRUE FALSE  TRUE  TRUE  TRUE  TRUE  TRUE  TRUE  TRUE  TRUE  TRUE  TRUE FALSE  TRUE  TRUE  TRUE  TRUE FALSE  TRUE  TRUE
[694]  TRUE  TRUE  TRUE  TRUE  TRUE FALSE  TRUE  TRUE  TRUE  TRUE  TRUE  TRUE  TRUE  TRUE  TRUE  TRUE  TRUE  TRUE  TRUE  TRUE  TRUE
[715]  TRUE  TRUE  TRUE  TRUE  TRUE  TRUE FALSE  TRUE  TRUE  TRUE  TRUE FALSE  TRUE  TRUE  TRUE  TRUE  TRUE  TRUE  TRUE  TRUE  TRUE
[736]  TRUE  TRUE  TRUE  TRUE  TRUE  TRUE  TRUE  TRUE FALSE  TRUE  TRUE  TRUE  TRUE  TRUE  TRUE  TRUE  TRUE FALSE  TRUE  TRUE  TRUE
[757] FALSE  TRUE  TRUE  TRUE  TRUE FALSE  TRUE  TRUE  TRUE  TRUE  TRUE  TRUE  TRUE  TRUE  TRUE  TRUE  TRUE  TRUE  TRUE  TRUE  TRUE
[778]  TRUE FALSE  TRUE  TRUE  TRUE  TRUE  TRUE  TRUE  TRUE  TRUE  TRUE  TRUE  TRUE FALSE  TRUE  TRUE  TRUE  TRUE  TRUE  TRUE  TRUE
[799]  TRUE  TRUE  TRUE  TRUE  TRUE  TRUE  TRUE FALSE FALSE  TRUE  TRUE  TRUE  TRUE  TRUE  TRUE  TRUE  TRUE  TRUE  TRUE  TRUE  TRUE
[820]  TRUE  TRUE  TRUE  TRUE  TRUE  TRUE  TRUE  TRUE  TRUE  TRUE  TRUE  TRUE  TRUE  TRUE  TRUE  TRUE  TRUE

