
Birth-death simulation object with 764 species and 500 extant species

Details for some species:

Extinction times (NA means extant)
[1] 63.46982 76.65702 60.77367 18.75149 48.59863 35.96583


Speciation times 
[1] 78.77596 76.95986 70.65285 68.70619 68.61023 66.27343


Species parents (NA for initial)
[1] NA  1  1  1  3  4


Species status (extinct or extant)
[1] "extinct" "extinct" "extinct" "extinct" "extinct" "extinct"


For more details on vector y, try sim$y, with y one of
TE TS PAR EXTANT



$TE
  [1] 63.46982241 76.65701721 60.77366739 18.75149205 48.59863283 35.96582548  8.44630932
  [8] 50.44445567 46.70318153          NA 52.94349216 29.05485334 53.79465523  5.13138490
 [15] 51.11127225 32.18542020          NA          NA          NA 11.58382017 29.30001788
 [22]  2.72308051 40.62319569          NA  6.51826795 34.66385831 33.29532108          NA
 [29] 52.00057361 39.67813477 29.16555710  6.33128646 46.09917041 35.36307089          NA
 [36] 15.83292622  4.91997201  5.53025014          NA  5.21180203          NA  9.85003455
 [43] 50.07142730 36.63952062 46.02511995 42.24599273  4.51125693          NA          NA
 [50] 27.75485271          NA  3.08289912          NA          NA 22.66047507          NA
 [57] 12.37422597          NA 40.72108516 15.94608708 49.38955373          NA  1.20411602
 [64]          NA 51.88872024 41.59464035 42.47096177 28.64750444 28.85539985 38.46141094
 [71]          NA 46.47064384          NA 17.42807042 46.58966753 29.35131595 18.96578574
 [78]  0.73088141 35.42172558 23.29703996          NA 13.34899255 22.35817366          NA
 [85]          NA          NA          NA          NA          NA          NA          NA
 [92] 15.38833133          NA          NA          NA          NA  6.71112724 10.88312639
 [99]          NA          NA          NA 34.46116052          NA 19.04002342 26.55835555
[106] 25.91504989 22.77634261          NA 28.26670886  0.46330283  0.66368487 22.20781498
[113]          NA 29.98157993          NA 30.26888088 20.85252328          NA  8.98225636
[120]          NA 33.68224589 20.56721358 23.03706679 10.08952467          NA 15.70426676
[127] 15.43396759          NA 36.64725366          NA 26.71942746  5.23431565 17.89026317
[134]          NA  7.85814059  0.97983393 30.28399478  6.05300804          NA          NA
[141]          NA          NA  2.20841631          NA          NA          NA          NA
[148]          NA          NA          NA 13.35194391  8.75373868          NA          NA
[155]          NA 29.09176187          NA 13.41507115 15.42524071  8.43887546 18.52474747
[162]          NA          NA          NA 12.92499617  6.78607901          NA 15.89339235
[169]          NA 19.07144120 11.04603742          NA 28.30637209 16.20353687  7.39353357
[176] 10.44062503          NA  0.10618655 24.93650983          NA          NA 14.91309363
[183]  7.07182110          NA 28.62607791  0.41680191          NA          NA 25.29300760
[190] 16.16572162 27.76600106 15.03169672          NA          NA          NA          NA
[197]  7.60411808          NA          NA 17.37326263  8.72300741          NA  7.20466740
[204]          NA 14.20325351 18.51699898 19.45438270 12.90819916  1.43659837          NA
[211]          NA          NA          NA 19.03987812          NA          NA          NA
[218]          NA          NA          NA          NA 28.74903680          NA          NA
[225]          NA          NA          NA 23.84935149          NA  4.88995484 10.71075722
[232]          NA          NA          NA          NA          NA          NA          NA
[239]          NA          NA          NA 17.66519915  3.57512378 25.18369797  2.98332475
[246]          NA          NA 18.11683005          NA          NA          NA          NA
[253]          NA          NA          NA          NA          NA          NA  2.23160320
[260]          NA 21.33530981          NA 18.52998134 16.23986307          NA 21.37948386
[267]  8.08328701          NA          NA          NA          NA          NA 18.87530248
[274]          NA          NA          NA          NA          NA          NA          NA
[281]  5.97178820  1.87449738  0.07489859 14.88391257          NA          NA 23.06006695
[288]  1.87508323 22.32967876  3.54974659          NA          NA 13.29126581  0.91582318
[295]  5.85226402  0.99538912          NA  4.94834169          NA          NA          NA
[302]  5.12682913  8.85090328 13.27013295          NA  2.05623367          NA          NA
[309]          NA          NA          NA          NA          NA          NA 11.16709731
[316]          NA          NA          NA          NA  7.55309367          NA          NA
[323]  4.12617676  9.00128707          NA          NA  4.73466729          NA          NA
[330]  7.78411794          NA          NA 21.94889629  6.51197626          NA  5.70349609
[337]          NA          NA          NA          NA          NA          NA          NA
[344]          NA          NA  8.53532802 14.87379636          NA          NA          NA
[351]          NA          NA 10.61284851 10.34274953  4.99828309  3.34477992 17.44900444
[358]          NA          NA          NA 11.88717927          NA          NA          NA
[365]          NA          NA          NA          NA          NA  4.47173722          NA
[372]          NA 12.38277327 11.81529573  7.55944635  5.48595700  0.63539720          NA
[379]          NA          NA          NA          NA          NA 17.21838258  2.80219652
[386]          NA          NA          NA 11.61774147          NA  7.38494877          NA
[393]  9.32510802  6.83100081  2.63194047          NA 11.15523943  5.20477498 17.04653365
[400]          NA          NA  9.96523669          NA  8.47435849          NA          NA
[407] 13.35045587          NA  0.33623715  5.77175386          NA          NA          NA
[414]          NA          NA          NA          NA          NA          NA          NA
[421]          NA          NA          NA          NA 12.01373418          NA  3.33064914
[428]  4.94414648          NA          NA  0.88942017          NA          NA  4.32943269
[435]          NA          NA          NA          NA          NA          NA          NA
[442]          NA          NA          NA          NA 13.64600009          NA          NA
[449]          NA          NA          NA          NA          NA          NA          NA
[456]          NA          NA          NA          NA          NA          NA 11.99125329
[463]          NA          NA          NA          NA 14.64847428  1.71328019          NA
[470]          NA  3.58462442  4.33625215  6.76647341          NA          NA  2.26212683
[477]          NA          NA          NA  1.18375323          NA          NA          NA
[484]          NA          NA  5.54032483          NA          NA 15.57877449          NA
[491]          NA          NA          NA          NA  2.28345623          NA          NA
[498]  2.54894917          NA 10.42618780          NA  5.81083818          NA          NA
[505]          NA  6.90476220          NA          NA          NA          NA  2.39122196
[512]  1.00821501          NA          NA          NA          NA          NA          NA
[519] 11.44082355          NA          NA          NA          NA          NA          NA
[526]          NA  2.70019662  6.83247458          NA          NA          NA          NA
[533]          NA  0.80443362          NA  1.03399721          NA          NA          NA
[540]          NA          NA  1.82290548          NA  2.85910137  9.27002675          NA
[547]          NA          NA          NA          NA  1.14573166          NA          NA
[554]          NA          NA          NA          NA  5.40314089          NA          NA
[561]          NA          NA          NA          NA          NA          NA          NA
[568]          NA          NA  0.80086861          NA          NA          NA          NA
[575]          NA  0.79267525          NA          NA          NA          NA  1.48333361
[582]          NA          NA          NA  0.39633278          NA          NA          NA
[589]          NA          NA  4.23265093          NA          NA          NA          NA
[596]          NA          NA          NA  6.72092847  0.51972437          NA  5.53978174
[603]          NA  6.35755047          NA          NA          NA          NA          NA
[610]          NA  0.26524899          NA          NA          NA  1.27657584          NA
[617]          NA          NA          NA          NA          NA          NA  5.82486730
[624]          NA          NA          NA          NA          NA  0.72454712          NA
[631]          NA          NA  1.33168306  1.46444452          NA          NA          NA
[638]          NA          NA          NA          NA          NA          NA          NA
[645]          NA          NA          NA  5.99964600          NA          NA          NA
[652]          NA          NA  3.62231942          NA          NA          NA          NA
[659]          NA          NA          NA          NA          NA  2.14873072          NA
[666]          NA          NA          NA          NA          NA          NA  3.96647723
[673]          NA  1.36651218          NA  1.22784413          NA          NA          NA
[680]          NA          NA  1.12115347          NA          NA  5.77905357          NA
[687]  3.07966154  1.10703650          NA          NA          NA          NA  1.11546380
[694]          NA          NA          NA          NA          NA          NA          NA
[701]          NA          NA          NA          NA          NA          NA          NA
[708]          NA          NA          NA          NA          NA          NA          NA
[715]          NA          NA          NA  1.95312710          NA  0.30138798          NA
[722]  2.17551260          NA          NA          NA          NA          NA          NA
[729]          NA          NA          NA          NA          NA          NA          NA
[736]          NA          NA          NA          NA          NA          NA          NA
[743]          NA          NA          NA          NA          NA          NA  2.14451861
[750]          NA          NA          NA          NA  0.72826044          NA          NA
[757]          NA          NA          NA          NA          NA          NA          NA
[764]          NA

$TS
  [1] 78.77595716 76.95985780 70.65284823 68.70618927 68.61022716 66.27342524 64.21359484
  [8] 60.02890768 54.87588490 23.97371697 58.24626034 52.72215502 57.68750807 40.16063168
 [15] 59.23173713 58.75082385 35.63225599 21.15098531 21.12930787 12.52936273 53.19603217
 [22] 57.61490307 57.41410940 45.69059139 43.54064683 39.87883083 38.04907825 56.14848379
 [29] 55.59978180 54.19512625 56.62844199 53.73571296 52.37537549 40.58702391 34.45887782
 [36] 23.62380797 19.34557240 16.45708929 13.69437967 13.35233732  7.69093833 51.59792902
 [43] 53.46148652 51.85400849 51.67147575 44.82866669 41.26446388 36.16621502 30.02670860
 [50] 43.43224201 34.72671071 34.66042750 33.42653708 31.83166499 24.72379640 19.17372705
 [57] 18.04503360  7.23153777 54.11366298 44.60132596 52.26758280 46.12318411 18.84828233
 [64] 11.53418998 52.37883508 49.74730293 43.67415965 31.71292004 30.19828966 50.34578170
 [71] 48.90545254 48.03674831 38.23683098 23.75554098 47.41781668 42.93219768 45.84146416
 [78] 46.42306394 45.67114053 41.99409527 36.29910694 36.29817687 24.98257242 21.97470343
 [85] 16.65819888 14.73817385  7.47706067  5.05154004  4.71427781  1.66621377 44.26732103
 [92] 39.46681654 18.77750095  1.44903265 41.40136643 32.53082994 29.03677174 27.59568944
 [99]  8.23978240  5.12971907 42.76722060 42.74707896 38.25718336 31.56752432 28.95985709
[106] 27.43063851 26.17759943  5.44673707 35.09528122 30.17498897 38.69144778 37.87996591
[113] 35.61378410 30.47517916 28.95050047 39.58416272 32.80552266 27.93682220 19.70732924
[120]  4.34851353 36.51918386 27.36469568 26.04917306 25.25307291 40.84496767 34.91226904
[127] 17.55328980  0.96493895 39.43471658 35.27822242 28.47569988 27.75951332 18.25465334
[134] 16.25565420 13.86570459  5.75344183 32.84521676 19.25970787 13.96096059 33.82441837
[141] 18.95211849 17.87083228 38.63828219 36.58303161 33.55129149 30.39572082 25.27345635
[148] 20.63460034 10.97838177  1.67292849 29.34368731 16.04486712 21.32788139 13.34424360
[155] 36.25541754 35.33771936 24.54356688 33.65514277 32.03975077 24.25223370 23.23693977
[162] 14.36605273 13.44048761  7.47150673 24.41283282 16.42309567 21.14646702 18.06469847
[169] 26.74850514 26.71091195 21.68967644  2.98300721 30.34440390 25.29063248 23.01592971
[176] 20.10720957  9.02160463  7.37418955 30.19206178 29.75142400  0.26321503 27.12045912
[183] 10.46764426  6.06300997 34.06044733 33.04953246 15.07906219 24.96946278 32.33334257
[190] 32.30646887 30.48870383 23.73457460 13.17523509 28.79360013 26.61724045 22.32271021
[197] 21.50091446 12.95098278 32.94113796 24.95893451 28.68843928 24.89361507 19.08732125
[204] 32.97490167 21.20337297 29.95168509 27.26963691 23.75294119 10.71224459  4.85072044
[211] 14.80256669 11.20143300  9.02517429 30.18538293 22.23246771 18.08913966 10.15936032
[218]  9.18793189  7.03269475  2.03202350  0.33725500 30.68457790 29.85753085 26.24921243
[225]  1.84092858  1.31026378 31.09545636 29.78127899 24.56212444 12.43197808 12.28081087
[232]  5.32796716  1.49636868 22.75669407 19.27884747 10.67400307  3.01293400 22.99765981
[239] 13.79075380  2.56497099 29.68501439 29.83982478  6.29459975 26.83126428 14.42389576
[246]  2.93342132 17.62140129 25.08017189 18.97280423 11.35431788  3.25767110  0.45733377
[253] 23.96379212 21.39347493 11.57005097  4.02411743 12.50638762 23.54541290 25.64004989
[260] 24.37217687 22.94136985 19.21252941 19.11323836 19.10130850 28.82431229 27.69007069
[267] 17.56210584 20.39990074 15.47526206  4.81189566  1.07593917  1.06593542 26.84578368
[274] 18.34452251 11.97816006 28.25471030  4.07195516 12.82373333  7.43739138  3.60006242
[281] 20.64209061 22.70449940 27.49844777 21.34597348 25.40898326 22.04592999 23.43175521
[288] 24.17981757 22.34650893 16.88986858 12.13726385  6.25739144 16.24174286 12.36557337
[295] 18.73062856 17.75667727 17.83221808  8.58040192  5.55610063  2.08854949  1.61743623
[302] 21.43355155 10.33005647 23.75930395 23.72497987 23.30886425  1.73628490 21.44933696
[309] 19.61806692 17.80710501 12.36336082  1.22389677 16.49068389 15.83674806 12.43646068
[316]  8.00881850  7.50134217  5.82591596 22.81888806 20.60923039 22.25443565 19.97459587
[323] 14.50677730  9.93149745 21.12229158 15.97923364 13.09168558 10.39419082 12.30238211
[330] 14.17322426  8.09008008  5.38064271 23.31744576 15.48183289 13.40671905 22.65130783
[337] 16.93228860 18.73219534 14.03195080  7.56211209  2.19400322  1.59750784  1.08555307
[344]  0.11162371 23.15238678 19.90218088 21.55441848 19.60231310 18.03029586 17.72667398
[351]  6.28579701  3.06223445 17.12197496 16.79367905 11.70920860  9.73352156 21.76240418
[358] 10.68406486  8.67765009 21.94307926 18.63293544  6.25795516 20.82550650 13.91374705
[365] 10.82834599 21.89602757  0.25477006 13.95793430 10.95017904  8.84043913  6.24347743
[372]  0.03950482 16.13811723 16.58399889  8.36430505  7.50465205 10.86691444  3.44004740
[379] 15.34271588 20.46218955 16.08719657 12.77733939  8.18928410 17.64467727 14.25354391
[386]  7.54485503 10.91232014  7.51091535 12.28463448  9.99574879  8.56091184  2.74417596
[393] 11.16642135 10.92485439  5.67081527 16.75708630 16.49767924  9.16069247 19.16834007
[400] 16.82829846 10.68590643 18.32174317  0.43209828 19.26574898 11.85261807  7.18133132
[407] 14.28185556  4.01519880 10.29925154  9.73202455  2.81957213 10.55585556  1.57562342
[414]  1.25545093 11.71113658  3.21130135 19.15231051  2.63262194  9.79598930  8.84669836
[421]  9.52645441 18.65377610 16.04205725  2.25284909 17.22391338  4.60184035 16.12580589
[428]  6.83822793  2.08819825  1.34224178 18.36208318  9.30339930  7.80540422  4.71672676
[435] 15.95418215 14.06525762  8.18901951  4.02297884 14.21793481  2.54165823  2.26669128
[442]  8.76354536  3.94080391  2.11724246  1.13564570 16.23563016  8.54982698  5.79390729
[449] 12.02208221  9.47765885  7.41137308 17.44758036  2.88470510 14.84103033 14.59284022
[456] 14.89264095 10.73251336  0.89941163 16.61824659  8.10104525 14.90836714 13.38608893
[463]  8.25539707  2.21215818  6.75979663  9.11243768 14.67172091 13.98462100 12.74214465
[470]  6.38414998 14.63048763 16.01156122 15.15237620 14.12516917 14.02921959  8.70974262
[477] 11.19287710  9.56767560  6.20546684  3.00359902  1.67403456 14.82747733 12.78541674
[484]  9.29118244 10.07859133 10.03640004  5.15955549 13.40438914 15.64494749  7.96852302
[491]  5.85526117 11.38809260  7.31010703  6.52598067  4.79206994  8.44518454  2.56353032
[498]  7.35795127  6.01828741 10.87999679  9.03150610 13.19148231  7.59577369  4.01468160
[505]  0.33951502  7.44309217  6.67957627  2.30614138  1.80280512 12.66591023 11.05248755
[512]  6.23212391 14.27280724 12.31458595 11.90483094  5.44171011  9.96414815  5.90956760
[519] 13.54060535 12.62519583  2.97866191  3.81162700  1.72022939  9.48789986  6.38324004
[526] 10.66195484  3.84873475 11.05102871  5.13452729 11.39586103  2.81394498  8.64243827
[533]  1.55540180  1.35660306  7.53105929  6.80565509  5.36874288  4.49214262  1.42166106
[540]  4.46292304  7.14017935  5.94560174  7.48876795  6.24965270  9.40269565  6.01801724
[547]  1.13097028  9.47066238  8.38987576  2.49651864 10.89661030  8.47033037  1.44302439
[554] 10.72382226  6.47741211 10.04245035  3.23826199 11.06368274  8.71657311  1.75371669
[561]  2.54204894 11.61890707  5.42537714  8.12327888  8.26233813  1.71085816  0.56734465
[568]  3.10367705  1.12035619  2.92984725  2.39304366  7.27762926  5.44416695 10.39802669
[575]  8.63237538  5.08103457  5.58705586  7.44655407  2.53785223  3.84417514  2.48552777
[582]  2.20043606  7.91560217  9.63552234  6.88917045  9.31306182  8.74276850  5.07897049
[589]  9.61091034  3.68476532  8.49988325  0.12871571  9.48188332  6.99094830  8.28171545
[596]  8.83684131  7.71959670  7.60999347  9.05652856  0.55045512  9.25425886  7.37236009
[603]  0.98264956  9.58329016  7.81830976  7.02261753  2.68157242  0.94807336  7.13977211
[610]  2.87383594  8.21966216  3.98554236  9.13874796  2.23005526  7.82383208  7.32243581
[617]  6.43339979  5.67028094  1.73588831  6.36914965  5.00714460  4.78299239  8.32066891
[624]  6.48332990  3.48855236  0.13806238  3.19463556  5.94554379  4.57206991  2.24742963
[631]  1.07916168  4.21259532  7.88267430  6.44629333  2.59584072  4.01069790  5.16324716
[638]  8.47025127  5.71799788  4.68376871  2.66423475  5.41305151  2.24438447  5.83663686
[645]  1.44360139  5.05080437  0.46801978  6.08074054  7.80224248  3.19365727  2.17545433
[652]  1.47724399  7.33590352  4.31714743  4.86629344  1.77093344  2.80729607  0.96474804
[659]  0.16112486  4.92343703  3.29119014  1.19448992  6.49860783  4.42179272  2.82227315
[666]  3.63471893  0.55774556  4.65904315  5.31817796  4.57842210  6.19369505  6.18743237
[673]  0.24752993  2.79161769  5.61055832  1.76723568  0.60791303  5.57452111  4.69067766
[680]  6.33259874  5.52894284  1.81476007  0.42135551  5.92504346  6.16503363  0.18632228
[687]  6.12491514  2.04635849  1.69088306  1.85244093  5.32805371  2.94760854  3.60233343
[694]  2.74866655  4.06057855  4.49108008  1.43157195  1.28001616  3.20445874  3.43348493
[701]  1.12699301  0.85834488  0.25279428  3.33704798  1.83470463  3.45795648  2.09540709
[708]  2.53381989  2.66923825  5.34764604  1.95533167  1.31263659  1.32625423  3.43832444
[715]  2.63747936  2.43464067  4.16665605  2.51637855  3.12584317  3.69749922  1.90588107
[722]  4.51139209  0.03024521  3.48013754  2.70507620  1.55716883  0.07688620  3.43294436
[729]  3.94220839  0.08504344  3.86393102  0.31133355  2.84913293  1.56601237  0.01037356
[736]  1.60429109  2.13587327  0.55800325  2.70652581  0.68735057  2.56882002  1.39604186
[743]  2.08743481  0.30272242  0.24677752  0.70696441  0.91509012  0.48687084  2.36548830
[750]  1.58779539  0.05308917  2.18262230  0.26561818  1.34804808  1.19545670  0.91909805
[757]  1.69975539  0.69708028  0.01225889  0.27647866  1.10229602  0.64428188  0.63678455
[764]  0.47507664

$PAR
  [1]  NA   1   1   1   3   4   4   4   4   4   5   5   6   6   7   7   7   7   7   7   8  15  16
 [24]  16  16  16  16  13  13  13  22  22  22  22  22  22  22  22  22  22  22  23  31  31  31  31
 [47]  31  31  31  28  28  28  28  28  28  28  28  28  29  30  59  59  32  32  21  21  12  12  12
 [70]  44  44  42  42  42  70  70  66  71  71  71  71  78  78  78  78  78  78  78  78  78  62  62
 [93]  62  62  77  24  24  24  24  24  46  46  60  60  91  91  91  91  25  25  50  50  50  50  50
[116] 101 101 101 101 101 102  80  80  80  95  95  95  95  47  47  47  47  47  47  47  47 125 125
[139] 125  14  14  14 116 111 111 111 111 111 111 111 143 143 103  73 112 112 112 144 144 144 144
[162] 144 144 144  81  81  82  82 155 155 155 155  48  48  48  48  48  48  17  17  17 113 113 113
[185] 156 130 130 126  51  51  51  51  51  52  52  52  52  52  35  35 185 140 140 158 145  53  53
[208]  53  53  53 186 186 186 204 204 204 204 204 204 204 204 199 199 199 199 199 137 117 117  96
[231]  96  96  96 159 159  54  54 104 227 227 191 146 146 214 110 110  49 206 206 223 223 223 242
[254] 180 180 180 241 151  97  97  97  97  97  97 105 105 115 265 265 265 265 194 201 201 201 131
[277] 276 118 118 118 132 266  98 283 122 122 273 170 195 195 259 259 285 285 174 174 147 147 147
[300] 147 147 124 124 248 188 188 188 202 202 202 202 202 229 229 229 229 229 229 157 157 165 165
[323] 260 260 160 160 160 160 288 253 253 253 304 304 304  74 192 305 305 305 305 305 258 258 306
[346] 306 345 345 345 345 345 345 175 175 175 175 261 319 234 282 282 282 196 196 196 321 321 215
[369] 215 215 215 215 286  84  84  84 366 366 171 347 197 197 197 308 302 302 254 254 153 153 153
[392] 153  18  18 167  19  19  19 325 281 281 148 148 380 380 268 322 322 119 309 309 348 348 348
[415]  37 235 404 262 417 203 249 141 141 141  63  63  93  93  93  93 338 338 338 338 295 431 431
[438] 431 274 274 274 216 216 216 216 349 349 349 297 297 297 296 296 350 350 247 247 247 267 452
[461] 337 337 337 337 290 400 354 396 396  85 459 397 397 313 313 313  38 166 134 134 134 373 373
[484] 381 152 423 423 472 326 326 326 435 435 435 435 314 314 269 269 379 461 456 456 456 456 482
[507] 211 211  86 471 471 471 455 455 455 323 162 513 385 385 385 439 439 436 339 475 468 139 139
[530] 368 368 364 239 239  39  39  39 163 163 488 154 154 502 502 327 198 483 382 382 382 469 469
[553] 469 510 510 520 520 230 294 294 311 329 291 449 275 515 515 405 405 415 415 355 562 255  64
[576]  64 250 477 477 149 149 149 369 394 394 377 377 377 365 457 554 554 358 236 412 183 183 574
[599] 217 556 486 390 517 324 410 584 478 478 421 421 450 450 548 432 601 601 601 218 218 398 613
[622] 613 466 466 466 466 213 177 177 177 177 420 596 442 442 559 532 575 575 575 575 496 549 623
[645] 595 463 463 383 564 490 490 583 615 433 597 597  41  41  41 598 503 503 376 543 543  87 164
[668] 578 279 178 616 406 406 541 219 219 606 465 507 624 555 470 620 243 362 362 292 512 512 671
[691] 687 499 542 542 628 684 684 684 491 644 318 318 318 639 639 395 299 681 573 563 642 642 710
[714] 669 637  88 646 646 655 210  89 640 426 670 696 696 632 277 256 438 408 731 522 724 724 706
[737] 714 557 237 521 453 610 733 392 392 607 741 497 561 579 579 581 716 571 571 441 630 582 619
[760] 566 698 445 271 740

$EXTANT
  [1] FALSE FALSE FALSE FALSE FALSE FALSE FALSE FALSE FALSE  TRUE FALSE FALSE FALSE FALSE FALSE
 [16] FALSE  TRUE  TRUE  TRUE FALSE FALSE FALSE FALSE  TRUE FALSE FALSE FALSE  TRUE FALSE FALSE
 [31] FALSE FALSE FALSE FALSE  TRUE FALSE FALSE FALSE  TRUE FALSE  TRUE FALSE FALSE FALSE FALSE
 [46] FALSE FALSE  TRUE  TRUE FALSE  TRUE FALSE  TRUE  TRUE FALSE  TRUE FALSE  TRUE FALSE FALSE
 [61] FALSE  TRUE FALSE  TRUE FALSE FALSE FALSE FALSE FALSE FALSE  TRUE FALSE  TRUE FALSE FALSE
 [76] FALSE FALSE FALSE FALSE FALSE  TRUE FALSE FALSE  TRUE  TRUE  TRUE  TRUE  TRUE  TRUE  TRUE
 [91]  TRUE FALSE  TRUE  TRUE  TRUE  TRUE FALSE FALSE  TRUE  TRUE  TRUE FALSE  TRUE FALSE FALSE
[106] FALSE FALSE  TRUE FALSE FALSE FALSE FALSE  TRUE FALSE  TRUE FALSE FALSE  TRUE FALSE  TRUE
[121] FALSE FALSE FALSE FALSE  TRUE FALSE FALSE  TRUE FALSE  TRUE FALSE FALSE FALSE  TRUE FALSE
[136] FALSE FALSE FALSE  TRUE  TRUE  TRUE  TRUE FALSE  TRUE  TRUE  TRUE  TRUE  TRUE  TRUE  TRUE
[151] FALSE FALSE  TRUE  TRUE  TRUE FALSE  TRUE FALSE FALSE FALSE FALSE  TRUE  TRUE  TRUE FALSE
[166] FALSE  TRUE FALSE  TRUE FALSE FALSE  TRUE FALSE FALSE FALSE FALSE  TRUE FALSE FALSE  TRUE
[181]  TRUE FALSE FALSE  TRUE FALSE FALSE  TRUE  TRUE FALSE FALSE FALSE FALSE  TRUE  TRUE  TRUE
[196]  TRUE FALSE  TRUE  TRUE FALSE FALSE  TRUE FALSE  TRUE FALSE FALSE FALSE FALSE FALSE  TRUE
[211]  TRUE  TRUE  TRUE FALSE  TRUE  TRUE  TRUE  TRUE  TRUE  TRUE  TRUE FALSE  TRUE  TRUE  TRUE
[226]  TRUE  TRUE FALSE  TRUE FALSE FALSE  TRUE  TRUE  TRUE  TRUE  TRUE  TRUE  TRUE  TRUE  TRUE
[241]  TRUE FALSE FALSE FALSE FALSE  TRUE  TRUE FALSE  TRUE  TRUE  TRUE  TRUE  TRUE  TRUE  TRUE
[256]  TRUE  TRUE  TRUE FALSE  TRUE FALSE  TRUE FALSE FALSE  TRUE FALSE FALSE  TRUE  TRUE  TRUE
[271]  TRUE  TRUE FALSE  TRUE  TRUE  TRUE  TRUE  TRUE  TRUE  TRUE FALSE FALSE FALSE FALSE  TRUE
[286]  TRUE FALSE FALSE FALSE FALSE  TRUE  TRUE FALSE FALSE FALSE FALSE  TRUE FALSE  TRUE  TRUE
[301]  TRUE FALSE FALSE FALSE  TRUE FALSE  TRUE  TRUE  TRUE  TRUE  TRUE  TRUE  TRUE  TRUE FALSE
[316]  TRUE  TRUE  TRUE  TRUE FALSE  TRUE  TRUE FALSE FALSE  TRUE  TRUE FALSE  TRUE  TRUE FALSE
[331]  TRUE  TRUE FALSE FALSE  TRUE FALSE  TRUE  TRUE  TRUE  TRUE  TRUE  TRUE  TRUE  TRUE  TRUE
[346] FALSE FALSE  TRUE  TRUE  TRUE  TRUE  TRUE FALSE FALSE FALSE FALSE FALSE  TRUE  TRUE  TRUE
[361] FALSE  TRUE  TRUE  TRUE  TRUE  TRUE  TRUE  TRUE  TRUE FALSE  TRUE  TRUE FALSE FALSE FALSE
[376] FALSE FALSE  TRUE  TRUE  TRUE  TRUE  TRUE  TRUE FALSE FALSE  TRUE  TRUE  TRUE FALSE  TRUE
[391] FALSE  TRUE FALSE FALSE FALSE  TRUE FALSE FALSE FALSE  TRUE  TRUE FALSE  TRUE FALSE  TRUE
[406]  TRUE FALSE  TRUE FALSE FALSE  TRUE  TRUE  TRUE  TRUE  TRUE  TRUE  TRUE  TRUE  TRUE  TRUE
[421]  TRUE  TRUE  TRUE  TRUE FALSE  TRUE FALSE FALSE  TRUE  TRUE FALSE  TRUE  TRUE FALSE  TRUE
[436]  TRUE  TRUE  TRUE  TRUE  TRUE  TRUE  TRUE  TRUE  TRUE  TRUE FALSE  TRUE  TRUE  TRUE  TRUE
[451]  TRUE  TRUE  TRUE  TRUE  TRUE  TRUE  TRUE  TRUE  TRUE  TRUE  TRUE FALSE  TRUE  TRUE  TRUE
[466]  TRUE FALSE FALSE  TRUE  TRUE FALSE FALSE FALSE  TRUE  TRUE FALSE  TRUE  TRUE  TRUE FALSE
[481]  TRUE  TRUE  TRUE  TRUE  TRUE FALSE  TRUE  TRUE FALSE  TRUE  TRUE  TRUE  TRUE  TRUE FALSE
[496]  TRUE  TRUE FALSE  TRUE FALSE  TRUE FALSE  TRUE  TRUE  TRUE FALSE  TRUE  TRUE  TRUE  TRUE
[511] FALSE FALSE  TRUE  TRUE  TRUE  TRUE  TRUE  TRUE FALSE  TRUE  TRUE  TRUE  TRUE  TRUE  TRUE
[526]  TRUE FALSE FALSE  TRUE  TRUE  TRUE  TRUE  TRUE FALSE  TRUE FALSE  TRUE  TRUE  TRUE  TRUE
[541]  TRUE FALSE  TRUE FALSE FALSE  TRUE  TRUE  TRUE  TRUE  TRUE FALSE  TRUE  TRUE  TRUE  TRUE
[556]  TRUE  TRUE FALSE  TRUE  TRUE  TRUE  TRUE  TRUE  TRUE  TRUE  TRUE  TRUE  TRUE  TRUE FALSE
[571]  TRUE  TRUE  TRUE  TRUE  TRUE FALSE  TRUE  TRUE  TRUE  TRUE FALSE  TRUE  TRUE  TRUE FALSE
[586]  TRUE  TRUE  TRUE  TRUE  TRUE FALSE  TRUE  TRUE  TRUE  TRUE  TRUE  TRUE  TRUE FALSE FALSE
[601]  TRUE FALSE  TRUE FALSE  TRUE  TRUE  TRUE  TRUE  TRUE  TRUE FALSE  TRUE  TRUE  TRUE FALSE
[616]  TRUE  TRUE  TRUE  TRUE  TRUE  TRUE  TRUE FALSE  TRUE  TRUE  TRUE  TRUE  TRUE FALSE  TRUE
[631]  TRUE  TRUE FALSE FALSE  TRUE  TRUE  TRUE  TRUE  TRUE  TRUE  TRUE  TRUE  TRUE  TRUE  TRUE
[646]  TRUE  TRUE FALSE  TRUE  TRUE  TRUE  TRUE  TRUE FALSE  TRUE  TRUE  TRUE  TRUE  TRUE  TRUE
[661]  TRUE  TRUE  TRUE FALSE  TRUE  TRUE  TRUE  TRUE  TRUE  TRUE  TRUE FALSE  TRUE FALSE  TRUE
[676] FALSE  TRUE  TRUE  TRUE  TRUE  TRUE FALSE  TRUE  TRUE FALSE  TRUE FALSE FALSE  TRUE  TRUE
[691]  TRUE  TRUE FALSE  TRUE  TRUE  TRUE  TRUE  TRUE  TRUE  TRUE  TRUE  TRUE  TRUE  TRUE  TRUE
[706]  TRUE  TRUE  TRUE  TRUE  TRUE  TRUE  TRUE  TRUE  TRUE  TRUE  TRUE  TRUE FALSE  TRUE FALSE
[721]  TRUE FALSE  TRUE  TRUE  TRUE  TRUE  TRUE  TRUE  TRUE  TRUE  TRUE  TRUE  TRUE  TRUE  TRUE
[736]  TRUE  TRUE  TRUE  TRUE  TRUE  TRUE  TRUE  TRUE  TRUE  TRUE  TRUE  TRUE  TRUE FALSE  TRUE
[751]  TRUE  TRUE  TRUE FALSE  TRUE  TRUE  TRUE  TRUE  TRUE  TRUE  TRUE  TRUE  TRUE  TRUE

