
Birth-death simulation object with 782 species and 500 extant species

Details for some species:

Extinction times (NA means extant)
[1] 64.49537 67.35108 36.89493 53.45296 72.61189 64.47857


Speciation times 
[1] 93.86863 88.88030 82.56242 81.88788 75.18273 84.77084


Species parents (NA for initial)
[1] NA  1  1  1  1  2


Species status (extinct or extant)
[1] "extinct" "extinct" "extinct" "extinct" "extinct" "extinct"


For more details on vector y, try sim$y, with y one of
TE TS PAR EXTANT



$TE
  [1] 64.4953677 67.3510782 36.8949275 53.4529638 72.6118940 64.4785716 66.3482825 68.9396069
  [9] 70.3004204 71.9152833 80.0575869 60.1729952 61.9894791 29.2847850 75.3212153 44.2588244
 [17] 29.4832066         NA  8.0698939         NA 31.1753383 51.5645699 42.8973376 23.1383548
 [25]         NA 12.8087633 65.6843721 49.9706730 29.5143149 53.1292872 40.7107107 14.6824280
 [33] 37.9732176 30.4879868 12.8935980         NA 38.7853807 14.2551717 36.2085290  4.5579625
 [41]         NA 57.1645069 52.7645416 41.1558290 39.1050799 49.3510333 28.9552675 19.8961623
 [49]         NA 18.0735582  8.7799145         NA         NA  0.5883801 27.3255368  6.9027090
 [57]         NA         NA  2.4241394  9.9439289         NA         NA  5.5281995  6.1597017
 [65]         NA 21.6060532 25.0149566 34.1092883         NA 29.5199984 21.2079981         NA
 [73] 36.4456614 22.8098890         NA 33.6816706 34.9098296 29.3440777 22.2076282 17.1384420
 [81] 20.9258535 22.3600423         NA 19.7973063  2.8046028         NA 20.3112001 32.2167964
 [89] 39.1334523  0.1371267         NA 31.1042921 33.6078591 26.8232426         NA  9.5771921
 [97] 31.3204710 35.4184808         NA 28.8209597 28.9321808         NA         NA 19.5583507
[105] 23.4477811         NA 30.6183542 21.1386722  2.4420582         NA 14.2325315         NA
[113]  3.1460025         NA         NA  6.0091849         NA         NA         NA 22.2922857
[121] 20.7489139         NA  1.1787761 20.8067458 11.8985227 32.9715506  8.0643082 11.8653775
[129] 15.6744888 22.7059841         NA  8.9683404  6.6304906 12.5863741  5.6068545         NA
[137]  5.1194999 24.5044232 27.0153951         NA 24.8570183         NA         NA  6.8405730
[145] 11.9655545  4.4583449         NA         NA         NA         NA 32.4138775 20.5872116
[153]         NA         NA         NA 11.3663720  4.8266729         NA 19.1717651         NA
[161]         NA         NA  5.2904517  1.5403207         NA  2.1334292 28.4362863         NA
[169]  7.6019160 21.5980847         NA 18.7163481         NA  6.6778490  5.7719830  9.5807105
[177]         NA 24.9298895 15.3259886 14.0600749 13.6305297  2.2458267 31.2424835  6.7646791
[185] 20.9192067  1.4997891         NA  6.0651082 23.8789927  2.1665131         NA 19.1725616
[193] 14.0294922 11.3485052 26.5806894         NA 29.7810557         NA         NA         NA
[201] 14.7696210         NA  3.2847329 14.4660645 11.9455958         NA         NA 21.3800362
[209]  3.6304354 12.3534744         NA         NA         NA         NA         NA         NA
[217]         NA 22.0585867 12.1756017         NA         NA  6.1269092 19.5748210         NA
[225]         NA         NA 14.5396598 14.8597839         NA         NA         NA 17.6720462
[233] 15.9565205 23.8622697         NA  4.7533240         NA         NA         NA         NA
[241]         NA         NA 14.0299162         NA  4.0676451 17.2523188  4.0235822 14.7246644
[249] 19.2100912 14.5598093 13.3219398         NA         NA         NA         NA 14.5421857
[257]         NA         NA         NA 14.7647597         NA 15.7382176         NA  1.6406419
[265]         NA         NA 22.0795666 18.7338783 13.4843256 10.0002791 14.1442440         NA
[273]         NA         NA         NA         NA         NA         NA         NA         NA
[281]         NA  7.5533335         NA         NA         NA         NA  8.7703088         NA
[289]         NA 12.3113229         NA         NA  3.6713513         NA         NA         NA
[297]         NA         NA         NA         NA  0.1559457 12.9371500 10.6126891 21.1488670
[305] 17.8397564         NA         NA         NA         NA 18.1821703         NA  0.8651176
[313]         NA         NA 15.0553562 12.8799137         NA         NA         NA  3.0128921
[321]  0.2929014         NA         NA         NA  2.5286541         NA         NA 10.9151791
[329] 14.6180990  5.9683262         NA         NA  3.1902426         NA         NA  1.9254289
[337]         NA         NA 12.5042867 13.9655105         NA         NA         NA  6.3564664
[345] 18.2920740         NA         NA         NA  5.6045636         NA         NA         NA
[353]         NA         NA         NA         NA 12.3933431 14.3266275  1.8997531  9.1325443
[361] 10.6726185  4.5443862  0.7652845         NA         NA         NA  8.0416837         NA
[369]  0.7946288  8.1479891         NA  2.8126077         NA         NA 10.6377852  5.8155345
[377]         NA 18.9023109         NA         NA         NA         NA         NA  1.6732310
[385]         NA  7.7259014         NA  1.6880732         NA         NA         NA         NA
[393]  4.7387699         NA         NA         NA         NA         NA         NA         NA
[401]  9.6824845         NA         NA 12.3524603         NA  3.2627939         NA         NA
[409]         NA         NA 12.5799525 10.5714544  1.1634629         NA         NA         NA
[417]         NA  8.8080535         NA         NA         NA         NA  4.9419931  2.7352081
[425]         NA         NA         NA         NA         NA         NA         NA  8.1672345
[433]  7.7658396         NA  6.8375758         NA         NA         NA         NA         NA
[441]         NA         NA         NA         NA         NA         NA  4.4096659         NA
[449]         NA  3.4400832         NA  1.8643146  1.2722717         NA         NA         NA
[457]         NA 12.6518710         NA         NA         NA  2.3503298         NA  5.0295427
[465]  2.8458775         NA         NA  2.3586193         NA         NA         NA         NA
[473]         NA  8.9339352         NA  4.5751999         NA  5.4800467         NA  0.8610610
[481]  0.8768899         NA         NA         NA  4.9137100         NA         NA         NA
[489] 12.0779382  9.9682891         NA         NA  4.6521275  0.1375196  3.1303558         NA
[497]         NA         NA         NA         NA         NA         NA         NA         NA
[505] 11.8278780         NA         NA         NA         NA         NA         NA         NA
[513]         NA  0.6439189         NA         NA         NA         NA  9.1512196         NA
[521]         NA         NA         NA         NA         NA         NA         NA         NA
[529]         NA  3.5279327         NA         NA  3.8999216  2.4651421  0.8450870         NA
[537]         NA         NA         NA  3.9544772         NA         NA         NA  4.7494362
[545]  3.4889220  2.0884981         NA         NA         NA  4.1799402         NA         NA
[553]         NA  2.4219791         NA         NA         NA  1.5345181         NA         NA
[561]         NA         NA         NA         NA         NA         NA  7.6462626         NA
[569]         NA  1.8523814         NA         NA         NA         NA         NA         NA
[577]         NA         NA         NA         NA         NA         NA         NA         NA
[585]         NA         NA         NA         NA         NA         NA         NA         NA
[593]         NA  3.2094034         NA         NA         NA         NA         NA         NA
[601]         NA         NA  4.7574905         NA         NA         NA         NA         NA
[609]         NA         NA         NA         NA         NA         NA         NA         NA
[617]  3.1669578         NA         NA         NA         NA         NA         NA         NA
[625]         NA         NA         NA  2.3455703  2.1466275  0.5736321  6.2354704         NA
[633]         NA         NA         NA         NA         NA         NA         NA         NA
[641]         NA         NA         NA         NA         NA         NA         NA         NA
[649]         NA  1.5006401         NA         NA  1.9881250         NA         NA         NA
[657]         NA         NA         NA         NA         NA         NA         NA         NA
[665]  1.1776333         NA         NA  2.0683028         NA         NA         NA         NA
[673]         NA         NA         NA         NA         NA         NA         NA         NA
[681]         NA         NA         NA         NA         NA         NA         NA         NA
[689]         NA  1.5655777         NA  2.7396141         NA         NA         NA         NA
[697]         NA         NA         NA         NA         NA         NA         NA         NA
[705]         NA         NA         NA  0.1415978         NA         NA         NA         NA
[713]         NA         NA         NA         NA         NA         NA         NA         NA
[721]         NA         NA         NA         NA         NA         NA         NA         NA
[729]         NA         NA         NA         NA         NA         NA         NA         NA
[737]         NA         NA         NA         NA         NA         NA         NA         NA
[745]         NA         NA         NA  0.8113827         NA         NA         NA         NA
[753]         NA         NA         NA         NA         NA         NA         NA         NA
[761]         NA         NA         NA         NA         NA         NA         NA         NA
[769]         NA         NA         NA         NA         NA         NA         NA         NA
[777]         NA         NA         NA         NA         NA         NA

$TS
  [1] 93.868634331 88.880296734 82.562415240 81.887882001 75.182731034 84.770842312 84.554808768
  [8] 77.857847023 76.566601591 76.105587601 81.249782085 65.996113622 75.938269277 45.999171618
 [15] 75.775345166 81.061469178 80.125816584 67.956342054 65.996904815 48.797144625 76.888043703
 [22] 67.867815315 61.675286332 36.006261393 35.229973778 32.008519856 67.641980509 52.634306486
 [29] 44.103492817 74.129213658 64.775726288 50.426524715 45.216258969 44.891315092 13.305062941
 [36] 11.894912325 48.056573900 47.109148725 40.911959409 35.692802760 17.303940132 62.353205844
 [43] 57.384108396 56.611550602 44.048675162 56.466516964 45.921183770 43.684809046 50.550370006
 [50] 38.801256814 22.906880314 10.448860676  4.872015417 36.206302444 30.066155196 25.437817058
 [57] 45.110748327 36.257748809 35.902421374 27.806715027 19.995839984 15.899840712 15.770945030
 [64] 15.249591718 10.124259756 46.134129557 41.931220690 39.927049681 39.024562912 41.763686779
 [71] 35.373828164 25.211477712 38.779128760 37.661125620 34.740939664 40.101750802 38.374797089
 [78] 35.426751678 30.588972298 38.505246379 40.224161497 31.587132547 23.502095664 22.666556823
 [85]  6.441028893 36.769171794 36.494644335 41.392610681 39.815543712 25.732169347 39.945376732
 [92] 32.212668344 40.703691407 32.741731578 40.398277661 35.323826569 35.606013063 35.442727973
 [99] 34.877557118 33.207322217 32.985109380  6.177922685  4.828362769 39.248316591 29.462711099
[106] 40.001194082 36.694061068 35.391167454 28.504454671 24.699952775 19.336011005 36.923930019
[113]  8.264931666  4.821634286  1.181144768 39.568816723 31.969229074 19.642500019 37.500785781
[120] 37.493950973 25.967919629 17.545641224  4.471171854 37.506105186 19.529697305 37.530694904
[127] 32.571525122 20.273587979 17.478360233 33.995406673 28.864001472 26.208915228 20.914789719
[134] 30.452695243 26.901487928 23.740736764 29.429999996 25.319973162 33.885284944  7.855610963
[141] 33.391839038 29.505274715 27.889425535 25.087278624 18.600185880 18.536114189 14.638912777
[148] 10.970315181  9.027430470  0.092389583 33.601466944 28.453241340 24.165682671 20.851789256
[155] 29.023306827 24.435718103  4.946329694  1.958075937 30.386186333  9.465605765 25.242563048
[162] 24.426301697 24.348057208 11.417809714 10.385894746  7.121473121 34.635328603 32.675474393
[169] 28.904839424 26.318277683 27.438502470 25.693998905 22.154518171 18.660374300 12.596344580
[176] 10.718401298  2.916733604 31.031032369 22.485656141 17.639067836 32.753355785  3.061560303
[183] 31.579499128 26.535238469 33.011617232 28.988331509 25.440199891 30.247260260 24.726982003
[190] 16.110958604 32.175647030 31.610496023 29.158607311 28.926947070 28.652599367 24.340912482
[197] 31.269479147 22.333005005 12.834046977 12.298317094 26.451432112 25.831096511 18.417564080
[204] 16.689898043 23.398671589 20.450790492  9.097944140 25.400833149 19.279772561 14.633435504
[211]  8.935358956 28.904121070 27.610303583 19.582874735 17.937276064 11.051111728  0.419395002
[218] 27.831258039 17.834421836 13.649026067 15.488728164 13.651531890 28.694273331 22.925597447
[225] 19.047034806  6.637126268 26.333836511 19.627018341 26.795650115  5.421755926 16.128326970
[232] 26.997034158 28.372003446 24.990652744 17.412795038 12.340599650  7.605441173 24.803428654
[239]  3.843357460  1.995618621 27.019476136 23.572795894 15.455977116 11.401677831  6.128717718
[246] 23.400356169 21.225500852 15.349092483 26.550074010 23.467404754 24.988400919 22.671996910
[253] 19.531046739 15.779148015 15.446235701 25.688387193 22.593776113 23.689975854 20.831763007
[260] 16.421145134 25.835705272 22.294574113 24.264355410 19.589510864 24.374746650  3.970862505
[267] 22.861055215 20.232653941 24.849278093 16.294259828 14.982886368 19.445970636 21.463490529
[274] 19.896701956 18.275855117 12.210076636 11.187914376 11.302687475  3.176909160  2.207780353
[281] 19.857363187 18.898767897 10.520290987 23.543713858 20.182047686 10.672681300  8.920627768
[288]  0.512740967 18.776895311 12.662279877  8.965696279  1.801084650 12.416496160 13.352048563
[295]  9.069550376 23.623295479 14.531539443 11.285974479  3.953334589  0.013308605 15.290030128
[302] 14.288101700 13.630518588 21.888721913 22.160967751 17.494991580 17.299605390  8.398905061
[309]  6.713532297 21.931999338 20.720643242 16.295291529  3.123414637  1.186806326 16.276086370
[316] 14.164147218  5.318592954 21.946098074 21.743627797 16.895394494 14.788125149 16.938057235
[323]  2.924877070  2.848166570 16.801970629 23.088716672 22.224239286 21.441266063 16.956298255
[330] 15.031821489  9.603990808  5.258477454  3.434707949  9.510411527 10.083177751 15.982901646
[337] 15.530938047  7.822232444 22.000313488 14.967116372  8.044685003 16.815377654  6.039869161
[344] 22.149059893 19.793662897 19.692821391 10.296128430  4.014019031 16.907473857 21.252343295
[351] 19.544775354  1.855153180 21.143165845  1.890577144  4.732797943 13.536004201 12.559321102
[358] 17.032952869 11.387554688 13.194862437 18.564548033 17.678113828  0.963003645 17.006179248
[365] 13.315115277 19.499478862  8.470166386  5.930342397  3.793980974 14.884377951 14.060216406
[372] 12.375051409 10.802777780  4.170569654 14.459146665  8.994673908  7.922299256 19.670521903
[379]  5.507726689 18.666849531 10.173306422 15.683759606 17.566852730  3.394294821  0.155261368
[386] 18.385083855  3.150334278  1.840707761 18.708482338 18.623378085 12.038024307 18.052267400
[393]  9.125081074  9.039717346  7.707264349 13.441014053  8.455572677  7.800304000  4.624717976
[400]  3.542464870 18.267398151  8.166887483  6.333500368 18.509376044  4.838863458 10.444242522
[407] 18.401643249  2.123407021  1.185507670 17.091251424 16.761025002 16.198443075  7.705552576
[414] 12.603362472 12.564601159 13.716478126  9.812515778 15.545954931  6.965965707  0.478522013
[421] 11.523224844 14.632659409  9.370498987 12.773012320 17.557570987 15.693334698 13.319078990
[428]  9.208240801  1.948847677  1.912386821 16.379410074 11.231671253 16.341446077 14.131901309
[435] 12.580474441  5.369598623  4.537064381 12.457986730 12.384167188  5.149929504  5.063942652
[442]  4.094776168  8.945328054  3.284220497  1.899909825 15.597261790 15.835707514 13.301883475
[449] 10.236077705 13.008158975  8.797257617  6.961429934 11.263590198 10.063156924 13.590166283
[456] 13.675358820  1.976924266 14.708921410  7.699223515  3.668561346  2.048768905 15.009643955
[463]  6.769367860 13.390432497 10.816941181  9.411258708  6.853431358  4.512774527  9.531273407
[470]  1.185002509  6.459536913  4.671657474  2.160516291  9.618124948 12.492896761  7.956251363
[477]  3.787715018  8.147779059  9.179139474 13.765026749 11.655210990  7.833364166  6.749776696
[484]  6.489711256  5.825347623 13.748401275  6.087977332  1.133088833 14.392021837 11.567261460
[491]  3.367472095 13.459638334  9.828525213  8.587911827  8.232879151 11.516936212  3.818065045
[498]  2.048204914  8.772829060  5.337076822  4.428615786 11.893108790  6.209317181  2.487752191
[505] 12.236732324  9.266980443  2.897635965  7.661468525  2.835688111  1.471729740  9.652978498
[512]  5.722387503 12.745042904  2.216075347 11.102386420  8.942481456  6.318607578  6.341369525
[519] 10.424452412 10.262134528  9.882089366 10.480584116  4.482604615  5.652656784  6.854994195
[526]  6.717209496 12.476643974 10.896570187  9.519016112 11.386484220  5.764801018  2.021494154
[533]  5.520451408  4.608189626  3.528732878  2.927189064  1.991905892  9.213467188  7.231044981
[540]  7.609710859  4.615887360  9.480386119  7.125106466  6.136701943 11.580952070  8.468779129
[547]  8.265424370  7.742641072  8.238278381 10.872524290  9.899724202  4.731148313 11.495838807
[554]  7.747344768 11.268594434  1.656059252 10.622895721  3.858938504 10.808906090  3.001267795
[561]  0.309972979  1.844286482  9.127504112  3.296596510  3.256293404  4.713869064  9.975709403
[568]  8.183644153  5.125378552 10.003491016  5.084968798  6.516196281  4.403792034  1.840493805
[575]  1.870130822  9.462974612  1.401525262 10.156659840 10.125725341  8.060888932  5.352623611
[582]  0.764727992  1.373120224  9.348102531  0.293916578  0.824145933  3.365247088  7.658211203
[589]  5.410645913  4.835071616  0.086267252  7.073997860  2.014400935  4.291339373  9.075776765
[596]  8.867018056  6.638639381  3.829265719  9.239219179  8.619030587  4.449786719  3.320847374
[603]  4.853587546  3.549749608  3.728692875  0.254591370  5.913924968  2.609595762  9.033808845
[610]  6.945748578  6.116606697  1.423861283  6.327415806  4.648540562  2.921036579  7.897045035
[617]  5.558791665  3.361080557  2.413617614  6.028594372  0.403498604  0.358930547  8.032441276
[624]  4.795419031  2.788272923  5.422176952  7.623827060  7.358301711  3.555001356  5.608147314
[631]  8.690586793  4.205900915  5.824194889  8.797044543  5.684431270  0.436366113  0.938816739
[638]  7.047313262  0.420039708  3.565419465  4.655819845  3.539342105  3.855997768  1.595655005
[645]  7.884811270  1.232370241  3.509929173  5.431758417  6.402379331  7.331291910  0.831173581
[652]  7.170509139  6.007493121  4.888136631  1.991438153  4.285798240  5.505414210  3.555376172
[659]  3.480079845  2.628726069  5.192935886  0.723960884  1.192325361  6.769226336  2.695113888
[666]  6.941220786  6.805186722  2.098268943  5.677687304  4.102901931  1.899758673  1.322146842
[673]  3.425282234  2.891526142  2.238526004  1.025524956  5.344865236  5.179212100  0.029982428
[680]  5.880324516  2.045486689  3.923413075  2.180413551  2.363142413  6.012687422  5.568763640
[687]  5.472228986  3.187682714  3.835617752  3.999927999  2.787260339  3.719924240  0.931332941
[694]  4.658803676  4.732426307  1.775195283  3.478120584  1.287291481  1.194726752  4.807108361
[701]  1.125381840  1.240118143  5.293598992  3.074769729  5.704289895  5.393208027  5.714294985
[708]  3.949271939  4.170679545  5.286882304  4.658671443  2.860632410  3.757443214  4.465716311
[715]  2.966273415  0.636305403  3.794280768  2.402973516  1.891230280  3.987297805  1.379536796
[722]  2.236699804  2.089198835  1.852232572  2.415881755  0.072177716  4.025076947  2.975142337
[729]  0.519087098  0.083610378  0.182469519  1.300510934  1.387328037  3.365485778  1.207865416
[736]  3.325928632  1.857993103  0.228326523  1.922086308  2.359668379  2.387822044  1.031580880
[743]  2.022484337  0.169473602  0.197190247  2.067337426  0.274493256  2.179461160  2.294002047
[750]  0.134006494  1.193550341  1.066670422  1.130423583  1.490469846  0.705378348  0.091226202
[757]  2.123326259  0.744168957  0.918346818  0.411905772  1.940989405  1.367606189  1.932682529
[764]  1.606872773  1.944933177  1.244918244  0.223971229  1.312858076  0.614931481  1.503314346
[771]  0.802149883  0.052530644  0.535722129  0.002143054  0.701797648  0.404614012  1.077051751
[778]  0.987708261  0.334736207  0.246051490  0.359655023  0.131911886

$PAR
  [1]  NA   1   1   1   1   2   2   2   2   2   6   6   7   3   4  11  16  16  16  16  17  17  17
 [24]  17  17  17  21  21  21  13  30  18  18  18  18  18  19  19  19  19  19  31  23  23  23  43
 [47]  44  44  46  49  49  49  49  32  32  32  20  20  20  20  20  20  20  20  20  38  38  38  38
 [70]  66  66  66  14  14  14  47  47  47  47  33  57  57  57  57  57  34  34  29  48  48  67  67
 [93]  88  88  39  93  95  95  95  95  95  95  95  81  81  76 106 106 106 106 106  91  91  91  91
[116]  68 116 116  69  69  69  69  69  50  50  73  80  80  80 124 124 124 124 119 119 119 120 120
[139] 112 112  86  86  86  86  86  86  86  86  86  86 107  87  87  87  58  58  58  54  59  59  40
[162]  40  40  40  40  40  78  78 108 108  71  71  96  96  25  25  25  99  99  99  75  75 167 130
[185] 141 141 185 181 181 181  94  94 168 168 168 168 127 127 191 191  26  26  26  26 117 117 117
[208] 134 134 134 188 142 142 142 142 142 142 137 137 137 193 155 186 186 186 186 169 169 212 212
[231] 131 223 109 109 109 109 109 152 143 143  60  60  60 213 213 171 171 171 241 241 229 229 229
[254] 229 229 184 184 201 201 201 227 170 132 132 261 261 202 202  90  90  90 172 256 256 161 161
[277] 161  72  72  72 144 144 144 251 251 238 238 238 110 110 110 110 156 162 162 265 265 265 265
[300] 265 163 163 163 263 153 153 136 136 136 258 258 258 258 258 296 296 296 284 284 284 284  83
[323]  83  83 250 246 246 205 205 326 326 326 326 224  51 252 252 252 257 257 257 179 198 262 327
[346] 327 327 327 339 318 318 318 310 273 350 247 247 133 133 154 259 259 311 206 206 128 285  61
[369]  61 274 274 274 274 274 281 281 281 345 346 118 118 228 214 214 214 351 351 351 253 253 125
[392] 366 366 366 366 272 272 272 272 272 111 209 209 225 225 289 389 389 389 380 380 380 174 145
[415] 145 361 146 407 407 407 386 275 275 219 180 383 383 383 122 122 306 306 129 235 235  41  41
[438] 364 364 364 364 364 322 322 322 349 342 342 342 325 325 325 431 431 270 231 336  62 447 254
[461] 254  63  63 426 426 426 382 382 446 446 337 337 337 221 255 255 255 301  64 330 330 330 462
[484] 321 321 147 147 147 422 422 422 302 371 371 371 480 480 480 486 416 416 220 220 220 455 455
[507] 492 294 294 294 365 365 448 448 360 450 450 199 424 424 424 513 513 414 175 175 435 435 435
[530] 475 475 475 527 527 527 438 438 293 293 439 439 372 276 276 391 391 391 391  36 481 481 545
[553] 490 421 496 164 359 359 530 298 298 555 453 453 277 148 550 550 550 559 559 286 286 286 522
[576]  52  52 406 520 449 449 449 381 578 578 579  65 335 335 454 454 570 570 521 493 511 511 511
[599] 331 331 469 469 334 542 160 576 466 466 584 584 584 584 506 479 479 563 393 595 595 295 295
[622] 295 609 609 609 149 291 291 291 443 516 516 211 596 451 634 499 397 397 308 113 113 495 568
[645] 402 402 623 616 645 482 482 338 338 338 398 395 508 508 508 508 588 588 627 540 628 650 539
[668] 652 166 592 592 638 419 419 452 666 467 467 467 667 463 526 597 226 572 484 484 471 649 518
[691] 403 613 613 517 503 611 343 620 620 685 685 368 607 607 485 633 531 707 524 617 617 379 657
[714] 648 648 589 500 317 661 569 103 624 624 355 566 614 468 523 501 573 656 374 727 690 239 689
[737] 689 689 598 717 477 713 460 640 658 697 491 704 536 536 615 615 177 507 674 625 691 608 741
[760] 684 740 740 683 723 681 743 445 575 575 737 737 352 574 751 470 115 488 777 775 773 420 744

$EXTANT
  [1] FALSE FALSE FALSE FALSE FALSE FALSE FALSE FALSE FALSE FALSE FALSE FALSE FALSE FALSE FALSE
 [16] FALSE FALSE  TRUE FALSE  TRUE FALSE FALSE FALSE FALSE  TRUE FALSE FALSE FALSE FALSE FALSE
 [31] FALSE FALSE FALSE FALSE FALSE  TRUE FALSE FALSE FALSE FALSE  TRUE FALSE FALSE FALSE FALSE
 [46] FALSE FALSE FALSE  TRUE FALSE FALSE  TRUE  TRUE FALSE FALSE FALSE  TRUE  TRUE FALSE FALSE
 [61]  TRUE  TRUE FALSE FALSE  TRUE FALSE FALSE FALSE  TRUE FALSE FALSE  TRUE FALSE FALSE  TRUE
 [76] FALSE FALSE FALSE FALSE FALSE FALSE FALSE  TRUE FALSE FALSE  TRUE FALSE FALSE FALSE FALSE
 [91]  TRUE FALSE FALSE FALSE  TRUE FALSE FALSE FALSE  TRUE FALSE FALSE  TRUE  TRUE FALSE FALSE
[106]  TRUE FALSE FALSE FALSE  TRUE FALSE  TRUE FALSE  TRUE  TRUE FALSE  TRUE  TRUE  TRUE FALSE
[121] FALSE  TRUE FALSE FALSE FALSE FALSE FALSE FALSE FALSE FALSE  TRUE FALSE FALSE FALSE FALSE
[136]  TRUE FALSE FALSE FALSE  TRUE FALSE  TRUE  TRUE FALSE FALSE FALSE  TRUE  TRUE  TRUE  TRUE
[151] FALSE FALSE  TRUE  TRUE  TRUE FALSE FALSE  TRUE FALSE  TRUE  TRUE  TRUE FALSE FALSE  TRUE
[166] FALSE FALSE  TRUE FALSE FALSE  TRUE FALSE  TRUE FALSE FALSE FALSE  TRUE FALSE FALSE FALSE
[181] FALSE FALSE FALSE FALSE FALSE FALSE  TRUE FALSE FALSE FALSE  TRUE FALSE FALSE FALSE FALSE
[196]  TRUE FALSE  TRUE  TRUE  TRUE FALSE  TRUE FALSE FALSE FALSE  TRUE  TRUE FALSE FALSE FALSE
[211]  TRUE  TRUE  TRUE  TRUE  TRUE  TRUE  TRUE FALSE FALSE  TRUE  TRUE FALSE FALSE  TRUE  TRUE
[226]  TRUE FALSE FALSE  TRUE  TRUE  TRUE FALSE FALSE FALSE  TRUE FALSE  TRUE  TRUE  TRUE  TRUE
[241]  TRUE  TRUE FALSE  TRUE FALSE FALSE FALSE FALSE FALSE FALSE FALSE  TRUE  TRUE  TRUE  TRUE
[256] FALSE  TRUE  TRUE  TRUE FALSE  TRUE FALSE  TRUE FALSE  TRUE  TRUE FALSE FALSE FALSE FALSE
[271] FALSE  TRUE  TRUE  TRUE  TRUE  TRUE  TRUE  TRUE  TRUE  TRUE  TRUE FALSE  TRUE  TRUE  TRUE
[286]  TRUE FALSE  TRUE  TRUE FALSE  TRUE  TRUE FALSE  TRUE  TRUE  TRUE  TRUE  TRUE  TRUE  TRUE
[301] FALSE FALSE FALSE FALSE FALSE  TRUE  TRUE  TRUE  TRUE FALSE  TRUE FALSE  TRUE  TRUE FALSE
[316] FALSE  TRUE  TRUE  TRUE FALSE FALSE  TRUE  TRUE  TRUE FALSE  TRUE  TRUE FALSE FALSE FALSE
[331]  TRUE  TRUE FALSE  TRUE  TRUE FALSE  TRUE  TRUE FALSE FALSE  TRUE  TRUE  TRUE FALSE FALSE
[346]  TRUE  TRUE  TRUE FALSE  TRUE  TRUE  TRUE  TRUE  TRUE  TRUE  TRUE FALSE FALSE FALSE FALSE
[361] FALSE FALSE FALSE  TRUE  TRUE  TRUE FALSE  TRUE FALSE FALSE  TRUE FALSE  TRUE  TRUE FALSE
[376] FALSE  TRUE FALSE  TRUE  TRUE  TRUE  TRUE  TRUE FALSE  TRUE FALSE  TRUE FALSE  TRUE  TRUE
[391]  TRUE  TRUE FALSE  TRUE  TRUE  TRUE  TRUE  TRUE  TRUE  TRUE FALSE  TRUE  TRUE FALSE  TRUE
[406] FALSE  TRUE  TRUE  TRUE  TRUE FALSE FALSE FALSE  TRUE  TRUE  TRUE  TRUE FALSE  TRUE  TRUE
[421]  TRUE  TRUE FALSE FALSE  TRUE  TRUE  TRUE  TRUE  TRUE  TRUE  TRUE FALSE FALSE  TRUE FALSE
[436]  TRUE  TRUE  TRUE  TRUE  TRUE  TRUE  TRUE  TRUE  TRUE  TRUE  TRUE FALSE  TRUE  TRUE FALSE
[451]  TRUE FALSE FALSE  TRUE  TRUE  TRUE  TRUE FALSE  TRUE  TRUE  TRUE FALSE  TRUE FALSE FALSE
[466]  TRUE  TRUE FALSE  TRUE  TRUE  TRUE  TRUE  TRUE FALSE  TRUE FALSE  TRUE FALSE  TRUE FALSE
[481] FALSE  TRUE  TRUE  TRUE FALSE  TRUE  TRUE  TRUE FALSE FALSE  TRUE  TRUE FALSE FALSE FALSE
[496]  TRUE  TRUE  TRUE  TRUE  TRUE  TRUE  TRUE  TRUE  TRUE FALSE  TRUE  TRUE  TRUE  TRUE  TRUE
[511]  TRUE  TRUE  TRUE FALSE  TRUE  TRUE  TRUE  TRUE FALSE  TRUE  TRUE  TRUE  TRUE  TRUE  TRUE
[526]  TRUE  TRUE  TRUE  TRUE FALSE  TRUE  TRUE FALSE FALSE FALSE  TRUE  TRUE  TRUE  TRUE FALSE
[541]  TRUE  TRUE  TRUE FALSE FALSE FALSE  TRUE  TRUE  TRUE FALSE  TRUE  TRUE  TRUE FALSE  TRUE
[556]  TRUE  TRUE FALSE  TRUE  TRUE  TRUE  TRUE  TRUE  TRUE  TRUE  TRUE FALSE  TRUE  TRUE FALSE
[571]  TRUE  TRUE  TRUE  TRUE  TRUE  TRUE  TRUE  TRUE  TRUE  TRUE  TRUE  TRUE  TRUE  TRUE  TRUE
[586]  TRUE  TRUE  TRUE  TRUE  TRUE  TRUE  TRUE  TRUE FALSE  TRUE  TRUE  TRUE  TRUE  TRUE  TRUE
[601]  TRUE  TRUE FALSE  TRUE  TRUE  TRUE  TRUE  TRUE  TRUE  TRUE  TRUE  TRUE  TRUE  TRUE  TRUE
[616]  TRUE FALSE  TRUE  TRUE  TRUE  TRUE  TRUE  TRUE  TRUE  TRUE  TRUE  TRUE FALSE FALSE FALSE
[631] FALSE  TRUE  TRUE  TRUE  TRUE  TRUE  TRUE  TRUE  TRUE  TRUE  TRUE  TRUE  TRUE  TRUE  TRUE
[646]  TRUE  TRUE  TRUE  TRUE FALSE  TRUE  TRUE FALSE  TRUE  TRUE  TRUE  TRUE  TRUE  TRUE  TRUE
[661]  TRUE  TRUE  TRUE  TRUE FALSE  TRUE  TRUE FALSE  TRUE  TRUE  TRUE  TRUE  TRUE  TRUE  TRUE
[676]  TRUE  TRUE  TRUE  TRUE  TRUE  TRUE  TRUE  TRUE  TRUE  TRUE  TRUE  TRUE  TRUE  TRUE FALSE
[691]  TRUE FALSE  TRUE  TRUE  TRUE  TRUE  TRUE  TRUE  TRUE  TRUE  TRUE  TRUE  TRUE  TRUE  TRUE
[706]  TRUE  TRUE FALSE  TRUE  TRUE  TRUE  TRUE  TRUE  TRUE  TRUE  TRUE  TRUE  TRUE  TRUE  TRUE
[721]  TRUE  TRUE  TRUE  TRUE  TRUE  TRUE  TRUE  TRUE  TRUE  TRUE  TRUE  TRUE  TRUE  TRUE  TRUE
[736]  TRUE  TRUE  TRUE  TRUE  TRUE  TRUE  TRUE  TRUE  TRUE  TRUE  TRUE  TRUE FALSE  TRUE  TRUE
[751]  TRUE  TRUE  TRUE  TRUE  TRUE  TRUE  TRUE  TRUE  TRUE  TRUE  TRUE  TRUE  TRUE  TRUE  TRUE
[766]  TRUE  TRUE  TRUE  TRUE  TRUE  TRUE  TRUE  TRUE  TRUE  TRUE  TRUE  TRUE  TRUE  TRUE  TRUE
[781]  TRUE  TRUE

