
Birth-death simulation object with 752 species and 500 extant species

Details for some species:

Extinction times (NA means extant)
[1]  42.27700 101.74101        NA  64.69203  48.16450  18.30335


Speciation times 
[1] 106.46570 102.97476  92.76854  66.41348  60.81311  49.69513


Species parents (NA for initial)
[1] NA  1  1  1  1  1


Species status (extinct or extant)
[1] "extinct" "extinct" "extant"  "extinct" "extinct" "extinct"


For more details on vector y, try sim$y, with y one of
TE TS PAR EXTANT



$TE
  [1] 4.227700e+01 1.017410e+02           NA 6.469203e+01 4.816450e+01 1.830335e+01 4.114229e+01
  [8] 7.237067e+01 6.918863e+01 1.733983e+00 5.752565e+01 4.944502e+01 1.028105e+01 4.243781e+01
 [15] 2.705070e-01 3.110924e+01 2.137151e+01           NA           NA           NA 6.056914e+00
 [22]           NA 5.971528e+01 5.690508e+01 3.708501e+01           NA 3.871318e+01 1.745663e+00
 [29]           NA           NA 3.746820e+01 2.732790e+01 4.597949e+01 4.159310e+01 4.509535e+01
 [36] 4.188937e+01 2.509563e+01 3.093572e+01 3.135348e+01 3.861184e+01 4.384067e+01 2.123205e+01
 [43] 6.972416e+00 1.742951e+01           NA 1.401163e+01 2.539783e+01 3.147506e+01 1.260647e+01
 [50] 3.215907e+01 6.911397e+00           NA           NA           NA           NA           NA
 [57] 3.808618e+01 5.253353e+01 5.146337e+01 4.692293e+01 3.206894e+01 3.921022e+00 2.607453e+01
 [64] 2.079202e+01 1.604327e+01 2.519853e+01 1.567069e+01           NA 4.734116e+01 1.749243e+01
 [71] 3.061014e+01           NA 1.669278e+01 6.597997e-01 2.665558e+01           NA 4.265619e+01
 [78] 2.030640e+00 1.199441e+01           NA 3.737870e+00 8.823930e+00 3.853105e+01 3.042137e+01
 [85] 1.610438e+01 2.361496e+00 3.295818e+01           NA 2.865880e+01 3.583750e+01 2.704121e+01
 [92] 6.635559e+00           NA           NA 1.578246e+01 2.622882e+01 2.554356e+01           NA
 [99]           NA 1.812390e+01 2.142769e+01 3.787384e+01 9.637379e+00 2.376206e+01 6.895637e-01
[106]           NA           NA 1.668992e+01           NA 2.407347e+00           NA           NA
[113]           NA 2.150936e+01           NA 5.764998e+00 3.326465e+00           NA 6.755326e-01
[120] 2.674523e+01           NA 1.008684e+01 1.291283e+01           NA           NA           NA
[127] 4.363182e+00           NA           NA           NA 7.998627e+00           NA 6.878464e+00
[134]           NA           NA 2.733189e+00 1.622739e+01           NA           NA 1.213295e+01
[141] 1.139872e+01 4.119320e+00           NA           NA 2.801175e+01           NA 5.709034e+00
[148]           NA           NA 2.272423e+01 4.819774e+00           NA           NA           NA
[155] 7.059962e+00 3.095844e+01 2.284250e+01           NA 3.036858e+01           NA           NA
[162]           NA 1.802307e+01 1.945748e+01           NA           NA 5.752231e-02           NA
[169] 1.227103e+01           NA 1.007030e+01           NA           NA 5.703160e+00 3.052250e+01
[176]           NA 2.285482e+00 1.113214e+01           NA 1.752666e+01 2.314552e+01 1.962797e+01
[183]           NA 2.172609e+00           NA           NA           NA 1.602966e+00           NA
[190]           NA           NA 7.458962e+00 5.054320e-01           NA 6.107222e+00           NA
[197]           NA           NA           NA 4.200876e+00           NA           NA           NA
[204]           NA           NA           NA           NA 1.558269e+00           NA           NA
[211] 4.706564e+00           NA           NA           NA           NA           NA           NA
[218] 1.252705e+01           NA           NA 1.441267e+01 7.687920e+00           NA           NA
[225]           NA           NA 1.025682e+01           NA           NA           NA           NA
[232] 8.115771e+00           NA           NA 1.589570e+01           NA           NA           NA
[239]           NA           NA 1.580406e+01 1.453973e+01           NA 2.511656e+01 2.121638e+01
[246]           NA           NA 8.491388e+00           NA           NA 1.063886e+01           NA
[253]           NA           NA           NA           NA           NA           NA           NA
[260]           NA           NA           NA           NA           NA           NA           NA
[267]           NA           NA 1.958124e+01 7.457622e+00           NA           NA           NA
[274]           NA           NA           NA           NA           NA           NA           NA
[281]           NA 1.839262e+01           NA           NA           NA           NA 6.486038e+00
[288] 8.978402e+00           NA 5.103844e-01           NA           NA           NA 1.270885e+00
[295]           NA           NA 1.572980e+01           NA           NA           NA           NA
[302] 1.149480e+01 6.764223e+00 3.859727e+00           NA 7.099769e+00 1.051971e+00           NA
[309] 1.736546e+01           NA           NA 1.330072e+01 2.072018e+00           NA 4.510996e+00
[316] 6.233282e+00           NA           NA 9.142171e+00           NA           NA           NA
[323]           NA           NA           NA           NA 1.032849e+01           NA 5.506719e+00
[330]           NA 1.211555e+01 1.825172e+01           NA           NA           NA           NA
[337] 6.768703e+00 3.716967e+00 6.965210e-01 3.922963e+00 1.440050e+01 6.528318e+00 4.690866e+00
[344]           NA           NA           NA 2.316650e+00           NA           NA 7.838264e+00
[351] 2.089531e+00           NA 2.012683e+00           NA           NA           NA           NA
[358]           NA 5.882364e+00 7.119799e+00           NA 1.013234e+00           NA           NA
[365]           NA           NA           NA           NA 5.883176e+00 3.437734e-01           NA
[372]           NA           NA           NA           NA 9.721132e+00           NA           NA
[379] 3.329710e+00           NA 4.685667e-01           NA 2.139730e+00           NA           NA
[386]           NA 2.510468e+00 1.942173e+00           NA           NA           NA           NA
[393]           NA 4.968892e+00           NA           NA 1.265501e+01           NA 5.555084e+00
[400]           NA           NA           NA           NA           NA 7.343190e+00           NA
[407] 9.274150e+00           NA           NA           NA           NA           NA           NA
[414]           NA 1.019439e+01           NA           NA           NA 1.394308e+00           NA
[421]           NA           NA           NA           NA           NA           NA           NA
[428]           NA           NA           NA 4.502946e+00           NA           NA           NA
[435] 8.907109e+00           NA           NA           NA           NA           NA           NA
[442]           NA 1.481776e+01           NA           NA 4.447360e+00           NA           NA
[449]           NA           NA           NA 4.412490e+00           NA           NA           NA
[456] 6.045946e+00           NA           NA 8.892255e+00           NA 5.612612e+00 2.682875e+00
[463]           NA           NA 1.190082e+01           NA           NA 4.479921e+00 5.105118e+00
[470] 7.255406e+00           NA           NA           NA           NA           NA           NA
[477] 3.148111e-01           NA           NA 8.721444e+00           NA 1.186871e+00 8.136327e+00
[484]           NA           NA           NA           NA 5.447917e+00           NA           NA
[491]           NA           NA           NA           NA           NA           NA           NA
[498]           NA           NA 2.860615e+00           NA 1.116469e+01           NA           NA
[505]           NA           NA           NA           NA           NA           NA           NA
[512]           NA 1.490831e+00 4.357098e+00           NA 1.206561e+01 6.927179e+00           NA
[519]           NA           NA 5.924121e+00           NA           NA 4.220556e+00           NA
[526]           NA           NA           NA           NA 5.900899e+00           NA 4.649742e-01
[533]           NA           NA           NA           NA           NA           NA           NA
[540]           NA           NA           NA           NA           NA 2.937412e+00           NA
[547] 3.553456e+00 8.211479e+00           NA           NA           NA           NA           NA
[554]           NA 7.619067e-01 1.099914e+00           NA 8.019675e+00 3.307223e+00 1.077733e+00
[561]           NA           NA           NA           NA           NA           NA           NA
[568]           NA 7.750307e+00 4.389017e+00           NA           NA           NA           NA
[575]           NA           NA 3.416510e+00           NA           NA           NA           NA
[582]           NA           NA           NA           NA 2.597309e-01           NA           NA
[589]           NA 5.097133e+00           NA           NA           NA           NA           NA
[596]           NA           NA           NA           NA           NA           NA           NA
[603]           NA           NA           NA           NA 5.420692e+00 6.539340e+00           NA
[610]           NA 3.358361e+00 7.507935e-01           NA           NA           NA           NA
[617]           NA           NA 5.232267e+00 1.671899e+00           NA           NA 5.844536e+00
[624]           NA           NA           NA           NA           NA           NA           NA
[631]           NA           NA           NA           NA           NA           NA           NA
[638]           NA 1.929237e+00           NA           NA 2.879095e+00           NA           NA
[645]           NA           NA           NA           NA           NA           NA           NA
[652]           NA           NA           NA           NA           NA 3.848420e+00           NA
[659]           NA           NA           NA           NA 3.284467e+00           NA           NA
[666]           NA           NA           NA           NA           NA           NA           NA
[673]           NA           NA           NA           NA           NA           NA           NA
[680]           NA           NA 1.608625e+00           NA           NA           NA           NA
[687] 6.283487e-01           NA           NA 3.520973e+00           NA           NA           NA
[694]           NA 3.809723e+00 6.596360e-01           NA           NA           NA           NA
[701] 1.423635e+00           NA           NA           NA           NA           NA           NA
[708] 3.928709e-03           NA           NA           NA           NA           NA           NA
[715]           NA           NA           NA           NA           NA           NA           NA
[722]           NA           NA           NA           NA           NA           NA           NA
[729]           NA           NA           NA           NA           NA 9.553760e-01           NA
[736]           NA           NA           NA 3.496741e-01           NA           NA           NA
[743]           NA           NA           NA           NA           NA           NA           NA
[750]           NA           NA           NA

$TS
  [1] 1.064657e+02 1.029748e+02 9.276854e+01 6.641348e+01 6.081311e+01 4.969513e+01 4.890253e+01
  [8] 7.903544e+01 7.096714e+01 6.821960e+01 6.435520e+01 6.418410e+01 5.972391e+01 4.863306e+01
 [15] 4.174926e+01 3.502840e+01 3.123079e+01 2.997259e+01 1.821210e+01 1.758476e+01 1.566460e+01
 [22] 3.205570e+00 7.799907e+01 6.931438e+01 6.426920e+01 5.936013e+01 3.895805e+01 1.924518e+01
 [29] 1.493734e+01 9.278598e+00 5.892266e+01 6.253791e+01 5.087376e+01 5.735916e+01 5.003949e+01
 [36] 4.289665e+01 3.552145e+01 5.971597e+01 5.651019e+01 5.428711e+01 4.424178e+01 4.318742e+01
 [43] 3.568162e+01 1.843851e+01 1.031928e+01 4.974635e+01 4.171994e+01 5.478661e+01 4.849202e+01
 [50] 4.372272e+01 3.796756e+01 3.181312e+01 3.154081e+01 2.797014e+01 2.652244e+01 1.725491e+01
 [57] 4.165633e+01 5.498367e+01 5.259665e+01 5.158528e+01 5.138365e+01 4.038032e+01 3.421731e+01
 [64] 3.199483e+01 4.712542e+01 3.980131e+01 3.934573e+01 3.376674e+01 4.789314e+01 4.514994e+01
 [71] 4.725970e+01 3.750002e+01 3.403540e+01 3.077605e+01 2.837246e+01 4.921044e+01 4.837409e+01
 [78] 3.920934e+01 2.381192e+01 1.757412e+01 1.254576e+01 4.420950e+01 3.948575e+01 3.641294e+01
 [85] 2.900512e+01 1.809905e+01 4.750938e+01 4.246225e+01 3.407146e+01 4.092397e+01 3.736364e+01
 [92] 2.846098e+01 2.613715e+01 4.215471e+01 4.200229e+01 3.747335e+01 2.863682e+01 2.643394e+01
 [99] 1.672715e+01 4.294426e+01 4.252950e+01 4.151754e+01 3.569898e+01 3.350299e+01 3.250068e+01
[106] 2.029802e+01 4.016146e+01 3.861814e+01 3.826529e+01 3.644806e+01 3.862983e+01 2.416530e+01
[113] 1.139949e+01 3.392189e+01 3.340798e+01 2.249067e+01 1.776860e+01 1.434455e+01 2.271208e+00
[120] 3.247306e+01 2.852559e+01 2.018981e+01 3.149633e+01 2.967896e+01 2.809754e+01 2.441538e+01
[127] 1.223910e+01 1.140709e+01 2.687336e+01 3.788811e+01 2.566546e+01 1.457055e+01 2.821243e+01
[134] 2.167174e+01 2.157312e+01 1.960211e+01 2.740081e+01 2.253019e+01 3.223380e+01 1.940640e+01
[141] 1.419622e+01 1.317453e+01 1.191041e+01 3.819565e+01 3.740373e+01 1.094624e+01 1.026310e+01
[148] 6.490820e+00 3.669073e+00 3.146067e+01 1.503907e+01 4.575271e+00 4.295021e+00 4.064974e+00
[155] 3.392167e+01 3.310414e+01 2.945902e+01 2.873382e+01 3.528198e+01 1.015361e+01 8.818307e-01
[162] 3.625272e+01 3.390941e+01 2.828913e+01 2.109869e+01 2.042273e+01 8.599748e+00 6.346898e+00
[169] 2.446459e+01 1.878645e+01 1.314315e+01 1.371438e+01 1.185339e+01 7.358341e+00 3.055842e+01
[176] 2.396871e+01 2.280354e+01 2.119730e+01 3.152816e+01 2.869906e+01 2.738453e+01 2.915906e+01
[183] 1.956747e+01 7.417061e+00 3.104031e+01 2.124588e+01 1.369258e+01 9.575654e+00 6.019959e+00
[190] 4.133735e+00 2.705195e+01 1.402104e+01 6.007217e+00 4.901573e+00 3.172387e+01 6.174615e+00
[197] 6.022034e+00 3.140673e+01 1.313353e+01 9.388193e+00 5.586076e-02 3.078851e+01 2.620609e+01
[204] 2.977177e+01 1.145053e+01 9.837269e+00 3.018679e+00 1.773884e+01 1.326603e+01 2.356595e+01
[211] 2.032858e+01 5.084877e+00 2.450690e+00 3.026870e+01 1.961165e+00 2.125397e+01 2.095072e+01
[218] 1.658531e+01 9.112000e+00 3.091905e+00 1.577345e+01 1.496185e+01 1.360743e+01 7.718475e+00
[225] 7.099618e+00 4.972527e+00 2.539384e+01 1.854690e+01 7.655518e+00 6.891001e+00 2.727890e+01
[232] 2.392779e+01 1.258160e+01 2.996094e+01 1.953882e+01 1.019620e+01 8.092364e+00 2.539163e+01
[239] 2.366174e+01 1.993624e+01 2.145804e+01 1.739144e+01 1.199104e+01 2.885976e+01 2.162347e+01
[246] 2.592493e+01 2.820762e+01 1.835476e+01 8.317531e+00 3.467465e+00 1.295020e+01 7.629496e+00
[253] 6.830507e+00 2.737704e+01 5.778902e+00 4.027017e+00 2.066149e+01 1.640553e+01 1.546018e+01
[260] 1.462097e+01 7.084962e-01 6.437317e-02 2.654200e+01 2.151445e+01 1.848344e+01 8.055586e+00
[267] 5.196303e+00 1.998223e+01 2.734692e+01 2.457493e+01 1.497539e+01 9.212491e-01 2.388804e+01
[274] 1.103780e+01 3.408199e+00 2.829280e+00 1.744476e+00 2.024472e+01 1.579599e+01 9.097486e+00
[281] 1.177652e+01 2.490950e+01 1.572513e+01 8.952360e+00 6.072141e+00 1.076660e+01 1.032924e+01
[288] 2.269270e+01 2.959561e+00 1.520945e+00 9.450046e-01 2.421595e+01 6.867700e+00 6.117572e+00
[295] 5.007727e+00 2.420864e+00 2.287772e+01 2.285254e+01 2.166735e+01 1.135097e+01 3.648259e+00
[302] 1.362505e+01 1.024252e+01 5.929957e+00 2.144996e+00 2.272550e+01 1.944177e+01 2.150912e+01
[309] 2.366461e+01 1.861627e+01 1.716352e+01 1.525020e+01 1.345531e+01 2.098370e+00 1.825986e+01
[316] 8.089534e+00 4.607078e+00 4.012921e+00 1.724470e+01 2.021373e+01 1.805509e+01 1.392986e+01
[323] 5.311805e+00 2.161668e+01 3.127737e+00 2.146498e+01 1.543560e+01 2.042807e+01 2.120046e+01
[330] 1.841129e+01 2.349520e+01 2.045882e+01 1.956231e+01 1.466867e+01 1.822668e+01 8.052415e+00
[337] 1.262827e+01 1.613668e+01 2.070180e+01 1.485430e+01 1.885020e+01 1.659993e+01 1.426064e+01
[344] 8.094238e+00 3.803540e+00 2.699415e+00 8.545701e+00 1.091716e+01 1.942039e+01 1.750269e+01
[351] 1.197987e+01 1.763876e+01 1.714646e+01 7.164549e-01 1.473925e+01 4.256619e+00 1.302464e+01
[358] 2.093921e+01 1.755952e+01 1.357257e+01 6.948482e+00 5.130037e+00 4.012947e+00 4.997881e-01
[365] 1.680385e+01 1.296819e+01 9.362535e+00 1.974212e+01 1.666866e+01 1.036380e+01 7.344336e+00
[372] 2.756249e+00 1.716471e+01 1.671230e+01 7.115887e+00 1.958608e+01 5.186031e+00 6.314804e+00
[379] 1.650772e+01 3.310759e+00 9.931097e+00 9.412317e+00 9.118854e+00 1.845766e+01 1.424425e+01
[386] 1.821235e+01 1.640268e+01 8.866384e+00 4.328717e+00 1.711758e+01 6.914726e-01 1.935858e+01
[393] 1.683131e+01 1.389051e+01 1.093431e+01 4.658857e+00 1.270042e+01 3.757147e+00 1.629840e+01
[400] 2.077474e+00 4.123306e-01 1.316487e+01 6.427083e+00 1.613349e+01 1.235986e+01 8.178540e+00
[407] 1.617164e+01 8.793364e-02 1.647095e+01 1.265554e+01 3.025972e+00 8.049049e+00 1.695905e+01
[414] 1.155571e+01 1.105602e+01 1.085668e+01 1.677553e+01 1.568728e+01 1.028016e+01 4.493948e+00
[421] 1.569289e+00 1.188149e+00 1.514838e+01 1.610378e+01 4.268628e+00 1.539694e+01 1.130325e+01
[428] 1.015005e+01 6.885573e+00 3.830619e+00 1.069384e+01 5.165915e+00 1.286262e+01 3.208671e+00
[435] 9.869097e+00 6.716537e+00 8.867329e-01 1.055283e+01 9.678512e+00 3.853293e+00 8.327380e+00
[442] 9.258223e+00 1.695913e+01 6.941633e+00 3.065779e+00 1.650870e+01 1.062272e+01 5.492561e+00
[449] 1.048492e+01 1.780443e+00 5.247767e-01 1.650979e+01 1.593705e+01 1.466655e+01 5.592586e+00
[456] 9.017951e+00 4.868234e+00 1.138653e+01 1.595517e+01 1.417320e+01 7.555022e+00 7.227827e+00
[463] 7.479261e+00 4.896980e+00 1.253725e+01 8.943695e+00 7.268829e+00 1.370197e+01 1.106172e+01
[470] 1.530371e+01 6.136054e+00 2.722622e+00 8.713790e+00 1.476953e+01 1.110290e+01 1.429413e+00
[477] 1.096480e+00 6.545103e-01 1.416451e+01 1.046559e+01 5.733186e+00 8.429274e+00 8.418936e+00
[484] 2.703539e+00 1.834564e+00 1.095085e+01 3.854545e+00 1.301553e+01 1.521765e+01 1.408421e+01
[491] 1.139771e+01 2.561087e-01 1.059418e+01 5.991274e+00 2.651620e+00 1.235122e+01 1.187141e+01
[498] 7.239401e-01 7.563740e+00 1.107658e+01 1.224112e+01 1.310409e+01 1.175429e+01 7.972791e+00
[505] 9.046782e+00 5.759131e+00 4.517079e+00 7.492426e+00 1.355828e+01 7.199376e+00 7.927028e+00
[512] 7.307446e+00 1.017769e+01 8.542650e+00 1.273821e+01 1.277064e+01 9.485874e+00 7.067523e+00
[519] 2.395864e+00 9.686500e-02 8.422193e+00 7.119388e+00 2.663492e+00 1.227676e+01 1.146986e+01
[526] 9.177655e+00 8.861288e+00 2.078671e+00 1.130539e+01 8.007075e+00 9.270746e+00 2.494115e+00
[533] 9.205893e+00 9.047982e+00 9.798897e+00 8.556569e+00 7.572406e+00 7.874770e+00 1.475297e+00
[540] 9.768954e+00 3.774527e+00 2.099396e+00 9.619730e+00 9.314451e+00 9.147101e+00 1.032398e+01
[547] 9.099563e+00 8.877248e+00 4.888422e+00 1.017688e+01 2.588890e+00 1.811420e+00 5.638920e-01
[554] 5.818804e+00 7.433635e+00 4.103133e+00 2.439174e-01 1.067627e+01 8.433878e+00 5.914032e+00
[561] 5.206083e+00 3.899781e+00 1.693039e+00 7.052589e+00 5.438020e+00 7.403751e+00 6.112915e+00
[568] 8.654815e+00 9.073549e+00 5.490873e+00 7.716312e-01 1.618777e+00 2.345480e+00 3.020650e+00
[575] 2.403430e+00 5.559124e+00 7.634550e+00 6.650875e+00 9.272649e+00 7.362312e+00 5.825194e+00
[582] 9.386584e+00 9.575687e+00 3.218840e+00 9.450866e+00 4.741211e+00 8.533739e+00 7.151265e+00
[589] 7.069366e+00 6.432427e+00 8.835213e+00 5.510423e+00 4.862505e+00 4.237165e+00 7.281382e+00
[596] 5.856508e+00 7.579348e+00 3.098288e+00 5.648973e+00 6.031612e+00 3.858419e+00 7.005192e-01
[603] 2.815707e+00 1.732477e+00 8.357966e+00 5.028393e+00 5.655284e+00 8.695084e+00 6.340862e+00
[610] 2.184341e+00 8.744726e+00 5.621668e+00 4.767781e+00 8.709538e+00 8.558120e+00 7.063985e+00
[617] 1.754412e+00 1.406052e+00 7.666115e+00 5.337542e+00 4.831132e+00 7.815290e+00 6.129170e+00
[624] 8.419966e+00 4.518605e+00 6.999168e+00 6.431984e+00 4.275904e+00 6.100472e+00 5.380196e+00
[631] 3.629743e+00 5.628249e+00 1.331955e+00 4.909699e+00 2.443686e+00 7.156905e+00 5.794393e+00
[638] 2.190674e+00 7.122373e+00 5.652896e+00 1.130105e+00 3.842092e+00 1.256326e+00 1.324730e-02
[645] 6.440165e+00 4.375022e+00 2.292342e+00 1.105082e+00 6.421037e+00 6.196225e-01 4.341690e+00
[652] 6.637185e+00 1.517338e+00 5.120929e+00 4.637128e+00 6.273279e+00 6.164132e+00 5.665670e+00
[659] 3.148357e+00 8.025495e-01 7.091110e-01 3.851379e+00 6.485337e+00 2.276470e-01 1.414293e+00
[666] 6.694284e+00 3.800810e+00 6.510310e+00 3.956899e+00 1.827635e-01 1.798478e-01 3.406630e+00
[673] 3.220915e+00 1.497639e+00 4.330333e+00 3.026772e-01 4.794447e+00 5.790883e+00 1.519359e+00
[680] 5.344016e+00 4.713102e+00 4.405642e+00 6.695570e-01 1.441908e+00 4.364112e+00 3.512888e+00
[687] 4.137130e+00 3.707561e+00 9.688592e-01 5.358948e+00 5.013999e+00 2.744525e+00 4.528924e+00
[694] 1.850252e+00 3.893427e+00 1.713263e+00 2.860484e+00 2.973553e+00 2.967221e+00 1.917420e+00
[701] 3.741903e+00 2.321029e-01 9.897519e-01 4.470837e+00 1.648667e+00 1.851167e+00 1.948370e-01
[708] 4.687028e+00 2.583795e+00 3.974667e-01 3.707755e+00 4.835596e-01 7.162022e-01 2.209255e+00
[715] 1.395165e+00 6.454950e-01 1.150701e+00 6.427077e-02 1.272461e+00 1.255406e+00 7.419185e-01
[722] 1.510812e+00 3.148132e+00 3.699636e-01 2.109263e+00 2.287529e+00 3.318967e+00 2.684376e+00
[729] 2.255563e+00 1.337731e+00 1.427573e+00 9.531275e-01 1.041688e+00 2.234396e+00 5.223019e-01
[736] 1.812802e+00 1.159579e+00 1.503040e+00 9.866565e-01 2.154539e+00 5.890926e-01 1.135432e+00
[743] 1.392766e+00 4.503726e-01 1.354399e+00 6.720929e-01 9.730208e-01 3.291506e-01 3.495941e-02
[750] 2.864033e-03 5.531796e-01 4.051098e-05

$PAR
  [1]  NA   1   1   1   1   1   1   3   3   3   3   3   3   3   3   3   3   3   3   3   3   3   8
 [24]   9  10  10  10  10  10  10  11  25  25  32  32  32  32   5   5  13  13  13  13  13  13  38
 [47]  38  26  26  26  26  26  26  26  26  26  34  39  48  48  48  48  48  48  40  61  61  61  35
 [70]  35  46  46  46  46  46   6  76  76  76  76  76  14  49  49  49  49  69  87  87  65  70  70
 [93]  70  82  82  82  82  82  82  42  42 100 100 100 100 100 101 101 101 101  88  88  88  94  94
[116]  94  94  94  94  95  95  95  15  15  15  15  15  15  47  90  62  62 107 107 107 107  67  67
[139]  78  78 111 111 111 108 108 109 109 109 109 144 144 144 144 144  51  51 130 130  72  72  72
[162] 110  84 162 162 162 162 162 103 103 103  43  43  43 159  73  73  73 114 114 114 155 155 155
[185] 163 163  68  68  68  68 115 115 115 115 156 105 105 139 139 139 139  64  64  52  52  52  52
[208] 195 195  53  53 179 179 123 198 185 185 185 185 185 202 202 202 202 202 202  74  74  74  74
[231] 214 214 214  18  18  18 234 204 204 204 124 124 124 157 182  85 244 180 121 121  92  92  92
[254] 133 247 247 125 125 125 125 125 125  54  54  54  54  54 137 254 254 254 254 231 231 231 231
[277] 231 191 191 191 129 263 263 263 263  55  55  98  98  98  98 203 203 203 203 203  93  93  93
[300]  93  93 246 246 246 246 227 227 238 282 169 169 169 169 126 292 292 292 292 112 176 176 176
[323] 176 232 273  79  79 309 239 239 210 210 331 331 298 298 177 306 288 288 138 138 138 138 138
[346] 138 134 299 324 264 264 308 308 326 216 186 329 165 217 217 217 217 217 217 358 339 339 332
[369] 328 211 211 106 278 278 278 320 320 268 240 240 368 368 368 376 376 183 183 183 183 333 333
[392] 307 307 307 307 307 349 349 392 392 392  28  28 170 170 170 310 228 265 265 384 330 248 248
[415] 248 248 315 335 335 335 335 335 386  19  86 321 321 321 321 321 117 117 208 208 352  20  20
[438]  80  80  80 359 319 373 373 373 390 390 390 413 413 413 393 393 393 393 365 365 417 374 374
[461] 369 342 452 452 446 409 387 338 404 424 424 424 453 279 279 279 279 279 283 283 283 418 418
[484] 418 418  21 259 327 312 423 151  29 340 474 474 355 355 334 454 132 343 385 385 385 460 479
[507] 479 490 192 322 468 468 187 187 302 223 509 209 209 209 142 142 402 199 199 199 199 199 502
[530] 357 488 366 433 515 337 337 337 233 233 405 496 496 524 524 524 501 501 501 351 143 497 497
[553] 281 525 205 128 128 113 491 491 491 491 300 427 427 469 469 274 486 146 146 395 348 416 416
[576] 286 431 493 438 449 449 513 550 550 381 381 206 206 206 206 439 439 439 439 543 543 188 582
[599] 367  30 579 579 531 531 442 442 526 219 280 280 534 466 466 548 548 388 527 527 473 614 615
[622] 536 536 559 559 482 521 441 249 249 406 344 344 266 336 530 511 511 619 619 229 577 252 597
[645] 499 555 566 580 174 371 462 510 510 588 588 639 522 522 522 522 225 589 518 518 616 429 429
[668] 253 436 578 652 649 649 649 168 609 378 656 196 471 471 294 629 197 494 494 560 596 596 554
[691] 506 506 481 481 680 680 620 323 267 267 432 654 691 295 295 226 194 593 593 586 396 693 685
[714] 389 425 356 154 154 318 318 669 601 440 667 398 701 711 688 250 250 672 584 598 220 220 276
[737] 523 495 709 213 635 305 528 552 539 719 477 733 703 747 571 750

$EXTANT
  [1] FALSE FALSE  TRUE FALSE FALSE FALSE FALSE FALSE FALSE FALSE FALSE FALSE FALSE FALSE FALSE
 [16] FALSE FALSE  TRUE  TRUE  TRUE FALSE  TRUE FALSE FALSE FALSE  TRUE FALSE FALSE  TRUE  TRUE
 [31] FALSE FALSE FALSE FALSE FALSE FALSE FALSE FALSE FALSE FALSE FALSE FALSE FALSE FALSE  TRUE
 [46] FALSE FALSE FALSE FALSE FALSE FALSE  TRUE  TRUE  TRUE  TRUE  TRUE FALSE FALSE FALSE FALSE
 [61] FALSE FALSE FALSE FALSE FALSE FALSE FALSE  TRUE FALSE FALSE FALSE  TRUE FALSE FALSE FALSE
 [76]  TRUE FALSE FALSE FALSE  TRUE FALSE FALSE FALSE FALSE FALSE FALSE FALSE  TRUE FALSE FALSE
 [91] FALSE FALSE  TRUE  TRUE FALSE FALSE FALSE  TRUE  TRUE FALSE FALSE FALSE FALSE FALSE FALSE
[106]  TRUE  TRUE FALSE  TRUE FALSE  TRUE  TRUE  TRUE FALSE  TRUE FALSE FALSE  TRUE FALSE FALSE
[121]  TRUE FALSE FALSE  TRUE  TRUE  TRUE FALSE  TRUE  TRUE  TRUE FALSE  TRUE FALSE  TRUE  TRUE
[136] FALSE FALSE  TRUE  TRUE FALSE FALSE FALSE  TRUE  TRUE FALSE  TRUE FALSE  TRUE  TRUE FALSE
[151] FALSE  TRUE  TRUE  TRUE FALSE FALSE FALSE  TRUE FALSE  TRUE  TRUE  TRUE FALSE FALSE  TRUE
[166]  TRUE FALSE  TRUE FALSE  TRUE FALSE  TRUE  TRUE FALSE FALSE  TRUE FALSE FALSE  TRUE FALSE
[181] FALSE FALSE  TRUE FALSE  TRUE  TRUE  TRUE FALSE  TRUE  TRUE  TRUE FALSE FALSE  TRUE FALSE
[196]  TRUE  TRUE  TRUE  TRUE FALSE  TRUE  TRUE  TRUE  TRUE  TRUE  TRUE  TRUE FALSE  TRUE  TRUE
[211] FALSE  TRUE  TRUE  TRUE  TRUE  TRUE  TRUE FALSE  TRUE  TRUE FALSE FALSE  TRUE  TRUE  TRUE
[226]  TRUE FALSE  TRUE  TRUE  TRUE  TRUE FALSE  TRUE  TRUE FALSE  TRUE  TRUE  TRUE  TRUE  TRUE
[241] FALSE FALSE  TRUE FALSE FALSE  TRUE  TRUE FALSE  TRUE  TRUE FALSE  TRUE  TRUE  TRUE  TRUE
[256]  TRUE  TRUE  TRUE  TRUE  TRUE  TRUE  TRUE  TRUE  TRUE  TRUE  TRUE  TRUE  TRUE FALSE FALSE
[271]  TRUE  TRUE  TRUE  TRUE  TRUE  TRUE  TRUE  TRUE  TRUE  TRUE  TRUE FALSE  TRUE  TRUE  TRUE
[286]  TRUE FALSE FALSE  TRUE FALSE  TRUE  TRUE  TRUE FALSE  TRUE  TRUE FALSE  TRUE  TRUE  TRUE
[301]  TRUE FALSE FALSE FALSE  TRUE FALSE FALSE  TRUE FALSE  TRUE  TRUE FALSE FALSE  TRUE FALSE
[316] FALSE  TRUE  TRUE FALSE  TRUE  TRUE  TRUE  TRUE  TRUE  TRUE  TRUE FALSE  TRUE FALSE  TRUE
[331] FALSE FALSE  TRUE  TRUE  TRUE  TRUE FALSE FALSE FALSE FALSE FALSE FALSE FALSE  TRUE  TRUE
[346]  TRUE FALSE  TRUE  TRUE FALSE FALSE  TRUE FALSE  TRUE  TRUE  TRUE  TRUE  TRUE FALSE FALSE
[361]  TRUE FALSE  TRUE  TRUE  TRUE  TRUE  TRUE  TRUE FALSE FALSE  TRUE  TRUE  TRUE  TRUE  TRUE
[376] FALSE  TRUE  TRUE FALSE  TRUE FALSE  TRUE FALSE  TRUE  TRUE  TRUE FALSE FALSE  TRUE  TRUE
[391]  TRUE  TRUE  TRUE FALSE  TRUE  TRUE FALSE  TRUE FALSE  TRUE  TRUE  TRUE  TRUE  TRUE FALSE
[406]  TRUE FALSE  TRUE  TRUE  TRUE  TRUE  TRUE  TRUE  TRUE FALSE  TRUE  TRUE  TRUE FALSE  TRUE
[421]  TRUE  TRUE  TRUE  TRUE  TRUE  TRUE  TRUE  TRUE  TRUE  TRUE FALSE  TRUE  TRUE  TRUE FALSE
[436]  TRUE  TRUE  TRUE  TRUE  TRUE  TRUE  TRUE FALSE  TRUE  TRUE FALSE  TRUE  TRUE  TRUE  TRUE
[451]  TRUE FALSE  TRUE  TRUE  TRUE FALSE  TRUE  TRUE FALSE  TRUE FALSE FALSE  TRUE  TRUE FALSE
[466]  TRUE  TRUE FALSE FALSE FALSE  TRUE  TRUE  TRUE  TRUE  TRUE  TRUE FALSE  TRUE  TRUE FALSE
[481]  TRUE FALSE FALSE  TRUE  TRUE  TRUE  TRUE FALSE  TRUE  TRUE  TRUE  TRUE  TRUE  TRUE  TRUE
[496]  TRUE  TRUE  TRUE  TRUE FALSE  TRUE FALSE  TRUE  TRUE  TRUE  TRUE  TRUE  TRUE  TRUE  TRUE
[511]  TRUE  TRUE FALSE FALSE  TRUE FALSE FALSE  TRUE  TRUE  TRUE FALSE  TRUE  TRUE FALSE  TRUE
[526]  TRUE  TRUE  TRUE  TRUE FALSE  TRUE FALSE  TRUE  TRUE  TRUE  TRUE  TRUE  TRUE  TRUE  TRUE
[541]  TRUE  TRUE  TRUE  TRUE FALSE  TRUE FALSE FALSE  TRUE  TRUE  TRUE  TRUE  TRUE  TRUE FALSE
[556] FALSE  TRUE FALSE FALSE FALSE  TRUE  TRUE  TRUE  TRUE  TRUE  TRUE  TRUE  TRUE FALSE FALSE
[571]  TRUE  TRUE  TRUE  TRUE  TRUE  TRUE FALSE  TRUE  TRUE  TRUE  TRUE  TRUE  TRUE  TRUE  TRUE
[586] FALSE  TRUE  TRUE  TRUE FALSE  TRUE  TRUE  TRUE  TRUE  TRUE  TRUE  TRUE  TRUE  TRUE  TRUE
[601]  TRUE  TRUE  TRUE  TRUE  TRUE  TRUE FALSE FALSE  TRUE  TRUE FALSE FALSE  TRUE  TRUE  TRUE
[616]  TRUE  TRUE  TRUE FALSE FALSE  TRUE  TRUE FALSE  TRUE  TRUE  TRUE  TRUE  TRUE  TRUE  TRUE
[631]  TRUE  TRUE  TRUE  TRUE  TRUE  TRUE  TRUE  TRUE FALSE  TRUE  TRUE FALSE  TRUE  TRUE  TRUE
[646]  TRUE  TRUE  TRUE  TRUE  TRUE  TRUE  TRUE  TRUE  TRUE  TRUE  TRUE FALSE  TRUE  TRUE  TRUE
[661]  TRUE  TRUE FALSE  TRUE  TRUE  TRUE  TRUE  TRUE  TRUE  TRUE  TRUE  TRUE  TRUE  TRUE  TRUE
[676]  TRUE  TRUE  TRUE  TRUE  TRUE  TRUE FALSE  TRUE  TRUE  TRUE  TRUE FALSE  TRUE  TRUE FALSE
[691]  TRUE  TRUE  TRUE  TRUE FALSE FALSE  TRUE  TRUE  TRUE  TRUE FALSE  TRUE  TRUE  TRUE  TRUE
[706]  TRUE  TRUE FALSE  TRUE  TRUE  TRUE  TRUE  TRUE  TRUE  TRUE  TRUE  TRUE  TRUE  TRUE  TRUE
[721]  TRUE  TRUE  TRUE  TRUE  TRUE  TRUE  TRUE  TRUE  TRUE  TRUE  TRUE  TRUE  TRUE FALSE  TRUE
[736]  TRUE  TRUE  TRUE FALSE  TRUE  TRUE  TRUE  TRUE  TRUE  TRUE  TRUE  TRUE  TRUE  TRUE  TRUE
[751]  TRUE  TRUE

