
Birth-death simulation object with 757 species and 500 extant species

Details for some species:

Extinction times (NA means extant)
[1] 91.87424 51.86105 91.16346 76.52864 51.85505 71.34520


Speciation times 
[1] 103.20649 101.35609  94.33570  82.06234  75.72123  75.35162


Species parents (NA for initial)
[1] NA  1  1  2  2  2


Species status (extinct or extant)
[1] "extinct" "extinct" "extinct" "extinct" "extinct" "extinct"


For more details on vector y, try sim$y, with y one of
TE TS PAR EXTANT



$TE
  [1] 91.874235798 51.861053861 91.163462908 76.528641674 51.855045957 71.345203163 72.198945289 70.485757813 50.504349469           NA
 [11] 49.336479403 17.125410673           NA 55.702745816           NA 43.132651530 49.930918695           NA           NA 20.991273154
 [21]  4.544041717 58.735873306 64.502636929 14.796829117 31.475753530 57.302837016 53.226098717 22.159764659           NA 17.996077465
 [31] 15.384983875  5.446866202           NA           NA 53.497888903           NA 25.611762580  0.606993652           NA           NA
 [41] 43.538532701 35.927650345 34.179917249 47.767658054 19.784140543  0.805239061 17.031121289 10.851341261  6.693454339  3.116515748
 [51] 44.377936954  2.979469355 17.607544546 26.901399967 27.927513049 19.626614383 25.892712407 18.742332926 21.884621727  4.317798571
 [61] 30.620059949  8.565956896  4.749595320           NA           NA           NA 48.846968430 10.460872264 15.567319493 24.722776683
 [71] 22.934259385           NA 16.662766050           NA 21.429462658 30.829361904 33.208273733 11.211761952           NA 27.888826009
 [81]  6.627370420 39.447645647 45.773034637 41.363887802 39.192698987 26.904721554 23.223393218 30.197208181           NA 20.961899143
 [91] 33.311811779 11.534750101 21.661989454 17.428479461  5.452147709           NA           NA 29.573120476  0.002135576           NA
[101] 22.033233020 23.077057188 18.318501006           NA           NA 16.306027363 15.982727678 15.608148442           NA 13.936071619
[111]           NA           NA           NA           NA 18.987046717           NA           NA 20.883269530           NA 26.727594890
[121] 24.217099449 30.302051319 22.108427073 11.404992026           NA           NA 12.915477037  1.586576566           NA           NA
[131] 25.981669106 14.182473083           NA 17.591436375           NA           NA           NA  4.831833723 26.510223310 28.935913440
[141] 27.208504911           NA 20.765176627 11.393955264           NA 25.557786336  9.150187618 12.198348436 11.248563725 28.060853437
[151]           NA  5.827322051           NA 23.018235009  5.231805895 16.931411647 23.113588584           NA           NA 19.475637248
[161]           NA           NA 11.298966930           NA           NA           NA 13.294590798  3.019355076           NA  8.049330571
[171] 11.476412185           NA           NA           NA           NA           NA           NA           NA           NA           NA
[181]           NA 11.387770222 18.877630053  1.850159107           NA  5.447206826 19.864351726           NA  8.898526083 15.654356221
[191] 18.459800877           NA  7.524408563           NA           NA 10.080381532           NA           NA           NA 15.133612890
[201] 19.798113682           NA 13.215655028  7.008053867 11.194822521           NA           NA           NA           NA           NA
[211]  9.157041244           NA 13.367067952           NA  8.286244333           NA           NA           NA           NA  1.538345567
[221]           NA           NA           NA           NA           NA           NA 21.681423971           NA           NA           NA
[231] 12.677418196           NA           NA           NA           NA 15.445282081           NA  9.355673222           NA 18.166653440
[241] 26.207537682 14.527727707           NA           NA           NA 13.186753443           NA           NA  5.681199370           NA
[251]           NA           NA           NA  9.276219389 25.322573439           NA           NA           NA           NA 15.624787492
[261]           NA  8.456903732           NA  3.097375735 11.897351657           NA           NA           NA  0.721016924           NA
[271]           NA           NA           NA           NA 10.107070190  9.829351236           NA  7.977778988           NA 21.566167073
[281]           NA 13.456653386  9.401282338 23.668789954           NA           NA           NA           NA           NA 10.304379870
[291]  0.611632768           NA           NA  6.690774227           NA           NA 10.023615784           NA  5.423394926           NA
[301]           NA  6.612519887  3.287202894           NA           NA           NA           NA 12.660882837           NA           NA
[311]           NA 14.645779744  7.502654497           NA           NA           NA           NA           NA           NA           NA
[321]           NA  9.574283119           NA 10.623868054           NA 15.632076942  1.925444100           NA           NA           NA
[331]           NA           NA  2.274223043           NA           NA           NA 10.448124101           NA           NA 15.264633712
[341] 14.400332939           NA           NA  9.132789742           NA  6.150496628           NA           NA           NA  2.349052537
[351]           NA           NA           NA  4.835139013           NA           NA           NA           NA 10.618655064           NA
[361]           NA           NA           NA           NA  0.365268240  0.583219312           NA           NA           NA  8.436522579
[371]  0.238937551           NA           NA  6.058661549           NA 10.997995899           NA           NA           NA           NA
[381]  1.030715318           NA 14.301203530  9.635842117           NA           NA           NA  6.722243461           NA           NA
[391]  6.844152990           NA           NA           NA           NA  3.886319727           NA           NA           NA           NA
[401]           NA           NA  4.564981384           NA           NA           NA           NA           NA           NA           NA
[411]           NA           NA           NA           NA           NA  7.026774461 11.761154317           NA  2.532832641           NA
[421] 14.690087502           NA           NA           NA  7.861533984           NA  9.726315325           NA           NA 10.145315144
[431]           NA  8.854763413  3.437305716  2.310333664           NA           NA           NA  5.093735335           NA  5.198960664
[441]           NA  5.418943350           NA           NA  5.636902096           NA  7.495785658           NA  2.963992645           NA
[451]           NA           NA           NA           NA           NA           NA           NA           NA           NA           NA
[461]  5.785314383           NA  7.914629087           NA           NA  1.477238446           NA           NA 10.231184634           NA
[471]           NA           NA           NA  8.541550365           NA           NA           NA           NA  7.831474088  5.530971091
[481]           NA           NA           NA           NA           NA           NA           NA           NA  0.191983405           NA
[491]           NA  3.173173735           NA           NA           NA           NA  2.317028265           NA           NA  5.192822855
[501]           NA           NA  3.329849693           NA  0.217544946           NA  4.239997146           NA           NA  2.282239444
[511]           NA           NA           NA           NA           NA           NA           NA           NA           NA           NA
[521]           NA  4.726874717           NA           NA           NA  0.871113142           NA           NA           NA           NA
[531]  1.338357789           NA  9.324215123  7.342389247  4.582912171           NA           NA           NA           NA  2.049382650
[541]           NA           NA           NA           NA           NA           NA           NA           NA           NA  8.674571761
[551]           NA           NA           NA           NA           NA           NA  0.826266293           NA           NA           NA
[561]           NA           NA           NA           NA           NA           NA           NA  2.742245406  0.781954007           NA
[571]           NA           NA           NA  2.168621839  3.074249181           NA           NA           NA           NA           NA
[581]           NA           NA           NA           NA           NA           NA           NA           NA  1.906308886           NA
[591]           NA           NA           NA           NA           NA  4.488479905           NA           NA           NA           NA
[601]           NA           NA           NA           NA           NA           NA           NA  6.133566225           NA           NA
[611]           NA           NA           NA           NA           NA           NA           NA           NA           NA           NA
[621]           NA           NA           NA           NA           NA           NA           NA           NA           NA  4.213068574
[631]           NA           NA           NA           NA           NA  5.812725736           NA           NA           NA           NA
[641]           NA  0.756172083           NA           NA           NA           NA           NA           NA  4.646133112           NA
[651]           NA  4.631116701           NA           NA           NA           NA           NA           NA           NA           NA
[661]           NA           NA           NA           NA           NA           NA  6.064815661           NA           NA           NA
[671]           NA           NA           NA           NA           NA           NA           NA           NA           NA           NA
[681]           NA           NA           NA           NA  3.347928188  3.070505963           NA  0.424452935           NA           NA
[691]  0.786422739           NA           NA           NA           NA           NA           NA           NA           NA  1.042710382
[701]           NA           NA           NA           NA           NA           NA           NA           NA           NA           NA
[711]           NA           NA           NA           NA           NA  1.788089729           NA           NA           NA           NA
[721]           NA           NA           NA           NA           NA           NA           NA           NA           NA           NA
[731]           NA           NA           NA           NA           NA           NA           NA           NA           NA           NA
[741]           NA           NA           NA           NA           NA           NA           NA           NA           NA           NA
[751]           NA           NA           NA           NA           NA           NA           NA

$TS
  [1] 1.032065e+02 1.013561e+02 9.433570e+01 8.206234e+01 7.572123e+01 7.535162e+01 7.241338e+01 7.178238e+01 6.887045e+01 6.358368e+01
 [11] 6.335084e+01 7.211413e+01 6.416619e+01 6.061286e+01 5.510446e+01 5.238869e+01 5.228095e+01 4.334131e+01 2.754752e+01 2.329982e+01
 [21] 2.123964e+01 7.168030e+01 6.672487e+01 5.258117e+01 6.223344e+01 6.059012e+01 5.475345e+01 4.807316e+01 2.839412e+01 2.802213e+01
 [31] 2.287555e+01 9.650240e+00 5.262647e+00 6.176616e+01 5.375362e+01 4.791893e+01 4.265009e+01 2.922048e+01 1.631936e+01 6.188732e+01
 [41] 4.907842e+01 3.935332e+01 3.657821e+01 5.295741e+01 4.538714e+01 3.136054e+01 1.843315e+01 2.097579e+01 6.763293e+00 5.654227e+01
 [51] 5.011396e+01 4.160111e+01 3.819516e+01 3.581960e+01 3.457682e+01 3.223443e+01 3.205990e+01 1.899821e+01 5.075011e+01 3.724932e+01
 [61] 3.694888e+01 1.794570e+01 1.780106e+01 1.590350e+01 1.468023e+01 6.786132e-01 4.945849e+01 3.330639e+01 3.329949e+01 5.190081e+01
 [71] 3.787476e+01 3.435438e+01 2.965911e+01 2.511729e+01 4.328287e+01 3.613751e+01 3.359257e+01 3.059160e+01 3.054730e+01 3.008527e+01
 [81] 4.795650e+01 4.651413e+01 4.920763e+01 4.577045e+01 4.404067e+01 3.974398e+01 3.840568e+01 3.371771e+01 3.097869e+01 4.662244e+01
 [91] 4.263254e+01 3.578117e+01 2.667055e+01 2.512004e+01 2.336017e+01 2.007998e+01 9.798058e+00 4.718380e+01 4.467036e+01 4.119760e+01
[101] 3.165074e+01 2.656688e+01 2.386682e+01 1.453233e+01 1.181421e+01 3.662159e+01 2.866546e+01 2.765575e+01 2.525004e+01 3.740858e+01
[111] 2.087157e+01 1.827098e+01 1.149805e+01 1.090549e+00 3.480361e+01 1.765132e+01 2.598953e+01 2.945361e+01 4.202974e+01 3.766517e+01
[121] 3.409584e+01 4.174152e+01 2.567394e+01 1.967767e+01 1.196121e+01 5.178858e+00 4.131247e+01 1.272677e+01 6.465825e+00 3.369052e+01
[131] 2.812005e+01 2.368742e+01 1.828508e+01 2.319964e+01 1.535634e+01 1.186340e+01 3.839585e+01 5.508518e+00 3.764315e+01 3.483296e+01
[141] 3.125372e+01 3.753904e+01 3.331637e+01 3.565645e+01 1.119561e+01 3.626702e+01 2.013064e+01 1.630667e+01 3.158230e+01 3.353710e+01
[151] 2.704234e+01 1.886765e+01 3.474204e+01 2.736949e+01 3.517114e+01 2.021561e+01 2.883665e+01 2.822050e+01 2.678493e+01 2.466791e+01
[161] 2.268938e+01 5.851390e+00 3.124908e+01 2.945966e+01 2.943921e+01 2.753473e+01 1.609163e+01 9.896659e+00 7.986311e+00 2.984845e+01
[171] 2.570749e+01 1.236943e+01 1.173069e+01 2.266499e+00 2.634305e+01 2.745747e+01 2.596939e+01 2.267127e+01 1.984052e+01 1.132262e+01
[181] 1.002528e+01 2.465187e+01 2.198175e+01 2.971091e+01 2.033394e+01 1.819321e+01 3.275632e+01 2.955406e+01 2.629915e+01 3.264372e+01
[191] 2.777951e+01 2.381737e+01 1.979564e+01 1.764160e+01 2.811252e+01 2.774701e+01 2.225420e+01 3.003627e+01 2.230622e+01 2.499831e+01
[201] 2.478970e+01 2.247884e+01 2.242237e+01 1.962304e+01 1.884726e+01 1.649275e+01 1.483072e+01 5.489097e+00 3.124741e+00 1.429221e+01
[211] 1.294773e+01 5.190973e+00 1.962557e+01 3.422532e+00 2.287663e+01 2.247637e+01 2.217091e+00 2.781355e+01 1.822807e+01 1.459625e+01
[221] 1.363714e+01 1.987221e+01 1.613122e+01 6.001693e+00 4.827071e+00 2.322229e+01 2.212657e+01 2.408177e+01 2.242588e+01 2.087099e+01
[231] 1.878778e+01 6.419835e+00 2.594918e+01 1.078274e+01 7.472385e+00 2.665738e+01 2.054989e+01 2.784456e+01 1.016142e+00 2.050789e+01
[241] 2.684930e+01 2.060711e+01 5.008176e+00 4.714142e-01 2.720111e+01 2.484988e+01 2.267399e+01 2.527287e+01 1.797554e+01 1.228738e+01
[251] 2.682591e+01 2.275800e+01 1.796720e+01 1.484547e+01 2.611359e+01 1.493877e+01 1.073349e+01 4.000083e+00 2.719222e+01 1.834186e+01
[261] 1.094560e+01 8.967236e+00 7.055188e+00 6.531081e+00 2.533764e+01 1.200312e+01 1.911275e+00 6.671939e+00 4.612420e+00 1.831629e+01
[271] 1.398573e+01 1.185904e+01 6.588346e+00 2.164571e+00 2.646900e+01 1.041411e+01 2.323470e+00 2.563579e+01 2.321734e+01 2.236044e+01
[281] 1.940374e+01 1.541502e+01 1.275342e+01 2.368502e+01 1.028765e+01 2.448752e+01 1.878989e+01 1.216146e+01 1.173327e+01 1.035202e+01
[291] 4.944591e+00 1.863756e+01 2.492159e+01 2.443171e+01 1.668167e+01 1.637659e+01 2.484636e+01 2.271822e+01 2.387295e+01 2.115075e+01
[301] 2.057531e+01 2.023699e+01 1.245725e+01 1.301239e+00 2.350938e+01 2.050824e+01 1.950548e+01 1.851903e+01 3.196895e+00 2.031673e+01
[311] 1.740954e+01 1.584811e+01 2.358027e+01 2.133056e+01 2.047578e+01 2.348717e+01 2.022418e+01 4.754180e+00 2.174749e+00 2.300107e+01
[321] 1.604516e+01 2.096338e+01 7.989217e+00 1.401755e+01 1.950794e+01 1.574450e+01 7.762187e+00 2.981146e+00 1.783193e+00 1.519226e+01
[331] 1.613704e+01 1.458491e+01 7.725849e+00 1.006141e+01 1.730912e+01 6.826724e+00 1.962726e+01 7.852992e+00 1.957748e+01 1.926478e+01
[341] 2.253307e+01 6.457239e+00 2.081415e+00 2.151355e+01 1.938549e+01 1.165206e+01 8.939689e+00 6.478388e+00 2.865997e+00 9.423765e+00
[351] 4.075082e-01 2.244241e+01 1.028599e+01 1.001375e+01 1.871625e+01 5.695379e+00 1.535614e+00 1.846578e+01 1.192537e+01 3.126027e+00
[361] 3.112969e+00 2.915632e+00 1.085936e+00 2.177435e+01 1.866441e+01 1.777344e+01 1.516041e+01 4.448092e+00 1.568218e+00 1.981594e+01
[371] 2.117866e+01 1.347011e+01 2.039018e+01 7.319650e+00 2.185754e+01 1.381010e+01 8.932079e-01 1.051530e+01 9.463619e+00 2.952541e+00
[381] 2.147742e+00 2.025893e+00 1.877835e+01 1.572999e+01 1.313183e+01 1.108349e+01 2.097616e+00 1.169592e+01 2.791466e+00 1.907321e+01
[391] 1.074143e+01 1.742234e+01 7.168236e+00 1.602449e+01 1.156086e+01 1.006519e+01 8.477541e+00 8.163254e+00 7.141259e+00 3.241573e+00
[401] 3.095956e+00 1.553576e+01 8.791749e+00 7.525490e+00 1.326447e+01 1.098357e+00 1.732677e+01 1.119335e+01 1.529879e+01 7.220394e+00
[411] 4.009555e+00 1.596217e+00 9.530139e-01 1.977008e+01 1.540209e+01 1.340661e+01 1.608658e+01 1.225786e+01 4.804276e+00 1.704420e+01
[421] 1.578537e+01 1.148593e+01 6.081673e+00 2.924235e-01 1.053512e+01 4.430627e+00 1.904683e+01 1.797591e+01 1.723448e+01 1.228899e+01
[431] 7.135989e+00 1.806304e+01 1.823598e+01 1.541688e+01 2.682480e+00 7.896187e+00 7.866216e+00 1.886272e+01 1.847837e+01 6.461383e+00
[441] 9.348228e-01 1.342973e+01 1.492882e+01 1.240170e+01 9.027594e+00 1.479610e+01 1.354348e+01 7.489011e+00 6.782711e+00 5.422160e+00
[451] 1.803105e+01 1.438231e+01 1.363568e+01 1.841779e+01 9.944542e+00 7.622156e+00 1.502776e+01 2.992051e+00 9.189421e+00 3.740035e+00
[461] 1.043579e+01 1.500130e+01 8.081710e+00 1.112669e+01 8.914293e+00 7.446362e+00 1.144565e+01 1.686183e+01 1.654779e+01 5.016473e+00
[471] 6.636272e+00 1.282006e+01 2.194700e+00 1.538635e+01 1.221551e+01 1.061290e+01 2.748696e+00 1.270729e+01 1.386249e+01 1.124921e+01
[481] 3.640258e+00 6.280690e+00 7.053742e+00 2.808894e+00 8.337663e+00 5.225976e+00 1.589135e+01 3.836282e+00 2.045075e+00 3.227653e-02
[491] 1.335041e+01 1.124950e+01 1.340611e+00 1.483758e+01 1.437925e+01 1.362323e+01 3.524740e+00 1.575922e+00 1.285803e+00 1.194134e+01
[501] 1.313418e+01 9.087903e+00 1.386825e+01 2.147704e+00 1.478537e+01 1.095284e+01 1.143878e+01 9.358001e+00 5.575824e+00 5.171822e+00
[511] 1.099685e+01 2.384345e+00 1.137426e+01 3.601489e+00 1.913703e+00 5.040856e+00 1.015564e+01 7.747076e+00 3.041192e+00 4.421694e+00
[521] 1.445016e+01 7.900011e+00 1.392844e+01 1.330042e+01 4.391632e+00 4.970227e+00 7.335512e+00 1.419480e+01 8.834923e+00 5.882751e+00
[531] 5.079514e+00 1.340809e+01 1.377841e+01 1.204478e+01 1.021533e+01 3.508330e+00 1.526547e+00 1.527857e+00 5.512479e+00 4.056249e+00
[541] 1.184448e+01 3.845410e+00 7.506071e-01 1.108863e+01 9.082920e+00 4.359443e+00 4.420154e+00 7.083415e+00 4.692616e-01 1.014971e+01
[551] 1.321462e+01 2.217179e+00 6.038629e+00 1.234932e+01 6.253269e+00 5.530143e+00 3.956368e+00 4.485253e-01 1.050532e+01 1.077793e+00
[561] 7.545015e+00 4.115075e+00 1.304633e+01 4.095851e+00 1.236214e+01 2.911048e+00 4.473001e+00 1.143087e+01 8.237780e+00 6.830443e+00
[571] 4.067403e+00 1.158107e+00 2.283080e+00 1.053897e+01 4.114138e+00 1.194211e+01 6.353922e+00 1.113398e+01 3.354305e+00 1.177792e-01
[581] 3.233818e+00 7.850077e+00 6.373711e+00 1.082453e+01 2.760854e+00 7.464262e+00 8.858540e+00 8.046744e+00 4.045972e+00 1.608531e-01
[591] 8.060712e-01 8.610578e+00 1.970274e+00 1.084411e+01 4.152001e+00 8.519812e+00 5.879788e+00 1.099711e+01 7.597707e+00 3.128607e+00
[601] 9.680664e+00 6.889732e+00 9.126050e+00 2.715788e+00 8.927037e+00 7.021890e+00 9.961976e+00 9.080901e+00 7.722359e+00 6.227517e+00
[611] 4.318179e+00 6.715192e+00 2.592112e+00 7.617352e+00 7.990535e+00 8.703631e-01 5.528913e+00 4.843376e+00 6.849137e+00 6.282734e+00
[621] 3.694471e+00 2.412052e+00 4.895246e+00 8.118797e+00 3.367256e+00 3.209069e+00 6.064787e+00 9.168440e+00 2.208430e+00 7.267827e+00
[631] 7.160664e+00 4.015163e+00 8.917374e+00 3.454174e+00 4.293009e+00 7.118992e+00 1.843682e-01 5.728465e+00 3.007319e+00 7.709070e+00
[641] 8.640237e+00 3.038053e+00 5.933337e+00 1.092678e+00 8.366650e-01 8.766848e+00 4.231257e-01 7.025667e-01 7.170316e+00 8.009975e+00
[651] 2.095421e+00 5.533486e+00 5.419690e+00 6.784045e+00 1.410522e+00 4.605974e+00 2.921388e+00 5.485887e+00 6.282504e+00 6.126557e+00
[661] 4.631127e+00 4.508157e+00 2.615491e+00 4.820389e+00 7.144359e+00 4.093797e+00 6.758356e+00 2.251341e+00 4.362501e-01 3.720860e+00
[671] 1.147044e+00 6.117374e+00 6.415372e+00 4.722540e+00 3.371245e+00 6.958759e+00 6.104967e+00 3.812093e+00 2.882204e+00 2.263485e+00
[681] 2.160916e+00 6.700974e+00 4.597557e+00 5.178174e+00 4.317734e+00 4.684325e+00 3.087891e+00 2.129620e+00 1.259858e+00 4.608587e+00
[691] 1.427965e+00 5.117971e+00 2.931659e+00 2.822463e+00 2.783420e+00 4.462004e+00 1.949979e+00 1.655079e+00 5.499877e+00 3.162191e+00
[701] 5.112239e+00 2.005351e+00 1.548208e+00 2.284434e+00 7.810060e-01 1.829484e+00 3.558016e+00 2.329752e+00 4.500091e+00 4.940852e+00
[711] 5.530342e-01 2.029726e+00 3.111157e+00 3.731487e+00 1.570936e+00 2.936869e+00 2.290381e+00 2.290709e-01 4.087048e+00 1.886462e+00
[721] 2.675694e-01 3.266775e+00 3.678692e-01 2.191896e+00 1.278970e-01 2.671062e+00 2.263053e+00 3.469297e+00 2.187748e+00 2.232095e+00
[731] 5.271804e-01 1.953082e+00 1.448952e+00 1.928424e+00 1.087128e+00 1.922008e+00 2.637632e+00 8.159713e-01 2.381040e+00 2.190360e+00
[741] 2.279354e+00 5.579268e-01 6.029412e-01 1.533899e+00 4.931885e-01 1.804900e+00 1.720931e-01 1.598362e-03 4.782564e-01 1.707067e+00
[751] 4.018056e-01 3.973297e-01 2.175933e-04 9.798791e-03 5.587031e-02 3.089942e-01 1.724373e-01

$PAR
  [1]  NA   1   1   2   2   2   2   2   2   2   2   5  12  12  12  12  12  12  12  12  12   8  22   9  13  13  13  13  13  13  13  13
 [33]  13  10  10  10  10  10  10  11  25  25  25  40  40  40  40  34  34  14  50  50  50  50  50  50  50  50  15  15  15  15  15  15
 [65]  15  15  24  24  24  16  70  70  70  70  59  59  59  59  59  59  51  51  67  41  28  28  28  28  28  81  81  81  81  81  81  81
 [97]  81  36  36  36  36  36  36  36  36  90  90  90  45  99  99  99  99  99  18  18  75  37  91  91  91 119 119 119 119 119 122  52
[129]  52 127 127 127 127 100 100 100  42 137  53  71  71 139 139 142 142  60  60  60  61 106 106 106 146  54 144 144 155 155 155 155
[161] 155 155 140 153 153 153 153 153 153  72  72  72  72  72 121 130 130 130 130 130 130 143 143  68  68  68  69  69  69 187 187 190
[193] 190 190  57  57 101 149 149  46  46  46  46  46  46 163  89  89  89  78  79  79 198 198 184 184 184 188 188 188 188 164 164 164
[225] 164 118 118 165 165 165 165 165  38  38  38 107 107  29  29 158 131 195 195 195  30  30  30 238 238 238 218 218 196 196 108  19
[257]  19  19 166 166 166 166 166 166 154 245 245 259 151 251 251 251 251 251 159 159 159  93  93 236 275 175 175 189 189 117 117 117
[289] 117 117 117 177 233 233 233 278 265 265 248 248 248 248 109 109  94  74  74  74  74 293 246 297 201 201 201 160 160 286 286 294
[321] 294 228 228 299 103 192 192 192 192 132 313 305 305 316  95 226 279 279 134 134 320 320 320 215 215 215 252 252 252 298 298 161
[353] 161 161 247 247 247 178 178 178 178 178 178 202 202 202 202 202 202 216 352 352 229 229 199 199 199 197 197 197 197 197 375 375
[385] 375 375 375 364 364 344  21 371 371 300 111 111 111 111 111 230 230 301 237 237 306 306 315 315 185 185 310 310 310 302 302 302
[417] 317 317 317  96  96  96  96 222 179 179 370 370 193 414 414 337 339 325 325 345 345 340 390 390 390 152 438 438 438 365 365 365
[449] 292 292 439 439 439 358 358 454 270 270 112 112 433 219 219 186 186 186 451 249 249 253  63 366 194 392 392 392 392 311 407 407
[481] 407 429 468 468 295 295 469 206 206 206  39  39  39 148 331 331 331 331 331 223 417 321  64  64 384 384 402 434 434 434 474 135
[513] 409 409 409 330 367 457 457 462 256 256 207 207 207 446 505  65  65  65  65 220 521 521 521 521 452 210 528 528 271 523 523 503
[545] 503 503 453 496 496 447 372 372 442 532 532 532 532 532 491 491 405 405 501 501 385 385 563 472 472 472 472 472 444 565 565 554
[577] 554 250 475 475 288 125 500 136 136 105 289 289 289 289 173 395 113 467 467 568 568 513 180 180 480 145 408 578 464 464 544 544
[609] 544 544 544 386 386 598 511 511 506 261 584 234 476 476 574 425 559 559 461 285 353 517 517 396  97  97 379 508 508 603 603 502
[641] 545 545 605 605 605 633 633 587 641 569 398 650 615 323 169 338 582 518 456 448 586 527 527 410 393 631 399 399 399 431 431 636
[673] 483 483 483 606 606 606 602 336 336 654 654 449 449 471 348 348 348 577 482 555 555 555 660 672 672 677 423 627 224 643 643 597
[705] 638 509 658 658 486 126 692 701 470 291 618 318 674 661 690 690 690 662 709 368 611 595 562 575 564 571 571 481 214 626 626 642
[737] 362 566 477 435 737 663 552 629 504 387 343 712 382 720 329 648 742 549 669 752 756

$EXTANT
  [1] FALSE FALSE FALSE FALSE FALSE FALSE FALSE FALSE FALSE  TRUE FALSE FALSE  TRUE FALSE  TRUE FALSE FALSE  TRUE  TRUE FALSE FALSE
 [22] FALSE FALSE FALSE FALSE FALSE FALSE FALSE  TRUE FALSE FALSE FALSE  TRUE  TRUE FALSE  TRUE FALSE FALSE  TRUE  TRUE FALSE FALSE
 [43] FALSE FALSE FALSE FALSE FALSE FALSE FALSE FALSE FALSE FALSE FALSE FALSE FALSE FALSE FALSE FALSE FALSE FALSE FALSE FALSE FALSE
 [64]  TRUE  TRUE  TRUE FALSE FALSE FALSE FALSE FALSE  TRUE FALSE  TRUE FALSE FALSE FALSE FALSE  TRUE FALSE FALSE FALSE FALSE FALSE
 [85] FALSE FALSE FALSE FALSE  TRUE FALSE FALSE FALSE FALSE FALSE FALSE  TRUE  TRUE FALSE FALSE  TRUE FALSE FALSE FALSE  TRUE  TRUE
[106] FALSE FALSE FALSE  TRUE FALSE  TRUE  TRUE  TRUE  TRUE FALSE  TRUE  TRUE FALSE  TRUE FALSE FALSE FALSE FALSE FALSE  TRUE  TRUE
[127] FALSE FALSE  TRUE  TRUE FALSE FALSE  TRUE FALSE  TRUE  TRUE  TRUE FALSE FALSE FALSE FALSE  TRUE FALSE FALSE  TRUE FALSE FALSE
[148] FALSE FALSE FALSE  TRUE FALSE  TRUE FALSE FALSE FALSE FALSE  TRUE  TRUE FALSE  TRUE  TRUE FALSE  TRUE  TRUE  TRUE FALSE FALSE
[169]  TRUE FALSE FALSE  TRUE  TRUE  TRUE  TRUE  TRUE  TRUE  TRUE  TRUE  TRUE  TRUE FALSE FALSE FALSE  TRUE FALSE FALSE  TRUE FALSE
[190] FALSE FALSE  TRUE FALSE  TRUE  TRUE FALSE  TRUE  TRUE  TRUE FALSE FALSE  TRUE FALSE FALSE FALSE  TRUE  TRUE  TRUE  TRUE  TRUE
[211] FALSE  TRUE FALSE  TRUE FALSE  TRUE  TRUE  TRUE  TRUE FALSE  TRUE  TRUE  TRUE  TRUE  TRUE  TRUE FALSE  TRUE  TRUE  TRUE FALSE
[232]  TRUE  TRUE  TRUE  TRUE FALSE  TRUE FALSE  TRUE FALSE FALSE FALSE  TRUE  TRUE  TRUE FALSE  TRUE  TRUE FALSE  TRUE  TRUE  TRUE
[253]  TRUE FALSE FALSE  TRUE  TRUE  TRUE  TRUE FALSE  TRUE FALSE  TRUE FALSE FALSE  TRUE  TRUE  TRUE FALSE  TRUE  TRUE  TRUE  TRUE
[274]  TRUE FALSE FALSE  TRUE FALSE  TRUE FALSE  TRUE FALSE FALSE FALSE  TRUE  TRUE  TRUE  TRUE  TRUE FALSE FALSE  TRUE  TRUE FALSE
[295]  TRUE  TRUE FALSE  TRUE FALSE  TRUE  TRUE FALSE FALSE  TRUE  TRUE  TRUE  TRUE FALSE  TRUE  TRUE  TRUE FALSE FALSE  TRUE  TRUE
[316]  TRUE  TRUE  TRUE  TRUE  TRUE  TRUE FALSE  TRUE FALSE  TRUE FALSE FALSE  TRUE  TRUE  TRUE  TRUE  TRUE FALSE  TRUE  TRUE  TRUE
[337] FALSE  TRUE  TRUE FALSE FALSE  TRUE  TRUE FALSE  TRUE FALSE  TRUE  TRUE  TRUE FALSE  TRUE  TRUE  TRUE FALSE  TRUE  TRUE  TRUE
[358]  TRUE FALSE  TRUE  TRUE  TRUE  TRUE  TRUE FALSE FALSE  TRUE  TRUE  TRUE FALSE FALSE  TRUE  TRUE FALSE  TRUE FALSE  TRUE  TRUE
[379]  TRUE  TRUE FALSE  TRUE FALSE FALSE  TRUE  TRUE  TRUE FALSE  TRUE  TRUE FALSE  TRUE  TRUE  TRUE  TRUE FALSE  TRUE  TRUE  TRUE
[400]  TRUE  TRUE  TRUE FALSE  TRUE  TRUE  TRUE  TRUE  TRUE  TRUE  TRUE  TRUE  TRUE  TRUE  TRUE  TRUE FALSE FALSE  TRUE FALSE  TRUE
[421] FALSE  TRUE  TRUE  TRUE FALSE  TRUE FALSE  TRUE  TRUE FALSE  TRUE FALSE FALSE FALSE  TRUE  TRUE  TRUE FALSE  TRUE FALSE  TRUE
[442] FALSE  TRUE  TRUE FALSE  TRUE FALSE  TRUE FALSE  TRUE  TRUE  TRUE  TRUE  TRUE  TRUE  TRUE  TRUE  TRUE  TRUE  TRUE FALSE  TRUE
[463] FALSE  TRUE  TRUE FALSE  TRUE  TRUE FALSE  TRUE  TRUE  TRUE  TRUE FALSE  TRUE  TRUE  TRUE  TRUE FALSE FALSE  TRUE  TRUE  TRUE
[484]  TRUE  TRUE  TRUE  TRUE  TRUE FALSE  TRUE  TRUE FALSE  TRUE  TRUE  TRUE  TRUE FALSE  TRUE  TRUE FALSE  TRUE  TRUE FALSE  TRUE
[505] FALSE  TRUE FALSE  TRUE  TRUE FALSE  TRUE  TRUE  TRUE  TRUE  TRUE  TRUE  TRUE  TRUE  TRUE  TRUE  TRUE FALSE  TRUE  TRUE  TRUE
[526] FALSE  TRUE  TRUE  TRUE  TRUE FALSE  TRUE FALSE FALSE FALSE  TRUE  TRUE  TRUE  TRUE FALSE  TRUE  TRUE  TRUE  TRUE  TRUE  TRUE
[547]  TRUE  TRUE  TRUE FALSE  TRUE  TRUE  TRUE  TRUE  TRUE  TRUE FALSE  TRUE  TRUE  TRUE  TRUE  TRUE  TRUE  TRUE  TRUE  TRUE  TRUE
[568] FALSE FALSE  TRUE  TRUE  TRUE  TRUE FALSE FALSE  TRUE  TRUE  TRUE  TRUE  TRUE  TRUE  TRUE  TRUE  TRUE  TRUE  TRUE  TRUE  TRUE
[589] FALSE  TRUE  TRUE  TRUE  TRUE  TRUE  TRUE FALSE  TRUE  TRUE  TRUE  TRUE  TRUE  TRUE  TRUE  TRUE  TRUE  TRUE  TRUE FALSE  TRUE
[610]  TRUE  TRUE  TRUE  TRUE  TRUE  TRUE  TRUE  TRUE  TRUE  TRUE  TRUE  TRUE  TRUE  TRUE  TRUE  TRUE  TRUE  TRUE  TRUE  TRUE FALSE
[631]  TRUE  TRUE  TRUE  TRUE  TRUE FALSE  TRUE  TRUE  TRUE  TRUE  TRUE FALSE  TRUE  TRUE  TRUE  TRUE  TRUE  TRUE FALSE  TRUE  TRUE
[652] FALSE  TRUE  TRUE  TRUE  TRUE  TRUE  TRUE  TRUE  TRUE  TRUE  TRUE  TRUE  TRUE  TRUE  TRUE FALSE  TRUE  TRUE  TRUE  TRUE  TRUE
[673]  TRUE  TRUE  TRUE  TRUE  TRUE  TRUE  TRUE  TRUE  TRUE  TRUE  TRUE  TRUE FALSE FALSE  TRUE FALSE  TRUE  TRUE FALSE  TRUE  TRUE
[694]  TRUE  TRUE  TRUE  TRUE  TRUE  TRUE FALSE  TRUE  TRUE  TRUE  TRUE  TRUE  TRUE  TRUE  TRUE  TRUE  TRUE  TRUE  TRUE  TRUE  TRUE
[715]  TRUE FALSE  TRUE  TRUE  TRUE  TRUE  TRUE  TRUE  TRUE  TRUE  TRUE  TRUE  TRUE  TRUE  TRUE  TRUE  TRUE  TRUE  TRUE  TRUE  TRUE
[736]  TRUE  TRUE  TRUE  TRUE  TRUE  TRUE  TRUE  TRUE  TRUE  TRUE  TRUE  TRUE  TRUE  TRUE  TRUE  TRUE  TRUE  TRUE  TRUE  TRUE  TRUE
[757]  TRUE

