
Birth-death simulation object with 869 species and 500 extant species

Details for some species:

Extinction times (NA means extant)
[1] 106.43949  86.40431 104.84630  91.51847  99.30901  90.32965


Speciation times 
[1] 125.29908 124.13729 113.30055 108.03326 101.54972  97.03421


Species parents (NA for initial)
[1] NA  1  2  2  2  2


Species status (extinct or extant)
[1] "extinct" "extinct" "extinct" "extinct" "extinct" "extinct"


For more details on vector y, try sim$y, with y one of
TE TS PAR EXTANT



$TE
  [1] 106.4394902  86.4043087 104.8462972  91.5184743  99.3090069  90.3296474  87.2303674 109.6833615  59.6986282 103.0611372
 [11] 108.0326755  88.8292014 105.0198376 109.9912870 103.4132235  92.4125861  74.4567738  36.4539446  32.6666795  63.3594040
 [21]  35.9296493  52.3164258 100.1191883  97.4327160  96.9124581  47.7028310  93.5053018  73.1476685  76.9819719  23.2724643
 [31]  78.9271512  65.4374269  42.7136682  84.2600965  79.3473182  35.8952041  71.7703872          NA  52.6558099  87.1829507
 [41]  75.1514269  71.6247895  89.5814927  60.3480562  40.7021543  26.7432261   1.3682647  11.9915833  68.5991957  59.2806836
 [51]  41.3675445  38.8303904  40.9563868  42.7890280  52.0023634  43.2329566  30.9819681  13.0307815  10.3825092  31.8847820
 [61]   9.2094087   7.0592690  57.1953705  30.7054073          NA   1.1205996  51.4210038  41.6199730  53.9951841  31.2073507
 [71]   4.8739509  39.2394188  28.2430393   9.3727727          NA          NA          NA  44.5238756  46.7299722  27.8768777
 [81]  53.2430399  17.2445651  53.5205146  25.3531129  25.4833833  11.6462245          NA  10.4090983  32.1322112          NA
 [91]  25.2152210   9.3399750          NA   2.0413088          NA  11.6290217  43.1662254          NA   7.3514314  57.0311268
[101]  26.9029728  41.2322116          NA  22.2383873          NA  22.1700858  32.6550370  10.7561102  40.5322224  20.7512925
[111]  28.8585304  17.7001169   7.0001265  14.7069894          NA   5.9649865  28.6400342  29.4877701  44.8699674  29.8514970
[121]  47.8888441  30.4328013  34.6897730  25.5726772  38.1785552  47.0255301  40.8074839  35.1756762          NA   6.1801972
[131]          NA          NA  21.1688967  23.8866746  17.9247257  19.4611984   6.8491590          NA  11.5605727   6.2220423
[141]          NA  22.3972662  16.3948371          NA  16.6969771   5.7960200  22.4392898  48.2150787  35.0531237  21.2832104
[151]          NA          NA          NA   7.5599018   3.7165846          NA  48.2658663  36.8008509   2.7699681  35.6671399
[161]          NA  28.3444635  29.6977851  44.6763383  43.6163185  39.4047142  20.3935933   6.3510712   1.1988329          NA
[171]          NA          NA          NA   3.8173868          NA          NA  41.9509506          NA  28.6628988          NA
[181]   9.3680165  11.0385122          NA          NA  30.1888348  11.3924219          NA          NA  29.5370600   5.6755658
[191]  26.0686931  32.5456538  18.3671750  14.2436130          NA  19.1867945  12.7682429  35.6206500  39.5082769  32.1130014
[201]  25.7739049          NA   7.9362514   4.9118109  31.0213660   5.5267034  19.9674862  12.3060181          NA  33.4055515
[211]          NA  10.4932870   5.9381171          NA          NA   9.5754021  29.2838305  21.0383272   4.1142038          NA
[221]  27.3486492  21.5262395          NA  29.4878307          NA          NA  23.0948917          NA          NA          NA
[231]   3.1649867   4.4980677          NA          NA   4.7233003          NA          NA          NA          NA   7.3009366
[241]  31.7088131          NA  11.6560655  17.9135739          NA  23.0950381          NA          NA          NA          NA
[251]   8.1102583          NA          NA          NA  13.5444832          NA          NA   7.7682830   9.0192969          NA
[261]          NA          NA          NA          NA  20.2399947          NA          NA          NA   4.8986864  15.6062369
[271]          NA          NA  17.7906875          NA          NA  25.3398998  15.4482741          NA  15.8892729          NA
[281]          NA          NA          NA   0.5660414   4.1422916  21.2600636   6.3497094  28.5878050   7.9753111          NA
[291]          NA   0.1905204          NA          NA          NA          NA          NA   3.7223173  25.9397384   8.1944268
[301]   5.7477134  13.2484640          NA          NA          NA  22.3358272   3.5811534          NA          NA  24.0333065
[311]          NA   1.9387748  13.7527085          NA          NA          NA          NA  20.0815252   4.7737871          NA
[321]   3.5965960   0.7171605  19.9474010          NA  15.7878679          NA          NA          NA  23.1806721  22.0188107
[331]          NA          NA  25.4566723  15.3477473  13.4988330  12.1945837          NA          NA  10.4641734   9.7387057
[341]   0.4112983  13.1509636          NA  17.4017151  11.1712571          NA  16.0078429          NA          NA  13.4827190
[351]          NA          NA          NA   1.7765135          NA          NA          NA          NA          NA   2.4388912
[361]   1.6299391   5.1042037          NA          NA  18.2999856   1.1694611          NA  15.2788269          NA          NA
[371]          NA   2.8517736          NA          NA          NA          NA          NA   7.7960805          NA          NA
[381]  17.0458665          NA  12.7190825          NA  19.0035452          NA          NA  16.0839031          NA   0.7932007
[391]  21.0505105          NA  16.9731724  22.6720052   9.2099398   4.1901975          NA   8.8389662          NA   5.8826729
[401]   2.6650845          NA          NA          NA  11.3627541          NA  20.6005490          NA   5.9724598          NA
[411]          NA          NA   2.1073392   3.3728118          NA          NA   9.5733751  13.1199008  11.1995266   1.6236432
[421]          NA          NA          NA  12.5263215   3.9077986   2.3233709  10.7999974          NA          NA          NA
[431]          NA          NA   0.6760135          NA          NA          NA  21.6188861          NA          NA  19.0569871
[441]          NA          NA          NA   3.1648400          NA          NA          NA          NA  17.1834740          NA
[451]          NA   1.7411778          NA          NA          NA          NA          NA  17.1206269  21.1024970   5.5434140
[461]   1.1783632          NA          NA          NA          NA  15.1227582   2.6252742   5.5964009          NA          NA
[471]   3.5756599  11.2636067          NA   6.8212594          NA          NA          NA   2.7948579   0.3081885          NA
[481]  15.8874294  14.5052301          NA  19.8571749          NA   4.6309398          NA          NA  11.2896746          NA
[491]          NA          NA  12.7693748  15.3607161   0.9831697          NA          NA          NA          NA          NA
[501]          NA          NA   6.0759844          NA   5.3846366  10.0848219          NA          NA          NA          NA
[511]          NA   2.5770112   5.7768932  17.4777122          NA          NA          NA   5.0258477          NA          NA
[521]          NA          NA          NA          NA          NA          NA          NA          NA   0.5640266          NA
[531]          NA   8.9786619   6.5588624  16.6992086          NA  17.6743825   9.7149050          NA          NA          NA
[541]          NA          NA          NA          NA          NA   6.1477741   5.7028954          NA          NA   1.1308139
[551]   2.3713331          NA   9.2023455          NA   6.1605758   4.4513358          NA          NA          NA          NA
[561]          NA          NA          NA   1.9177851          NA   1.9512212          NA          NA   7.1105187          NA
[571]          NA          NA   1.2470051  10.4265748          NA          NA          NA   5.2047371          NA          NA
[581]          NA  10.6126700          NA          NA   1.1653078          NA          NA          NA          NA   8.2172847
[591]          NA          NA   0.9318695          NA          NA   9.6388929   2.2761019          NA          NA          NA
[601]          NA  10.5010854   5.3831264          NA          NA          NA   1.3823690          NA          NA          NA
[611]          NA          NA          NA          NA          NA          NA          NA   6.4599483   6.4189671          NA
[621]          NA          NA          NA   4.3282283          NA          NA   8.8161826          NA   9.8697513          NA
[631]          NA          NA          NA          NA          NA   4.6023561          NA          NA          NA          NA
[641]          NA          NA          NA          NA   5.1116034          NA          NA          NA          NA          NA
[651]          NA   1.2304502          NA   2.3578463   3.2940714          NA          NA          NA          NA          NA
[661]          NA          NA   1.5455727          NA          NA          NA   0.9042241          NA   3.9408943          NA
[671]   2.4567074          NA          NA          NA          NA   8.8228509          NA          NA          NA          NA
[681]          NA          NA   2.4285593          NA   5.1365680          NA          NA          NA          NA          NA
[691]          NA   7.5924656          NA   1.4599466          NA          NA          NA          NA          NA          NA
[701]          NA          NA          NA          NA          NA          NA   2.9713974   6.0527145          NA   1.5316362
[711]          NA          NA          NA          NA          NA          NA          NA          NA   3.2369854          NA
[721]          NA          NA          NA          NA          NA   8.1793599          NA          NA          NA          NA
[731]          NA          NA          NA          NA          NA          NA          NA          NA   1.7589159          NA
[741]          NA          NA          NA          NA   3.2962273          NA          NA          NA          NA          NA
[751]          NA          NA          NA          NA          NA   2.8475680          NA   3.4962125          NA          NA
[761]          NA          NA          NA          NA          NA          NA          NA          NA          NA          NA
[771]          NA          NA          NA          NA   2.7539559          NA          NA          NA   3.0747397          NA
[781]          NA   1.0815609          NA          NA          NA          NA          NA          NA          NA   2.9699693
[791]          NA          NA          NA          NA          NA          NA          NA          NA   3.8573388          NA
[801]          NA          NA          NA          NA          NA          NA          NA          NA          NA          NA
[811]          NA          NA   3.1775267          NA          NA          NA          NA          NA   0.6488245          NA
[821]          NA          NA          NA          NA          NA          NA          NA   0.3260547          NA          NA
[831]          NA          NA          NA          NA          NA          NA          NA          NA          NA          NA
[841]          NA          NA          NA          NA          NA          NA          NA          NA          NA          NA
[851]          NA          NA          NA          NA          NA          NA          NA          NA          NA          NA
[861]          NA          NA          NA          NA          NA          NA          NA          NA          NA

$TS
  [1] 1.252991e+02 1.241373e+02 1.133006e+02 1.080333e+02 1.015497e+02 9.703421e+01 9.093447e+01 1.122427e+02 1.083391e+02 1.120776e+02
 [11] 1.120233e+02 1.113543e+02 1.089772e+02 1.112388e+02 1.062101e+02 9.568723e+01 1.069658e+02 7.657784e+01 7.528537e+01 6.733080e+01
 [21] 6.186111e+01 5.992079e+01 1.031134e+02 1.029243e+02 1.023874e+02 1.009528e+02 9.628165e+01 1.015388e+02 9.807737e+01 8.874765e+01
 [31] 8.411244e+01 7.900290e+01 9.170071e+01 8.631365e+01 8.180192e+01 7.706843e+01 7.394375e+01 6.343650e+01 5.594336e+01 9.446847e+01
 [41] 8.491139e+01 7.860232e+01 9.417311e+01 9.122958e+01 6.919068e+01 6.168345e+01 6.155358e+01 5.496042e+01 8.472595e+01 6.182540e+01
 [51] 7.381601e+01 7.120354e+01 5.849697e+01 5.630928e+01 6.959273e+01 4.534284e+01 4.207327e+01 6.997970e+01 6.876083e+01 5.364872e+01
 [61] 4.709588e+01 3.650656e+01 5.740580e+01 5.545841e+01 5.239979e+01 4.990297e+01 6.015989e+01 5.744194e+01 5.617572e+01 4.623202e+01
 [71] 5.667642e+01 5.142809e+01 4.312880e+01 4.042933e+01 2.511364e+01 2.305256e+01 1.460740e+01 6.680137e+01 6.500675e+01 5.306264e+01
 [81] 5.938935e+01 4.085455e+01 5.444288e+01 5.081906e+01 4.958825e+01 3.372874e+01 2.007971e+01 1.336167e+01 5.587396e+01 3.834603e+01
 [91] 3.486218e+01 1.244251e+01 4.250093e+00 4.192723e+00 2.618693e+00 5.514140e+01 4.354385e+01 5.129834e+01 3.588691e+01 5.740357e+01
[101] 5.355068e+01 5.340879e+01 4.146161e+01 4.368111e+01 2.744650e+01 5.479438e+01 4.525607e+01 5.161058e+01 4.069465e+01 3.446698e+01
[111] 3.064957e+01 2.682648e+01 1.958480e+01 1.847877e+01 5.111544e+01 3.036861e+01 5.248823e+01 3.000100e+01 5.305016e+01 4.927399e+01
[121] 4.942695e+01 4.501424e+01 4.405261e+01 4.139318e+01 3.893457e+01 4.926911e+01 4.652433e+01 5.011971e+01 2.238868e+01 2.234168e+01
[131] 2.760578e+00 6.824319e-01 4.336763e+01 3.162880e+01 2.432685e+01 2.386053e+01 1.416781e+01 1.862867e+01 1.275314e+01 1.069562e+01
[141] 1.035222e+01 4.678036e+01 3.181977e+01 3.263666e+00 2.594591e+01 4.177522e+01 3.746742e+01 4.867032e+01 4.606924e+01 3.263898e+01
[151] 2.990527e+01 2.735804e+01 2.626631e+01 1.977264e+01 1.443019e+01 1.264465e+01 4.868621e+01 4.738759e+01 4.734966e+01 3.664125e+01
[161] 3.142959e+01 3.063076e+01 4.800050e+01 4.645022e+01 4.407968e+01 4.319339e+01 2.634664e+01 1.982613e+01 1.278316e+01 1.077942e+01
[171] 5.007342e+00 2.380700e+01 2.032778e+01 1.915855e+01 1.690504e+01 4.574522e+01 4.231202e+01 3.314252e+01 3.211492e+01 3.135892e+01
[181] 3.017355e+01 2.635994e+01 3.183602e+01 3.655548e+01 3.177560e+01 2.567573e+01 7.421660e+00 1.653264e+00 3.559533e+01 3.283926e+01
[191] 4.367302e+01 4.128443e+01 3.410801e+01 2.704993e+01 3.175485e+01 3.061268e+01 2.817591e+01 3.881728e+01 4.099772e+01 3.701984e+01
[201] 3.689502e+01 3.019165e+01 2.623991e+01 1.112023e+01 3.924091e+01 2.869600e+01 3.149269e+01 1.904790e+01 1.839335e+01 3.732143e+01
[211] 2.411209e+01 2.032537e+01 1.965842e+01 1.698936e+01 1.089401e+01 9.640303e+00 3.006070e+01 2.655174e+01 1.749737e+01 8.508086e+00
[221] 3.122165e+01 3.624138e+01 3.178906e+01 3.470677e+01 1.582461e+01 3.434654e+01 2.397588e+01 3.566264e+01 2.361665e+01 2.336022e+01
[231] 2.777211e+01 3.184866e+01 1.677652e+01 8.550998e-01 3.241810e+01 3.186087e+01 1.972037e+01 7.232862e+00 2.965546e+01 1.910319e+01
[241] 3.326531e+01 3.226419e+01 1.531624e+01 3.252737e+01 3.226279e+01 3.211241e+01 5.902277e+00 3.237214e+01 2.303749e+01 1.110287e+01
[251] 1.044101e+01 3.014093e+01 1.508342e+01 2.177209e+01 1.772787e+01 1.049464e+01 4.730488e+00 2.671268e+01 1.870643e+01 1.158753e+01
[261] 5.188512e-01 2.959251e+01 3.046609e+01 3.040721e+01 3.025763e+01 2.868426e+01 2.332083e+01 1.386883e+01 1.011114e+01 2.966571e+01
[271] 2.910306e+01 2.793453e+01 2.507603e+01 1.251055e+01 2.998777e+01 2.557678e+01 1.584851e+01 1.109806e+01 1.779510e+01 2.714212e+01
[281] 5.520223e+00 1.056024e+01 3.387226e+00 1.983659e+00 2.720864e+01 2.657679e+01 2.594137e+01 3.125527e+01 2.418066e+01 1.331034e+01
[291] 1.015570e+00 3.230649e-01 2.883097e+01 2.365873e+01 1.661352e+01 3.852822e+00 2.948623e+01 2.286777e+01 3.036222e+01 2.713613e+01
[301] 2.263943e+01 1.370859e+01 3.924997e+00 1.820026e+00 2.780838e+01 2.435081e+01 1.715320e+01 1.511687e+01 3.117370e+00 2.556640e+01
[311] 1.740461e+01 2.310361e+01 1.682728e+01 4.296547e+00 2.393622e+01 1.705820e+01 1.094549e+01 2.420246e+01 8.868505e+00 7.403551e+00
[321] 5.169271e+00 3.651188e+00 2.610561e+01 2.235657e+01 1.852996e+01 1.604567e+01 5.450616e+00 2.823519e+01 2.509168e+01 2.412806e+01
[331] 2.164927e+01 1.527341e+00 2.570567e+01 2.330115e+01 2.055480e+01 1.487456e+01 5.199438e+00 3.327819e-01 2.904072e+01 2.591200e+01
[341] 2.367972e+01 1.359070e+01 1.218187e+01 2.118959e+01 2.412160e+01 1.442174e+01 1.650988e+01 1.759322e+01 2.261688e+01 1.827320e+01
[351] 1.589499e+01 1.343108e+01 1.027716e+01 8.252836e+00 7.629062e+00 6.851164e+00 2.757334e+01 2.477378e+01 2.218518e+01 1.589859e+01
[361] 9.096876e+00 5.861047e+00 2.449923e+01 1.174695e+01 2.480468e+01 2.446435e+01 2.131860e+01 2.051921e+01 1.715054e+01 6.393898e+00
[371] 3.732973e+00 9.605985e+00 2.011649e+00 5.348178e+00 2.660468e+01 8.018082e+00 1.355367e+01 7.958810e+00 5.656605e+00 4.495213e+00
[381] 2.493741e+01 2.006822e+01 1.357343e+01 1.036749e+01 2.313450e+01 1.993830e+01 1.254238e+01 2.113875e+01 1.046474e+01 2.607489e+01
[391] 2.577557e+01 2.282508e+01 1.885936e+01 2.544912e+01 1.669894e+01 2.568017e+01 2.268149e+01 9.395711e+00 1.843851e+00 1.584399e+01
[401] 1.553380e+01 1.031878e+01 6.637991e+00 2.222195e+01 2.431847e+01 2.427543e+01 2.373650e+01 2.065540e+01 1.726950e+01 2.354851e+01
[411] 2.336883e+01 1.807050e+01 2.395091e+01 1.094937e+01 1.978452e+01 5.079612e+00 2.197201e+01 2.125495e+01 1.549737e+01 1.449825e+01
[421] 1.078640e+01 8.354297e+00 2.389793e+00 2.346042e+01 1.289581e+01 2.377080e+01 1.841985e+01 4.356418e+00 1.931920e+01 1.907556e+01
[431] 1.572328e+01 4.910832e+00 2.361645e+01 1.420825e+01 1.315409e+01 4.033299e+00 2.299791e+01 7.371534e+00 6.376677e+00 2.149525e+01
[441] 1.793708e+01 7.073971e+00 3.794461e+00 9.683676e+00 6.790900e+00 1.736481e+00 3.199391e+00 1.092219e+00 2.134139e+01 1.886546e+01
[451] 1.363969e+01 1.116669e+01 9.734643e-01 7.745059e-01 1.915815e+01 1.332399e+01 8.348916e-01 1.886045e+01 2.287174e+01 1.368195e+01
[461] 1.208897e+01 2.108665e+01 2.136303e+01 1.035013e+01 2.268966e+00 2.093855e+01 1.396588e+01 7.124097e+00 6.794538e-01 9.145733e+00
[471] 2.034484e+01 1.528994e+01 9.606639e-01 2.142359e+01 9.987728e-01 3.087730e+00 1.677946e+01 1.442448e+01 1.376392e+01 1.272851e+01
[481] 1.769613e+01 1.454376e+01 2.044621e+01 2.001585e+01 9.182622e+00 8.791939e+00 7.797722e+00 2.168855e+00 1.907524e+01 1.180738e+01
[491] 9.347948e+00 5.751970e+00 1.764473e+01 1.918030e+01 1.563895e+01 9.340672e+00 7.176634e+00 2.420002e+00 1.700856e+00 9.993133e+00
[501] 3.648089e+00 1.838055e+01 1.104482e+01 3.646590e-01 1.794552e+01 1.742203e+01 1.580952e+01 4.562945e-02 1.508230e+01 1.107330e+01
[511] 1.842774e+01 5.753359e+00 9.045663e+00 1.755290e+01 7.622426e+00 1.908229e+01 1.395339e+01 7.009394e+00 6.656877e+00 1.586274e+01
[521] 3.765271e+00 6.191226e+00 2.850104e+00 1.413198e+01 1.823383e+01 1.546221e+01 1.748335e+01 1.256113e+01 7.650833e+00 5.939456e+00
[531] 3.907282e+00 1.469351e+01 9.020640e+00 1.672720e+01 1.538866e+01 1.797504e+01 1.722559e+01 6.402310e+00 1.710305e+01 1.145899e+00
[541] 1.225644e+01 8.368578e+00 7.108683e+00 3.825998e+00 1.232898e+01 6.382388e+00 5.925404e+00 5.893677e+00 1.208826e+01 1.038157e+01
[551] 4.930188e+00 1.738779e+01 1.638783e+01 1.170626e+01 8.968367e+00 1.028899e+01 4.870500e+00 1.156108e+01 1.226867e+01 7.586678e+00
[561] 3.311791e-01 1.235865e+01 5.824138e+00 9.374093e+00 7.627554e+00 7.485664e+00 1.424724e+01 9.146327e+00 1.494711e+01 1.308349e+01
[571] 9.659613e+00 1.014616e+01 6.252554e+00 1.348766e+01 6.867165e+00 4.757246e+00 1.327349e+01 1.254333e+01 1.229780e+01 1.155515e+01
[581] 2.743568e+00 1.434548e+01 9.114973e+00 5.192362e+00 1.105465e+01 3.511879e+00 9.034278e+00 8.798942e+00 1.408155e+01 9.624997e+00
[591] 1.117951e+01 5.849232e+00 2.718665e+00 1.121909e+00 2.855485e-01 1.424456e+01 7.912131e+00 1.097843e+01 2.872230e-01 9.617475e-03
[601] 1.113781e+01 1.355352e+01 5.807264e+00 5.367243e+00 6.878817e+00 6.679085e+00 4.336907e+00 5.955369e+00 5.189773e+00 3.833681e+00
[611] 7.413163e+00 5.867044e+00 5.414583e+00 5.707431e+00 2.602520e+00 5.870864e+00 5.787377e-01 1.279767e+01 8.585049e+00 1.260483e+01
[621] 4.357597e+00 1.244265e+01 1.905075e+00 1.130740e+01 1.302316e+01 2.899299e+00 1.234770e+01 1.199557e+01 1.114607e+01 5.627524e+00
[631] 5.604111e+00 6.420989e+00 5.487420e+00 1.741005e+00 2.057892e+00 9.858367e+00 2.509747e+00 6.205942e+00 9.577048e+00 4.563538e+00
[641] 5.718353e+00 1.226379e+01 1.186790e+01 9.552171e+00 5.706556e+00 1.810170e+00 1.253553e+01 6.183709e+00 4.824196e+00 9.039257e+00
[651] 7.060992e+00 6.913243e+00 4.845826e+00 3.927851e+00 1.209875e+01 5.920502e+00 1.100210e+01 4.426288e+00 2.457786e+00 1.131227e+01
[661] 7.076434e+00 4.828153e+00 9.519184e+00 3.729837e+00 1.151677e+00 8.049287e+00 2.699746e+00 8.715026e-01 9.983186e+00 3.642144e+00
[671] 1.068793e+01 5.746794e+00 4.451214e+00 6.017250e+00 2.298076e+00 8.894414e+00 8.373489e+00 8.019832e+00 6.681765e+00 5.619166e+00
[681] 5.176385e+00 4.310490e+00 1.095629e+01 1.094191e+01 1.026023e+01 1.085148e+01 7.429716e+00 4.733974e+00 3.441211e+00 6.771018e+00
[691] 2.319339e+00 7.617425e+00 5.314478e+00 3.908636e+00 1.807789e+00 4.517673e+00 9.558596e+00 8.738370e+00 9.093967e+00 8.152538e+00
[701] 7.456753e+00 6.000132e+00 2.658002e+00 2.091665e+00 3.707766e-01 8.051829e+00 6.896362e+00 8.664855e+00 5.385590e+00 1.778573e+00
[711] 9.807973e+00 1.000866e+00 5.175722e+00 5.507801e+00 5.020140e+00 1.628129e+00 2.427497e+00 9.530574e-01 3.329273e+00 8.325170e+00
[721] 3.663928e+00 2.228350e+00 6.263262e-01 7.246839e+00 9.647051e-01 8.994333e+00 6.227590e+00 8.234331e+00 1.744823e+00 4.059916e+00
[731] 4.769982e+00 6.231378e+00 3.729860e+00 3.156606e+00 2.002108e+00 1.116485e+00 1.572635e+00 5.253818e+00 4.004361e+00 3.358547e+00
[741] 2.724967e+00 3.087191e+00 4.865110e-01 3.141567e-01 3.613791e+00 6.735468e+00 3.840194e+00 3.745144e+00 3.641870e+00 2.063435e+00
[751] 4.127711e+00 4.199442e-01 5.467273e+00 6.198723e+00 5.921379e+00 3.678517e+00 2.643369e-01 7.318456e+00 1.464737e+00 4.440203e+00
[761] 4.632734e+00 4.809796e+00 4.757192e+00 2.113705e+00 5.857780e+00 4.038645e+00 1.906443e+00 8.552833e-01 1.588111e+00 6.063833e+00
[771] 3.312838e+00 5.447275e-01 1.197968e+00 4.923837e+00 3.836524e+00 2.778804e+00 4.571589e+00 5.535487e+00 4.352111e+00 7.018804e-01
[781] 5.521062e+00 5.932873e+00 3.738311e+00 8.882667e-01 3.171584e+00 4.546512e+00 5.601757e+00 2.607229e-01 2.183407e+00 4.672838e+00
[791] 2.046071e+00 2.905051e-01 5.459794e+00 5.059844e+00 3.485131e+00 5.221795e-01 3.481803e+00 1.268543e-01 4.800572e+00 2.025181e-02
[801] 9.132679e-01 2.492090e+00 1.998366e+00 1.768767e+00 2.834078e+00 4.196318e+00 3.736160e+00 1.881752e+00 3.835483e+00 3.967749e+00
[811] 3.285128e+00 1.148565e+00 4.195344e+00 3.495538e+00 4.087191e+00 3.927383e+00 2.216138e+00 3.756258e+00 3.923808e+00 3.904957e+00
[821] 1.571318e+00 4.035425e+00 4.021845e+00 1.160688e+00 6.653355e-01 2.347973e+00 3.299042e+00 1.920822e+00 1.953819e+00 3.613506e-01
[831] 3.237945e+00 1.552298e+00 3.261960e-01 2.800938e+00 2.134417e+00 1.462320e+00 3.054651e+00 3.285945e+00 2.866463e+00 2.495659e+00
[841] 1.595442e+00 3.183014e+00 2.507103e+00 3.036455e+00 1.691926e+00 9.498720e-02 5.477184e-01 3.883090e-02 2.166360e+00 2.553965e+00
[851] 1.662645e+00 1.767574e+00 1.266684e+00 1.311506e-01 1.797715e+00 8.091179e-02 1.917125e+00 1.890895e+00 1.079634e+00 3.364128e-01
[861] 4.460162e-01 1.097863e+00 1.364515e-01 8.561363e-01 1.475428e+00 1.457158e-01 6.821369e-01 1.827757e-01 2.278757e-01

$PAR
  [1]  NA   1   2   2   2   2   2   3   3   8   8  10  11  12  12  12  13   9   9   9   9   9   4   4  17  17  17   5  28  28  28  28
 [33]  26  26  26  26  26  26  26  29  29  29  27  40  33  33  33  33  44  44  30  30  30  30  49  36  36  18  18  18  18  18  19  19
 [65]  19  51  52  52  52  52  58  58  58  58  58  58  58  55  55  55  45  45  59  59  59  59  59  59  79  38  38  38  38  38  38  21
 [97]  21  47  47  67  53  53  53  71  71  89  89  96  48  48  48  48  48  48 106 106 101 101 102 102  80  80  80  80  80 119 119  65
[129]  65  65  65  65 108 108 108 108 108  98  98  98  98 115 115 115  84 128 128  66  66  66  66  66  66  66  66  66 121 120 120 120
[161] 120 120 126 163 158 159 159 159 159 159 159  61  61  61  61 142 142 142 142 142 142 142  70 176 176 176 176 176 122 122 104 104
[193] 104 104 191 191 191  57 146 146 146 103 103 103 124 124  82  82  82  74  74  74  74  74  74  74  90  90  90  90 147 210 201 184
[225] 184  62  62 222 222 222  99 228 228 228 224 110 226 226 193 193  86  86  86 241 241 178 178 190 190 190 190 150 235 242 242 242
[257] 242 245 245 245 245 179 246 246 246 246 236 236 236 232 232 232 232 232 183 183 183 183 143 223 223 195 195 195 134 134 134 207
[289] 161 161 161 161 180 180 180 180 196 196 263 263 263 263 263 263 264 264 264 264 264 116 116 202 202 202 181 181 181 252 252 252
[321] 252 252 275 275 275 275 275 151 151 151 151 151 270 239 239 239 239 239 262 297 297 297 297 271 339 339 293 206 266 266 266 266
[353] 266 266 266 266 197 272 272 272 272 272 305 305 231 231 231 231 231 357 357 105 105 152 285 285 280 280 280 280 300 300 300 300
[385] 194 258 258 375 375 286 167 167 153 203 203 323 390 390 390 396 396 396 396 186 310 310  75  75  75 329 273 273 381 358 363 363
[417] 366 366 366 366 366 406 406 345 211 227 413 413 315 315 315 315 172 172 172 341 294 294 294 229 229 229 229 433 433 433 410 410
[449] 411 267 267 267 267 267 385 312  76 249 437 392 392 301 349 349 349 324 324 324 324 130 404 404 359 254 254 331 474 474 474 463
[481] 449 367 344 388 462 462 462 462 408 408 408 408 335 368 368 483 483 483 483 471 471 173 173 173 212  87  87  87 382 382 386 386
[513] 415 154 154 237 237 213 429 174 455 430 430 489 208 208 450 450 450 450 450 138 138 114 511 502 502 502 350 525 412 412 412 412
[545] 505 505 505 505 441 441 441 279 481 348 348 219 219 527 552 552 552 409 307 369 369 369 539 539 316 214 214 175 175 326 326 326
[577] 360 360 360 360 351 520 400 225 507 431 495 495 401 401 526 526 526 526 535 472 308 253 253 509 569 336  77  77 420 420 420 478
[609] 478 478 346 346 346 567 567 524 524 589 517 268 268 479 479 460 451 451 352 352 352 352 352 456 456 577 435 570 570 625 425 425
[641] 169 480 620 620 620 620 387 387 647 622 622 622 622 622 562 562 627 579 579 559 559 541 655 655 643 490 490 490 660 660 624 591
[673] 591 601 601 250 250 278 510 510 657 657 598 598 414 317 317 317 684 686 686 421 421 421 421 170 671 671 282 282 389 389 389 550
[705] 464 402 353 572 572 572 500 571 697 644 644 663 491 491 496 485 485 485 485 699 699 650 650 587 587 588 698 708 220 542 542 542
[737] 422 720 720 728 728 700 706 706 678 487 487 529 529 529 355 565 515 560 560 701 687 611 611 758 724 238 238 238 497 497 497 497
[769] 651 652 575 575 519 403 439 439 732 727 727 727 522 648 674 674 702 530 616 592 563 492 614 630 680 281 714 633 327 327 613 613
[801] 693 337 337 584 713 171 551 662 576 688 688 688 257 257 786 658 658 428 607  93  93 806 766 436 436 810 303 820 809 544 371 670
[833] 749 814 795 689 740 719 838 838 838 811 144 734 309 476 742 742 839 523 805 581 840 659 717 423 826 789 791 829 828 446 446 716
[865] 769 736 725 454 617

$EXTANT
  [1] FALSE FALSE FALSE FALSE FALSE FALSE FALSE FALSE FALSE FALSE FALSE FALSE FALSE FALSE FALSE FALSE FALSE FALSE FALSE FALSE FALSE
 [22] FALSE FALSE FALSE FALSE FALSE FALSE FALSE FALSE FALSE FALSE FALSE FALSE FALSE FALSE FALSE FALSE  TRUE FALSE FALSE FALSE FALSE
 [43] FALSE FALSE FALSE FALSE FALSE FALSE FALSE FALSE FALSE FALSE FALSE FALSE FALSE FALSE FALSE FALSE FALSE FALSE FALSE FALSE FALSE
 [64] FALSE  TRUE FALSE FALSE FALSE FALSE FALSE FALSE FALSE FALSE FALSE  TRUE  TRUE  TRUE FALSE FALSE FALSE FALSE FALSE FALSE FALSE
 [85] FALSE FALSE  TRUE FALSE FALSE  TRUE FALSE FALSE  TRUE FALSE  TRUE FALSE FALSE  TRUE FALSE FALSE FALSE FALSE  TRUE FALSE  TRUE
[106] FALSE FALSE FALSE FALSE FALSE FALSE FALSE FALSE FALSE  TRUE FALSE FALSE FALSE FALSE FALSE FALSE FALSE FALSE FALSE FALSE FALSE
[127] FALSE FALSE  TRUE FALSE  TRUE  TRUE FALSE FALSE FALSE FALSE FALSE  TRUE FALSE FALSE  TRUE FALSE FALSE  TRUE FALSE FALSE FALSE
[148] FALSE FALSE FALSE  TRUE  TRUE  TRUE FALSE FALSE  TRUE FALSE FALSE FALSE FALSE  TRUE FALSE FALSE FALSE FALSE FALSE FALSE FALSE
[169] FALSE  TRUE  TRUE  TRUE  TRUE FALSE  TRUE  TRUE FALSE  TRUE FALSE  TRUE FALSE FALSE  TRUE  TRUE FALSE FALSE  TRUE  TRUE FALSE
[190] FALSE FALSE FALSE FALSE FALSE  TRUE FALSE FALSE FALSE FALSE FALSE FALSE  TRUE FALSE FALSE FALSE FALSE FALSE FALSE  TRUE FALSE
[211]  TRUE FALSE FALSE  TRUE  TRUE FALSE FALSE FALSE FALSE  TRUE FALSE FALSE  TRUE FALSE  TRUE  TRUE FALSE  TRUE  TRUE  TRUE FALSE
[232] FALSE  TRUE  TRUE FALSE  TRUE  TRUE  TRUE  TRUE FALSE FALSE  TRUE FALSE FALSE  TRUE FALSE  TRUE  TRUE  TRUE  TRUE FALSE  TRUE
[253]  TRUE  TRUE FALSE  TRUE  TRUE FALSE FALSE  TRUE  TRUE  TRUE  TRUE  TRUE FALSE  TRUE  TRUE  TRUE FALSE FALSE  TRUE  TRUE FALSE
[274]  TRUE  TRUE FALSE FALSE  TRUE FALSE  TRUE  TRUE  TRUE  TRUE FALSE FALSE FALSE FALSE FALSE FALSE  TRUE  TRUE FALSE  TRUE  TRUE
[295]  TRUE  TRUE  TRUE FALSE FALSE FALSE FALSE FALSE  TRUE  TRUE  TRUE FALSE FALSE  TRUE  TRUE FALSE  TRUE FALSE FALSE  TRUE  TRUE
[316]  TRUE  TRUE FALSE FALSE  TRUE FALSE FALSE FALSE  TRUE FALSE  TRUE  TRUE  TRUE FALSE FALSE  TRUE  TRUE FALSE FALSE FALSE FALSE
[337]  TRUE  TRUE FALSE FALSE FALSE FALSE  TRUE FALSE FALSE  TRUE FALSE  TRUE  TRUE FALSE  TRUE  TRUE  TRUE FALSE  TRUE  TRUE  TRUE
[358]  TRUE  TRUE FALSE FALSE FALSE  TRUE  TRUE FALSE FALSE  TRUE FALSE  TRUE  TRUE  TRUE FALSE  TRUE  TRUE  TRUE  TRUE  TRUE FALSE
[379]  TRUE  TRUE FALSE  TRUE FALSE  TRUE FALSE  TRUE  TRUE FALSE  TRUE FALSE FALSE  TRUE FALSE FALSE FALSE FALSE  TRUE FALSE  TRUE
[400] FALSE FALSE  TRUE  TRUE  TRUE FALSE  TRUE FALSE  TRUE FALSE  TRUE  TRUE  TRUE FALSE FALSE  TRUE  TRUE FALSE FALSE FALSE FALSE
[421]  TRUE  TRUE  TRUE FALSE FALSE FALSE FALSE  TRUE  TRUE  TRUE  TRUE  TRUE FALSE  TRUE  TRUE  TRUE FALSE  TRUE  TRUE FALSE  TRUE
[442]  TRUE  TRUE FALSE  TRUE  TRUE  TRUE  TRUE FALSE  TRUE  TRUE FALSE  TRUE  TRUE  TRUE  TRUE  TRUE FALSE FALSE FALSE FALSE  TRUE
[463]  TRUE  TRUE  TRUE FALSE FALSE FALSE  TRUE  TRUE FALSE FALSE  TRUE FALSE  TRUE  TRUE  TRUE FALSE FALSE  TRUE FALSE FALSE  TRUE
[484] FALSE  TRUE FALSE  TRUE  TRUE FALSE  TRUE  TRUE  TRUE FALSE FALSE FALSE  TRUE  TRUE  TRUE  TRUE  TRUE  TRUE  TRUE FALSE  TRUE
[505] FALSE FALSE  TRUE  TRUE  TRUE  TRUE  TRUE FALSE FALSE FALSE  TRUE  TRUE  TRUE FALSE  TRUE  TRUE  TRUE  TRUE  TRUE  TRUE  TRUE
[526]  TRUE  TRUE  TRUE FALSE  TRUE  TRUE FALSE FALSE FALSE  TRUE FALSE FALSE  TRUE  TRUE  TRUE  TRUE  TRUE  TRUE  TRUE  TRUE FALSE
[547] FALSE  TRUE  TRUE FALSE FALSE  TRUE FALSE  TRUE FALSE FALSE  TRUE  TRUE  TRUE  TRUE  TRUE  TRUE  TRUE FALSE  TRUE FALSE  TRUE
[568]  TRUE FALSE  TRUE  TRUE  TRUE FALSE FALSE  TRUE  TRUE  TRUE FALSE  TRUE  TRUE  TRUE FALSE  TRUE  TRUE FALSE  TRUE  TRUE  TRUE
[589]  TRUE FALSE  TRUE  TRUE FALSE  TRUE  TRUE FALSE FALSE  TRUE  TRUE  TRUE  TRUE FALSE FALSE  TRUE  TRUE  TRUE FALSE  TRUE  TRUE
[610]  TRUE  TRUE  TRUE  TRUE  TRUE  TRUE  TRUE  TRUE FALSE FALSE  TRUE  TRUE  TRUE  TRUE FALSE  TRUE  TRUE FALSE  TRUE FALSE  TRUE
[631]  TRUE  TRUE  TRUE  TRUE  TRUE FALSE  TRUE  TRUE  TRUE  TRUE  TRUE  TRUE  TRUE  TRUE FALSE  TRUE  TRUE  TRUE  TRUE  TRUE  TRUE
[652] FALSE  TRUE FALSE FALSE  TRUE  TRUE  TRUE  TRUE  TRUE  TRUE  TRUE FALSE  TRUE  TRUE  TRUE FALSE  TRUE FALSE  TRUE FALSE  TRUE
[673]  TRUE  TRUE  TRUE FALSE  TRUE  TRUE  TRUE  TRUE  TRUE  TRUE FALSE  TRUE FALSE  TRUE  TRUE  TRUE  TRUE  TRUE  TRUE FALSE  TRUE
[694] FALSE  TRUE  TRUE  TRUE  TRUE  TRUE  TRUE  TRUE  TRUE  TRUE  TRUE  TRUE  TRUE FALSE FALSE  TRUE FALSE  TRUE  TRUE  TRUE  TRUE
[715]  TRUE  TRUE  TRUE  TRUE FALSE  TRUE  TRUE  TRUE  TRUE  TRUE  TRUE FALSE  TRUE  TRUE  TRUE  TRUE  TRUE  TRUE  TRUE  TRUE  TRUE
[736]  TRUE  TRUE  TRUE FALSE  TRUE  TRUE  TRUE  TRUE  TRUE FALSE  TRUE  TRUE  TRUE  TRUE  TRUE  TRUE  TRUE  TRUE  TRUE  TRUE FALSE
[757]  TRUE FALSE  TRUE  TRUE  TRUE  TRUE  TRUE  TRUE  TRUE  TRUE  TRUE  TRUE  TRUE  TRUE  TRUE  TRUE  TRUE  TRUE FALSE  TRUE  TRUE
[778]  TRUE FALSE  TRUE  TRUE FALSE  TRUE  TRUE  TRUE  TRUE  TRUE  TRUE  TRUE FALSE  TRUE  TRUE  TRUE  TRUE  TRUE  TRUE  TRUE  TRUE
[799] FALSE  TRUE  TRUE  TRUE  TRUE  TRUE  TRUE  TRUE  TRUE  TRUE  TRUE  TRUE  TRUE  TRUE FALSE  TRUE  TRUE  TRUE  TRUE  TRUE FALSE
[820]  TRUE  TRUE  TRUE  TRUE  TRUE  TRUE  TRUE  TRUE FALSE  TRUE  TRUE  TRUE  TRUE  TRUE  TRUE  TRUE  TRUE  TRUE  TRUE  TRUE  TRUE
[841]  TRUE  TRUE  TRUE  TRUE  TRUE  TRUE  TRUE  TRUE  TRUE  TRUE  TRUE  TRUE  TRUE  TRUE  TRUE  TRUE  TRUE  TRUE  TRUE  TRUE  TRUE
[862]  TRUE  TRUE  TRUE  TRUE  TRUE  TRUE  TRUE  TRUE

