
Birth-death simulation object with 840 species and 500 extant species

Details for some species:

Extinction times (NA means extant)
[1] 122.38288  72.45094 121.43897 126.05715 107.24265  61.45658


Speciation times 
[1] 133.89409 131.44593 122.83480 126.93905 117.70164  97.60899


Species parents (NA for initial)
[1] NA  1  1  2  2  2


Species status (extinct or extant)
[1] "extinct" "extinct" "extinct" "extinct" "extinct" "extinct"


For more details on vector y, try sim$y, with y one of
TE TS PAR EXTANT



$TE
  [1] 122.3828755  72.4509380 121.4389720 126.0571475 107.2426547  61.4565818  67.0956226  64.4190548  94.0748276  79.3020230
 [11]  61.6410222  38.4086327  20.6159589  21.6079196  72.5824339  83.1142838  67.5773631  71.0838561  73.4208443  70.1445643
 [21]  56.9997796  41.5262520  57.3404046          NA  58.6854426  54.4483749  17.6944622  35.7857482  22.8889136  45.5298901
 [31]          NA          NA  17.9006826  73.5471593  58.2301408  41.7346887  18.4637867  42.0173170  23.2412065  26.4719161
 [41]          NA  16.9347197  50.2082670  22.3341473          NA  25.4932389  25.2053921          NA  35.1508891  47.7675377
 [51]  59.8084686  45.2022877          NA  56.0085252  40.9355491   8.4985493  37.5180804          NA   6.2022734  25.3331980
 [61]   4.2937558  24.2000434  44.5231163  15.2906199   7.4142478          NA          NA          NA  56.0723651  34.7643256
 [71]          NA          NA   1.2835834  48.8103841  29.8420406  15.3416504  35.8960902  38.2432126  27.8130686  41.4759649
 [81]  55.1813494   5.1882599  34.6593377  31.0802307  44.2472282  40.8615280  31.6277291  17.3696792  17.6204799          NA
 [91]  17.3460089          NA  38.5613791          NA          NA   7.4751653  42.9628699  18.8491562   5.3347533          NA
[101]   5.8099940  27.7659070  34.7125148  29.0221254  15.9783884  42.2131952  13.8166964   9.5340813          NA  38.0173134
[111]  29.8398874  14.1110151  30.0817007          NA  22.4660060          NA  24.0015789          NA   7.8457809          NA
[121]          NA   4.2101489   8.2468219  41.0757556  17.4937815          NA          NA          NA  36.3489687          NA
[131]          NA  14.1813687   3.0910055          NA          NA  38.6581041  16.5281933          NA          NA   1.0354275
[141]  41.0782813  35.3032594  20.0866007   1.9811332  41.2453307  32.4429528  28.7727156          NA  10.4088471          NA
[151]  16.4857798          NA   3.7960613  24.6948333          NA          NA          NA  10.9534004  18.3491378  15.7665314
[161]          NA  13.8702489          NA   9.2011875          NA  24.3645736          NA  20.5057150  11.6152253          NA
[171]          NA          NA          NA  27.4330801  33.9205980          NA  15.1164568          NA  14.4576536  13.4067484
[181]  34.5074890  37.9751639   2.0372442          NA  34.4159449   8.9013104          NA  17.4946938          NA          NA
[191]  13.7836944   8.4921792   7.2161941          NA  14.7564112          NA  28.1396424  10.4278331  13.2371231  17.0497179
[201]   6.0473921          NA  34.3360692          NA   6.9069005          NA  12.8826407          NA  18.2006301          NA
[211]          NA          NA          NA          NA  12.1340185          NA          NA          NA  20.8463900  13.2350635
[221]          NA   1.6104682  11.7002999          NA          NA   3.7107030   2.7588808   2.8366131   8.6879119          NA
[231]          NA          NA          NA  15.7877974  14.3147805          NA   5.3589164  21.8061045  24.6687494  16.2557779
[241]   9.1439459          NA  27.6911211   5.3164595   9.0033200          NA  21.5243338  28.9764329   4.9378991          NA
[251]   4.9907436  10.4774462          NA          NA          NA          NA          NA          NA          NA          NA
[261]  15.1984589          NA          NA          NA          NA          NA  18.4091498  20.6051890   9.2527380          NA
[271]   5.9512658          NA          NA          NA          NA   4.3810223          NA          NA   4.5710417          NA
[281]          NA  15.3857895  17.4689088   2.1894546          NA          NA  15.9608137   9.0325361          NA          NA
[291]          NA  18.5027639          NA  13.8600172  11.8116886  13.4195963          NA   5.9407170  16.5179951          NA
[301]  12.5385140   5.1030394          NA  14.5018798  23.3992089  18.1568383  17.7973871          NA   8.6500191          NA
[311]  23.1824807   9.6265521  11.5836880   1.0334175          NA          NA   3.6142505          NA          NA          NA
[321]          NA  14.2705336          NA   4.0052885  21.3668875          NA          NA          NA          NA          NA
[331]          NA          NA          NA          NA  10.5779544          NA   8.8336073          NA          NA          NA
[341]  24.6935111          NA   0.9696955   9.1118773          NA          NA  18.2367686          NA          NA          NA
[351]  20.2524946   5.3194334          NA   8.5310391          NA   9.1504066          NA  14.2346643          NA   9.6848711
[361]          NA          NA          NA          NA  15.2323465          NA  23.2870424  15.5344212  13.3123362   6.9591400
[371]          NA          NA          NA   4.4625394          NA          NA          NA          NA          NA  10.7022883
[381]          NA          NA          NA          NA   3.9589418  10.4458694  17.7549662   2.3969266          NA  20.9145612
[391]  19.3181444   0.5319713          NA   8.9220351          NA   6.5797330          NA          NA          NA   8.2743483
[401]  11.3467030          NA          NA          NA          NA  16.9451578          NA          NA  14.2431594          NA
[411]          NA          NA  11.6450865          NA   8.2259899          NA          NA          NA          NA          NA
[421]          NA          NA          NA          NA          NA   5.1058513          NA   6.5974146          NA          NA
[431]          NA          NA          NA   1.5446472   7.8443170   0.2154668          NA          NA          NA  13.6805253
[441]  11.2946462          NA          NA          NA          NA  14.7339137          NA          NA   4.8268847   0.5614126
[451]   6.9477994   1.8551579          NA          NA   1.8198770          NA          NA   0.7767607          NA   5.2177007
[461]  19.0366326   0.8977431   9.7034693          NA          NA          NA          NA  13.7345448          NA          NA
[471]   1.1940141          NA          NA          NA          NA          NA          NA          NA   5.6099987          NA
[481]  13.4861111  10.5198652          NA          NA   7.7965684          NA          NA          NA          NA          NA
[491]   2.6810538          NA          NA          NA          NA          NA   3.3950803          NA  13.0138708          NA
[501]          NA  13.4470309          NA          NA          NA          NA          NA  13.5455207          NA          NA
[511]   9.3987318          NA          NA          NA          NA   5.0355979          NA          NA          NA   2.9806388
[521]   1.6442302   5.7097455          NA          NA          NA  12.8822917          NA          NA          NA  13.4121808
[531]          NA   7.4817823          NA  10.6570294   1.1940558          NA          NA          NA          NA   4.6849634
[541]          NA          NA   4.1531383   1.3951720   2.4329214          NA  12.1613273   9.7806979          NA   5.0355973
[551]   1.1506944          NA   6.9998825   3.2174780   2.8300687   4.8339750   1.9884655   1.2655711          NA          NA
[561]          NA   1.6413855          NA   1.4276347          NA          NA  14.6178137          NA          NA          NA
[571]          NA          NA          NA   1.5164443          NA          NA          NA          NA          NA   7.2109051
[581]          NA          NA          NA  10.7422206          NA          NA          NA   2.3321962          NA          NA
[591]          NA          NA          NA          NA   0.5689594          NA          NA          NA          NA          NA
[601]          NA          NA          NA          NA          NA          NA   7.1821608   6.5540990          NA          NA
[611]          NA          NA          NA   9.2607407   6.5167605   6.9832072          NA          NA   5.2508802          NA
[621]          NA          NA   8.1841645          NA          NA          NA          NA          NA          NA          NA
[631]          NA          NA          NA   2.6934487          NA          NA   7.5114001          NA          NA          NA
[641]          NA          NA          NA          NA          NA          NA          NA          NA          NA          NA
[651]          NA          NA          NA   5.3912784   6.6028943          NA          NA          NA   2.4979051   4.2945045
[661]          NA   3.3225904          NA          NA          NA          NA          NA          NA          NA   0.9733896
[671]          NA   1.3948518          NA   2.3716345          NA          NA          NA          NA          NA          NA
[681]          NA          NA   0.1514086   6.6626393   8.5400022          NA          NA          NA   7.4264570          NA
[691]          NA          NA          NA          NA          NA   4.2208768          NA          NA          NA          NA
[701]          NA          NA          NA          NA          NA          NA          NA   4.3565228          NA          NA
[711]          NA          NA   0.1033390          NA          NA          NA          NA          NA          NA          NA
[721]          NA          NA          NA   5.1027615   4.7670637          NA          NA          NA          NA          NA
[731]          NA   5.2642903          NA          NA          NA   5.8255166          NA          NA          NA          NA
[741]          NA          NA   2.9225919          NA          NA          NA          NA          NA   0.6438531          NA
[751]          NA          NA          NA          NA          NA          NA          NA          NA          NA          NA
[761]          NA          NA   4.7652640          NA          NA          NA          NA          NA   1.0819117          NA
[771]          NA          NA          NA          NA          NA          NA          NA          NA          NA          NA
[781]   0.5078277   5.0590293   2.6048529          NA          NA          NA          NA          NA          NA          NA
[791]          NA          NA   1.5566643          NA          NA          NA          NA          NA          NA          NA
[801]          NA          NA          NA          NA          NA          NA          NA   1.0808958          NA          NA
[811]          NA          NA          NA          NA          NA          NA          NA          NA          NA          NA
[821]          NA          NA          NA          NA          NA          NA          NA          NA          NA          NA
[831]          NA          NA          NA   1.2632422          NA          NA          NA          NA          NA          NA

$TS
  [1] 133.89409203 131.44592889 122.83480358 126.93904933 117.70164142  97.60898865  86.24774300 113.29482953  97.90632871  88.29996062
 [11]  82.64183669  77.79508077  75.00180425  72.80118056  72.58943025  95.35716570  91.62034342  78.27760132  76.86392987  76.72146732
 [21]  71.85226259  68.21319250  78.88480324  67.47563460  62.43730487  75.53140582  63.08099402  59.50021328  56.87244042  52.35683711
 [31]  49.24964233  47.15916199  39.14446246  74.99577367  64.51867449  72.96622511  63.47967783  49.70672347  44.94434451  31.03701166
 [41]  29.94034186  25.39178278  72.60473914  61.55191092  49.14599151  46.27937661  25.85098613  23.04916693  69.24244204  58.80467669
 [51]  61.57889692  51.48871688  38.81768665  59.55115565  54.74792393  58.00423115  40.12964513   1.96333488  44.33918426  43.28988419
 [61]  34.66803992  26.90776041  51.09768941  49.66801951  36.04845881  35.28293756  28.63003200  26.35176935  61.11455574  59.62261333
 [71]  47.53190972  32.30761918  29.69229698  51.88209289  50.83234115  41.26028514  36.02280697  56.15171804  58.35852552  58.02279146
 [81]  55.20022786  40.65363963  38.98569536  49.29870635  53.64142640  52.13210303  45.73147121  38.15801485  22.94411474  22.52144121
 [91]  20.77901706  18.88317752  45.76533182  39.10271045  34.85032824  23.72429636  51.80104175  46.74299945  51.73583070  45.84574853
[101]  34.83773118  29.02853452  35.49785363  30.51666736  30.40485919  44.06711642  23.53549954  18.82289821  17.94541615  39.68589308
[111]  35.37559416  41.48793666  30.53049316  21.79055843  41.57626149  41.50931277  24.47646775  19.46699625  19.00626352  14.75135963
[121]  12.75253804  11.34505293  47.07436605  46.22541525  30.63069217   7.92138064   6.15419482   5.38918577  40.49178038  27.72659244
[131]  27.32893355  24.02919770  21.43334471  13.56591265   5.20408148  44.42296273  34.19704111  28.49135836  11.70604642  46.41817420
[141]  45.37425322  38.16502203  23.71472266  19.54624491  45.86214400  42.40069362  41.79556761  39.73366743  29.33039350  25.69551124
[151]  17.12555823  11.75513763   5.63044074  46.24618841  45.88082187  33.97531737  35.02553808  44.84172127  39.99375530  31.26551740
[161]  25.35369732  18.59556261  14.47891848   9.89026931   5.17157885  43.18908113  40.46160104  22.33567009  14.44345680  12.56568637
[171]   7.46376579   3.30268243   2.41130788  40.77872274  35.55134539  35.24532630  37.36663761  33.93218607  26.26013100  24.73895337
[181]  41.42672478  40.63836689  32.69232436  30.59278067  39.81804929  27.82661880  26.94867855  28.94547426  39.88307492  33.12921054
[191]  28.97670724  28.48075561  26.24594321  19.51769206  35.57531807  33.88781279  32.78526597  32.25846759  13.39913717  40.12063330
[201]  21.42932483  38.24939108  36.53017928  28.94641044  20.72532860  17.97791312  32.50938438  28.88123222  20.44959231  13.60302931
[211]  13.47482364   2.53706923  19.08568827  12.92100320  12.67913427   9.38076163   3.66565693   1.04816733  31.44718330  28.48485031
[221]  25.44841738  15.02924843  14.67125583   7.44637344   0.26510874  26.02298096  12.23705694  11.87396699  29.99662888  10.83434911
[231]   9.41407436   4.54541969  37.32458580  18.36064435  23.85748928  34.92008710  10.95941266  28.44129447  24.92094322  23.56079966
[241]  20.13795137  17.69777482  33.12405203  22.65901822  22.39464370   6.00115742  33.92942283  32.31702693  14.51546459   7.25100011
[251]  14.94543837  11.00204599   4.08007234  32.38486527  22.16935424  12.34655217  10.77323103   7.65488628  18.42397332  19.13593773
[261]  18.86065212  18.64536122   7.79086353  23.68547144  20.63319239   6.33841168  23.59088267  29.41842389  11.77606987  10.92264961
[271]   7.60339793   6.05309914  27.54977704   2.07656382  30.16527676  23.46577993  21.83238199   9.22176877   5.71069536  31.27457841
[281]  30.98423727  29.67997273  24.34717663  23.04658851  26.09013694  25.61089594  22.52510549  21.96878742  20.94612315  11.95625439
[291]   0.04802645  31.70232581  27.37652447  20.59835930  17.86283784  16.21873945  15.46262947  21.59360452  20.71206132  20.53352607
[301]  16.35504656  11.75695135  18.77704158  16.35795914  24.90571851  27.12300569  25.38282529  19.76837687  13.31145054  12.98959882
[311]  24.32226117  29.39283891  16.87586213  11.60868193  10.32454500   0.61304760  18.26163217  12.59616084   6.55324730  14.31517437
[321]   6.71590456  19.89648297  10.95707290  16.23773574  27.17533495  20.06111367   5.21741849   2.99952110  22.34676090  15.51256001
[331]  11.92799935  11.46913222  10.00421938   5.12244561  27.25456090  21.50497828  18.05308923  17.22634833  16.39874237  27.01360016
[341]  24.70983376  23.14486147  22.04436585  24.56981507  24.53888420  15.32686374  21.61184400  17.16246119   3.60370418  26.60225962
[351]  22.33811003  19.85902401  16.88723309   9.19868789  24.67867165  21.27452353  13.60934022  23.98936803  18.93346851  20.48254871
[361]  18.26226343  18.00731699  12.24659982   1.18689703  21.27751379   5.54465180  24.92580125  24.81895013  22.61346182  21.82692619
[371]  19.35980583  22.64610888  13.00930738   4.57140226   2.35492679  17.23327354  11.81004573  11.73542455   5.63113029  18.74097689
[381]  17.92408908  13.53254965  11.44096845   0.33435120  22.64272007  21.07321336  18.85588064  12.81197400  20.84288011  21.81261929
[391]  23.24086945  22.55146280   3.16324743  21.95530338  13.02007993   7.20380939   5.94922400   3.56431771  17.55996842  21.36138929
[401]  20.93347409  19.76380166  15.89673219  13.46872245  11.40091657  20.72511315  22.70683215  14.13980682  21.10252492   7.54521605
[411]   5.02655316  19.36673592  14.91435494   6.96515013  12.09149691   9.97419574   4.33310049  20.69946072  15.01427422  13.57189110
[421]   9.23341029   7.45293675   6.41134487   3.71409849   1.51887715   5.73223197  20.42982741  17.81547093  16.07128326  16.22369070
[431]   3.95876941  22.19849793  21.20962655  14.67968660  12.26862458  10.46155865  19.25122839   6.95418995  20.89902306  20.45130193
[441]  21.63873886  16.54227212   1.84435314  19.26493992  17.62180119  16.52853836  17.96712934  17.81601183   9.16607494   3.96823785
[451]  21.28049723   8.59064977  18.80981067  20.71086236  14.81575959  14.91855222  13.35790493  15.45953955   9.94053877   5.95115964
[461]  19.29000823  15.67260755  18.58843540  15.66856846  12.03135272  12.65427057  17.38751893  15.24273379  12.74074613  20.06344634
[471]  19.13562074  16.16186125  15.66389884  20.25871675   0.18822779  18.74852917  13.63046413   8.82364178   7.03381031   0.30094855
[481]  19.48243827  16.99025262  13.74330500  17.10568785  13.41636082   8.63182810   2.15210946  18.18932776  18.32221749   0.47209215
[491]   7.30257339   9.23822381   1.09589230   8.16935003   8.04327336  15.08072264   6.41491527   4.51157559  15.88408132   6.97341567
[501]   3.43893912  15.96583853   1.59558425  12.60274508   8.80241906   0.66274590   1.15942000  16.93735340   8.69615010   2.57870680
[511]  17.14676793  15.25714322   9.09963615   7.19624908   0.15374536  17.41371259  15.48050641   5.18644954  12.01235062  11.59602217
[521]   6.17614696  17.82376622  17.54099855  15.16914963   8.27553958  15.91139888   0.33761920  12.20608217   5.30286703  17.43091926
[531]  14.92318271   7.83188706   6.46441703  12.87105473   3.05530335   7.91740688  16.53553890   4.93133383   2.27776351  13.49675252
[541]  12.55555966  11.41734523  11.84741299   2.86620641   3.05145800   5.92647520  17.01935664  15.82788962  15.11762679  16.27800932
[551]   6.11289216  10.84745925  12.40027199  10.89441480  16.69441025   8.15849013  12.63202874   7.26526563   3.91349562  10.59264921
[561]   8.49771242  15.65387404   8.28938278  13.46670811   3.51568957  13.51062667  15.12195460  12.97966446   2.62796150  14.74435666
[571]   0.81923950  15.44118352  11.60703524  15.60855889  13.89700323  13.63345868   8.22472237   5.32404466   3.71091585  15.15669255
[581]   4.35691823   6.82794458  15.26001359  11.11243585   4.65223073   6.54931697  11.33321116  13.97578142  12.92273921  10.83408620
[591]   7.92775001   8.07694002   2.24098796  14.83328776   7.36491655  11.02002688   0.96505773   5.63864975  12.08952499  10.01149014
[601]   7.80863444   4.96198635   1.01611934  10.65003483   6.07984432   2.48086820  14.66315657   8.66847125   2.91555942   3.22687246
[611]   0.31115253   2.72431691   5.36866153  13.51323235   9.04592322  13.62870168   9.27559672   1.03404513  11.24948628   7.41980142
[621]   7.30361575   1.87835433   9.90582420   6.99721666  12.89278341  10.66056614   1.40597435  10.49213930  11.28655892   9.09490014
[631]   2.60575517  10.84314290  11.32603473   5.73097022   3.20712949  13.19603992  13.12731301  10.91283213   7.19021504   0.30501343
[641]   7.95289722   9.38268379  11.88367100   3.30014275   9.42605083   1.30726396   8.88755509   3.55025978   1.41904231   9.90590894
[651]  10.67254397   5.23231102  11.08098155  12.19054857  11.34124263  10.58810940   6.81574267   0.78356716   3.20964499   9.94506661
[661]   9.68596799  11.84002080   1.90171375   5.79020803   5.73738843   4.78916260   9.69353437   9.21722258   6.43880495   4.21897101
[671]   2.43847062  11.17990048  11.11492376   8.61693547   4.88276145  11.40940300  10.95850749   8.14436741   6.26767736   1.88431577
[681]  11.80884535   0.96741007   8.77065530  11.72814262  10.36219507   6.71842672   8.50840835   1.39647086   7.59138347   2.86186603
[691]   8.42330377   2.45312108   4.53470518   8.98758322   4.98581788  11.17853273   0.69404080   6.65323654   3.94869312   5.12015930
[701]   8.69722984   3.27501514   0.53957793   0.03714221   3.61937228   3.98807839   1.63850141   6.57103810   3.01604362   4.64816367
[711]   3.31384780   5.35955447   1.98902336   0.27562402   1.71385324   0.92682249   5.38752914   9.61621449   9.29345947   8.68852395
[721]   5.82245388   2.01665401   5.74451185   8.63669476   9.30549186   4.47449268   6.02422358   4.96613593   3.38855006   4.22909884
[731]   1.22027071   6.96558042   3.50888326   0.09556633   3.37056510   7.64116976   1.72322110   7.36931824   1.99610831   2.84496006
[741]   6.05582722   0.30415596   5.24220813   0.89378549   7.34506090   4.90562610   0.62030736   2.96403262   3.24511217   4.82797204
[751]   3.37172748   1.26281966   6.03543759   6.57430669   6.39147849   4.30784615   4.23182168   5.44236352   4.01958385   2.13640032
[761]   2.37345208   2.32176737   6.25272844   2.74009400   4.89805085   6.49069356   5.77406696   4.68343877   5.44856898   5.32718372
[771]   4.98521844   3.24758764   1.01855552   5.31916722   4.02053637   1.40395567   5.04786053   5.83130986   2.50183732   2.26258169
[781]   4.25147542   5.40341001   3.36273518   3.45381569   2.94388155   2.62587312   2.37413629   4.33319967   4.21870124   5.66652993
[791]   4.39280710   0.10175701   5.50554718   3.74117537   2.53198761   1.85654389   4.89099029   0.19170872   0.89772342   5.22660869
[801]   1.12341206   5.15375988   2.52989416   1.85807779   3.45443946   0.02265344   0.31485822   4.20839136   4.49850836   4.01545037
[811]   1.07260923   2.94150471   0.47164465   4.04049311   3.80503281   1.43804316   1.73969936   1.18498131   0.31446333   0.53470442
[821]   1.58036576   2.92151711   0.35410124   2.19159331   2.01698038   1.37906311   0.56234973   1.58632312   0.90360608   0.22046948
[831]   1.33228522   1.22341778   1.79395099   1.52727373   1.19908217   0.10200852   1.34975899   0.82927948   0.40880354   0.48028303

$PAR
  [1]  NA   1   1   2   2   2   2   5   8   8   8   8   8   8   8   9   6  17  17  17  17   7  11  11  23  18  12  12  12  12  12  12
 [33]  12  26  26  13  13  13  13  13  13  13  36  36  36  36  14  14  43  43  49  49  49  22  22  24  24  24  37  37  37  37  27  27
 [65]  27  27  27  27  25  44  44  44  44  70  70  70  70  54  28  28  28  28  28  50  80  80  56  56  56  56  56  56  29  29  29  29
 [97]  78  55  30  30  99  99  75  75  75  64  64  64  64  84  84  31  31  31  45  45  45  45  45  45  45  45  71  71  71  71  71  71
[129]  32  32  32  32  32  32  32 123 123 123 123  98  98  98  98  98 140 140 140 140 140 140 140 140 140  46  46  46 154 124 155 155
[161] 155 155 155 155 155 100 100 100 100 100 100 100 100  93  39  39 158 158 158 158  59 166 166 166 115 115 115 116  76  76  76  76
[193]  76  76 174 174 174  82  82 167 167  57 200 200 200 200 159 159 189 189 189 189 148 148 148 148 148 148  33  94  94  94  94  94
[225]  94  53  53  53 202 202 202 202  88  88 177 203  65 195 195 195 195 195 111  66  66  66 176 176 176 176 157 157 157 236 236 236
[257] 236 236  95 101 101 101 101  61  61  61 137 156 156 156 156 156 178 178 247 196 196 196 190 243 197 197 183 183 207 207 254 254
[289] 254 254 254 248  72  72  72  72  72 198 198 198 198 198 292 280 160  40 281 281 281 184 105 275 275 275 275 275 229 229  41  73
[321]  73 282 312 149 191 191 204 204 188 208  67  67  67  67 220 220 220 220 192 238 238 238 238 186 130 130 273 273 273 293 131 131
[353] 131 131 335 335 335 325 306 340 187 187 187 187  68  68 179 179 193 193 193 285 285 285 285 226 226 226 226 150 150 286 286 221
[385]  42  42 307 161 368 180 355 355 355 344 345 345 345 345 283 358  96  96  96  96  96 267 107 107 276 276 276 342 342 342  48  48
[417]  48 407 407 407 407 407 407 407 407 244 287 287 287  90  90 245 245 245 245 245 329 329 351 351 432 432 432 277 114 298 336 133
[449] 133 133 201 201 365 433 386 289 289 439 439 439 389 389 205 418 418 265 300 300 300 360 360 440 440 427 427 474 474 474 474 474
[481] 241 241 241 326 326 326 326 352 308 308 402 194 118 412 412 444 444 444 213 213 213 359 359 453 303 303 476 380 262 262 162 162
[513] 259 259 259 317 317 317 488 488 488 362 362 362 362 206 447 109 381 295 522 522 522 448 448 428 242 242 242 445 445 445 399 399
[545] 523 516 467 467 467 376 338 348 511 511 151 484 547 353 353 555 442 537 537 339 339 550 324 472 472 429 429 548 462 464 464 464
[577] 464 464 464 473 473 562 574 574 574 330 517 297 297 297 297 458 346 583 512 524 524 549 496 222 222 222 419 251 531 456 413 455
[609] 455 570 570 434 249 163 320 575 575 575 576 576 576 576 477 477 357 357 357 210 420 420 134 211 404 404 564 485 457 457 636 636
[641] 637 310 568 568 589 214 625 625 625 388 121 121 469 215 466 466 466 466 557 504 504 541 541 363 363 363 227 227 227 528 528 654
[673] 415 415 599 519 519 519 519 290 643 643 543 662 662 377 681 681 139 139 314 573 332 542 542 676 676 405 405 587 619 596 323 270
[705] 638 230 257 651 651 626 560 656 628 436 600 416 660 623 623 667 667 667 661 718 645 645 231 216 216 719 617 492 278 278 668 449
[737] 478 509 720 674 452 687 561 563 525 592 592 495 641 591 591 126 736 171 171 171 171 422 422 224 738 595 621 621 491 558 479 624
[769] 500 500 500 500 414 438 657 657 321 698 698 766 533 669 669 497 423 521 551 246 778 767 723 665 279 790 790 793 769 758 717 613
[801] 712 800 802 802 334 334 411 538 746 768 710 726 788 756 756 253 810 349 501 729 735 659 635 328 328 748 212 539 539 593 760 825
[833] 739 804 833 707 826 773 773 829

$EXTANT
  [1] FALSE FALSE FALSE FALSE FALSE FALSE FALSE FALSE FALSE FALSE FALSE FALSE FALSE FALSE FALSE FALSE FALSE FALSE FALSE FALSE FALSE
 [22] FALSE FALSE  TRUE FALSE FALSE FALSE FALSE FALSE FALSE  TRUE  TRUE FALSE FALSE FALSE FALSE FALSE FALSE FALSE FALSE  TRUE FALSE
 [43] FALSE FALSE  TRUE FALSE FALSE  TRUE FALSE FALSE FALSE FALSE  TRUE FALSE FALSE FALSE FALSE  TRUE FALSE FALSE FALSE FALSE FALSE
 [64] FALSE FALSE  TRUE  TRUE  TRUE FALSE FALSE  TRUE  TRUE FALSE FALSE FALSE FALSE FALSE FALSE FALSE FALSE FALSE FALSE FALSE FALSE
 [85] FALSE FALSE FALSE FALSE FALSE  TRUE FALSE  TRUE FALSE  TRUE  TRUE FALSE FALSE FALSE FALSE  TRUE FALSE FALSE FALSE FALSE FALSE
[106] FALSE FALSE FALSE  TRUE FALSE FALSE FALSE FALSE  TRUE FALSE  TRUE FALSE  TRUE FALSE  TRUE  TRUE FALSE FALSE FALSE FALSE  TRUE
[127]  TRUE  TRUE FALSE  TRUE  TRUE FALSE FALSE  TRUE  TRUE FALSE FALSE  TRUE  TRUE FALSE FALSE FALSE FALSE FALSE FALSE FALSE FALSE
[148]  TRUE FALSE  TRUE FALSE  TRUE FALSE FALSE  TRUE  TRUE  TRUE FALSE FALSE FALSE  TRUE FALSE  TRUE FALSE  TRUE FALSE  TRUE FALSE
[169] FALSE  TRUE  TRUE  TRUE  TRUE FALSE FALSE  TRUE FALSE  TRUE FALSE FALSE FALSE FALSE FALSE  TRUE FALSE FALSE  TRUE FALSE  TRUE
[190]  TRUE FALSE FALSE FALSE  TRUE FALSE  TRUE FALSE FALSE FALSE FALSE FALSE  TRUE FALSE  TRUE FALSE  TRUE FALSE  TRUE FALSE  TRUE
[211]  TRUE  TRUE  TRUE  TRUE FALSE  TRUE  TRUE  TRUE FALSE FALSE  TRUE FALSE FALSE  TRUE  TRUE FALSE FALSE FALSE FALSE  TRUE  TRUE
[232]  TRUE  TRUE FALSE FALSE  TRUE FALSE FALSE FALSE FALSE FALSE  TRUE FALSE FALSE FALSE  TRUE FALSE FALSE FALSE  TRUE FALSE FALSE
[253]  TRUE  TRUE  TRUE  TRUE  TRUE  TRUE  TRUE  TRUE FALSE  TRUE  TRUE  TRUE  TRUE  TRUE FALSE FALSE FALSE  TRUE FALSE  TRUE  TRUE
[274]  TRUE  TRUE FALSE  TRUE  TRUE FALSE  TRUE  TRUE FALSE FALSE FALSE  TRUE  TRUE FALSE FALSE  TRUE  TRUE  TRUE FALSE  TRUE FALSE
[295] FALSE FALSE  TRUE FALSE FALSE  TRUE FALSE FALSE  TRUE FALSE FALSE FALSE FALSE  TRUE FALSE  TRUE FALSE FALSE FALSE FALSE  TRUE
[316]  TRUE FALSE  TRUE  TRUE  TRUE  TRUE FALSE  TRUE FALSE FALSE  TRUE  TRUE  TRUE  TRUE  TRUE  TRUE  TRUE  TRUE  TRUE FALSE  TRUE
[337] FALSE  TRUE  TRUE  TRUE FALSE  TRUE FALSE FALSE  TRUE  TRUE FALSE  TRUE  TRUE  TRUE FALSE FALSE  TRUE FALSE  TRUE FALSE  TRUE
[358] FALSE  TRUE FALSE  TRUE  TRUE  TRUE  TRUE FALSE  TRUE FALSE FALSE FALSE FALSE  TRUE  TRUE  TRUE FALSE  TRUE  TRUE  TRUE  TRUE
[379]  TRUE FALSE  TRUE  TRUE  TRUE  TRUE FALSE FALSE FALSE FALSE  TRUE FALSE FALSE FALSE  TRUE FALSE  TRUE FALSE  TRUE  TRUE  TRUE
[400] FALSE FALSE  TRUE  TRUE  TRUE  TRUE FALSE  TRUE  TRUE FALSE  TRUE  TRUE  TRUE FALSE  TRUE FALSE  TRUE  TRUE  TRUE  TRUE  TRUE
[421]  TRUE  TRUE  TRUE  TRUE  TRUE FALSE  TRUE FALSE  TRUE  TRUE  TRUE  TRUE  TRUE FALSE FALSE FALSE  TRUE  TRUE  TRUE FALSE FALSE
[442]  TRUE  TRUE  TRUE  TRUE FALSE  TRUE  TRUE FALSE FALSE FALSE FALSE  TRUE  TRUE FALSE  TRUE  TRUE FALSE  TRUE FALSE FALSE FALSE
[463] FALSE  TRUE  TRUE  TRUE  TRUE FALSE  TRUE  TRUE FALSE  TRUE  TRUE  TRUE  TRUE  TRUE  TRUE  TRUE FALSE  TRUE FALSE FALSE  TRUE
[484]  TRUE FALSE  TRUE  TRUE  TRUE  TRUE  TRUE FALSE  TRUE  TRUE  TRUE  TRUE  TRUE FALSE  TRUE FALSE  TRUE  TRUE FALSE  TRUE  TRUE
[505]  TRUE  TRUE  TRUE FALSE  TRUE  TRUE FALSE  TRUE  TRUE  TRUE  TRUE FALSE  TRUE  TRUE  TRUE FALSE FALSE FALSE  TRUE  TRUE  TRUE
[526] FALSE  TRUE  TRUE  TRUE FALSE  TRUE FALSE  TRUE FALSE FALSE  TRUE  TRUE  TRUE  TRUE FALSE  TRUE  TRUE FALSE FALSE FALSE  TRUE
[547] FALSE FALSE  TRUE FALSE FALSE  TRUE FALSE FALSE FALSE FALSE FALSE FALSE  TRUE  TRUE  TRUE FALSE  TRUE FALSE  TRUE  TRUE FALSE
[568]  TRUE  TRUE  TRUE  TRUE  TRUE  TRUE FALSE  TRUE  TRUE  TRUE  TRUE  TRUE FALSE  TRUE  TRUE  TRUE FALSE  TRUE  TRUE  TRUE FALSE
[589]  TRUE  TRUE  TRUE  TRUE  TRUE  TRUE FALSE  TRUE  TRUE  TRUE  TRUE  TRUE  TRUE  TRUE  TRUE  TRUE  TRUE  TRUE FALSE FALSE  TRUE
[610]  TRUE  TRUE  TRUE  TRUE FALSE FALSE FALSE  TRUE  TRUE FALSE  TRUE  TRUE  TRUE FALSE  TRUE  TRUE  TRUE  TRUE  TRUE  TRUE  TRUE
[631]  TRUE  TRUE  TRUE FALSE  TRUE  TRUE FALSE  TRUE  TRUE  TRUE  TRUE  TRUE  TRUE  TRUE  TRUE  TRUE  TRUE  TRUE  TRUE  TRUE  TRUE
[652]  TRUE  TRUE FALSE FALSE  TRUE  TRUE  TRUE FALSE FALSE  TRUE FALSE  TRUE  TRUE  TRUE  TRUE  TRUE  TRUE  TRUE FALSE  TRUE FALSE
[673]  TRUE FALSE  TRUE  TRUE  TRUE  TRUE  TRUE  TRUE  TRUE  TRUE FALSE FALSE FALSE  TRUE  TRUE  TRUE FALSE  TRUE  TRUE  TRUE  TRUE
[694]  TRUE  TRUE FALSE  TRUE  TRUE  TRUE  TRUE  TRUE  TRUE  TRUE  TRUE  TRUE  TRUE  TRUE FALSE  TRUE  TRUE  TRUE  TRUE FALSE  TRUE
[715]  TRUE  TRUE  TRUE  TRUE  TRUE  TRUE  TRUE  TRUE  TRUE FALSE FALSE  TRUE  TRUE  TRUE  TRUE  TRUE  TRUE FALSE  TRUE  TRUE  TRUE
[736] FALSE  TRUE  TRUE  TRUE  TRUE  TRUE  TRUE FALSE  TRUE  TRUE  TRUE  TRUE  TRUE FALSE  TRUE  TRUE  TRUE  TRUE  TRUE  TRUE  TRUE
[757]  TRUE  TRUE  TRUE  TRUE  TRUE  TRUE FALSE  TRUE  TRUE  TRUE  TRUE  TRUE FALSE  TRUE  TRUE  TRUE  TRUE  TRUE  TRUE  TRUE  TRUE
[778]  TRUE  TRUE  TRUE FALSE FALSE FALSE  TRUE  TRUE  TRUE  TRUE  TRUE  TRUE  TRUE  TRUE  TRUE FALSE  TRUE  TRUE  TRUE  TRUE  TRUE
[799]  TRUE  TRUE  TRUE  TRUE  TRUE  TRUE  TRUE  TRUE  TRUE FALSE  TRUE  TRUE  TRUE  TRUE  TRUE  TRUE  TRUE  TRUE  TRUE  TRUE  TRUE
[820]  TRUE  TRUE  TRUE  TRUE  TRUE  TRUE  TRUE  TRUE  TRUE  TRUE  TRUE  TRUE  TRUE  TRUE FALSE  TRUE  TRUE  TRUE  TRUE  TRUE  TRUE

