
Birth-death simulation object with 885 species and 500 extant species

Details for some species:

Extinction times (NA means extant)
[1] 61.43150 85.84720 47.19957 55.74962 90.27714 60.42871


Speciation times 
[1] 92.20933 90.56478 69.65919 64.75900 90.34513 87.95644


Species parents (NA for initial)
[1] NA  1  1  1  2  2


Species status (extinct or extant)
[1] "extinct" "extinct" "extinct" "extinct" "extinct" "extinct"


For more details on vector y, try sim$y, with y one of
TE TS PAR EXTANT



$TE
  [1] 61.4314994 85.8471977 47.1995736 55.7496152 90.2771398 60.4287120 48.7640333 73.6963505 66.9447620 72.6748149  7.7822478
 [12] 81.3043618 78.9453890 24.3593662 56.7289525 48.6740755 29.6749320 73.6304315 79.9508911 74.1776475 45.9801039 31.9279989
 [23] 52.6473261 60.8490579 63.3158502 39.8603759 44.4531582 38.0889110 58.7353474 45.4949084 53.5518882 52.9008971 31.9206183
 [34] 57.5982595 54.1637484 18.9223830 44.1398652 15.9646368 35.6409190 34.3938787 34.5212559 51.0189424         NA 27.8465831
 [45] 47.5612896  9.0984837 53.1777099 48.7224159 49.3474108 45.7326153 52.0172399 52.9824327 40.3588910 41.1012984 49.6474756
 [56] 38.8030238 46.9359720 41.4016886 41.7286179 11.3902546 53.6438075         NA 44.3245285 31.7674843 40.0727481 20.4148131
 [67]         NA 34.0144136 37.0831110  5.8576526 48.6693035  7.2035367 41.2731952 37.5131902 25.8365961 44.7827315 40.4457508
 [78] 28.0846655 31.1788333         NA         NA 44.6487360  6.2730250 26.0060430 22.9672638 19.4715075 17.4352522 18.2798472
 [89]  2.0706519         NA         NA         NA         NA  3.9021444 44.0405481 25.5549052 33.1470576 33.0415180 48.8428571
[100] 21.1243784 44.0298485  2.4363003 18.2463848  8.5177680  4.1675563         NA 48.5728282 41.4766910 32.4059265 34.5018187
[111] 13.8446316 21.5523392         NA         NA 25.8298041  4.2837586  7.9861685         NA 20.9931522  2.2151402 42.8932904
[122] 31.6353324 32.1379405 21.5159983 40.6218865         NA 13.1732645 32.3551741 13.6985217 32.2927481 41.4014231 41.2516043
[133] 23.7657936 44.3487933 28.5212520 26.4752284 42.3348705 37.7323479 33.8411466 21.4357985         NA 25.8577678         NA
[144] 14.6106588         NA  9.9460149 34.1238652         NA 25.7153781         NA 36.9148317         NA         NA 11.2644308
[155] 33.0405716 32.1380547 27.6055061  4.6210093 27.7156550 17.4151238 17.6042142 21.6588890 12.4785272         NA 16.1336083
[166] 40.9670771 33.5445567         NA         NA  8.5266065 28.5437527         NA         NA  4.2350843  6.7461402         NA
[177]         NA 34.2913560 21.7388673 23.3431203 14.0225663 30.2635021 26.0449090         NA 20.3170008         NA 23.3252405
[188] 11.1514812  3.2519154 12.7379638         NA         NA         NA         NA 32.6127374         NA 25.7243566 13.4144532
[199]         NA         NA 27.9146548 34.4994998         NA  7.4242389 35.4829171 11.1899084  8.1869009         NA 23.1577034
[210]         NA 12.3165909         NA         NA         NA         NA         NA         NA         NA 21.8899659 24.9440765
[221]         NA 25.9426050 22.0729489         NA 25.6291768         NA         NA  3.4666716         NA         NA         NA
[232] 14.7525470         NA         NA  1.5976255 19.3563511 10.7283561         NA  7.0766215  4.6015003         NA 22.5639359
[243] 24.0801320 29.2029141  7.6171443 10.5795338  2.5333261         NA 21.2406658 12.2029587 26.8664081 28.4761977 23.5731468
[254]         NA         NA         NA 18.5925443         NA  3.3698227         NA 21.2818736  0.5591642  1.9824198         NA
[265] 21.3450568         NA         NA 31.1528398         NA 27.7260675         NA 12.4398370 18.6311595 21.0944003  6.2605567
[276] 10.1846261 26.5477347         NA         NA         NA  9.6048178  7.8115288 32.7958697  4.6634020  8.2497649  1.2252440
[287] 28.4950911  7.7374305         NA         NA         NA         NA         NA  4.7122688 17.3540810         NA 25.4288442
[298] 14.9999303         NA         NA         NA         NA         NA 26.9200795         NA         NA 28.7429471  5.5048481
[309]  5.6297468 13.9755305         NA         NA         NA         NA  3.3999052  6.9756665 21.2646427 17.1861431  9.8822510
[320]  0.5450438         NA 22.0349018         NA         NA  5.2235258         NA 11.4095590 22.7097520  2.2939228         NA
[331]  4.9600983  1.5732423  6.0679556         NA         NA         NA  3.7262519         NA         NA         NA         NA
[342]         NA         NA         NA         NA         NA  3.8915303         NA 13.7453935         NA         NA         NA
[353]         NA 10.9087135         NA  1.8535884 19.9421540         NA  1.5831961         NA         NA         NA  0.9609269
[364]         NA         NA         NA         NA  8.1519952  6.6930220         NA  9.4685050 13.7215553         NA  4.2754600
[375]         NA         NA         NA         NA         NA 22.9117896 13.1146443 10.7503992  6.7352951         NA  0.3209628
[386]         NA  0.1378898         NA         NA         NA         NA 15.8057496         NA  1.5076075 12.8730378  2.5735003
[397]  1.3733616         NA         NA         NA         NA         NA         NA         NA         NA         NA 17.7238523
[408] 13.7136938         NA         NA  3.5484702  9.1152457  2.3605071 22.5233164 16.9375493 13.9012483 10.4306787         NA
[419]         NA  9.3732446  4.8643480  3.3047715         NA 13.6998333         NA         NA  0.5742708         NA 13.2618804
[430]         NA  3.7529756         NA  2.7356762         NA         NA         NA         NA  1.0261948 20.0519108         NA
[441]  7.1068339         NA  6.4835878         NA         NA         NA         NA 10.1850068  3.4932782         NA         NA
[452]         NA 14.2942549         NA  5.9768826  3.2948192         NA 10.6290735  5.0500644         NA         NA  2.3363624
[463]         NA 13.5196245  2.8029586  1.3375234         NA         NA  6.6763428         NA         NA         NA 12.6993234
[474]  4.7769821         NA         NA         NA         NA 15.7741990         NA 14.4564574         NA         NA         NA
[485]  4.5645530         NA  8.0546013  5.1759114         NA         NA 12.4368672         NA         NA         NA         NA
[496] 13.1182111         NA         NA  2.6789087         NA  9.8821333 13.0092835 12.5664441         NA         NA  5.4079370
[507]         NA         NA         NA  6.5963254  7.1925333  3.6872194         NA         NA         NA         NA         NA
[518]         NA         NA         NA         NA         NA         NA         NA         NA         NA         NA         NA
[529]         NA 10.8019346         NA         NA         NA         NA  7.2354342  6.0845923         NA  2.1249074         NA
[540]         NA         NA         NA  5.0622756         NA 12.7954524         NA 12.8414449         NA         NA         NA
[551]         NA         NA         NA         NA 13.4844272         NA         NA         NA  6.0735341  2.7917778  4.9759740
[562]         NA         NA         NA         NA  5.9092812         NA  4.1379951         NA         NA         NA  1.2264706
[573]  0.2800477 15.0008693         NA         NA         NA 12.9105239  7.5993319  7.5898843         NA         NA         NA
[584]         NA         NA         NA         NA         NA         NA         NA         NA         NA         NA         NA
[595]         NA         NA         NA         NA  8.2402718  7.5885901         NA         NA  8.1234852         NA  8.8717455
[606]         NA  0.7727903         NA         NA         NA 10.1439849 12.6338687         NA         NA         NA         NA
[617]         NA         NA         NA         NA         NA  3.1598798         NA         NA         NA  4.6270064         NA
[628]         NA         NA  3.1061467  2.2298061         NA  0.4674519         NA  3.9522020  2.7507616         NA  8.2591707
[639]  1.6791604         NA         NA         NA         NA         NA         NA  2.9157981         NA  8.2833361  0.9325604
[650]         NA         NA         NA         NA         NA         NA         NA         NA         NA         NA         NA
[661]         NA         NA  6.3013887 10.6022154         NA         NA         NA         NA         NA         NA         NA
[672]         NA         NA         NA  7.1482794         NA         NA         NA         NA  2.2845592         NA         NA
[683]         NA  5.0343136         NA         NA         NA  2.8642413         NA         NA         NA         NA         NA
[694]  2.6037997         NA         NA         NA  1.3483757         NA         NA         NA         NA         NA         NA
[705]         NA         NA         NA         NA         NA  7.4764029         NA         NA         NA         NA  5.0126162
[716]  2.9781583         NA         NA         NA  6.3810521  5.2810704         NA         NA         NA         NA         NA
[727]         NA         NA  1.5035689         NA         NA  0.5730935         NA         NA         NA  0.9981726         NA
[738]         NA         NA         NA         NA         NA         NA         NA         NA         NA  3.0970300  3.7767251
[749]         NA         NA         NA         NA         NA         NA         NA         NA         NA         NA         NA
[760]         NA         NA         NA         NA         NA         NA  2.0687435         NA         NA         NA         NA
[771]  3.6074744         NA  0.3766739         NA         NA         NA         NA  3.2688753         NA         NA         NA
[782]         NA         NA  5.0981511         NA         NA         NA         NA         NA         NA         NA         NA
[793]  1.7485044         NA         NA         NA         NA         NA  1.3937860         NA         NA         NA         NA
[804]         NA         NA  0.6467177         NA         NA         NA         NA         NA         NA         NA         NA
[815]         NA         NA         NA         NA         NA         NA         NA         NA         NA         NA         NA
[826]  2.9524276         NA         NA         NA         NA         NA  0.4083779         NA         NA         NA         NA
[837]         NA         NA  0.1093638         NA         NA         NA         NA         NA         NA         NA  0.1636067
[848]         NA         NA         NA         NA  1.1780442         NA         NA         NA         NA         NA         NA
[859]         NA  1.4172007         NA         NA         NA         NA         NA  1.1116806         NA         NA         NA
[870]         NA  1.9137737         NA         NA         NA         NA         NA         NA         NA         NA         NA
[881]         NA         NA         NA         NA         NA

$TS
  [1] 92.209332081 90.564777074 69.659188839 64.758999228 90.345126000 87.956440459 86.122360477 80.791175689 72.951395920 72.905604777
 [11] 69.329397730 85.603319551 82.797417543 66.178226006 63.455489269 57.868246940 52.726740717 81.466483591 80.518651847 75.665480276
 [21] 75.184386131 74.627211292 54.267154859 72.773684657 71.646051922 62.577842654 53.456025118 41.908400165 71.146038853 65.705621879
 [31] 67.453769762 68.356387212 62.817680651 61.239032659 54.802660464 47.328071371 58.235421968 53.861019579 36.352255516 53.168741062
 [41] 57.697905703 57.472963800 36.224829147 29.438674988 65.325849301 47.518918784 61.812824083 58.569510689 64.697174045 62.329785834
 [51] 58.580588629 59.706398790 41.713853690 59.168440040 53.539351865 41.635246032 55.366850757 55.272964804 53.896186103 52.607954436
 [61] 56.046828177 53.143810868 52.552144845 46.439754395 54.806361646 54.387247866 52.490498549 53.526198964 49.195298182 54.199280861
 [71] 49.237533618 46.910528099 52.709917620 47.502999543 48.719633199 46.436515219 41.941878792 37.960248287 36.992747728 29.351066342
 [81] 27.997417446 53.094960178 45.907534836 47.776823574 37.527942628 43.840963455 43.237631327 26.337714091 15.393261591 14.058837499
 [91] 14.002066231 13.978499341  3.408532394 52.377771799 51.840789212 47.591583390 47.244634010 33.543796010 49.776359893 49.511320378
[101] 47.056123225 41.814949367 32.316900719 31.801170566 16.479418324 45.866152701 49.967172816 44.291491317 42.554414528 36.987484297
[111] 24.155098633 22.046783053 21.090212677  0.427858819 31.960076419 21.392201176 13.977387594  9.353595244 47.655354562 44.530304531
[121] 49.335404872 41.786880486 37.429577128 45.377755274 41.134950707 33.011934192 44.986645788 35.849697209 41.774629466 32.723363618
[131] 45.695759062 41.912610712 31.551689864 46.614079708 35.033662861 27.883701495 46.405974469 46.058709253 39.388777222 35.255230939
[141] 36.622400951 31.737728022 28.561678848 14.740627048 46.611958849 46.358494117 45.641210867  9.975485361 46.388803228 28.647806139
[151] 42.434776720 36.092760941 22.700005199 12.471021160 41.227627081 39.649263010 36.683242782 35.434141215 30.314146932 25.690078744
[161] 25.123204420 22.094170972 15.734641081  9.878471140 32.114129189 42.273293023 40.764757840 33.332413526 29.383546926 40.024660792
[171] 29.705312414 26.712368891 11.989672095 11.835937946  8.762510981  5.445330845 41.544564684 39.215672786 36.088716337 31.111673354
[181] 41.208344448 39.082677161 31.782922254 21.827967794 34.018234743 40.568311860 26.361974910 28.663268836 19.836652315 19.177431398
[191] 11.897897496 11.813860828  7.378093842 34.344983237 33.369674601 28.582305335 39.880389607 13.841176797 21.671161526  8.770209630
[201] 37.102761933 35.358286886 34.147329348 34.928142889 38.203937410 35.232600918 37.897486927 37.766913879 36.491598588 24.828162974
[211] 16.573034738 14.217903003 33.669236009 22.517560986 14.198484245 11.242564122  9.571082156  1.683142830 34.097945000 25.174948473
[221] 36.453825577 33.830810680 32.187083002 33.703058027 28.258605787 16.895194362  2.752466904 31.180615410 29.878681947 31.172225343
[231] 27.163121694 19.763273469  9.167434986  1.781986164 30.706337269 23.018182734 22.289625927 16.913597136 16.673650311 10.331158678
[241]  3.643131003 25.189908321 31.863825144 31.711614227 18.186083522 12.975592764 34.668816769 32.061727713 25.899002389 33.619858331
[251] 31.554677428 30.432901537 23.942937573 14.178465308 29.811153755 23.160713939 21.832428864 15.272275438  5.318089496 26.525148746
[261] 22.247205849 21.572319245 19.343092683  6.972664157 30.838631633 15.991874244  3.899196489 31.608154149 24.973918385 33.891331584
[271] 30.609430082 27.107025350 25.215225697 25.835918004 17.703681898 10.730228522 32.789495024  8.876753688  6.570925690  3.837796404
[281] 33.055463039 20.426192821 32.907403416 26.794421726 24.788989907  4.092441926 31.988293083 15.427460005 23.404468329 10.734471179
[291] 10.462677757  6.657411240  3.419002391 29.278259373 20.158881045 19.255769034 26.659172886 26.611598460  7.122745007  2.885334250
[301] 28.272299342 24.865075256 16.194621138 31.242080295 27.189552891 25.889416649 30.994108217 23.793404190 20.358764193 17.389024522
[311] 15.838583589  8.058684509 13.221397585 24.148560128 14.947361842 11.791958226 22.182465416 17.888847065 26.671096285 17.404096046
[321] 15.224165277 29.800560451 14.898150309 12.453098024  5.714711595  0.568513123 28.470712062 28.177261488 27.455379912 26.762284105
[331] 26.551211918 15.799952219 12.083944804  9.485893428  4.615501935 16.660189371 10.456539284  7.524821524 25.886228813 24.924323735
[341] 20.563840199  5.569405579  2.936012785  4.499654369  1.637000213 25.786116298 23.092193955 22.674305497 18.029673251 16.650231515
[351]  6.439597230 24.404817521 14.537759945 12.084081531  7.227052715  5.493064807 23.992688996 14.879587186 13.383634338  2.136740439
[361]  7.764884240 22.179037500 18.432244146 23.696784571 14.556841104 11.127569436 24.696840399 17.846982411 16.191456152 12.099795139
[371] 12.097793340 20.467644186 19.815812508 13.346023453 22.141372294 19.122303703 14.903939904 13.946388255 13.540352241 24.656921878
[381] 22.640169227 23.981954590 14.215842406 10.768567165 10.582648446 10.523820351  4.222729335  2.607041344  1.118154839 25.443562487
[391] 23.647193331 21.335757247 12.177236155 10.843613780 17.664259605 17.244023677 15.227270244  9.704121558  0.771829311 21.746166851
[401] 21.343710108 12.841143941  1.072207827  7.542975447  2.466612327 24.406707690 25.173890622 15.695509863  0.058755120 19.843501485
[411] 14.329068023 13.264264006  9.862758553 24.165313211 20.579081764 15.787516967 12.629750264  5.804018448 21.960025722 11.815596060
[421] 11.062151606  7.608968478  0.384586005 18.184476085 13.897357470  5.311544910  4.574984973 22.365536070 14.740864667 16.552379079
[431] 13.459207951 23.371442252 19.555903722 18.167488317 13.268654843  6.821385257  3.925641442 21.231300278 20.169079082 12.185006886
[441]  9.566415990  2.210343867 22.298171975  9.596735228  1.457728845  2.413272551  7.027538678 20.811764937 21.615606153 13.533487747
[451]  9.231967137  8.929083504 17.057197457 15.655195768  9.110893793  8.757218122 16.547595811 13.272717783 10.972406028  2.048006263
[461] 12.915498666  5.495699547  9.480683882 20.057891327  7.687862348  6.820210202  5.071648376  1.659108654 15.006763651 10.065213375
[471] 21.163318608 20.339248524 15.724665270 12.127698873  5.692621380 21.130039772 17.712180441  2.634185169 19.577852086  4.209091069
[481] 14.800237502 12.895595139  7.021417523  6.889660838  5.632906429  4.376450072 11.201911740 20.440315850 19.606487834 16.417975400
[491] 13.689164019 13.523003634  9.195956735  7.381157281  4.963225646 16.791718876 11.893986248 16.907686701 18.275733794 17.030518431
[501] 16.854373928 16.759362304 19.086817325 16.900578633 14.744132170 17.590572951 11.732315596  9.811185173  9.751259953 17.510885637
[511] 15.145190968  5.048697717  1.617649242 19.175781118  5.211811736 13.339641502  4.675794009  4.080127034 15.759356132  6.835885964
[521] 13.842157814  7.636255394  0.257479488 12.920411194  8.616576910  3.694296622  0.741875319 13.232955605 17.130150320 17.504225824
[531] 17.533613375 15.727104323 11.051217991  8.377135556 14.856301683 13.785192120 13.030270744 17.331374565 15.031774378 17.051082869
[541]  8.890009059  5.709467267 11.591710674  5.558036787 13.152874297  8.578602019 12.991962855  4.790071895 16.007954693 11.834735677
[551] 11.210985563  4.482282817  1.929196951 15.764893247 14.090622327 10.817317445  7.493892400  0.176732564  9.709877557  5.695740380
[561] 11.769232003  5.462728015  1.095595260 16.106734139 14.027775120  8.021781285  2.366107227  6.241270519  0.771852658  0.470780257
[571] 16.324798491 10.818577793  7.546817072 15.048805342 11.801964203  7.818422374  0.097758482 14.275211556 15.281064342 11.358268074
[581] 12.059305113  3.852364681 14.956708171  8.404339117  7.572355808 14.789722073  0.718041336  9.753233255 13.673338411  4.321343294
[591] 12.284889774  8.517871800  3.798015354  3.258370569  1.822832670  5.142076574  2.502100933  0.280641881 14.203220223  9.914632176
[601]  6.809655120  3.674183254 10.422390708 15.305502607 13.045769952  9.988734087  9.080831896 12.094615805 13.272073497  1.309229974
[611] 15.054215710 13.741896320 13.475450663  3.543049134  0.669997944  0.164403519 14.533936351 11.263746389  1.690129724  1.014509209
[621] 14.286665488 10.937118655  9.059369312  8.487226670 11.681893152  5.198607832 14.099211157  7.351291021  9.836006223  7.573215505
[631]  6.625564406 11.939304121  3.597282157  4.549701978  6.273109535 10.841677640 13.470102150 12.646361140 10.811460680  8.542342605
[641] 13.865297628 11.607347374  7.055604501  8.941011778  0.792718171 13.247902747 10.185708119  9.490263895  7.153846780 13.741304582
[651]  2.041970534 13.621886552 12.868341434 10.884423356  8.737659715  0.949766133 12.111740829 11.437218411  2.557577740 12.787096751
[661]  9.716533210  5.361315214 13.104687012 11.951834745  6.930833310  3.566249170 12.424673142  9.887890278  8.198872840  5.235025345
[671]  4.929205771  0.156669938 11.375612290 10.916952481 11.451375335  5.541298519  5.533398039  4.673399495  1.944891967  9.309498503
[681] 10.254484140  0.838713953  2.084000695  5.707975579  8.951548668  8.615684102  6.715229651  4.601783128  2.586429369  1.823499765
[691]  9.271432885  2.886953495  4.411940390 10.854810931  1.069579406 11.161778374  5.554753076 11.345904379  8.358363467  8.104679412
[701] 11.518071950  5.105789862  1.818120446 11.243279643  6.526647352  6.905093695  2.129269485  2.105684093  5.144656130 10.614118079
[711]  2.419212873  1.509329801  7.954365241  0.582637250  9.453370547  9.451656505  5.910777467  0.486547043  3.112112797  9.646337486
[721]  7.493352490  8.268509457  3.955096515  0.020540637  7.428407473  0.739513282  7.862889254  7.919593076  2.145032887  6.143061863
[731]  3.674783315  8.736763297  7.974136675  1.075204213  5.956770051  8.996773030  8.107614152  5.182273991  1.630346768  4.762396550
[741]  1.104117280  7.300923403  2.890295294  0.647666926  3.074133954  0.672793076  7.806654134  9.329689415  4.472716453  4.123862486
[751]  6.141119768  2.037167687  7.934020274  5.699417133  3.701085395  2.796486839  1.052813599  7.165771530  4.877186174  4.697153637
[761]  8.371479890  6.978052651  0.509110783  5.169920999  3.395787713  3.991330217  4.731628691  2.435410590  2.290274306  5.188737132
[771]  6.603432769  0.867244309  2.673876240  6.882814298  7.288959942  1.691760298  4.706477625  7.738095525  4.741806290  6.450123912
[781]  2.356256861  1.977945818  7.566683272  5.624000270  7.671080648  3.778817154  6.503327583  4.617706136  7.458320401  3.627834874
[791]  0.328575687  6.442969111  6.174775793  6.461784666  2.334699560  0.425574317  1.794168283  6.927352748  2.949645566  1.077301741
[801]  3.916065296  5.042935872  5.194219249  4.720568180  0.105799793  3.073710468  2.866561604  5.604543674  5.334342688  6.196867412
[811]  2.425099742  6.034091849  4.129222587  3.728161563  2.719247779  1.327731464  2.867449336  0.007603121  3.393144347  0.377052657
[821]  5.555998575  5.372916180  4.948373418  2.995851916  2.909681317  4.760634906  3.508512683  4.244776841  1.236927402  0.121536500
[831]  3.599394247  3.488997509  1.865137608  3.352667705  2.252207182  0.366865859  1.523316100  4.390607289  1.228462747  2.657715430
[841]  2.758001452  0.876127095  2.975741723  2.282853254  2.311517812  0.249574196  0.913941313  3.537034188  2.278355763  1.258037739
[851]  0.183125774  3.460000715  0.755380149  1.708534661  2.095984020  2.115632479  2.413622498  1.476843596  1.330828168  2.161773356
[861]  2.487682344  1.381297357  2.443891798  1.350559656  2.097381467  1.146533105  1.814496289  0.814814678  1.621771806  0.911908826
[871]  2.022327141  0.669922433  0.919842284  1.008805835  1.996488425  0.698904990  1.440922785  0.785974262  0.066219680  0.011998580
[881]  0.746468636  0.174915304  0.068134771  0.058085297  0.042398242

$PAR
  [1]  NA   1   1   1   2   2   2   6   6   6   6   7   7   7   7   7   7  12  13  18  18   8  21  22  22  22  22  22  24  25  29   3
 [33]   3   3   3   3  11  11  11  32  31  14  14  14  30  30  45  45   4  15  15  33  26  34  54  54  51  51  48  48  37  37  16  41
 [65]  42  42  42  57  58  65  65  65  66  66  70  70  70  70  70  70  70  68  68  27  40  62  62  62  62  62  62  62  62  82  82  82
 [97]  82  17  73  73  73  60  60  60  60  63  67  67  67  67  67  67  67  67  94  94  94  94  95  95  99 100 100  69  75  75  84 119
[129]  96  96  46  46  46  36  36  36  97  97  97  97  72  72  72  72 134 134 134 145 137 149 146 146 146 146 138 138  83  83  83  83
[161]  83  83  83  83 106 124 124 124 124 127 127 127 120 120 120 120  86  86  86  86  87  87  87  87 122 129 129 177 177 177 177 177
[193] 177 155 155 181 186 186 170 170 197 197 156 139 178 182 205  78 207 207 207 207 208 208 208 208 208 208  85  85 123 123 123 201
[225] 141 141 141 209 221  43  43  43  43  43 152 152 152 152 152 152 152 179 158 158 158 158 206 206 206 204 204 204 204 204 247 247
[257] 247 247 247 194 194 194 194 194 203 203 203 219 219 185 185 185 185 224 224 224 213 213 213 213 250 250 195 168 168 168 281 281
[289] 126 126 126 126 126 103 103 103 165 165 248 248 115 104 104 244 133 133 304 228 228 228 228 228 230 265 235 235 271 271 229 229
[321] 229 255 255 255 255 255 322 169 169 169 169 169 169  80  80 294 294 294 188 150 150 150 150 196 196 143 143 143 143 143 143 301
[353] 301 301 301 301 328  81  81  81 329 305 305 231 231 231 284 284 284 284 284 172 172 172 319 319 319 319 319 298 298 331 331 331
[385] 331 331 260 260 260 187 249 306 306 306 339 339 339 339 339 274 346 346 346 390 390 273 220 340 340 302 210 285 285 406 406 406
[417] 406 406 352 352 352 352 352 111 314 314 314 382 382 308 308 364 364 364 364 364 364 289 289 289 289 289 432 432 432 256 347 236
[449] 348 348 348 348 214 428 428 428 237 237 237 362 375 375 184 400 400 400 400 400 199 449 262 262 262 262 262 116 116 438 471 471
[481] 476 476 113 113 113 113 448 341 341 341 341 341 341 341 341 488 488 282 309 309 309 309 472 472 464 410 410 410 410 189 189 189
[513] 373 489 489 433 433 433 263 263 296 296 296 376 376 376 376 503 363 245 368 368 477 477 275 275 275 395 395 506 506 506 531 531
[545] 510 510 320 320 396 529 529 529 529 540 500 500 500 500 238 238 498 498 498 504 504 504 504 226 226 226 501 501 239 350 350 350
[577] 350 211 430 430 457 457 490 490 490 303 564 549 266 266 311 311 311 311 332 554 554 554 519 532 532 532 454  89  89  89  89 604
[609] 258 258 511 611 469 583 583 583 377 377 377 377 323 323 323 323 358 358 586 586 365 353 353 411 411 621 212 383 627 627 627  90
[641]  91  91  91  92  92 641 641 641 641 521 650 491 491 379 379 379 450 492 492 613 637 637 431 431 374 516 458 435 435 435 528 528
[673] 313 313 537 537 524 524 524 653 402 660 324 667 440 393 393 393 657 657 370 370 608 581 581 173 173 632 191 191 497 497 497 174
[705] 174 192 575 507 701 675 698 618 551 551 487 421 622 674 572 556 639 290 290 290 385 385 291 240 681 647 647 470 470 470 164 413
[737] 413 508 398 444 217 334 334 334 463 463 715 118 691 451 455 607 623 736 736 685 685 541 541 541 278 278 200 732 732 525 546 640
[769] 624 584 534 534 761 699 737 737 700 733 733 728 727 576 747 747 361 778 785 783 404 557 557 725 494 193 193 775 355 649 649 299
[801] 447 483 762 762 762 706 484 774 774 520 687 705 705 787 780 810 730 812 418 475 342 821 676 462 356 562 562 670 515 764 596 596
[833] 467 802 823 548 740 777 760 517 678 427 634 344 838 480 813 750 582 280 241 666 848 852  93 834 343 692 817 227 478 388 861 711
[865] 857 567 781 795 845 844 849 360 683 752 871 345 858 877 829 389 656 587 796 796 884

$EXTANT
  [1] FALSE FALSE FALSE FALSE FALSE FALSE FALSE FALSE FALSE FALSE FALSE FALSE FALSE FALSE FALSE FALSE FALSE FALSE FALSE FALSE FALSE
 [22] FALSE FALSE FALSE FALSE FALSE FALSE FALSE FALSE FALSE FALSE FALSE FALSE FALSE FALSE FALSE FALSE FALSE FALSE FALSE FALSE FALSE
 [43]  TRUE FALSE FALSE FALSE FALSE FALSE FALSE FALSE FALSE FALSE FALSE FALSE FALSE FALSE FALSE FALSE FALSE FALSE FALSE  TRUE FALSE
 [64] FALSE FALSE FALSE  TRUE FALSE FALSE FALSE FALSE FALSE FALSE FALSE FALSE FALSE FALSE FALSE FALSE  TRUE  TRUE FALSE FALSE FALSE
 [85] FALSE FALSE FALSE FALSE FALSE  TRUE  TRUE  TRUE  TRUE FALSE FALSE FALSE FALSE FALSE FALSE FALSE FALSE FALSE FALSE FALSE FALSE
[106]  TRUE FALSE FALSE FALSE FALSE FALSE FALSE  TRUE  TRUE FALSE FALSE FALSE  TRUE FALSE FALSE FALSE FALSE FALSE FALSE FALSE  TRUE
[127] FALSE FALSE FALSE FALSE FALSE FALSE FALSE FALSE FALSE FALSE FALSE FALSE FALSE FALSE  TRUE FALSE  TRUE FALSE  TRUE FALSE FALSE
[148]  TRUE FALSE  TRUE FALSE  TRUE  TRUE FALSE FALSE FALSE FALSE FALSE FALSE FALSE FALSE FALSE FALSE  TRUE FALSE FALSE FALSE  TRUE
[169]  TRUE FALSE FALSE  TRUE  TRUE FALSE FALSE  TRUE  TRUE FALSE FALSE FALSE FALSE FALSE FALSE  TRUE FALSE  TRUE FALSE FALSE FALSE
[190] FALSE  TRUE  TRUE  TRUE  TRUE FALSE  TRUE FALSE FALSE  TRUE  TRUE FALSE FALSE  TRUE FALSE FALSE FALSE FALSE  TRUE FALSE  TRUE
[211] FALSE  TRUE  TRUE  TRUE  TRUE  TRUE  TRUE  TRUE FALSE FALSE  TRUE FALSE FALSE  TRUE FALSE  TRUE  TRUE FALSE  TRUE  TRUE  TRUE
[232] FALSE  TRUE  TRUE FALSE FALSE FALSE  TRUE FALSE FALSE  TRUE FALSE FALSE FALSE FALSE FALSE FALSE  TRUE FALSE FALSE FALSE FALSE
[253] FALSE  TRUE  TRUE  TRUE FALSE  TRUE FALSE  TRUE FALSE FALSE FALSE  TRUE FALSE  TRUE  TRUE FALSE  TRUE FALSE  TRUE FALSE FALSE
[274] FALSE FALSE FALSE FALSE  TRUE  TRUE  TRUE FALSE FALSE FALSE FALSE FALSE FALSE FALSE FALSE  TRUE  TRUE  TRUE  TRUE  TRUE FALSE
[295] FALSE  TRUE FALSE FALSE  TRUE  TRUE  TRUE  TRUE  TRUE FALSE  TRUE  TRUE FALSE FALSE FALSE FALSE  TRUE  TRUE  TRUE  TRUE FALSE
[316] FALSE FALSE FALSE FALSE FALSE  TRUE FALSE  TRUE  TRUE FALSE  TRUE FALSE FALSE FALSE  TRUE FALSE FALSE FALSE  TRUE  TRUE  TRUE
[337] FALSE  TRUE  TRUE  TRUE  TRUE  TRUE  TRUE  TRUE  TRUE  TRUE FALSE  TRUE FALSE  TRUE  TRUE  TRUE  TRUE FALSE  TRUE FALSE FALSE
[358]  TRUE FALSE  TRUE  TRUE  TRUE FALSE  TRUE  TRUE  TRUE  TRUE FALSE FALSE  TRUE FALSE FALSE  TRUE FALSE  TRUE  TRUE  TRUE  TRUE
[379]  TRUE FALSE FALSE FALSE FALSE  TRUE FALSE  TRUE FALSE  TRUE  TRUE  TRUE  TRUE FALSE  TRUE FALSE FALSE FALSE FALSE  TRUE  TRUE
[400]  TRUE  TRUE  TRUE  TRUE  TRUE  TRUE  TRUE FALSE FALSE  TRUE  TRUE FALSE FALSE FALSE FALSE FALSE FALSE FALSE  TRUE  TRUE FALSE
[421] FALSE FALSE  TRUE FALSE  TRUE  TRUE FALSE  TRUE FALSE  TRUE FALSE  TRUE FALSE  TRUE  TRUE  TRUE  TRUE FALSE FALSE  TRUE FALSE
[442]  TRUE FALSE  TRUE  TRUE  TRUE  TRUE FALSE FALSE  TRUE  TRUE  TRUE FALSE  TRUE FALSE FALSE  TRUE FALSE FALSE  TRUE  TRUE FALSE
[463]  TRUE FALSE FALSE FALSE  TRUE  TRUE FALSE  TRUE  TRUE  TRUE FALSE FALSE  TRUE  TRUE  TRUE  TRUE FALSE  TRUE FALSE  TRUE  TRUE
[484]  TRUE FALSE  TRUE FALSE FALSE  TRUE  TRUE FALSE  TRUE  TRUE  TRUE  TRUE FALSE  TRUE  TRUE FALSE  TRUE FALSE FALSE FALSE  TRUE
[505]  TRUE FALSE  TRUE  TRUE  TRUE FALSE FALSE FALSE  TRUE  TRUE  TRUE  TRUE  TRUE  TRUE  TRUE  TRUE  TRUE  TRUE  TRUE  TRUE  TRUE
[526]  TRUE  TRUE  TRUE  TRUE FALSE  TRUE  TRUE  TRUE  TRUE FALSE FALSE  TRUE FALSE  TRUE  TRUE  TRUE  TRUE FALSE  TRUE FALSE  TRUE
[547] FALSE  TRUE  TRUE  TRUE  TRUE  TRUE  TRUE  TRUE FALSE  TRUE  TRUE  TRUE FALSE FALSE FALSE  TRUE  TRUE  TRUE  TRUE FALSE  TRUE
[568] FALSE  TRUE  TRUE  TRUE FALSE FALSE FALSE  TRUE  TRUE  TRUE FALSE FALSE FALSE  TRUE  TRUE  TRUE  TRUE  TRUE  TRUE  TRUE  TRUE
[589]  TRUE  TRUE  TRUE  TRUE  TRUE  TRUE  TRUE  TRUE  TRUE  TRUE FALSE FALSE  TRUE  TRUE FALSE  TRUE FALSE  TRUE FALSE  TRUE  TRUE
[610]  TRUE FALSE FALSE  TRUE  TRUE  TRUE  TRUE  TRUE  TRUE  TRUE  TRUE  TRUE FALSE  TRUE  TRUE  TRUE FALSE  TRUE  TRUE  TRUE FALSE
[631] FALSE  TRUE FALSE  TRUE FALSE FALSE  TRUE FALSE FALSE  TRUE  TRUE  TRUE  TRUE  TRUE  TRUE FALSE  TRUE FALSE FALSE  TRUE  TRUE
[652]  TRUE  TRUE  TRUE  TRUE  TRUE  TRUE  TRUE  TRUE  TRUE  TRUE  TRUE FALSE FALSE  TRUE  TRUE  TRUE  TRUE  TRUE  TRUE  TRUE  TRUE
[673]  TRUE  TRUE FALSE  TRUE  TRUE  TRUE  TRUE FALSE  TRUE  TRUE  TRUE FALSE  TRUE  TRUE  TRUE FALSE  TRUE  TRUE  TRUE  TRUE  TRUE
[694] FALSE  TRUE  TRUE  TRUE FALSE  TRUE  TRUE  TRUE  TRUE  TRUE  TRUE  TRUE  TRUE  TRUE  TRUE  TRUE FALSE  TRUE  TRUE  TRUE  TRUE
[715] FALSE FALSE  TRUE  TRUE  TRUE FALSE FALSE  TRUE  TRUE  TRUE  TRUE  TRUE  TRUE  TRUE FALSE  TRUE  TRUE FALSE  TRUE  TRUE  TRUE
[736] FALSE  TRUE  TRUE  TRUE  TRUE  TRUE  TRUE  TRUE  TRUE  TRUE  TRUE FALSE FALSE  TRUE  TRUE  TRUE  TRUE  TRUE  TRUE  TRUE  TRUE
[757]  TRUE  TRUE  TRUE  TRUE  TRUE  TRUE  TRUE  TRUE  TRUE FALSE  TRUE  TRUE  TRUE  TRUE FALSE  TRUE FALSE  TRUE  TRUE  TRUE  TRUE
[778] FALSE  TRUE  TRUE  TRUE  TRUE  TRUE FALSE  TRUE  TRUE  TRUE  TRUE  TRUE  TRUE  TRUE  TRUE FALSE  TRUE  TRUE  TRUE  TRUE  TRUE
[799] FALSE  TRUE  TRUE  TRUE  TRUE  TRUE  TRUE FALSE  TRUE  TRUE  TRUE  TRUE  TRUE  TRUE  TRUE  TRUE  TRUE  TRUE  TRUE  TRUE  TRUE
[820]  TRUE  TRUE  TRUE  TRUE  TRUE  TRUE FALSE  TRUE  TRUE  TRUE  TRUE  TRUE FALSE  TRUE  TRUE  TRUE  TRUE  TRUE  TRUE FALSE  TRUE
[841]  TRUE  TRUE  TRUE  TRUE  TRUE  TRUE FALSE  TRUE  TRUE  TRUE  TRUE FALSE  TRUE  TRUE  TRUE  TRUE  TRUE  TRUE  TRUE FALSE  TRUE
[862]  TRUE  TRUE  TRUE  TRUE FALSE  TRUE  TRUE  TRUE  TRUE FALSE  TRUE  TRUE  TRUE  TRUE  TRUE  TRUE  TRUE  TRUE  TRUE  TRUE  TRUE
[883]  TRUE  TRUE  TRUE

