
Birth-death simulation object with 830 species and 500 extant species

Details for some species:

Extinction times (NA means extant)
[1] 115.08965 133.82882 110.84820 122.27262  91.56701 107.52146


Speciation times 
[1] 136.6477 134.2627 133.7791 131.1842 118.4039 114.1158


Species parents (NA for initial)
[1] NA  1  1  1  3  3


Species status (extinct or extant)
[1] "extinct" "extinct" "extinct" "extinct" "extinct" "extinct"


For more details on vector y, try sim$y, with y one of
TE TS PAR EXTANT



$TE
  [1] 1.150896e+02 1.338288e+02 1.108482e+02 1.222726e+02 9.156701e+01 1.075215e+02 1.126336e+02
  [8] 1.120559e+02 9.393663e+01 8.408235e+01 8.105008e+01 7.225461e+01 8.210976e+01 8.018163e+01
 [15] 1.586803e+01 7.556237e+01 9.228165e+01 6.990477e+01 7.337779e+01 5.477940e+01 6.425686e+01
 [22] 2.987909e+01 3.481954e+01 1.406814e+01 2.879033e+01 1.151354e+01           NA 4.906684e+01
 [29] 4.228614e+01 6.835220e+01 4.260760e+00 3.232899e+01 4.415231e+01           NA 5.374736e+01
 [36] 5.136003e+01 6.006824e+01 6.337106e+01 1.312663e+01 5.471632e+01 4.623114e+01 4.238090e+01
 [43] 3.057832e+01           NA 4.081524e+01 1.778966e+01 4.381225e+01 1.477857e+01 4.014821e+01
 [50] 2.694729e+01           NA           NA 1.737947e+01 9.179295e+00           NA 1.005292e+01
 [57] 5.558439e+01 5.116398e+01           NA 2.297150e+01           NA 1.143979e+01           NA
 [64] 5.419868e+01 2.837427e+01 2.690337e+01           NA 4.070840e+01 2.248227e+00           NA
 [71] 2.133224e+00           NA           NA           NA           NA 4.302553e+01 5.104749e+01
 [78]           NA 1.588530e+01 3.199450e+01 1.921324e+01 5.264097e+01 1.478478e+01 4.774369e+01
 [85] 3.280715e+01 4.055724e+01 3.895939e+01 3.527249e+00           NA 2.366271e+01 1.826696e+01
 [92] 1.590618e+01 3.790051e+00 7.208579e+00 4.638973e+01 3.652707e+01 3.202163e+01 4.024585e+01
 [99] 2.192628e+01 1.484008e+01 2.289519e+01           NA           NA           NA 3.264439e+01
[106] 2.156510e+01 1.527700e+01           NA 2.062074e+01           NA 1.885475e+01 9.771101e+00
[113]           NA           NA           NA 4.149950e+01 5.961181e+00 3.787881e+01           NA
[120] 3.523490e+01 2.741600e+01           NA           NA 2.432145e+01 9.392755e+00           NA
[127] 2.870334e+01 1.169736e+01 7.967064e+00           NA 1.904508e+01 2.330392e+01 2.268334e+01
[134] 2.274624e+01           NA 4.784803e+00           NA 5.380990e+00 4.613974e+00 2.317857e+01
[141] 2.181448e+01 1.785354e+01           NA 6.685448e+00           NA 1.037174e+01 6.394848e+00
[148]           NA 2.384393e+01           NA           NA           NA 2.056483e+01           NA
[155]           NA 6.141666e+00 7.579902e+00 2.202924e+00 2.046956e+01 2.320121e+01           NA
[162] 1.813239e+01           NA 2.656087e+01 2.681463e+01           NA 8.828226e+00 1.996827e+01
[169]           NA 4.805217e+00 5.847189e+00           NA           NA 1.650747e+01           NA
[176]           NA 1.661540e+01           NA 1.262240e+01 1.343637e+01           NA           NA
[183]           NA           NA           NA 3.370260e+01 2.646853e+01 1.789562e+01           NA
[190] 1.530339e+01 1.466169e+01 2.688521e-01           NA           NA           NA 6.536096e+00
[197]           NA           NA 1.918976e+01 1.349883e+01 1.071080e+01 1.087132e+01 4.443014e+00
[204]           NA 1.981117e+01           NA 2.108094e+01 1.771544e+01 1.243143e+01 7.091038e+00
[211] 1.387508e+01           NA           NA           NA           NA 5.139071e+00 2.347165e+01
[218] 2.247377e+01 2.005734e+01 9.418905e+00           NA 1.810479e+01 1.036163e+01 1.185974e+01
[225]           NA 3.114892e+01           NA           NA 1.152030e+01 5.744015e+00           NA
[232] 2.614343e+01           NA 1.574750e+01 1.829604e+01 2.115611e+01           NA 2.701081e+01
[239] 1.318049e+01           NA 1.827460e+01           NA           NA 1.192088e+01           NA
[246]           NA 2.528833e+01 2.435779e+01           NA           NA           NA           NA
[253]           NA           NA 2.491399e+01           NA           NA 4.141773e-01           NA
[260] 7.293288e+00           NA 8.010710e+00           NA           NA           NA           NA
[267]           NA           NA           NA 1.897478e+01           NA           NA           NA
[274]           NA           NA 1.652266e+01 4.489467e+00 1.135657e+01           NA           NA
[281]           NA           NA 2.694986e+00           NA           NA           NA           NA
[288]           NA           NA 2.436729e+00           NA 1.558980e+01 5.278902e+00 1.723353e+01
[295] 2.790535e+00           NA           NA 2.439250e+01 7.477703e+00           NA           NA
[302]           NA           NA 1.441542e+01           NA 3.873983e+00           NA 2.145036e+01
[309] 8.055481e+00 1.084322e+01           NA           NA           NA 4.493193e+00 1.417185e+01
[316]           NA 9.926563e+00 1.733140e+01 1.123600e+01 1.382870e+01           NA           NA
[323] 9.299087e+00 8.572579e+00           NA 2.549935e+00           NA 9.033363e+00 8.352680e+00
[330]           NA 3.401546e+00           NA 1.813107e+01           NA           NA           NA
[337]           NA           NA           NA           NA           NA           NA 9.993890e+00
[344]           NA 5.841050e-01           NA 7.177529e+00           NA           NA 1.368482e+01
[351]           NA           NA           NA 1.805811e+01           NA 1.281514e+01           NA
[358]           NA           NA           NA           NA 8.591895e+00 1.150530e+01           NA
[365]           NA           NA 9.096713e+00           NA           NA           NA           NA
[372]           NA 9.337472e+00           NA           NA 2.140585e-01           NA           NA
[379] 2.161174e+01 1.113981e+01           NA           NA           NA           NA           NA
[386] 2.393891e+00           NA 1.163170e+00 1.410692e-01           NA 6.244833e+00           NA
[393]           NA           NA           NA 5.910850e+00           NA           NA 1.863922e-02
[400]           NA           NA 2.979220e+00 1.305221e+01           NA           NA           NA
[407]           NA           NA 1.861420e+01 1.025241e+01           NA 3.604584e+00           NA
[414] 1.482840e+00 7.108937e+00 1.173826e+01 6.064518e+00           NA           NA 1.518544e+01
[421] 7.117202e+00           NA 9.030128e+00 1.879958e+01           NA           NA 1.070039e+01
[428] 1.808324e+00           NA           NA           NA           NA 4.577382e-02 8.632813e+00
[435] 7.144076e-01           NA 5.999804e+00           NA 1.583507e+01 5.024868e+00           NA
[442]           NA           NA           NA           NA           NA 1.270590e+01 1.041356e+01
[449] 1.663650e+00           NA           NA           NA 9.452742e+00 1.273527e+01           NA
[456]           NA           NA           NA 3.576164e+00 3.527027e+00           NA           NA
[463]           NA           NA 6.834288e+00 7.345938e+00 1.390063e+00           NA           NA
[470]           NA 9.658521e+00           NA           NA           NA           NA 1.392117e+01
[477]           NA 7.287807e+00           NA           NA           NA           NA           NA
[484] 6.383709e-01 4.642971e+00           NA           NA           NA           NA 7.977370e-03
[491] 1.116899e+01           NA 4.143091e+00           NA           NA           NA 6.641279e+00
[498]           NA           NA 7.848519e-01           NA           NA           NA 9.198213e+00
[505]           NA           NA           NA           NA           NA 3.503005e+00 9.692347e+00
[512] 5.220546e+00           NA           NA           NA           NA           NA           NA
[519] 3.313521e+00           NA           NA           NA           NA 4.474586e+00 5.402040e-01
[526]           NA 8.664365e-01           NA           NA 5.101825e+00 1.032752e+01 3.446519e+00
[533]           NA           NA 3.994526e+00           NA           NA           NA           NA
[540] 1.014245e+01 2.553467e+00           NA           NA 1.230375e+01           NA           NA
[547] 3.436356e-01 1.431716e+00           NA 5.833986e+00           NA           NA           NA
[554]           NA 8.210385e+00           NA 7.009013e+00           NA           NA           NA
[561]           NA           NA           NA           NA           NA 8.176537e+00           NA
[568]           NA           NA           NA 6.784676e+00           NA 9.837394e-01           NA
[575]           NA           NA           NA 1.045366e+01           NA 7.510198e+00 4.688285e+00
[582]           NA           NA 9.360071e+00           NA 4.558681e+00           NA           NA
[589] 1.546972e+00           NA           NA           NA           NA           NA           NA
[596]           NA           NA           NA 4.317470e+00           NA           NA           NA
[603] 2.121326e+00           NA           NA 3.432250e+00           NA           NA           NA
[610]           NA           NA           NA 1.628868e+00           NA 5.927772e+00 9.446887e-01
[617]           NA           NA           NA 3.887152e+00           NA           NA           NA
[624]           NA           NA           NA           NA           NA 2.115817e+00           NA
[631]           NA           NA           NA           NA           NA           NA 6.417656e+00
[638] 2.050817e+00 7.128732e+00           NA           NA           NA           NA           NA
[645] 2.354450e+00           NA           NA           NA 5.706555e+00           NA           NA
[652] 3.781740e-01           NA           NA           NA           NA 6.529862e+00           NA
[659]           NA           NA           NA           NA 3.883349e+00           NA           NA
[666]           NA 1.053732e+00           NA           NA           NA           NA           NA
[673]           NA 1.406206e+00           NA           NA 3.155796e+00           NA           NA
[680]           NA           NA           NA           NA           NA           NA           NA
[687]           NA           NA           NA           NA           NA           NA           NA
[694] 3.379284e+00           NA 1.189632e+00           NA 5.482600e+00           NA           NA
[701]           NA           NA           NA           NA           NA           NA           NA
[708]           NA           NA 6.334433e+00 6.262961e+00 7.068274e+00           NA 5.167110e+00
[715]           NA           NA 1.246670e+00           NA           NA           NA           NA
[722]           NA           NA 2.017407e-01           NA           NA           NA           NA
[729]           NA 4.540488e+00           NA           NA           NA           NA 2.236140e-01
[736] 5.270788e+00           NA           NA           NA           NA           NA           NA
[743]           NA           NA           NA           NA           NA           NA           NA
[750]           NA 3.657814e+00           NA           NA           NA           NA 1.430006e+00
[757]           NA           NA           NA           NA           NA           NA           NA
[764]           NA           NA           NA           NA           NA           NA           NA
[771]           NA           NA           NA           NA           NA           NA           NA
[778] 2.170555e-02           NA           NA           NA           NA           NA           NA
[785]           NA           NA           NA           NA           NA           NA           NA
[792]           NA 1.386324e+00           NA           NA           NA           NA           NA
[799]           NA           NA           NA           NA           NA           NA           NA
[806]           NA           NA           NA           NA 6.919962e-01           NA           NA
[813]           NA           NA           NA           NA           NA           NA           NA
[820]           NA           NA           NA           NA           NA           NA           NA
[827]           NA           NA           NA 5.298702e-03

$TS
  [1] 1.366477e+02 1.342627e+02 1.337791e+02 1.311842e+02 1.184039e+02 1.141158e+02 1.271105e+02
  [8] 1.158468e+02 1.156803e+02 1.075603e+02 1.041438e+02 9.996727e+01 9.315910e+01 9.041006e+01
 [15] 8.150870e+01 8.111529e+01 9.671356e+01 9.317450e+01 7.446969e+01 7.394092e+01 7.132634e+01
 [22] 6.856445e+01 5.906461e+01 4.227704e+01 3.357530e+01 2.874670e+01 2.536313e+01 7.945343e+01
 [29] 7.885041e+01 7.199001e+01 6.661068e+01 4.974335e+01 5.551654e+01 5.810808e+01 5.798324e+01
 [36] 5.713963e+01 6.972175e+01 6.724408e+01 6.823729e+01 5.512373e+01 4.950196e+01 4.685857e+01
 [43] 4.666054e+01 4.459801e+01 4.121398e+01 3.954867e+01 5.763466e+01 5.563337e+01 5.386273e+01
 [50] 4.812039e+01 3.721859e+01 3.595765e+01 2.284378e+01 1.459395e+01 1.435929e+01 1.326433e+01
 [57] 6.369824e+01 5.273609e+01 3.325382e+01 2.310733e+01 1.478077e+01 1.178576e+01 8.720758e+00
 [64] 5.762376e+01 5.595755e+01 5.639785e+01 5.218727e+01 4.753120e+01 3.792594e+01 2.338311e+01
 [71] 1.368998e+01 1.166156e+01 3.372670e+00 1.616983e+00 5.091773e+01 4.590281e+01 5.509091e+01
 [78] 5.192671e+01 4.921190e+01 4.219209e+01 3.950868e+01 5.503731e+01 5.092158e+01 4.775378e+01
 [85] 4.541663e+01 4.383644e+01 3.929097e+01 3.999167e+01 2.557969e+01 2.549004e+01 2.548730e+01
 [92] 2.449460e+01 2.393001e+01 4.896519e+01 4.714738e+01 5.465439e+01 4.345392e+01 4.593802e+01
 [99] 3.806189e+01 2.899903e+01 2.678626e+01 1.150748e+01 1.009588e+01 4.586479e+01 4.401590e+01
[106] 3.705678e+01 2.132331e+01 4.526138e+00 2.586861e+01 1.765530e+01 4.175571e+01 3.890051e+01
[113] 1.513203e+01 9.709954e+00 8.806155e+00 4.294181e+01 4.069331e+01 3.789850e+01 2.967279e+01
[120] 4.249825e+01 3.467746e+01 2.270651e+01 2.128872e+01 3.096490e+01 2.927634e+01 2.699995e+01
[127] 4.299284e+01 4.128932e+01 3.946667e+01 3.846267e+01 2.974552e+01 2.897888e+01 2.773628e+01
[134] 2.511048e+01 3.910428e+01 2.193072e+01 7.009614e+00 6.282187e+00 4.124530e+01 3.168030e+01
[141] 2.698889e+01 3.880844e+01 3.649545e+01 3.821350e+01 4.068853e+01 3.237295e+01 2.972471e+01
[148] 1.798216e+01 3.119111e+01 1.187761e+01 6.368247e+00 3.580991e+01 3.149478e+01 3.097217e+01
[155] 1.082318e+01 7.514583e+00 3.893686e+01 1.081265e+01 3.079556e+01 2.880257e+01 2.310193e+01
[162] 3.108609e+01 2.919692e+01 2.677049e+01 3.300483e+01 1.933148e+01 1.369775e+01 3.739835e+01
[169] 2.574220e+01 1.823375e+01 8.581726e+00 8.004455e+00 2.785414e+01 2.413711e+01 1.859269e+01
[176] 1.154708e+01 3.725598e+01 3.566837e+01 2.821761e+01 2.356009e+01 2.188156e+01 3.602594e+01
[183] 2.100997e+01 9.849680e+00 8.538875e+00 3.505436e+01 3.471485e+01 3.231752e+01 8.171945e+00
[190] 3.242384e+01 2.457279e+01 1.009747e+01 8.128663e+00 2.586978e+01 2.371240e+01 2.162427e+01
[197] 1.302814e+01 9.010279e+00 3.385746e+01 2.631989e+01 2.388230e+01 3.210547e+01 1.344268e+01
[204] 4.514827e+00 3.279133e+01 1.204624e+01 2.577927e+01 2.008565e+01 1.927693e+01 1.799593e+01
[211] 1.635400e+01 2.959331e+00 1.787892e+01 1.042229e+01 3.985693e+00 2.925969e+01 2.847139e+01
[218] 2.791945e+01 2.586599e+01 1.742638e+01 1.344054e+01 2.026918e+01 2.801755e+01 1.850317e+01
[225] 1.563493e+01 3.143986e+01 2.222680e+01 1.995237e+01 1.975781e+01 2.972094e+01 3.011584e+01
[232] 2.820790e+01 2.756138e+01 2.586360e+01 2.113512e+01 2.603462e+01 2.427742e+01 3.072921e+01
[239] 2.013032e+01 2.890756e+01 2.692227e+01 2.563386e+01 2.366407e+01 1.695959e+01 6.140259e+00
[246] 3.043344e+00 3.054833e+01 2.659976e+01 2.001380e+01 1.053257e+01 9.530739e+00 9.443360e+00
[253] 1.941618e+01 2.739160e+01 2.936267e+01 2.461591e+01 1.616630e+01 1.205529e+01 2.669025e+01
[260] 2.422806e+01 9.930572e+00 8.939597e+00 6.972096e-01 3.476453e-02 2.497851e+01 2.304157e+01
[267] 1.512531e+01 8.141107e+00 2.195204e+00 2.675040e+01 1.874896e+01 1.236303e+01 8.903786e-01
[274] 2.780752e+01 2.705478e+01 1.921866e+01 1.228461e+01 1.698855e+01 9.739336e+00 2.743908e+01
[281] 2.729557e+01 1.588982e+01 1.146345e+01 1.007177e+00 4.039923e+00 1.811408e+01 6.822943e+00
[288] 5.509706e+00 1.186156e+01 6.685903e+00 4.680559e+00 2.578525e+01 2.381675e+01 2.473025e+01
[295] 1.880335e+01 7.717696e+00 5.656859e+00 2.601844e+01 2.152031e+01 2.344279e+01 1.794748e+01
[302] 1.380302e+01 1.035204e+00 1.889826e+01 1.767740e+01 2.336520e+01 2.331117e+01 2.165691e+01
[309] 1.790596e+01 1.636617e+01 1.229109e+01 6.723192e+00 3.412694e+00 1.327922e+01 2.046165e+01
[316] 3.176090e+00 2.433132e+01 1.931179e+01 1.472678e+01 1.435698e+01 2.470766e+00 2.076300e+01
[323] 1.342911e+01 2.380434e+01 2.340147e+01 2.280545e+01 2.231357e+01 1.546402e+01 8.584662e+00
[330] 4.206116e+00 2.295107e+01 1.831198e+01 1.845185e+01 2.000826e+01 1.082570e+01 4.665044e+00
[337] 2.387387e+01 2.365609e+01 2.050858e+01 1.655964e+01 1.206514e+01 1.907141e+01 1.439766e+01
[344] 1.237181e+01 1.122195e+01 9.273666e+00 7.386134e+00 2.223450e+01 1.859746e+01 1.446435e+01
[351] 9.038101e+00 2.271305e+01 9.215459e+00 2.345671e+01 2.188658e+01 2.118434e+01 1.806398e+01
[358] 1.483917e+01 1.579248e+01 1.567173e+01 1.351123e+01 1.226499e+01 1.189116e+01 1.106641e+01
[365] 9.680151e+00 1.524931e+00 2.090600e+01 1.999392e+01 1.444849e+01 1.441017e+01 4.927612e+00
[372] 7.680523e+00 1.396956e+01 9.674242e+00 1.533171e+01 9.364863e+00 5.935025e+00 5.626984e+00
[379] 2.214000e+01 1.217184e+01 1.090476e+01 8.605729e+00 7.200402e+00 1.719155e+00 2.074507e+01
[386] 2.016971e+01 1.820431e+01 6.148190e+00 1.467387e+01 1.911891e+01 1.584852e+01 1.476059e+01
[393] 9.048775e+00 5.415054e+00 1.040767e+01 1.037756e+01 2.133869e+01 1.610520e+01 4.396460e+00
[400] 1.937793e+01 6.604752e+00 5.733915e+00 1.803650e+01 9.989316e+00 1.264580e+00 1.302349e+01
[407] 1.171157e+01 6.448676e+00 2.144526e+01 1.961908e+01 1.562352e+01 4.439823e+00 1.369677e+00
[414] 1.228321e+01 1.714933e+01 1.316112e+01 2.090836e+01 1.317314e+01 1.348581e+00 2.003370e+01
[421] 9.452634e+00 6.786671e+00 1.295353e+01 1.966816e+01 5.911168e+00 7.181560e-01 1.867593e+01
[428] 1.092695e+01 8.980235e+00 8.524927e+00 4.504718e+00 1.844700e+01 1.613549e+01 1.372771e+01
[435] 1.144042e+01 1.067730e+01 1.830245e+01 1.960886e+01 1.762152e+01 5.332865e+00 1.955255e+00
[442] 9.680241e+00 4.435646e+00 9.957149e+00 6.393681e-01 1.535261e+01 1.531377e+01 1.503127e+01
[449] 1.783923e+00 1.597137e+01 1.377197e+01 1.797329e+00 1.414988e+01 1.794518e+01 5.982191e+00
[456] 5.863058e+00 4.527881e+00 1.796701e+01 8.940190e+00 6.421296e+00 1.797624e+01 1.216121e+01
[463] 3.026166e+00 8.410563e+00 1.519997e+01 8.793700e+00 7.884909e+00 5.293173e+00 1.389596e+01
[470] 6.452535e+00 1.306067e+01 1.054961e+01 1.430378e+00 1.677780e+01 1.383013e+01 1.751420e+01
[477] 1.651999e+01 1.151253e+01 5.797036e+00 5.106518e+00 4.741825e+00 1.492924e+01 1.349313e+00
[484] 8.548757e+00 6.975645e+00 6.712242e+00 1.668097e+01 1.555883e+01 1.141491e+01 1.125906e+01
[491] 1.267379e+01 4.367149e+00 1.782969e+01 1.582180e+01 1.544072e+01 1.757973e+01 1.548141e+01
[498] 1.106248e+01 1.506121e+00 1.217031e+01 5.270575e+00 8.723198e-01 1.183306e+01 1.141305e+01
[505] 1.613582e+01 7.259344e+00 8.994752e-01 7.175189e+00 1.874772e+00 1.398411e+01 1.619676e+01
[512] 9.953966e+00 1.400434e+01 1.360778e+01 9.919106e+00 3.964846e+00 2.724502e+00 1.538805e+00
[519] 6.717081e+00 1.060075e+01 1.238522e+01 2.731635e+00 8.379945e-01 1.016786e+01 2.435727e+00
[526] 4.169592e+00 8.674258e+00 5.302516e+00 6.725262e-01 1.163703e+01 1.093211e+01 7.801790e+00
[533] 6.696575e+00 9.870776e+00 9.211389e+00 1.208412e+01 1.009077e+01 9.892827e+00 7.707283e-01
[540] 1.016113e+01 5.880273e+00 2.484846e+00 1.073024e+00 1.256512e+01 9.577959e+00 1.717069e+00
[547] 1.508833e+01 9.169611e+00 9.443541e+00 1.145015e+01 1.361465e+01 6.051712e+00 4.996337e+00
[554] 4.177207e+00 1.277646e+01 3.408022e+00 1.265410e+01 7.561397e+00 2.265083e+00 1.334598e+01
[561] 1.195655e+01 5.949758e+00 1.167527e+01 7.022944e+00 3.544454e+00 1.275471e+01 5.273642e+00
[568] 1.113920e+01 1.108796e+01 1.153228e+01 8.797818e+00 9.049241e+00 5.633855e+00 3.910110e+00
[575] 9.117111e+00 1.283139e+01 1.249234e+01 1.170564e+01 8.269406e+00 1.226022e+01 7.204898e+00
[582] 6.088310e+00 1.965107e+00 9.405297e+00 6.546274e+00 9.163714e+00 7.922303e+00 5.170595e+00
[589] 9.432458e+00 7.938885e+00 1.797851e+00 7.671459e+00 4.593502e-01 1.145789e+01 9.646542e+00
[596] 4.253658e+00 4.417423e+00 8.661060e+00 1.031486e+01 5.203901e+00 1.141791e+01 6.258321e+00
[603] 4.882747e+00 4.500450e+00 1.064753e+01 7.785223e+00 7.029226e+00 6.368256e+00 1.071122e+01
[610] 7.912654e+00 6.776555e+00 5.608373e+00 1.011970e+01 1.043845e+01 9.952368e+00 5.087206e+00
[617] 5.944486e+00 9.843159e+00 8.455132e+00 1.094140e+01 8.357985e+00 5.283041e-01 8.020083e+00
[624] 7.893675e+00 2.462906e+00 1.070444e+01 5.621906e+00 6.888208e+00 6.736983e+00 7.826639e+00
[631] 4.555151e+00 3.757318e+00 3.917136e+00 6.656396e+00 2.401572e+00 1.050688e+01 7.753699e+00
[638] 1.071236e+01 1.061369e+01 5.352804e-01 9.415379e+00 9.211822e+00 8.193357e+00 7.693398e+00
[645] 7.418787e+00 6.789392e+00 1.582887e+00 7.005506e+00 9.584012e+00 5.409985e+00 8.522103e+00
[652] 4.793019e+00 4.763073e+00 3.805633e+00 6.396251e+00 2.491968e+00 8.381030e+00 7.752462e+00
[659] 2.757123e-01 7.635561e+00 6.097338e+00 4.858266e+00 6.064804e+00 6.492087e-01 1.429797e+00
[666] 7.453558e+00 4.987283e+00 2.037664e+00 3.064046e+00 9.551451e+00 9.773360e-01 2.918251e+00
[673] 8.403044e+00 3.338762e+00 8.918333e+00 1.842774e+00 9.090089e+00 5.148779e+00 1.594907e+00
[680] 5.164323e+00 4.816254e+00 6.206447e+00 8.629318e+00 8.306732e+00 7.473235e+00 3.718310e+00
[687] 1.288372e+00 6.982820e+00 3.930882e+00 3.763881e-01 7.853561e+00 4.625571e+00 6.463889e+00
[694] 5.611206e+00 5.492666e+00 5.555245e+00 1.438208e+00 6.285936e+00 1.007327e+00 5.758137e+00
[701] 1.521832e+00 7.953125e+00 3.811263e+00 4.588972e+00 1.215090e+00 5.922529e+00 7.001225e+00
[708] 1.889539e+00 2.113781e+00 6.818628e+00 7.635911e+00 7.496708e+00 6.360781e+00 5.940728e+00
[715] 1.882858e+00 2.467256e+00 7.435971e+00 5.834522e+00 7.786271e+00 5.695463e+00 6.674972e+00
[722] 5.787781e+00 3.502183e+00 6.126646e+00 1.265627e+00 5.885726e-01 5.968090e-01 3.742709e+00
[729] 2.767382e+00 5.821710e+00 1.709497e+00 3.577502e+00 6.458104e+00 5.191250e+00 4.411073e+00
[736] 5.855241e+00 1.195866e+00 1.210275e+00 4.422762e+00 4.517629e+00 4.041369e+00 3.075016e+00
[743] 3.462401e+00 6.227382e+00 2.727641e+00 4.076379e+00 2.036638e+00 1.911730e+00 1.707413e+00
[750] 5.915706e+00 6.351672e+00 1.501939e+00 4.927011e+00 2.603826e+00 4.599307e+00 2.706084e+00
[757] 1.935554e+00 2.052155e+00 5.869653e-02 1.673950e+00 5.442450e+00 1.015558e+00 5.424604e+00
[764] 8.791445e-02 1.935268e+00 1.754846e+00 1.489657e+00 2.396960e+00 4.511288e+00 2.898054e+00
[771] 2.575470e+00 3.095630e+00 3.881843e+00 2.426190e+00 1.206520e+00 1.709797e+00 3.642857e+00
[778] 1.770133e+00 3.964927e+00 1.258014e+00 1.663163e-01 4.836625e-01 3.888161e-01 5.792541e-01
[785] 3.416466e+00 1.630330e+00 3.231732e+00 2.062905e+00 3.980638e+00 3.429467e+00 1.364579e+00
[792] 1.882738e+00 3.535429e+00 2.486426e+00 1.943191e+00 1.668604e+00 1.427722e-01 1.880471e+00
[799] 3.030817e+00 1.613483e+00 2.300073e+00 2.986404e+00 1.721626e+00 2.596994e+00 1.950729e+00
[806] 2.887267e+00 1.065646e+00 1.409207e-01 2.442865e+00 2.438975e+00 7.057222e-01 3.675200e-02
[813] 1.301072e+00 1.663238e+00 1.439492e+00 1.932214e+00 7.023056e-03 1.165834e+00 6.209895e-01
[820] 4.241661e-02 1.070901e+00 1.823689e+00 1.752807e+00 1.796982e-01 1.217879e+00 9.447079e-01
[827] 7.401152e-01 6.436168e-01 4.189782e-02 2.997354e-01

$PAR
  [1]  NA   1   1   1   3   3   4   7   7   5   5  10  11  11  11  11  12  17  18  18  18  15  15
 [24]  15  15  15  15  16  16  28  28  28  29  20  20  20  30  21  22  22  22  22  22  22  22  22
 [47]  39  39  39  39  39  39  39  39  39  39  38  31  31  31  31  31  31  57  57  23  34  34  34
 [70]  34  34  34  34  34  47  47  64  66  66  66  66  65  65  65  65  65  65  48  48  48  48  48
 [93]  48  33  33  77  49  67  67  67  67  67  67  78  78  78  78  78  83  83  75  75  75  75  75
[116]  32  79  79  79  94  94  94  94  50  50  50  43  98 104 104 104 104 104 104  85  44  44  44
[139] 127 127  24  80  80 111 128 128 128 128 139 139 117 145 145 145 145 145  88  88  46  46  46
[162]  81  81  81 129 129 129 135 135 135 135 157 112 112 112 112 142 142 142 142 142 130 130 130
[185] 130 144 144 144 144  69  69  69  69 177 177  51  51  51 106 106 106 143 143 143 182  52 152
[208] 152 152 152 152 152 178 178 178 121 121 121  59  59  59 205 190 190 190 188 188 188 188 202
[231] 140 140 153 153 153 149 149 162 162 154 154 154 154 154 154 154 159 159 231 231 231 231 131
[254] 147 230 230 230 230 119 119 119 119 119 119 125 125 216 163 163 240 240 240 240 217 218 173
[277] 173 274 274 233 233 233 233 280 254 281 281 281 275 126 126 141 101 259 259 259 259 248 200
[300] 194 194 194 194 234 234 292 169 169 169 169 169 169 169 242  89  89  27  27  27  27  27 265
[323] 265 294 294 294 256 256 256 256 191  92 237  93  93  93 201 201 201 201 201 337 337 337 337
[346] 337 337 293 293 293 293 324 324 195 195 195 195 195 243 243 243 243 338 338 338 338 180 300
[369] 300 300 300 325  70  70 306 307 307 307 161 161 161 161 161 161 266 266 266 266 326 352 352
[392] 352 352 352 122 122 348 348 348 136 136 136 355 355 355 181 181 181 299 299 397 397 397 123
[415] 356 356 183 183 183 417 417 417 367 322 322 322 339 339 339 339 339 222 386 386 386 386 239
[438] 208 420 249 249 334 334 228 228 229 410 438 438 253 253 166 209 276 390 390 390 342 342 342
[461] 304 295 295 271 427 349 349 349 175 175 432 332 332 437 437 170 170 170 170 170 387 286 286
[484] 357 357 357 403 461 461 461 458 458 454 454 454 309 309 213 213 493 493 305 110 110 244 487
[507] 487 340 340 477 211 511 257 257 257 257 257 257 505 433 398 398 398 450 450 282 391 359 225
[530] 411 411 411 411 488 488 497 497 495 495 446 446 446 446 375 375 375 447 465 113 267 482 358
[553] 358 358  61  61  54 370 370 343 343  55 453 513 513 510 510 373 373 475 475 451 451 451 167
[576]  71  71 514 514 361 560 560 560 314 314 418 197 197 406 406 406 576 576 491 557 521 344 272
[599] 311 311 277 277 277 277 414 414 414 414 580 500 500 500 258 150 503 503 407  72  72 530 176
[622] 570 478 478 102 435 601 489 489 490 345 345 568 569 364 498 620 428 381 335 155 155 155 155
[645] 155 155 155 158 626 626 436 436 472 250 614 614 214 214 192 537 537 537 404 404 444 512 261
[668] 515 538 184 618 114 442 442 365 595 649 545 670 251 251 252 641 376 642 642 642 535 548 575
[691] 677 677 572 572 393 351 351 429 675 115 115  63 598 683 683 382 657 621 684 189 268 193 193
[714] 193 193 172 590 587 467 467 532 606 296 660 558 558 685 717 645 581 383 508 648 628 422 312
[737] 312 721 401 585 585 585 693 733 733 470 470 470 655 151 713 682 388 388 552 706 706 425 425
[760] 456 479 722 297 297 627 627 627 763 650 650 528 501 680 680 616 681 653 291 692 692 755 631
[783] 108 204 431 431 604 604 443 735 596 741 215 215 516 632 686 732 790 790 785 674 772 742 799
[806] 463 806 806 745 756 804 794 801 583 441 795 757 765 816 816 715 798 766 814 752 473 483 780
[829] 705 819

$EXTANT
  [1] FALSE FALSE FALSE FALSE FALSE FALSE FALSE FALSE FALSE FALSE FALSE FALSE FALSE FALSE FALSE
 [16] FALSE FALSE FALSE FALSE FALSE FALSE FALSE FALSE FALSE FALSE FALSE  TRUE FALSE FALSE FALSE
 [31] FALSE FALSE FALSE  TRUE FALSE FALSE FALSE FALSE FALSE FALSE FALSE FALSE FALSE  TRUE FALSE
 [46] FALSE FALSE FALSE FALSE FALSE  TRUE  TRUE FALSE FALSE  TRUE FALSE FALSE FALSE  TRUE FALSE
 [61]  TRUE FALSE  TRUE FALSE FALSE FALSE  TRUE FALSE FALSE  TRUE FALSE  TRUE  TRUE  TRUE  TRUE
 [76] FALSE FALSE  TRUE FALSE FALSE FALSE FALSE FALSE FALSE FALSE FALSE FALSE FALSE  TRUE FALSE
 [91] FALSE FALSE FALSE FALSE FALSE FALSE FALSE FALSE FALSE FALSE FALSE  TRUE  TRUE  TRUE FALSE
[106] FALSE FALSE  TRUE FALSE  TRUE FALSE FALSE  TRUE  TRUE  TRUE FALSE FALSE FALSE  TRUE FALSE
[121] FALSE  TRUE  TRUE FALSE FALSE  TRUE FALSE FALSE FALSE  TRUE FALSE FALSE FALSE FALSE  TRUE
[136] FALSE  TRUE FALSE FALSE FALSE FALSE FALSE  TRUE FALSE  TRUE FALSE FALSE  TRUE FALSE  TRUE
[151]  TRUE  TRUE FALSE  TRUE  TRUE FALSE FALSE FALSE FALSE FALSE  TRUE FALSE  TRUE FALSE FALSE
[166]  TRUE FALSE FALSE  TRUE FALSE FALSE  TRUE  TRUE FALSE  TRUE  TRUE FALSE  TRUE FALSE FALSE
[181]  TRUE  TRUE  TRUE  TRUE  TRUE FALSE FALSE FALSE  TRUE FALSE FALSE FALSE  TRUE  TRUE  TRUE
[196] FALSE  TRUE  TRUE FALSE FALSE FALSE FALSE FALSE  TRUE FALSE  TRUE FALSE FALSE FALSE FALSE
[211] FALSE  TRUE  TRUE  TRUE  TRUE FALSE FALSE FALSE FALSE FALSE  TRUE FALSE FALSE FALSE  TRUE
[226] FALSE  TRUE  TRUE FALSE FALSE  TRUE FALSE  TRUE FALSE FALSE FALSE  TRUE FALSE FALSE  TRUE
[241] FALSE  TRUE  TRUE FALSE  TRUE  TRUE FALSE FALSE  TRUE  TRUE  TRUE  TRUE  TRUE  TRUE FALSE
[256]  TRUE  TRUE FALSE  TRUE FALSE  TRUE FALSE  TRUE  TRUE  TRUE  TRUE  TRUE  TRUE  TRUE FALSE
[271]  TRUE  TRUE  TRUE  TRUE  TRUE FALSE FALSE FALSE  TRUE  TRUE  TRUE  TRUE FALSE  TRUE  TRUE
[286]  TRUE  TRUE  TRUE  TRUE FALSE  TRUE FALSE FALSE FALSE FALSE  TRUE  TRUE FALSE FALSE  TRUE
[301]  TRUE  TRUE  TRUE FALSE  TRUE FALSE  TRUE FALSE FALSE FALSE  TRUE  TRUE  TRUE FALSE FALSE
[316]  TRUE FALSE FALSE FALSE FALSE  TRUE  TRUE FALSE FALSE  TRUE FALSE  TRUE FALSE FALSE  TRUE
[331] FALSE  TRUE FALSE  TRUE  TRUE  TRUE  TRUE  TRUE  TRUE  TRUE  TRUE  TRUE FALSE  TRUE FALSE
[346]  TRUE FALSE  TRUE  TRUE FALSE  TRUE  TRUE  TRUE FALSE  TRUE FALSE  TRUE  TRUE  TRUE  TRUE
[361]  TRUE FALSE FALSE  TRUE  TRUE  TRUE FALSE  TRUE  TRUE  TRUE  TRUE  TRUE FALSE  TRUE  TRUE
[376] FALSE  TRUE  TRUE FALSE FALSE  TRUE  TRUE  TRUE  TRUE  TRUE FALSE  TRUE FALSE FALSE  TRUE
[391] FALSE  TRUE  TRUE  TRUE  TRUE FALSE  TRUE  TRUE FALSE  TRUE  TRUE FALSE FALSE  TRUE  TRUE
[406]  TRUE  TRUE  TRUE FALSE FALSE  TRUE FALSE  TRUE FALSE FALSE FALSE FALSE  TRUE  TRUE FALSE
[421] FALSE  TRUE FALSE FALSE  TRUE  TRUE FALSE FALSE  TRUE  TRUE  TRUE  TRUE FALSE FALSE FALSE
[436]  TRUE FALSE  TRUE FALSE FALSE  TRUE  TRUE  TRUE  TRUE  TRUE  TRUE FALSE FALSE FALSE  TRUE
[451]  TRUE  TRUE FALSE FALSE  TRUE  TRUE  TRUE  TRUE FALSE FALSE  TRUE  TRUE  TRUE  TRUE FALSE
[466] FALSE FALSE  TRUE  TRUE  TRUE FALSE  TRUE  TRUE  TRUE  TRUE FALSE  TRUE FALSE  TRUE  TRUE
[481]  TRUE  TRUE  TRUE FALSE FALSE  TRUE  TRUE  TRUE  TRUE FALSE FALSE  TRUE FALSE  TRUE  TRUE
[496]  TRUE FALSE  TRUE  TRUE FALSE  TRUE  TRUE  TRUE FALSE  TRUE  TRUE  TRUE  TRUE  TRUE FALSE
[511] FALSE FALSE  TRUE  TRUE  TRUE  TRUE  TRUE  TRUE FALSE  TRUE  TRUE  TRUE  TRUE FALSE FALSE
[526]  TRUE FALSE  TRUE  TRUE FALSE FALSE FALSE  TRUE  TRUE FALSE  TRUE  TRUE  TRUE  TRUE FALSE
[541] FALSE  TRUE  TRUE FALSE  TRUE  TRUE FALSE FALSE  TRUE FALSE  TRUE  TRUE  TRUE  TRUE FALSE
[556]  TRUE FALSE  TRUE  TRUE  TRUE  TRUE  TRUE  TRUE  TRUE  TRUE FALSE  TRUE  TRUE  TRUE  TRUE
[571] FALSE  TRUE FALSE  TRUE  TRUE  TRUE  TRUE FALSE  TRUE FALSE FALSE  TRUE  TRUE FALSE  TRUE
[586] FALSE  TRUE  TRUE FALSE  TRUE  TRUE  TRUE  TRUE  TRUE  TRUE  TRUE  TRUE  TRUE FALSE  TRUE
[601]  TRUE  TRUE FALSE  TRUE  TRUE FALSE  TRUE  TRUE  TRUE  TRUE  TRUE  TRUE FALSE  TRUE FALSE
[616] FALSE  TRUE  TRUE  TRUE FALSE  TRUE  TRUE  TRUE  TRUE  TRUE  TRUE  TRUE  TRUE FALSE  TRUE
[631]  TRUE  TRUE  TRUE  TRUE  TRUE  TRUE FALSE FALSE FALSE  TRUE  TRUE  TRUE  TRUE  TRUE FALSE
[646]  TRUE  TRUE  TRUE FALSE  TRUE  TRUE FALSE  TRUE  TRUE  TRUE  TRUE FALSE  TRUE  TRUE  TRUE
[661]  TRUE  TRUE FALSE  TRUE  TRUE  TRUE FALSE  TRUE  TRUE  TRUE  TRUE  TRUE  TRUE FALSE  TRUE
[676]  TRUE FALSE  TRUE  TRUE  TRUE  TRUE  TRUE  TRUE  TRUE  TRUE  TRUE  TRUE  TRUE  TRUE  TRUE
[691]  TRUE  TRUE  TRUE FALSE  TRUE FALSE  TRUE FALSE  TRUE  TRUE  TRUE  TRUE  TRUE  TRUE  TRUE
[706]  TRUE  TRUE  TRUE  TRUE FALSE FALSE FALSE  TRUE FALSE  TRUE  TRUE FALSE  TRUE  TRUE  TRUE
[721]  TRUE  TRUE  TRUE FALSE  TRUE  TRUE  TRUE  TRUE  TRUE FALSE  TRUE  TRUE  TRUE  TRUE FALSE
[736] FALSE  TRUE  TRUE  TRUE  TRUE  TRUE  TRUE  TRUE  TRUE  TRUE  TRUE  TRUE  TRUE  TRUE  TRUE
[751] FALSE  TRUE  TRUE  TRUE  TRUE FALSE  TRUE  TRUE  TRUE  TRUE  TRUE  TRUE  TRUE  TRUE  TRUE
[766]  TRUE  TRUE  TRUE  TRUE  TRUE  TRUE  TRUE  TRUE  TRUE  TRUE  TRUE  TRUE FALSE  TRUE  TRUE
[781]  TRUE  TRUE  TRUE  TRUE  TRUE  TRUE  TRUE  TRUE  TRUE  TRUE  TRUE  TRUE FALSE  TRUE  TRUE
[796]  TRUE  TRUE  TRUE  TRUE  TRUE  TRUE  TRUE  TRUE  TRUE  TRUE  TRUE  TRUE  TRUE  TRUE FALSE
[811]  TRUE  TRUE  TRUE  TRUE  TRUE  TRUE  TRUE  TRUE  TRUE  TRUE  TRUE  TRUE  TRUE  TRUE  TRUE
[826]  TRUE  TRUE  TRUE  TRUE FALSE

