
Birth-death simulation object with 910 species and 500 extant species

Details for some species:

Extinction times (NA means extant)
[1] 162.13277 132.90305 130.45564 144.24826 130.69914  76.28556


Speciation times 
[1] 195.6814 192.1574 148.2558 144.3237 133.1433 138.8169


Species parents (NA for initial)
[1] NA  1  2  2  2  3


Species status (extinct or extant)
[1] "extinct" "extinct" "extinct" "extinct" "extinct" "extinct"


For more details on vector y, try sim$y, with y one of
TE TS PAR EXTANT



$TE
  [1] 162.13277252 132.90304985 130.45563759 144.24825690 130.69914185  76.28556367  90.51644756 111.01815635 104.94400283  95.84573619
 [11]  87.64740569  87.24572718  31.83340748  75.28188833  45.18774181  60.28322439 100.35527511  98.19871685  95.16543217  87.10972547
 [21]  42.60724398  48.95643483  52.17890403  57.09632327  82.25705544  78.02184477  47.53237346  62.11739834  83.65547481  82.62284706
 [31]  88.38033824  82.75906794  59.15914958  45.39477687  53.34197100  31.34243901  43.26780677  61.91140784  46.58119614  56.15144718
 [41]  55.77120882  38.25011041  30.18082888  67.14986636  52.06680663  47.87184260  25.46508392           NA   2.09533164  65.16004134
 [51]  54.81103791  55.26740358           NA           NA   5.95843539  48.31699605  52.51415978  54.34956859           NA  27.36436247
 [61]  42.60457911  18.23632704  43.17346886  43.79809833  62.42614080           NA  60.16129613  43.30265656  22.49498323   5.85558714
 [71]  30.27595325  52.19726639  64.08797936  13.89648517  34.35033043   7.26580205   5.90972505  57.32528704   7.23358404           NA
 [81]  12.09573244  35.38669815           NA           NA  30.50177673  52.68685481  46.49207651           NA  60.09101242  21.16145530
 [91]  59.04702783  36.49412822  53.36684814           NA  26.72858613  12.37839599           NA  32.96544939   1.17032549  19.75595029
[101]           NA           NA  42.03163052  34.84903374  35.74399288  39.64140232           NA  26.33826343  11.84733207           NA
[111]  46.50205114  27.02522545  47.36076693  21.76205809  34.65985796   8.43866345  34.18427688  43.75207765  25.18299795  20.51494740
[121]  39.70129239   3.62595792           NA   7.40837874   7.04189222           NA  35.68314588           NA  38.88338703           NA
[131]  24.55253896  45.79817559  12.41530407  20.07159584  37.12709986  27.31992893  41.08702843  32.50311743  39.68397422  43.97292127
[141]           NA  19.85407589   0.30389738  40.76301629  14.26339596  12.80935020           NA  10.80587055  26.98681965  33.05603667
[151]  36.19451104   7.13354116  36.77742414  32.98408828  33.57120328  46.28567380           NA           NA  24.64691156  24.32574413
[161]  14.64324924  33.59636196  23.01743362   1.90833988   2.69810791  17.75331226   4.68297212           NA           NA           NA
[171]           NA  17.50282286  39.75445444           NA  17.09694288           NA  26.95444309  19.08856816  34.51804915  34.18916065
[181]  34.21917990           NA           NA   2.23872521  12.77028755           NA           NA  24.28021977           NA           NA
[191]  28.55600307  24.25081002  15.50696800           NA  31.31352048  22.97632907  17.89159185           NA  16.74874243           NA
[201]   9.30200171  19.02718773           NA           NA  31.37691157  11.35775569           NA           NA           NA           NA
[211]   0.11479092   9.84662721  15.47505333   6.10992952  26.32440089  23.75216200   1.27563400  25.78790411  18.96877088  37.64411940
[221]  34.20435822  29.31188741           NA  16.08057650           NA  15.76000597   1.61220059  11.49976269  16.83736381  14.01472175
[231]  12.95545668           NA           NA  29.75832721  10.42725694  14.90838239   3.82016553           NA           NA           NA
[241]           NA           NA           NA   7.03606376  28.28331005           NA  16.08275754           NA           NA  35.76196441
[251]           NA   3.52439065  16.88281877           NA  12.80671293  36.17236240  15.22410989           NA           NA           NA
[261]           NA  14.60917393           NA  13.75689989           NA   6.45540128   9.19146057           NA  17.45676282  32.51058836
[271]           NA  32.33739202   8.97144960  16.53341892   9.43316521           NA  27.14729544           NA  28.71144879           NA
[281]           NA  19.41768499   9.06851214  23.52670297  17.78510417  27.87644353           NA   4.89031150  24.09708058   5.75107130
[291]           NA           NA           NA           NA           NA   2.24381284  17.20307281           NA           NA           NA
[301]  15.60378313  15.37578717           NA   8.23444702   0.28007022  17.43889400  16.87688751   5.50138125           NA  16.83123602
[311]  14.05085189  14.34624020           NA  20.11184100  17.46763872           NA   6.17502187   6.78433487           NA   2.09366104
[321]           NA  12.66365796  10.78252907  28.75289837  11.98686352  14.86576708           NA           NA           NA           NA
[331]           NA           NA           NA           NA           NA  26.80961208           NA  15.38173249           NA           NA
[341]           NA  10.62359840           NA           NA           NA   9.04992255           NA           NA   8.55753525  23.56768387
[351]  13.97094735           NA           NA           NA   4.74690940           NA           NA   3.67030022           NA  16.66884401
[361]           NA           NA           NA   0.63373146           NA   8.25472372   1.18193399           NA           NA  20.20831377
[371]           NA  21.77487479  15.51305954           NA           NA           NA   2.16964479           NA           NA           NA
[381]           NA   2.97319294   5.18802799   5.63095458   4.77413747  15.89814959  10.30862918           NA           NA           NA
[391]           NA           NA           NA  18.01878491  11.94755148           NA   0.47613884   5.78331548  10.61788023  12.06963701
[401]   8.88549595           NA   6.05519827  18.18917748  10.31311448   5.36396186   9.24026566           NA   6.53482385  16.33746843
[411]   1.78199183           NA   9.70885954           NA           NA   0.38202510           NA           NA  19.66407360  20.58146746
[421]           NA           NA           NA           NA           NA           NA           NA  22.89464700           NA   2.75347137
[431]  11.87726147   1.03433708           NA  17.98741413           NA           NA           NA           NA           NA           NA
[441]           NA           NA   5.29109715  21.60371685   5.79942758  12.12375134   7.64457748   1.43413353  14.44198309  21.65123204
[451]   5.86278756  10.83943422           NA           NA           NA           NA   3.66572731   3.76551269           NA           NA
[461]  14.27508271   6.65468979           NA           NA  10.65773158           NA   9.60885628   3.22597173   8.24766910           NA
[471]           NA           NA   5.13164403  12.24059654   1.07654831   2.39542204           NA           NA           NA           NA
[481]           NA           NA           NA           NA           NA           NA   6.39334771           NA           NA  11.36676477
[491]           NA  12.94086857           NA   5.94712952   3.86965844  12.29524547           NA           NA           NA           NA
[501]           NA           NA  20.59403401           NA           NA  10.22254881           NA  13.33997318   1.44422036   8.86005952
[511]           NA           NA           NA           NA   5.65491074           NA   5.71896028           NA           NA           NA
[521]   1.94550395   9.79685255           NA  14.77309571           NA           NA           NA           NA           NA           NA
[531]           NA           NA           NA   5.25804851           NA  12.39725877           NA   3.53313028           NA           NA
[541]   0.51216517           NA           NA           NA           NA   1.90631631           NA           NA           NA           NA
[551]           NA           NA           NA           NA  10.04307738           NA           NA           NA           NA           NA
[561]           NA  14.50758016  14.92596544           NA   6.42953921           NA           NA           NA           NA   7.72793506
[571]           NA  12.75246425           NA           NA   6.69004198           NA           NA           NA           NA           NA
[581]           NA           NA           NA   9.30476517  10.96516843           NA   9.24448510           NA           NA  14.74745601
[591]   8.77550722   0.39728897   3.68869226           NA   8.42773862           NA           NA  11.48238219           NA           NA
[601]           NA   0.61584745           NA           NA   8.87904230   9.33652142           NA   7.93125628           NA  11.71104844
[611]           NA           NA   8.65353604           NA           NA           NA           NA           NA   0.15393260   6.34041543
[621]           NA           NA           NA   7.70645834           NA   4.24070905   3.63899680           NA           NA           NA
[631]   1.53038446   0.77307302  14.04692690  11.46170916   9.50394682   9.71773758           NA           NA           NA           NA
[641]   5.35554671           NA           NA           NA   2.25374691           NA           NA           NA           NA           NA
[651]           NA           NA           NA           NA           NA           NA           NA   3.47523405           NA  11.70658038
[661]           NA   1.68929926           NA   1.37325615   2.10709766           NA           NA   5.56901670   4.04408156           NA
[671]   2.02767537           NA   1.64502513   8.93586015           NA           NA   4.70656489   9.52157607   3.66787315           NA
[681]           NA           NA           NA           NA           NA           NA           NA           NA           NA           NA
[691]           NA           NA   1.57753144           NA           NA           NA           NA           NA           NA           NA
[701]   9.18218605           NA   0.07272601           NA           NA           NA   4.90080432           NA           NA           NA
[711]           NA   2.89130780           NA   7.44639589           NA           NA           NA           NA           NA           NA
[721]           NA           NA           NA           NA           NA           NA           NA           NA   5.24668075           NA
[731]   2.34950128           NA           NA   1.34794417           NA           NA           NA   2.27588790           NA           NA
[741]           NA           NA   3.79073399           NA           NA           NA   6.40974792           NA           NA   6.61078335
[751]           NA           NA           NA           NA           NA           NA           NA   3.54065698           NA   3.40927303
[761]           NA           NA           NA           NA           NA           NA           NA           NA   0.57424705           NA
[771]   0.25419793           NA           NA   2.51758275           NA   2.09597471           NA           NA           NA           NA
[781]           NA           NA           NA           NA           NA   5.95801379           NA   0.98476196           NA           NA
[791]           NA           NA           NA           NA           NA           NA           NA           NA   2.37673509           NA
[801]           NA           NA           NA           NA           NA           NA           NA           NA   1.12131901           NA
[811]           NA           NA           NA           NA           NA           NA           NA   1.68458009           NA           NA
[821]           NA           NA   5.03919472   4.06977024           NA           NA           NA           NA           NA           NA
[831]           NA           NA           NA           NA   2.17885600           NA           NA           NA           NA           NA
[841]           NA           NA           NA           NA           NA           NA           NA   2.97990162           NA           NA
[851]   2.44061085           NA   0.86680749           NA           NA           NA           NA           NA           NA           NA
[861]           NA           NA           NA           NA           NA           NA           NA           NA           NA           NA
[871]   0.58998934           NA           NA           NA           NA           NA           NA           NA           NA           NA
[881]           NA           NA           NA           NA           NA           NA           NA           NA           NA           NA
[891]           NA           NA           NA           NA           NA           NA   0.45102035           NA           NA           NA
[901]           NA           NA           NA           NA           NA           NA           NA           NA           NA           NA

$TS
  [1] 195.68135543 192.15744706 148.25576085 144.32374226 133.14325521 138.81693044 119.19697170 115.16398987 107.69152409 107.56545833
 [11]  94.04677097  88.97325019  83.55292676  77.66630342  92.50722683 106.05105515 105.23571431  99.56606421  98.80850429  94.45185977
 [21]  93.91078571  73.73181773  73.69102435  98.86081712  94.63752397  82.89816913  75.45005673  73.64891885  97.30744735  94.40486825
 [31]  94.46057533  89.27513062  88.41649107  63.77388382  61.33179673  56.19156604  77.41092139  66.29423881  87.58723394  69.16213337
 [41]  60.91496873  59.50144317  70.98592719  70.43670763  65.05005368  58.36813403  55.13097134  42.52683565  39.90081330  75.94520753
 [51]  74.86893512  73.02719790  55.46020458  46.59198911  68.83623934  58.35164775  57.96640119  55.98882739  59.49556748  69.14079683
 [61]  64.81002540  63.91721961  52.45927806  63.21550774  62.44195043  60.85001878  64.47824175  55.39220117  42.84346202  41.71153939
 [71]  38.38090430  59.41549575  68.28615217  57.86493425  51.61123057  45.61856043  34.10296674  60.61658883  43.29818286  42.85825394
 [81]  42.82890435  36.07997004  30.05332062  21.16784239  44.50004099  62.25425271  58.88874782  21.29369180  61.54147176  61.63563480
 [91]  61.37879111  56.73848010  54.01172914  41.21934292  37.14090953  31.40777870  28.27286844  52.72144293  49.99266704  37.83422730
[101]   3.80481265   0.48017658  58.10631539  57.07361634  43.16753196  42.59653737  30.57024414  27.66004903  25.64390835   3.68913592
[111]  53.81919888  48.39183561  53.53954242  36.24356291  35.03432661  43.61947343  39.93928826  51.74174763  47.29826831  50.05159049
[121]  46.45327989  22.04452959  20.23014661  18.94341489  13.88016791   6.88432731  49.60988786  53.42334511  45.24855818  28.63214612
[131]  49.10546896  46.37035248  41.28788909  44.26652008  37.58128656  33.27338635  51.90236397  49.84100999  49.52864001  49.15179028
[141]  28.09735676  26.73781171  43.85383035  43.45643009  23.78271296  18.87812905  43.07629165  42.78126659  47.69525947  44.99392856
[151]  44.62120701  40.98797457  40.62842252  39.31757140  36.07741342  48.19977164  37.22629749  29.09604759  42.63772942  40.88961028
[161]  30.81323356  46.00266288  32.19581413  13.92932144   9.31656388  40.93611970  29.39398294  27.88035241  25.28427819  21.27926240
[171]  16.57510459  41.05719881  41.31905002  37.72267870  34.86425221  30.42144751  27.25046748  22.83879393  39.60186020  36.00616300
[181]  35.04285609  34.72056248  27.42115291  24.18766366  19.07359524  14.85287942  40.69368823  36.31124936  11.43648032   4.18202628
[191]  34.89816070  32.85323977  19.35453866   0.79981526  36.43011583  24.77596634  23.96154070  22.98537678  23.40290369  18.02615635
[201]  31.60524585  28.78364256  27.96626651  21.59784910  42.38413231  33.88079750  20.51707309  11.43203809   9.34565213   6.64110594
[211]   4.87917214  36.48824790  21.17649272   7.50874916  27.55138255  26.57959461  15.59535865  31.09321468  24.49010187  38.77154328
[221]  36.26545287  34.57111058  20.26133992  19.44100746  39.29751504  31.84657179  13.08630894  39.06808129  27.20428213  26.33403101
[231]  16.04682085  10.96871629   0.79923532  34.35566113  37.86980158  28.90315347  24.88572031  14.46919497   3.31221654  38.21909044
[241]  26.95539489   4.66305120   3.86397142  12.29080350  36.40278836  31.49259622  18.03386577  17.50003813   1.14585454  36.02745975
[251]  11.35353905  37.48047340  31.89620293  27.54563039  24.45786209  36.86945055  28.53338168  19.96375758   9.22619077   4.60494795
[261]  35.75734634  30.58321686  21.23733297  30.83956978  29.07536015  14.28378659  12.27460612  36.42166655  36.07181323  33.08248835
[271]  27.14420854  36.29111238  23.02819472  22.96064362  15.82444898   4.24736891  28.39759857  27.83349606  35.48634117  23.90959092
[281]  25.75125067  22.25585671  33.36477793  33.13591617  33.04167290  29.33940913  15.61933295  31.22374863  25.24030661  24.50978981
[291]  22.21931605  22.19675831   6.72005515  23.59905685  16.48804690  27.44030928  20.00771923  14.19467052  13.09017393  10.38416655
[301]  28.70645440  24.48489342  25.93956881  24.09179587  28.36499819  17.67963481  20.25909859  27.50491887  28.25960729  26.83141243
[311]  25.48444505  19.98015942  19.68745560  24.15125134  23.05928977  20.04590190  10.55922130   9.05015695   7.88404585   6.18290352
[321]   5.37927113  22.84369436  17.55411458  29.48809029  18.28971751  29.52214294  27.29007338  21.75310604  29.64260700  29.59162047
[331]  21.64069154   9.52052052  21.36018611  10.85246750   8.80430737  27.94743812  26.35762630  25.93515481  19.34729412  18.97672143
[341]  13.32137936  12.83753696   3.38092990  23.02700853  22.55587694  21.15875205   8.32070337  20.26843349  18.79994139  23.75199460
[351]  23.56323146  21.27059844  20.03588757  24.17956451  16.26297735  25.16285367   2.44538521  12.54504143   6.80519050  27.32681230
[361]  18.03973050  14.29781268  23.76410671  16.51062289  15.13396113  14.75744210  12.90268048   3.83159611   1.33348722  20.79241243
[371]  27.37512585  24.38574082  16.58976099  14.16236917   1.77156469   5.60067735   2.50983988  12.37206617  11.32057686   7.29625723
[381]  17.66650123  13.07495937  12.17091810  10.45921301   8.92830575  22.18399496  11.19418445  25.35908798  18.01130017  16.43702349
[391]  14.68316726  13.38543416   3.46745000  26.38383278  18.08727038  13.89794479   0.67234236  27.12069827  22.34806638  12.71020485
[401]  11.70920915   6.71470188  25.01192694  22.73393205  21.20441395  18.49862057  16.50398907  24.49422348  17.68946784  17.08888246
[411]   6.94444735   0.02555874  22.11151980  22.69018505  15.19436763  11.19280309  25.16411187  23.88395065  21.74725648  21.63719508
[421]  17.67521894  20.84478898  14.60426151   1.75871446  25.13568667  17.27255169   4.82545833  23.91755632  23.37907400  20.66345535
[431]  12.82151143   2.15112742   6.84037552  21.96460593   2.23487643  12.49294792   4.57915069  15.18484227  14.03668912   2.12867888
[441]  15.93249497  13.66701524  11.18105939  24.38949204  23.91945225  13.54687397  21.41627960  18.46280665  22.00727430  21.84977083
[451]  19.63948144  12.27273422  10.07550994   8.12402329   7.85206314   7.45949248   5.21494760   5.17712911   1.21464350  20.30513829
[461]  16.40965782  13.23589686  11.29199406  22.25216196  19.54404218   7.26055898  18.32940708   8.22721297  17.95554767  17.87852227
[471]   3.81580888   0.98367397  21.28884373  15.25572120   3.04717288  12.96163026  12.32423477   1.12843804  20.89531420   8.32230869
[481]   5.70817136   4.44584804  10.82298013   1.21417822  19.73028054  18.76580032  15.89889472  14.27354222  20.93677950  14.77774555
[491]  14.20804976  18.51754886  12.15180917  19.26543356  18.03604446  16.34291592  11.18193104   5.52733792  21.05006426  10.06989806
[501]   6.07194253   3.68745586  21.31252362  14.41973390  14.25987381  11.77040740   6.04369436  13.80985119  11.40116265  18.14432916
[511]  12.64600767   7.42445726   4.97311232   0.01718330  14.53135126   3.40848102  20.21233820  12.21763337   6.15788655   2.75410850
[521]  19.76026669  19.26518336  17.65324979  17.17431001  20.41952339   9.76326666  18.81777649   5.31426797   5.77054525  17.07788667
[531]   9.05176350   6.63601298  14.62800319  14.13089666  19.50086366  13.80899340  12.03844685   7.47927319   2.50695608  17.51473084
[541]   1.32416931   5.06365106   1.57853538  19.53871610  12.93523644   7.15906111   3.57539593   0.66645361   5.27540826   4.75799230
[551]  12.29205212  11.15424426  10.73179779   3.45942634  15.01573470   8.02559784  16.08055179   8.01447672   5.99984005   1.59234602
[561]   0.79229887  18.51356944  16.51110321  12.64586834  10.55760238  17.27219367  15.06555132   5.71097890   0.69114534   9.87559453
[571]   1.65743152  13.32754164  10.36807937   6.46556524  10.05728827  15.00404950  11.24779715   1.93417930  15.98855714  13.89355564
[581]  12.39724060   6.14833646   4.13625947  15.58186360  15.43222822  14.26231970  13.38266528   9.02096357   3.44268584  17.35514727
[591]  10.26233417   9.25541661  17.32763391   1.91638471  10.86218455  11.76490669  17.17786963  16.81774611   4.87648105   0.83944322
[601]  17.31508699  11.89512017   7.03996505   5.32275724  14.70155869  11.53328005   2.19166636  15.37277758  14.78758159  17.15372971
[611]   5.40796378   2.14871394  12.76559952   4.59651202  15.90416981  14.90761735  14.54387969  10.27716138   3.48122614  15.68985420
[621]  15.61518576   6.60619917   3.10698413  12.13092052   4.39362692   6.97681926   5.21807010   1.40652872   8.48513341  13.24404496
[631]   7.94711659   0.88911969  14.88409257  11.77155810  11.63214985  11.35629722   4.64842301   0.40758712   7.82739739   8.18861964
[641]  14.95711076   6.77372893   5.78350176   0.28848570  12.76675771  12.99475847  11.41147023   5.36768472   8.87693686   4.87927022
[651]   2.08739898  12.05220050   5.31175517   4.45263015   1.24688210  11.23241296  11.12632261  11.81371016   1.17174254  13.71115459
[661]  11.02445929   4.39610202  12.88800888   5.03709822  13.85153034   4.50079022   0.34624096  13.15086438  11.39039770  10.01616756
[671]   8.83078437   9.96924761  11.87111279   9.59036443   0.50782430  12.43659264  12.24157236  11.62383438  10.29450185   9.15911815
[681]   7.09435806   6.85199746   4.07905737  10.36171325   4.67629928  11.03070119  10.87235042   4.70240759   7.24867304   7.12174272
[691]   7.72535337   1.95598236  12.64246376   5.25534773   2.55148090  12.19715705  11.80224761   7.73919409   0.72602487   4.40627237
[701]   9.25827691   7.28371044   3.00994221   8.24963595   4.05645961   1.31918266   8.84071534   5.53567867  11.66409101  11.63426661
[711]   7.94257158   3.63606723   2.21135566   9.72361824   9.56071122   7.97066883   5.21376003   9.38179604   1.62017382   0.35054657
[721]   9.08035214   1.09946429  10.55918465   9.75673761   8.45332420  10.89342389   6.36934004   3.96433231   9.25802524   2.36206092
[731]   9.88451560   5.00805188   1.29433522   7.40694958   7.54743821   2.56002948   1.18869220   3.72495331   9.33869584   6.41360345
[741]   1.06367353   6.29876695   5.81594102   2.50414627   0.88186075   0.86220166   7.57656254   0.78330769   2.29471515   8.84435498
[751]   7.12250463   3.21438714   7.93951397   6.13678495   8.65311484   8.93718728   5.17810963   7.27765640   4.57189736   7.99537905
[761]   2.43135489   4.58973074   4.69974833   7.44395966   1.95014286   8.57303712   1.50012378   7.90239032   7.60278781   4.02874978
[771]   6.31343976   3.74422994   7.34925008   7.27214105   0.42879768   5.77581341   2.73255599   0.78830037   5.75035798   2.12545366
[781]   0.35467588   7.87967286   2.54951170   0.78020170   7.43565814   7.27454300   1.66422264   6.41750458   4.24952780   6.83623925
[791]   3.11127833   6.40171927   5.35403180   0.93941074   6.66698999   4.01674868   2.99752806   4.97574796   4.90826826   1.69609260
[801]   2.56663130   6.48474130   2.48884918   0.89429198   6.20182151   4.89642014   2.42461287   5.32623019   4.31335677   4.26866869
[811]   0.53715483   5.72767070   5.65926145   2.33361674   2.14209687   3.54887434   5.32200282   5.57139920   4.39146500   5.54149493
[821]   5.86062631   5.02703543   5.65311788   5.85444054   5.55769988   4.17711333   1.16335700   0.55227133   0.14278298   4.40502619
[831]   2.26474449   3.79543612   4.34124649   5.01180350   2.83449729   0.45986998   4.14014010   3.95230339   2.24847864   5.07684674
[841]   0.89634959   0.56393471   3.91376987   5.25584737   4.73151049   0.69433698   4.97177756   5.00868224   3.83057894   1.89706171
[851]   3.90206300   1.84658777   2.01302123   1.45328656   1.17340620   3.36709396   3.11510614   4.46504185   1.82319332   2.13951409
[861]   0.75121955   2.94239855   3.87205776   1.69850256   0.31034352   1.58519249   2.00279718   0.51119829   3.58863358   0.30684838
[871]   3.32387738   2.65495504   2.28552702   3.51024436   3.44710758   1.62024821   0.99496616   1.83376211   2.71464012   0.54288498
[881]   1.73861214   1.70253667   1.79580334   0.49363484   2.29183014   2.56119769   2.01585924   0.64901393   1.22006955   1.65007700
[891]   0.46912751   0.59469034   1.60953901   0.40204207   1.62134809   0.17567444   1.88869061   1.65850215   0.84319320   0.60056235
[901]   0.16689270   1.38202542   0.42984511   0.18531241   0.80466102   0.73721842   0.46350885   0.82894862   0.03427512   0.34768594

$PAR
  [1]  NA   1   2   2   2   3   6   6   6   6   6   6   6   6   7   9  16  16  16  16  16  16  16  18  24  24  24  24  19  29  25  20
 [33]  30  21  21  21  15  15  33  33  39  39  13  13  13  13  13  13  13  37  37  37  37  37  27  27  27  27  51  22  22  22  23  28
 [65]  52  52  43  43  43  43  43  40  60  60  60  60  60  55  55  55  55  55  55  55  61  67  62  62  64  86  86  90  90  90  90  90
 [97]  90  66  66  66  66  66  78  42  42  42  59  59  59  59  46  46  56  74  74 104 104  36  36  53  53  53  53  53  53  53  68  47
[129]  47  47 128 128 128  98  98  98  63 120 120 120 120 120  99  99  99  99 138 138 127 127 127 127 127 127 127 131 112 112 149 149
[161] 149  54  54  54  54  76  76  76  76  76  76 151  85  85  85 134 134 143 116 116 116 116 116 116 116 116  79  79 147 147  80  80
[193]  80  80  69  69  69  69  81  81 148 148 148 148  48  48  48  48  48  48  48  70  70  70 133 133 133  94  94 172 172 172 172 172
[225] 152 152 152 160 160 160 187 187 187 117  49  49  49  49  49 154 225 225 225 228  71  71 240 240 240 235 235 100 100 100 100 174
[257] 174 174 174 174 252 252 252 157 157 157 157 212 212 212 212 268 268 268 268 268 245 188 221 114 269 269 261 261 279 279 182 234
[289]  77  77  77  77  77 206 206 283 283 283 283 283 284 285 163 163 253 253 226 201 246 246 246 246  96 288 288 288 288 288 288 288
[321] 288 264 264 161 161 262 262 262 107 176 176 176 329 329 329 326 167 167 158 158 158 158 158 265 265 265 265 236 236 202 301 301
[353] 130 257 257 305 305  97  97 309 309 309 141 141 141 141 141 141 203 168 278 278 278 278 278 254 254 308 308 308 296 296 296 296
[385] 296 183 183 371 371 371 371 371 371 327 327 327 327 229 271 271 271 271 398 398 398 398 398 241 241 241 241 241 142 394 337 337
[417] 230 230 230 230 230 303 303 303 338 281 281 311 388 388 388 388 169 417 417 356 356 425 425 425 403 403 403 196 290 408 302 255
[449] 444 444 184 184 354 354 354 354 354 354 354 314 304 304 304 445 445 445 145 363 351 199 429 429 344 344 344 198 198 198 178 345
[481] 345 464 291 291 292 292 292 292 386 413 413 122 122 449 449 331 331 331 204 204 204 204 447 333 333 333 333  88  88 473 170 170
[513] 170 170 352 352 263 263 263 263 405 405 213 346 499 499 479 479 422 207 207 207 525 525 348 348 348 348 348 223 223 123 123 316
[545] 316 316 316 316 353 353 258 258 258 258 521 521 485 485 485 485 485 313 313 451 451 465 465 544 544 535 535 494 494 494 522 185
[577] 340 340 146 527 527 527 486 562 406 406 406 448 448 467 467 510 361 361 495 469 470 470 470 421 381 381 381 381 540 540 248 590
[609] 590 593 601 601 566 566 597 597 597 597 597 610 171 171 171 407 390 441 441 615 620 287 287 287 217 608 608 608 415 415 438 365
[641] 567 567 567 186 609 391 391 391 533 533 617 515 504 504 504 362 362 488 488 586 586 586 505 298 534 439 439 396 396 396 396 665
[673] 660 442 442 392 630 630 630 462 299 299 227 646 646 476 476 545 367 367 663 663 613 564 564 358 436 676 676 581 378 378 378 677
[705] 696 696 624 652 537 537 537 537 537 602 602 602 602 697 697 697 596 709 647 647 647 509 669 251 463 656 497 497 497 657 686 686
[737] 232 726 687 687 687 334 483 483 553 553 317 723 300 573 684 684 500 500 575 526 526 724 724 714 715 332 718 209 209 739 739 729
[769] 259 259 680 680 318 756 756 385 335 725 480 480 704 640 640 640 454 631 631 753 753 768 455 698 698 769 735 456 764 785 785 785
[801] 512 773 773 380 466 466 466 546 546 690 603 411 411 433 642 293 210 574 574 740 727 742 320 519 582 582 507 507 821 743 776 529
[833] 568 481 813 813 376 820 820 498 611 611 653 549 694 694 627 757 840 840 822 798 847 847 847 799 799 650 650 211 845 685 242 637
[865] 637 614 437 759 858 654 482 276 276 190 583 796 838 863 849 110 547 856 871 857 623 797 797 783 539 744 744 803 730 814 839 815
[897] 578 578 375 882 898 895 854 902 733 733 722 741 905 880

$EXTANT
  [1] FALSE FALSE FALSE FALSE FALSE FALSE FALSE FALSE FALSE FALSE FALSE FALSE FALSE FALSE FALSE FALSE FALSE FALSE FALSE FALSE FALSE
 [22] FALSE FALSE FALSE FALSE FALSE FALSE FALSE FALSE FALSE FALSE FALSE FALSE FALSE FALSE FALSE FALSE FALSE FALSE FALSE FALSE FALSE
 [43] FALSE FALSE FALSE FALSE FALSE  TRUE FALSE FALSE FALSE FALSE  TRUE  TRUE FALSE FALSE FALSE FALSE  TRUE FALSE FALSE FALSE FALSE
 [64] FALSE FALSE  TRUE FALSE FALSE FALSE FALSE FALSE FALSE FALSE FALSE FALSE FALSE FALSE FALSE FALSE  TRUE FALSE FALSE  TRUE  TRUE
 [85] FALSE FALSE FALSE  TRUE FALSE FALSE FALSE FALSE FALSE  TRUE FALSE FALSE  TRUE FALSE FALSE FALSE  TRUE  TRUE FALSE FALSE FALSE
[106] FALSE  TRUE FALSE FALSE  TRUE FALSE FALSE FALSE FALSE FALSE FALSE FALSE FALSE FALSE FALSE FALSE FALSE  TRUE FALSE FALSE  TRUE
[127] FALSE  TRUE FALSE  TRUE FALSE FALSE FALSE FALSE FALSE FALSE FALSE FALSE FALSE FALSE  TRUE FALSE FALSE FALSE FALSE FALSE  TRUE
[148] FALSE FALSE FALSE FALSE FALSE FALSE FALSE FALSE FALSE  TRUE  TRUE FALSE FALSE FALSE FALSE FALSE FALSE FALSE FALSE FALSE  TRUE
[169]  TRUE  TRUE  TRUE FALSE FALSE  TRUE FALSE  TRUE FALSE FALSE FALSE FALSE FALSE  TRUE  TRUE FALSE FALSE  TRUE  TRUE FALSE  TRUE
[190]  TRUE FALSE FALSE FALSE  TRUE FALSE FALSE FALSE  TRUE FALSE  TRUE FALSE FALSE  TRUE  TRUE FALSE FALSE  TRUE  TRUE  TRUE  TRUE
[211] FALSE FALSE FALSE FALSE FALSE FALSE FALSE FALSE FALSE FALSE FALSE FALSE  TRUE FALSE  TRUE FALSE FALSE FALSE FALSE FALSE FALSE
[232]  TRUE  TRUE FALSE FALSE FALSE FALSE  TRUE  TRUE  TRUE  TRUE  TRUE  TRUE FALSE FALSE  TRUE FALSE  TRUE  TRUE FALSE  TRUE FALSE
[253] FALSE  TRUE FALSE FALSE FALSE  TRUE  TRUE  TRUE  TRUE FALSE  TRUE FALSE  TRUE FALSE FALSE  TRUE FALSE FALSE  TRUE FALSE FALSE
[274] FALSE FALSE  TRUE FALSE  TRUE FALSE  TRUE  TRUE FALSE FALSE FALSE FALSE FALSE  TRUE FALSE FALSE FALSE  TRUE  TRUE  TRUE  TRUE
[295]  TRUE FALSE FALSE  TRUE  TRUE  TRUE FALSE FALSE  TRUE FALSE FALSE FALSE FALSE FALSE  TRUE FALSE FALSE FALSE  TRUE FALSE FALSE
[316]  TRUE FALSE FALSE  TRUE FALSE  TRUE FALSE FALSE FALSE FALSE FALSE  TRUE  TRUE  TRUE  TRUE  TRUE  TRUE  TRUE  TRUE  TRUE FALSE
[337]  TRUE FALSE  TRUE  TRUE  TRUE FALSE  TRUE  TRUE  TRUE FALSE  TRUE  TRUE FALSE FALSE FALSE  TRUE  TRUE  TRUE FALSE  TRUE  TRUE
[358] FALSE  TRUE FALSE  TRUE  TRUE  TRUE FALSE  TRUE FALSE FALSE  TRUE  TRUE FALSE  TRUE FALSE FALSE  TRUE  TRUE  TRUE FALSE  TRUE
[379]  TRUE  TRUE  TRUE FALSE FALSE FALSE FALSE FALSE FALSE  TRUE  TRUE  TRUE  TRUE  TRUE  TRUE FALSE FALSE  TRUE FALSE FALSE FALSE
[400] FALSE FALSE  TRUE FALSE FALSE FALSE FALSE FALSE  TRUE FALSE FALSE FALSE  TRUE FALSE  TRUE  TRUE FALSE  TRUE  TRUE FALSE FALSE
[421]  TRUE  TRUE  TRUE  TRUE  TRUE  TRUE  TRUE FALSE  TRUE FALSE FALSE FALSE  TRUE FALSE  TRUE  TRUE  TRUE  TRUE  TRUE  TRUE  TRUE
[442]  TRUE FALSE FALSE FALSE FALSE FALSE FALSE FALSE FALSE FALSE FALSE  TRUE  TRUE  TRUE  TRUE FALSE FALSE  TRUE  TRUE FALSE FALSE
[463]  TRUE  TRUE FALSE  TRUE FALSE FALSE FALSE  TRUE  TRUE  TRUE FALSE FALSE FALSE FALSE  TRUE  TRUE  TRUE  TRUE  TRUE  TRUE  TRUE
[484]  TRUE  TRUE  TRUE FALSE  TRUE  TRUE FALSE  TRUE FALSE  TRUE FALSE FALSE FALSE  TRUE  TRUE  TRUE  TRUE  TRUE  TRUE FALSE  TRUE
[505]  TRUE FALSE  TRUE FALSE FALSE FALSE  TRUE  TRUE  TRUE  TRUE FALSE  TRUE FALSE  TRUE  TRUE  TRUE FALSE FALSE  TRUE FALSE  TRUE
[526]  TRUE  TRUE  TRUE  TRUE  TRUE  TRUE  TRUE  TRUE FALSE  TRUE FALSE  TRUE FALSE  TRUE  TRUE FALSE  TRUE  TRUE  TRUE  TRUE FALSE
[547]  TRUE  TRUE  TRUE  TRUE  TRUE  TRUE  TRUE  TRUE FALSE  TRUE  TRUE  TRUE  TRUE  TRUE  TRUE FALSE FALSE  TRUE FALSE  TRUE  TRUE
[568]  TRUE  TRUE FALSE  TRUE FALSE  TRUE  TRUE FALSE  TRUE  TRUE  TRUE  TRUE  TRUE  TRUE  TRUE  TRUE FALSE FALSE  TRUE FALSE  TRUE
[589]  TRUE FALSE FALSE FALSE FALSE  TRUE FALSE  TRUE  TRUE FALSE  TRUE  TRUE  TRUE FALSE  TRUE  TRUE FALSE FALSE  TRUE FALSE  TRUE
[610] FALSE  TRUE  TRUE FALSE  TRUE  TRUE  TRUE  TRUE  TRUE FALSE FALSE  TRUE  TRUE  TRUE FALSE  TRUE FALSE FALSE  TRUE  TRUE  TRUE
[631] FALSE FALSE FALSE FALSE FALSE FALSE  TRUE  TRUE  TRUE  TRUE FALSE  TRUE  TRUE  TRUE FALSE  TRUE  TRUE  TRUE  TRUE  TRUE  TRUE
[652]  TRUE  TRUE  TRUE  TRUE  TRUE  TRUE FALSE  TRUE FALSE  TRUE FALSE  TRUE FALSE FALSE  TRUE  TRUE FALSE FALSE  TRUE FALSE  TRUE
[673] FALSE FALSE  TRUE  TRUE FALSE FALSE FALSE  TRUE  TRUE  TRUE  TRUE  TRUE  TRUE  TRUE  TRUE  TRUE  TRUE  TRUE  TRUE  TRUE FALSE
[694]  TRUE  TRUE  TRUE  TRUE  TRUE  TRUE  TRUE FALSE  TRUE FALSE  TRUE  TRUE  TRUE FALSE  TRUE  TRUE  TRUE  TRUE FALSE  TRUE FALSE
[715]  TRUE  TRUE  TRUE  TRUE  TRUE  TRUE  TRUE  TRUE  TRUE  TRUE  TRUE  TRUE  TRUE  TRUE FALSE  TRUE FALSE  TRUE  TRUE FALSE  TRUE
[736]  TRUE  TRUE FALSE  TRUE  TRUE  TRUE  TRUE FALSE  TRUE  TRUE  TRUE FALSE  TRUE  TRUE FALSE  TRUE  TRUE  TRUE  TRUE  TRUE  TRUE
[757]  TRUE FALSE  TRUE FALSE  TRUE  TRUE  TRUE  TRUE  TRUE  TRUE  TRUE  TRUE FALSE  TRUE FALSE  TRUE  TRUE FALSE  TRUE FALSE  TRUE
[778]  TRUE  TRUE  TRUE  TRUE  TRUE  TRUE  TRUE  TRUE FALSE  TRUE FALSE  TRUE  TRUE  TRUE  TRUE  TRUE  TRUE  TRUE  TRUE  TRUE  TRUE
[799] FALSE  TRUE  TRUE  TRUE  TRUE  TRUE  TRUE  TRUE  TRUE  TRUE FALSE  TRUE  TRUE  TRUE  TRUE  TRUE  TRUE  TRUE  TRUE FALSE  TRUE
[820]  TRUE  TRUE  TRUE FALSE FALSE  TRUE  TRUE  TRUE  TRUE  TRUE  TRUE  TRUE  TRUE  TRUE  TRUE FALSE  TRUE  TRUE  TRUE  TRUE  TRUE
[841]  TRUE  TRUE  TRUE  TRUE  TRUE  TRUE  TRUE FALSE  TRUE  TRUE FALSE  TRUE FALSE  TRUE  TRUE  TRUE  TRUE  TRUE  TRUE  TRUE  TRUE
[862]  TRUE  TRUE  TRUE  TRUE  TRUE  TRUE  TRUE  TRUE  TRUE FALSE  TRUE  TRUE  TRUE  TRUE  TRUE  TRUE  TRUE  TRUE  TRUE  TRUE  TRUE
[883]  TRUE  TRUE  TRUE  TRUE  TRUE  TRUE  TRUE  TRUE  TRUE  TRUE  TRUE  TRUE  TRUE  TRUE FALSE  TRUE  TRUE  TRUE  TRUE  TRUE  TRUE
[904]  TRUE  TRUE  TRUE  TRUE  TRUE  TRUE  TRUE

