
Birth-death simulation object with 785 species and 500 extant species

Details for some species:

Extinction times (NA means extant)
[1] 85.92153 73.50317 75.07036 44.17411 70.39016 54.67295


Speciation times 
[1] 94.41104 88.60719 86.94949 80.17093 75.87520 84.19591


Species parents (NA for initial)
[1] NA  1  2  2  2  3


Species status (extinct or extant)
[1] "extinct" "extinct" "extinct" "extinct" "extinct" "extinct"


For more details on vector y, try sim$y, with y one of
TE TS PAR EXTANT



$TE
  [1] 85.9215294 73.5031676 75.0703554 44.1741125 70.3901644 54.6729483  9.2969660 40.7248430
  [9] 31.2941086         NA  9.6039257  2.0431515 52.5213970         NA  4.4534259         NA
 [17] 60.2608891 61.6469083 51.9220408 54.9947652 52.2834110 28.2093349 45.1463070 45.7699516
 [25] 16.5954941 67.1197109 42.0524033 25.9587409 54.4059418         NA 50.0808510 35.8255627
 [33] 56.8811760 19.5890519 59.1663666 55.8927774 49.9815138 40.6125178 47.9242743         NA
 [41]  6.5133105 42.6278771 33.7042821 37.9134029 13.4362710 43.1987561 42.9200073 36.8213519
 [49] 40.4549526  4.1039461         NA  7.1123736  9.8582739  5.4870734  9.0621848         NA
 [57] 44.0842845 44.5745980 26.7433467 51.8177281         NA  6.6411096 20.1658868 12.8685389
 [65]  1.7840475  3.3939482         NA 16.0113827         NA 30.7945233 10.7733828  8.5743679
 [73]  3.9724081  0.4951989 17.6993224         NA         NA 20.3240050         NA 23.8909005
 [81] 37.7994806 32.2029181         NA 24.1909639 29.1523102 31.2205879 10.1897944         NA
 [89] 39.4313933 24.0467733 40.3105346         NA         NA         NA 43.9226910 28.1773040
 [97] 28.4193359 26.0332130  0.7068561 31.1648000 18.7619012         NA         NA 19.9943116
[105]         NA 35.6584949         NA  9.6531235 43.4871296  0.3108633  4.2171191         NA
[113] 16.7535267 41.1091520 19.7269773         NA         NA 35.1242534  0.4350724         NA
[121]         NA 44.4298859         NA         NA         NA         NA         NA 15.3160869
[129] 38.2264134 30.7846434 27.9435390 39.4275027         NA         NA         NA 25.7381157
[137] 37.8942353         NA 41.5425361         NA 23.4178576  5.6239917 34.3394254 13.4827692
[145]         NA         NA         NA  3.0516397         NA         NA 21.2674381 23.6064014
[153]         NA 11.9483682         NA         NA         NA 20.6881800 29.3421242 26.0287907
[161] 27.7186621         NA         NA  0.5722084  1.4066524 14.2821279 23.5848351 32.7280632
[169]  8.3441314 11.0617387 24.6608748         NA  8.8843282  6.7564535         NA  2.8874590
[177]         NA         NA         NA         NA 22.1839748 14.2835169 11.3038983         NA
[185]         NA         NA         NA 24.6394877         NA  8.1829534 26.5415704  3.4754567
[193] 20.4463487  6.6122663  0.3003647 16.6815248         NA  3.7758500         NA         NA
[201]         NA 22.9024137  3.2158691 15.3594676 21.6355705         NA         NA 17.1060372
[209]         NA         NA  9.3747830         NA         NA         NA         NA 27.0042316
[217] 21.3671429         NA         NA         NA         NA         NA  7.4925276 15.8526801
[225] 13.9558158 18.0374320         NA         NA  2.9995532         NA         NA         NA
[233]         NA         NA  7.8293049         NA         NA         NA  6.3507782         NA
[241]         NA         NA         NA         NA         NA 10.2270114  0.4256067         NA
[249]         NA         NA  4.3282242         NA         NA         NA  3.5687149  3.7717924
[257]         NA         NA 22.7372987         NA         NA         NA 17.2776819  9.5725284
[265]         NA         NA         NA         NA         NA 15.1049132         NA 28.7741525
[273]  8.8059964         NA         NA  7.4841936         NA  3.7778427         NA         NA
[281]         NA         NA 10.3828300         NA  7.8981524  3.0024344  7.1720239  5.1071491
[289]         NA         NA         NA         NA  6.1029058  8.2091764         NA  8.2560934
[297]         NA         NA 12.8923683         NA         NA         NA         NA         NA
[305]  7.8121967         NA         NA         NA         NA 15.3668470         NA 10.4798173
[313] 17.4295672 10.5276395         NA 12.5314371         NA         NA         NA 17.5006777
[321]         NA         NA         NA  7.5775034  6.4367326 12.4578156         NA         NA
[329]         NA         NA         NA         NA  9.7991592         NA  2.2859905  0.7517405
[337] 10.7849995         NA         NA         NA         NA         NA         NA  3.0457415
[345]         NA         NA  9.3452062 15.3419982         NA         NA  6.5630774 11.3652555
[353]  5.9951664  9.1032973  4.7148467         NA  2.9962976 12.9916145         NA  0.5004314
[361] 14.3207054 13.5087701         NA  9.5911189  4.2974655         NA         NA  9.7070268
[369]  3.9986864  2.2718529         NA         NA  1.4853287         NA         NA         NA
[377]         NA         NA  0.5073134         NA         NA         NA  5.8801855 13.3486018
[385] 10.1900086         NA         NA 13.6045557         NA 12.8672069         NA  5.4114364
[393]         NA         NA         NA  3.4373406         NA  8.8781960 10.0427604         NA
[401]         NA         NA         NA         NA 16.9403741         NA  1.2970171         NA
[409]         NA 14.2830042         NA         NA         NA         NA         NA         NA
[417]         NA         NA 13.0944858         NA 15.5790919         NA  6.4458747         NA
[425]         NA         NA         NA         NA         NA         NA  3.1221189         NA
[433]         NA  9.2748854         NA         NA         NA         NA  9.3122038         NA
[441]         NA         NA  9.1931682         NA         NA         NA  9.4583267 11.8383710
[449]         NA  7.1571840         NA         NA         NA         NA         NA         NA
[457]  3.3923726         NA  9.4591850  9.8486521  3.1394112         NA  5.2758204  3.0106904
[465]  0.1203365         NA  9.2696451         NA         NA         NA         NA  5.5006082
[473]         NA         NA         NA         NA 13.7881472  7.8629368         NA         NA
[481]         NA         NA         NA         NA  3.1232625         NA         NA         NA
[489]  5.8860236         NA         NA         NA         NA  2.3411081         NA  2.7011335
[497]         NA         NA         NA         NA         NA 12.9067475         NA         NA
[505]         NA         NA         NA         NA 11.2664180         NA         NA  4.8884196
[513]         NA         NA         NA         NA         NA         NA         NA         NA
[521]         NA         NA         NA         NA         NA         NA         NA  2.9978855
[529] 10.6128721  9.2115106  2.3469912         NA         NA         NA         NA         NA
[537]         NA         NA         NA         NA  6.9035366         NA         NA         NA
[545]         NA  4.3494879  2.9204691         NA  7.3436312         NA  5.8605519         NA
[553]         NA         NA         NA         NA         NA         NA         NA         NA
[561]         NA 10.2914329         NA         NA         NA         NA         NA         NA
[569]         NA         NA         NA         NA         NA         NA         NA  0.2339841
[577]  9.6266838         NA         NA  9.3324620         NA         NA         NA         NA
[585]         NA         NA  3.2422905         NA         NA         NA         NA         NA
[593]         NA         NA         NA  5.9840505         NA  4.0045160  8.3675770         NA
[601]         NA         NA         NA         NA         NA         NA         NA         NA
[609]         NA  5.3289162         NA         NA  9.6296140         NA  0.0927877         NA
[617]         NA         NA  3.6265316         NA         NA         NA         NA         NA
[625]         NA         NA         NA         NA         NA         NA         NA         NA
[633]         NA         NA         NA         NA         NA         NA         NA         NA
[641]         NA         NA         NA         NA         NA         NA         NA         NA
[649]         NA         NA         NA         NA  2.9488940         NA         NA         NA
[657]         NA         NA         NA  3.3106924         NA         NA         NA         NA
[665]         NA  0.3399886         NA         NA         NA         NA  4.7119076         NA
[673]         NA         NA         NA         NA         NA         NA         NA         NA
[681]         NA         NA  6.8216661         NA         NA         NA         NA         NA
[689]         NA         NA         NA         NA         NA         NA         NA  6.4540869
[697]         NA         NA         NA         NA         NA         NA         NA         NA
[705]         NA         NA         NA         NA         NA  1.5601226         NA         NA
[713]         NA         NA         NA         NA         NA         NA         NA         NA
[721]         NA         NA         NA         NA         NA         NA         NA         NA
[729]         NA         NA         NA         NA         NA         NA  1.0654904         NA
[737]         NA         NA  1.3459937         NA  2.3266175  0.6995800         NA         NA
[745]         NA  4.6111494         NA         NA  3.7052254         NA         NA         NA
[753]         NA         NA         NA         NA         NA         NA         NA         NA
[761]         NA         NA  0.3644773         NA         NA         NA         NA         NA
[769]         NA         NA         NA         NA  1.2886547         NA         NA         NA
[777]         NA         NA         NA         NA         NA         NA         NA         NA
[785]         NA

$TS
  [1] 94.411040497 88.607192816 86.949492121 80.170930648 75.875200491 84.195908294 81.081885630
  [8] 76.735767960 76.597470538 56.845427296 56.703139325 55.290278093 73.924947117 30.440063327
 [15] 22.139289667 17.820553239 68.564311812 69.725559577 69.357408392 62.982743820 56.630394188
 [22] 53.712546882 50.107688220 46.887845523 33.906046046 73.765488384 73.349050465 67.969813239
 [29] 64.699551430 61.635359925 68.473354924 53.984953739 62.213787872 34.259161199 63.576294830
 [36] 59.720004126 59.663116195 62.575149058 55.506835733 59.475330908 53.901346742 45.651120439
 [43] 61.701671079 61.454267588 37.578494054 55.020681423 52.675943444 49.052299153 47.616644310
 [50] 46.964098652 44.289882213 25.545686700 20.543253583 20.220800387 17.761719279 10.004954055
 [57] 44.789226683 58.467625118 50.933389384 53.384994829 32.820108424 48.891282427 35.239927323
 [64] 34.739432239  7.002408634  3.454113499 31.688404331 23.643896488 54.816867299 54.721597102
 [71] 51.810584799 41.199344932 36.736372281 32.066104906 20.468336661 16.446426968  4.113933250
 [78] 53.302535968 43.684793807 47.016771771 42.259896146 38.043678892 19.836135680 54.396826769
 [85] 38.720795456 52.961920188 50.723474761 49.069093668 40.562398637 36.717202455 43.553056537
 [92] 37.636939257 34.734936220  8.987763854 47.745696209 31.170866453 37.687589173 36.894283491
 [99] 44.088435396 37.786447382 35.812762219 28.511820553 27.789335359 20.842783456 16.383349705
[106] 36.067955848 29.215423819 48.014585725 43.501845929 38.565826300 32.843806379 27.486180745
[113] 46.651521214 46.129972737 24.375825533 16.086129890  2.411351418 37.502280787 18.812341700
[120] 16.751692137 13.636260941 46.827539811 23.432952232 10.763468660 47.463379357 36.541719264
[127] 11.090402488 44.338979456 40.709133856 38.599456502 31.211664296 43.095872536 21.828016779
[134]  8.128026352  6.198310084 43.329658556 37.927242846 25.041179837 44.758002178 39.461034402
[141] 26.727161320 19.346708613 39.686765077 26.613016243 24.186208418 12.110622602 25.392332375
[148] 22.095508482  9.959658674  9.376284719 42.968832043 29.358848505 27.404866013 25.728113212
[155] 23.321959789 13.996757272 11.248243194 37.760376363 37.001880511 33.042817415 39.741669314
[162] 36.137216993 26.828126366 23.433792697 33.030108424 15.760994243 31.335447000 34.978876021
[169] 31.417585427 14.629809056 30.421963553 28.119151932 19.565841514 19.425957180  7.832057991
[176]  7.710774129  3.506625968 36.562536057 35.314524235 30.435860237 32.575124642 25.062327383
[183] 12.383154872  1.118225622 25.008472027 20.326847080 35.081985267 31.985565732 26.043747161
[190] 24.892231464 32.456939338 34.319605436 24.897955643 14.973050153 32.426510986 23.574802468
[197]  0.234853163 21.293081836 13.613997185  1.819074670 28.789111619 24.038224195 29.638794075
[204] 26.842981988 29.469987937 26.340153655 13.474926689 31.052862209 25.504664554 25.456712850
[211] 19.699036599 11.528383045  2.377189947  1.505151474 31.984614390 28.606041273 28.128241358
[218] 23.690827146 31.640604727 22.361273175  4.595317251 23.198977074 22.894783288 19.146945251
[225] 16.275767665 32.554940593 29.764847041 20.785530250  5.834513162 32.024362989 21.305511508
[232] 25.380652466 17.229811431 20.681739615 15.148356135 13.973432181 10.126969351  3.525324331
[239] 15.911807306 12.670624344 29.206171986  1.915501689  8.341252261  7.838299742  2.232576383
[246] 27.996891547 19.786667596 22.135269549 24.598143253 20.383588391 16.024454202  9.025967436
[253]  5.282100176 30.327075339 23.552437929  9.420632704  4.219299217  3.169676013 30.096471350
[260] 26.535452580 16.312573267  8.072940411 28.994499522 25.853133330 10.579498255 22.438920747
[267] 18.750870750 10.695020873  7.367627956 21.266609906 12.361410858 28.929270998 11.795255494
[274]  5.278999916 21.492544934 12.603959352  9.138412498  4.439009879  0.979856703 24.364945131
[281] 26.598143484 23.688813869 12.567663307 18.203389305 16.210122760 11.671801298 18.902176932
[288] 10.324637772  0.913293315  0.794217570 10.801037092  0.951767665 17.306939179 24.184038429
[295]  9.688671589  8.940168507  6.096887290 23.457513406 24.766341078 21.917613199 20.451740606
[302] 13.984972772  5.501857991  0.612828243 15.403322038 14.577179139  3.927836873  1.699489697
[309] 23.690772318 15.408622372 10.867659432 23.414006371 25.128394526 22.268600332 11.199595051
[316] 23.219682068 21.960420447  2.972547345  2.183904254 17.751360627  8.254325802  0.091062709
[323] 21.930875653 17.581378806 10.765527941 16.398180736 11.884598465 21.327195383 16.569542984
[330] 15.837221608  9.754404529  8.426644780 16.807940202  8.738705796  7.456997326  2.482612748
[337] 21.002076143 10.026766002 13.961424552 12.422176728  3.885258052 22.934301741 16.450630504
[344] 12.587561900  9.470464019  9.130227656 17.689559909 22.672274492 15.330693114 11.429126851
[351]  6.859605058 18.449289651 23.277306940 21.683182517 18.116048934  6.318255939  6.173625488
[358] 20.338868300 13.232379731 20.145873877 22.602807839 19.642284993  8.052827995 21.749525753
[365] 11.606706906  0.647455691  7.719233193 21.177860923 14.677542478 14.456319789 11.141796922
[372] 21.137338035  5.602660544  5.107067347  3.633646606 18.208708731 10.602716483  6.688050121
[379] 19.787144202  5.455776634  1.777237341 17.543708168 16.419241291 15.910059780 11.099635615
[386]  6.767818626  8.305169205 20.626366816 20.482515415 17.232979196 11.089037727 11.403119705
[393]  9.964217640  9.368898931  5.665965325  4.658767589 17.323298159 14.414578493 17.337987936
[400] 18.915980405 17.927390218 20.390687763  6.374478250  3.847433035 20.579877546  7.989814528
[407]  4.577784929 15.330876152 20.361176075 14.736932598 11.884559051 10.253975021  6.607151481
[414] 10.707652821  6.991672573  3.585384830 17.055604597 13.010319122 20.303978955  3.097690082
[421] 19.877378788 14.491002578  7.983467630  7.422738121  7.299126112 18.180087605  8.795104405
[428] 18.223607024 16.119486858  9.828405810  5.568462192  9.485740277  4.741461805 18.005843424
[435] 17.519275938  3.621161465  2.341931002 18.763459953 18.279801310  8.137633681 12.282228621
[442] 16.306335863 17.892338568 14.688012125 13.406431102 12.776365266 18.588512918 18.390484644
[449] 17.058020413 15.439481489  9.186081874  5.113513939  8.305653746  4.328631169  1.387345700
[456] 14.146866575 13.047884717  7.037277461 15.532288244 11.719193903 16.841789635 10.137837095
[463]  9.040854517 17.551247690 17.183694465  7.765293944 14.019833382  8.427705506  5.283757241
[470] 12.864487023 12.689669756  9.999231938  7.349696066  2.275825213  1.507602972 15.610242263
[477] 14.457148088 13.042019893  3.576336530 15.790534438 14.226072676  5.491442731  3.831561449
[484] 12.404960438  9.206136551 15.188946453  6.984917469 14.952243241  8.116853562  6.043344185
[491]  9.199924824  7.571365662 14.492295121  9.319696562  2.594331489 14.259432794 13.853697672
[498]  7.994390500 14.325990153 10.165764238 10.029124925 14.308799823  5.404662154 14.697079778
[505]  6.995405676 13.428920656 12.807698496 12.730460288 11.733487817 12.803487679 14.306242334
[512]  6.788961421 13.282041482  7.351393296  0.377557462  8.271582954  1.916981604 10.563188016
[519] 14.119132102 13.551832155 12.774250764  4.597367244 14.415611494 12.352731349  6.587764928
[526] 10.873131187  3.735743267  5.407920860 12.984226020 11.328030345 10.644193515  6.113422427
[533]  9.500063512  1.402335223  4.602096784  8.836328071  5.391337173 13.543606572  2.138857547
[540]  0.979047179 13.180682451  3.265256776  4.949190802 10.971573901  7.906113209 12.062208053
[547]  4.647667137  9.157907290  8.166164256 11.732553887  6.367774282 12.599363910  7.704818152
[554]  4.225449493  3.881833215  1.751538627  4.267238114  3.845326920  9.789468516  9.570685872
[561] 12.457661969 12.446927765  0.589014480  8.895354419 10.917596542 10.676125898  8.051506537
[568]  1.478833143 10.606752806  7.498763641 11.701165154 11.681518097  1.758050536  1.407682495
[575] 10.806546078  6.672666979 11.196519795  9.438816232  2.053290948 10.050839121  7.307390245
[582]  5.125424523  7.969683082  2.821239163  7.523567659 11.300412580  7.753014495  3.048169474
[589]  2.887433167  0.086353925  5.078239791 10.768810840  6.988676069 11.129504855  8.061539124
[596]  7.713717201  4.160862378  9.424889974  9.902776940  5.759596689 10.696339473  1.395971322
[603]  5.803491945  7.792266711  1.674709326 10.665422936  8.429259131  8.075488413  9.514380212
[610]  6.631138113  3.624706159  1.452684199  9.986464647  5.231580525  8.000098822  4.059016891
[617]  7.257160912  4.234663015  6.106408765  6.213600555  7.144717610  7.761658936  4.871405408
[624]  3.906066144  4.890661975  9.899296900  5.989217669  3.823267477  9.062479124  8.117014993
[631]  3.571282817  7.129096138  2.541635005  0.450125589  2.183855433  1.846214026  8.240011660
[638]  7.481897958  4.846700377  4.144657676  5.464029906  3.162183691  3.024215393  0.378611872
[645]  6.334864334  5.479029429  2.018885247  5.710886188  5.356492770  1.761425359  8.886988605
[652]  8.382350099  7.863822846  5.693132860  0.777841859  1.490624002  2.004232907  2.784927417
[659]  7.277343547  8.212007196  3.915695335  8.383987220  4.460352776  1.516502309  5.662032785
[666]  5.079942951  4.396584807  1.433534801  1.402170502  2.338203533  7.703923368  6.880742754
[673]  7.058444371  5.934354356  6.897562703  3.978553893  2.661908428  6.096183606  3.875506817
[680]  3.663438823  5.014039823  7.891871295  7.568324817  7.288499098  0.394065318  7.160886865
[687]  4.035160321  3.572247993  2.903269654  7.084357476  3.297226841  3.286169841  7.454992946
[694]  5.029818480  7.046972456  6.681415943  7.091662286  3.657728292  4.557925797  6.779748143
[701]  3.264052708  7.195519858  4.907288855  4.436650421  3.256311686  2.581142046  0.737816080
[708]  2.988161387  2.018705958  6.483584028  1.070538348  4.715986267  5.746304612  5.496080161
[715]  5.762483090  1.415032355  2.590709596  1.591964937  5.186034877  3.938316744  4.017177633
[722]  1.678482005  0.046226418  5.328920809  4.679168658  5.348970283  5.359124611  2.041760267
[729]  3.805143951  1.635499759  3.958640843  5.299428051  1.883468266  0.919556866  4.556104326
[736]  0.365793286  2.464509988  0.007629524  4.625919417  1.293153143  4.119988766  2.742607997
[743]  2.509696006  2.433775135  2.146425945  5.090016479  1.386806675  1.164795113  3.852083665
[750]  2.736982280  2.290650976  4.801716717  4.427600589  0.041147718  0.354632762  1.660541765
[757]  2.583612934  1.096679533  2.566972683  0.217047917  0.520128590  0.673538102  1.035021039
[764]  3.792036420  2.600639614  1.399360939  2.599967606  0.772231406  1.878615732  1.298092097
[771]  0.494752767  1.730296224  1.879852453  0.298043994  0.554781837  2.084176937  0.977797008
[778]  1.330135050  1.926229915  1.768051202  0.710407066  0.363021626  0.100903716  0.108163603
[785]  0.028843585

$PAR
  [1]  NA   1   2   2   2   3   3   6   6   6   6   6   7   7   7   7   4   9   9   9   9   9   9
 [24]   9   9  13  26  27  27  27  19  31  28  28  29  29  35  20  20  38  38  38  33  33  43  30
 [47]  30  30  30  30  30  30  30  30  30  30  44  37  37  40  40  10  10  10  10  10  11  11  39
 [70]  39  12  12  12  12  12  12  12  46  46  69  69  69  69  70  70  84  84  84  84  84  32  41
 [93]  41  41  22  22  78  78  86  86  71  71  71  71  71  59  59  87  87  87  87  87  23  88  88
[116]  88  88  48  62  62  62 108 108 108  49 125 125  80  80  80  80  50  50  50  50 113 113 113
[139]  57 128 128 128  51  51  51  51  99  99  99  99  79  79  79  79  79  79  79 136 136 136 132
[162] 151 151 151  72  72 161 140 140 140 110 110 110 110 110 110 110 158 158 158  97  92  92  92
[185]  45  45  98  98  73  73  90 178 178 178 126 126 126 162 162 162 179 179  63  63 187 187 187
[208]  93  93  93  93  93  93  93 192  34  34  34 160 165 165 111 111 111 111  61  61  61  61 226
[231] 226 195 195  74  74  74  74  74 230 230 188 215  67  67  67 219 219 208  14  14  14  14  14
[254] 180 180 180 180 180 254 254 254 254 259 259 227 203 203 203 203 107 107 241 241 241 263 102
[277] 102 102 102 217 172 172 172 246 246 246 103 103 112 112 153 153 204 163 163 163 163 141 144
[300] 281 281 281 260 260 206 206 206 206 264 264 264 154  52  52  52 209 209 209 209 210 210 210
[323] 147 147 147 232 232 182 138 138 138 138 185 185 185 185 190 190 249 280 280 145 145 294 294
[346] 294 218 282 282 282 282  68 255 255 255 255 298 123 312 155 353 353 222 342 342 342 223 361
[369] 266 314  15 248 248 248 248 148 148 148 317 323 323 300 300 300 300 300 133 364 364 364 275
[392] 328 328 328 328 328 231 231 270 368 368 372 372 228 234 234 234 388  53  53  53  53 389 301
[415] 301 402 250 250 409 409 358 186 186 186 186  54  54 360 360 360 360  83  83 247 247 247 247
[438] 173 174 174 142 400 287 287 287 287 119 267 447 439 428 428 376 376 376 284 284 355 434 434
[461] 443  16  16 320 347 324 382 382 382 435 435 435 435 435 435 399 397 397 397 390 233 233 465
[484] 449 449 461 461 333 343 343  76  76 383 105 261 442 442 442 225 285 285 429 116 251 239 480
[507] 480 476 476 459 450 408 349 349 349 486 486 235 488 488 488 488 504 444 444 306 306 493 422
[530] 398 398 499 511 511 481 456 456 519 519 519 156 156 302 236 236 339 339 497 497 121 121 207
[553] 207 207 207 506 457 457 418 418 529 507 507 510 446 446 446 521 344 344 561 561 561 561 562
[576] 340 484 271 271 546 546 546 327 327 411 509 550 550 550 550 571 572 572 365 365 365 212 392
[599] 157 157 315 594 127 544 544 575 575 575 291 291 124 268 566 566 606 531 569 569 377 265 288
[622] 412 412 237 501  56  56  56 472 393 149 430 430 430 331 331 295 560 609 609 533 533 432 432
[645] 345 345 578 256 256 150 494 485 491 451 277 346 629  94 564 536 427 334 334 334 662 662 662
[668] 243 453 387 516 516 321 637 660 440 134 615 615 615 498 406 653 244 604 466 466 587 367 176
[691] 176 176 671 671 683 585 638 638 693 424 514 473 581 581 581 659 659 617 617 632 673 415 672
[714] 672 512 700 403 135 532 619 297 297 490 229 229 603 713 395 303 714 482 641 641 641 380 503
[737] 727 649 726 724 469 469 469 719 719 582 452 374 591 591 694 703 623 752 522 699 663 454 557
[760] 554  77 720 679 483 764 542 705 258 643 677 765 767 717 717 759 670 751 745 579 517 772 777
[783] 304 736 723

$EXTANT
  [1] FALSE FALSE FALSE FALSE FALSE FALSE FALSE FALSE FALSE  TRUE FALSE FALSE FALSE  TRUE FALSE
 [16]  TRUE FALSE FALSE FALSE FALSE FALSE FALSE FALSE FALSE FALSE FALSE FALSE FALSE FALSE  TRUE
 [31] FALSE FALSE FALSE FALSE FALSE FALSE FALSE FALSE FALSE  TRUE FALSE FALSE FALSE FALSE FALSE
 [46] FALSE FALSE FALSE FALSE FALSE  TRUE FALSE FALSE FALSE FALSE  TRUE FALSE FALSE FALSE FALSE
 [61]  TRUE FALSE FALSE FALSE FALSE FALSE  TRUE FALSE  TRUE FALSE FALSE FALSE FALSE FALSE FALSE
 [76]  TRUE  TRUE FALSE  TRUE FALSE FALSE FALSE  TRUE FALSE FALSE FALSE FALSE  TRUE FALSE FALSE
 [91] FALSE  TRUE  TRUE  TRUE FALSE FALSE FALSE FALSE FALSE FALSE FALSE  TRUE  TRUE FALSE  TRUE
[106] FALSE  TRUE FALSE FALSE FALSE FALSE  TRUE FALSE FALSE FALSE  TRUE  TRUE FALSE FALSE  TRUE
[121]  TRUE FALSE  TRUE  TRUE  TRUE  TRUE  TRUE FALSE FALSE FALSE FALSE FALSE  TRUE  TRUE  TRUE
[136] FALSE FALSE  TRUE FALSE  TRUE FALSE FALSE FALSE FALSE  TRUE  TRUE  TRUE FALSE  TRUE  TRUE
[151] FALSE FALSE  TRUE FALSE  TRUE  TRUE  TRUE FALSE FALSE FALSE FALSE  TRUE  TRUE FALSE FALSE
[166] FALSE FALSE FALSE FALSE FALSE FALSE  TRUE FALSE FALSE  TRUE FALSE  TRUE  TRUE  TRUE  TRUE
[181] FALSE FALSE FALSE  TRUE  TRUE  TRUE  TRUE FALSE  TRUE FALSE FALSE FALSE FALSE FALSE FALSE
[196] FALSE  TRUE FALSE  TRUE  TRUE  TRUE FALSE FALSE FALSE FALSE  TRUE  TRUE FALSE  TRUE  TRUE
[211] FALSE  TRUE  TRUE  TRUE  TRUE FALSE FALSE  TRUE  TRUE  TRUE  TRUE  TRUE FALSE FALSE FALSE
[226] FALSE  TRUE  TRUE FALSE  TRUE  TRUE  TRUE  TRUE  TRUE FALSE  TRUE  TRUE  TRUE FALSE  TRUE
[241]  TRUE  TRUE  TRUE  TRUE  TRUE FALSE FALSE  TRUE  TRUE  TRUE FALSE  TRUE  TRUE  TRUE FALSE
[256] FALSE  TRUE  TRUE FALSE  TRUE  TRUE  TRUE FALSE FALSE  TRUE  TRUE  TRUE  TRUE  TRUE FALSE
[271]  TRUE FALSE FALSE  TRUE  TRUE FALSE  TRUE FALSE  TRUE  TRUE  TRUE  TRUE FALSE  TRUE FALSE
[286] FALSE FALSE FALSE  TRUE  TRUE  TRUE  TRUE FALSE FALSE  TRUE FALSE  TRUE  TRUE FALSE  TRUE
[301]  TRUE  TRUE  TRUE  TRUE FALSE  TRUE  TRUE  TRUE  TRUE FALSE  TRUE FALSE FALSE FALSE  TRUE
[316] FALSE  TRUE  TRUE  TRUE FALSE  TRUE  TRUE  TRUE FALSE FALSE FALSE  TRUE  TRUE  TRUE  TRUE
[331]  TRUE  TRUE FALSE  TRUE FALSE FALSE FALSE  TRUE  TRUE  TRUE  TRUE  TRUE  TRUE FALSE  TRUE
[346]  TRUE FALSE FALSE  TRUE  TRUE FALSE FALSE FALSE FALSE FALSE  TRUE FALSE FALSE  TRUE FALSE
[361] FALSE FALSE  TRUE FALSE FALSE  TRUE  TRUE FALSE FALSE FALSE  TRUE  TRUE FALSE  TRUE  TRUE
[376]  TRUE  TRUE  TRUE FALSE  TRUE  TRUE  TRUE FALSE FALSE FALSE  TRUE  TRUE FALSE  TRUE FALSE
[391]  TRUE FALSE  TRUE  TRUE  TRUE FALSE  TRUE FALSE FALSE  TRUE  TRUE  TRUE  TRUE  TRUE FALSE
[406]  TRUE FALSE  TRUE  TRUE FALSE  TRUE  TRUE  TRUE  TRUE  TRUE  TRUE  TRUE  TRUE FALSE  TRUE
[421] FALSE  TRUE FALSE  TRUE  TRUE  TRUE  TRUE  TRUE  TRUE  TRUE FALSE  TRUE  TRUE FALSE  TRUE
[436]  TRUE  TRUE  TRUE FALSE  TRUE  TRUE  TRUE FALSE  TRUE  TRUE  TRUE FALSE FALSE  TRUE FALSE
[451]  TRUE  TRUE  TRUE  TRUE  TRUE  TRUE FALSE  TRUE FALSE FALSE FALSE  TRUE FALSE FALSE FALSE
[466]  TRUE FALSE  TRUE  TRUE  TRUE  TRUE FALSE  TRUE  TRUE  TRUE  TRUE FALSE FALSE  TRUE  TRUE
[481]  TRUE  TRUE  TRUE  TRUE FALSE  TRUE  TRUE  TRUE FALSE  TRUE  TRUE  TRUE  TRUE FALSE  TRUE
[496] FALSE  TRUE  TRUE  TRUE  TRUE  TRUE FALSE  TRUE  TRUE  TRUE  TRUE  TRUE  TRUE FALSE  TRUE
[511]  TRUE FALSE  TRUE  TRUE  TRUE  TRUE  TRUE  TRUE  TRUE  TRUE  TRUE  TRUE  TRUE  TRUE  TRUE
[526]  TRUE  TRUE FALSE FALSE FALSE FALSE  TRUE  TRUE  TRUE  TRUE  TRUE  TRUE  TRUE  TRUE  TRUE
[541] FALSE  TRUE  TRUE  TRUE  TRUE FALSE FALSE  TRUE FALSE  TRUE FALSE  TRUE  TRUE  TRUE  TRUE
[556]  TRUE  TRUE  TRUE  TRUE  TRUE  TRUE FALSE  TRUE  TRUE  TRUE  TRUE  TRUE  TRUE  TRUE  TRUE
[571]  TRUE  TRUE  TRUE  TRUE  TRUE FALSE FALSE  TRUE  TRUE FALSE  TRUE  TRUE  TRUE  TRUE  TRUE
[586]  TRUE FALSE  TRUE  TRUE  TRUE  TRUE  TRUE  TRUE  TRUE  TRUE FALSE  TRUE FALSE FALSE  TRUE
[601]  TRUE  TRUE  TRUE  TRUE  TRUE  TRUE  TRUE  TRUE  TRUE FALSE  TRUE  TRUE FALSE  TRUE FALSE
[616]  TRUE  TRUE  TRUE FALSE  TRUE  TRUE  TRUE  TRUE  TRUE  TRUE  TRUE  TRUE  TRUE  TRUE  TRUE
[631]  TRUE  TRUE  TRUE  TRUE  TRUE  TRUE  TRUE  TRUE  TRUE  TRUE  TRUE  TRUE  TRUE  TRUE  TRUE
[646]  TRUE  TRUE  TRUE  TRUE  TRUE  TRUE  TRUE FALSE  TRUE  TRUE  TRUE  TRUE  TRUE  TRUE FALSE
[661]  TRUE  TRUE  TRUE  TRUE  TRUE FALSE  TRUE  TRUE  TRUE  TRUE FALSE  TRUE  TRUE  TRUE  TRUE
[676]  TRUE  TRUE  TRUE  TRUE  TRUE  TRUE  TRUE FALSE  TRUE  TRUE  TRUE  TRUE  TRUE  TRUE  TRUE
[691]  TRUE  TRUE  TRUE  TRUE  TRUE FALSE  TRUE  TRUE  TRUE  TRUE  TRUE  TRUE  TRUE  TRUE  TRUE
[706]  TRUE  TRUE  TRUE  TRUE FALSE  TRUE  TRUE  TRUE  TRUE  TRUE  TRUE  TRUE  TRUE  TRUE  TRUE
[721]  TRUE  TRUE  TRUE  TRUE  TRUE  TRUE  TRUE  TRUE  TRUE  TRUE  TRUE  TRUE  TRUE  TRUE FALSE
[736]  TRUE  TRUE  TRUE FALSE  TRUE FALSE FALSE  TRUE  TRUE  TRUE FALSE  TRUE  TRUE FALSE  TRUE
[751]  TRUE  TRUE  TRUE  TRUE  TRUE  TRUE  TRUE  TRUE  TRUE  TRUE  TRUE  TRUE FALSE  TRUE  TRUE
[766]  TRUE  TRUE  TRUE  TRUE  TRUE  TRUE  TRUE FALSE  TRUE  TRUE  TRUE  TRUE  TRUE  TRUE  TRUE
[781]  TRUE  TRUE  TRUE  TRUE  TRUE

