
Birth-death simulation object with 773 species and 500 extant species

Details for some species:

Extinction times (NA means extant)
[1]  95.81551 108.88110  85.13385  91.48141        NA  83.25381


Speciation times 
[1] 118.69117 110.05647 102.52408  97.50193  96.53977  91.73952


Species parents (NA for initial)
[1] NA  1  1  3  3  4


Species status (extinct or extant)
[1] "extinct" "extinct" "extinct" "extinct" "extant"  "extinct"


For more details on vector y, try sim$y, with y one of
TE TS PAR EXTANT



$TE
  [1]  95.8155102 108.8811012  85.1338515  91.4814066          NA  83.2538105  38.0252643
  [8]          NA  49.4854580          NA  14.1501910  16.7237082  10.7540449          NA
 [15]   3.2266035  82.0337607  71.4617282  66.7072444   8.9908962  40.4354590  39.0509865
 [22]          NA   9.9276186  57.9691205  43.2593982  49.5651108          NA  15.2363628
 [29]   4.5714091          NA          NA          NA          NA  41.9515915  19.0297363
 [36]          NA  51.5960516  10.0749473  30.6166755          NA  20.8442114  16.1446838
 [43]  16.3240598  45.9727137  24.9923377  34.8124198          NA  13.0704554  43.7009563
 [50]  40.9533946  32.2771001  36.2719712  18.6814728  12.5665958   7.8319809  22.7560157
 [57]  13.9765361  12.1119040          NA  21.1389994          NA   1.1861565  23.8578412
 [64]  38.9867487          NA  37.2055786  10.0482612          NA  21.9219256          NA
 [71]          NA  14.2528150  24.2676741          NA          NA   4.9175375          NA
 [78]  27.1535502  25.9787117   6.9562660          NA  15.3278476  13.4133201   3.6897196
 [85]  11.6211008   8.7083190   3.1479141          NA          NA          NA   3.2707640
 [92]          NA   8.5742665          NA  18.8468092   2.7275322          NA          NA
 [99]  26.6475491   9.8486347   8.9452886          NA  10.1166532          NA   4.7026430
[106]   5.6357848   3.3268254  15.0013634  28.5229346          NA  21.3141014          NA
[113]   8.5865796          NA          NA  19.1543218          NA          NA  11.8429034
[120]          NA  29.9235960   1.5931892  26.7952747  26.4297770          NA          NA
[127]  10.8915056  27.1216702   7.2117454          NA          NA   1.5500978   9.6652711
[134]  23.5153262  30.7470923          NA          NA          NA          NA          NA
[141]          NA   3.8182620  11.1828498          NA          NA          NA          NA
[148]          NA          NA  25.3143538          NA   4.3117034   0.5267100          NA
[155]          NA   4.2102251          NA          NA  10.5613916          NA   7.4489871
[162]          NA  23.8632818          NA   7.3162693   9.6485193          NA  17.8268957
[169]          NA  19.0077056  23.5316948  20.0831369          NA  25.2835431  11.6474935
[176]          NA  14.7467852   8.1973001          NA          NA   0.3619449   2.6944889
[183]          NA          NA  20.9961946  23.6902039          NA          NA  24.1062868
[190]          NA          NA  22.0969850          NA          NA   3.1387982   0.2374877
[197]          NA  10.9832664          NA  26.5654241          NA          NA  18.1040405
[204]   7.5449866          NA          NA   3.1987957  14.2377607  22.0743527   5.0687514
[211]          NA  12.4231221          NA          NA          NA  21.6773857   7.4284006
[218]          NA   8.9990370  15.2107584   1.2756293  13.7676305          NA          NA
[225]   2.2432003          NA   1.5071577          NA          NA  21.5241170   2.5842485
[232]          NA          NA          NA          NA          NA          NA          NA
[239]   7.4262589          NA          NA          NA          NA   5.8039882          NA
[246]          NA   1.0152359   1.8364931          NA   5.4620953          NA  18.6634266
[253]          NA          NA          NA          NA          NA          NA          NA
[260]   6.4548568          NA          NA   1.8583172          NA          NA          NA
[267]          NA          NA   9.8381610          NA   9.6221434   9.8453296   8.3221891
[274]          NA          NA          NA          NA   6.7711142   4.3427444          NA
[281]   1.4754074   3.2837560   7.4214461          NA          NA          NA          NA
[288]          NA   6.5534525  21.7447803          NA  17.8003646          NA          NA
[295]  19.2565397  19.4169212  12.3276189  17.8012457          NA          NA          NA
[302]          NA          NA  14.0994271          NA          NA          NA   6.9142564
[309]  10.1283709          NA  15.6551496          NA          NA          NA   3.8218056
[316]          NA   9.6210322  14.8600086  14.0280032          NA          NA  17.4172846
[323]   1.2108156          NA          NA          NA  14.4433005          NA  10.7156139
[330]          NA          NA          NA          NA          NA  11.2027669          NA
[337]          NA  14.8367562          NA          NA          NA  19.3699153          NA
[344]  12.3545734          NA          NA  13.1688652  15.3929711   9.5235803          NA
[351]          NA          NA  21.8508292  16.6649723          NA          NA          NA
[358]  20.7713198          NA          NA          NA          NA          NA          NA
[365]          NA   4.7304641          NA          NA   4.2962722          NA   5.0405012
[372]   5.4587654          NA          NA          NA   4.8392337          NA   4.8883535
[379]          NA          NA          NA   5.9147910          NA          NA          NA
[386]          NA  12.4686233          NA          NA          NA          NA          NA
[393]          NA          NA   8.3966145          NA  15.6061999          NA   2.0221854
[400]          NA          NA          NA          NA          NA          NA  13.1311897
[407]          NA   6.7139504   9.6377539          NA          NA          NA          NA
[414]          NA          NA          NA   4.8651253          NA          NA  14.7106973
[421]   0.5484850          NA   3.5159550          NA          NA          NA          NA
[428]          NA   8.7163300          NA  10.4371141          NA  12.8407794  11.3997001
[435]   2.2177954   7.1755898   5.9987664   3.4638907          NA          NA          NA
[442]          NA          NA          NA   7.2466931  10.7628062          NA   6.8457590
[449]          NA          NA          NA          NA   0.6641175  11.2941548          NA
[456]          NA          NA          NA          NA   4.1113341          NA          NA
[463]          NA          NA          NA          NA          NA          NA          NA
[470]   2.6797313          NA          NA          NA          NA   5.3764729   8.6945506
[477]          NA          NA   4.0216945          NA          NA          NA          NA
[484]          NA          NA          NA          NA          NA   6.1084071          NA
[491]          NA   8.9050360          NA          NA   2.1905979          NA          NA
[498]          NA   0.7483140   6.2726338          NA          NA   2.2828940          NA
[505]          NA          NA          NA   5.3871039          NA          NA          NA
[512]          NA   8.0819475          NA          NA  12.2895456   1.6500020   4.3129254
[519]          NA          NA          NA          NA          NA          NA   5.0271593
[526]   3.7898230          NA          NA          NA          NA   6.7277334          NA
[533]          NA          NA          NA          NA          NA          NA          NA
[540]   8.5607106          NA          NA          NA          NA          NA          NA
[547]          NA   0.3162876          NA   4.8245641          NA   4.9692709          NA
[554]          NA          NA          NA   3.5662531  10.9050569   4.7819322          NA
[561]          NA          NA          NA   3.7860855          NA          NA          NA
[568]          NA          NA          NA          NA          NA          NA   6.7788689
[575]          NA          NA          NA          NA   5.7387827          NA          NA
[582]          NA   1.0338254          NA          NA          NA          NA   0.8804833
[589]          NA          NA          NA          NA          NA   2.4030597          NA
[596]   8.5881143          NA          NA          NA          NA          NA          NA
[603]          NA          NA          NA          NA          NA          NA          NA
[610]   6.3078219          NA          NA          NA          NA          NA          NA
[617]          NA          NA   0.1617791          NA          NA   0.6204773          NA
[624]          NA   4.1628099          NA          NA          NA   2.4419242   3.6939031
[631]   7.1790648          NA          NA          NA          NA          NA          NA
[638]          NA          NA          NA          NA   4.0132756          NA   3.3651368
[645]          NA   0.1438184          NA   0.8702344          NA          NA          NA
[652]          NA   1.8687640          NA          NA          NA   6.1496741          NA
[659]   8.2580669          NA          NA          NA   1.7068570          NA          NA
[666]          NA          NA          NA          NA          NA   1.3843229          NA
[673]          NA          NA          NA          NA          NA   5.7055890          NA
[680]          NA          NA          NA          NA          NA          NA          NA
[687]          NA          NA          NA          NA          NA          NA          NA
[694]          NA   2.9506285          NA          NA          NA          NA          NA
[701]          NA          NA          NA          NA          NA   5.5767742          NA
[708]          NA          NA          NA          NA          NA          NA          NA
[715]          NA   0.3553255          NA   4.7193521          NA          NA          NA
[722]          NA          NA   0.1662292          NA          NA          NA          NA
[729]          NA          NA          NA          NA          NA          NA          NA
[736]          NA          NA          NA          NA          NA          NA          NA
[743]          NA          NA          NA          NA          NA          NA          NA
[750]          NA          NA          NA   1.5227967          NA          NA          NA
[757]   0.2103143          NA          NA          NA          NA          NA          NA
[764]   0.5027419          NA          NA          NA          NA          NA          NA
[771]          NA          NA          NA

$TS
  [1] 118.69117049 110.05646527 102.52408286  97.50192896  96.53976641  91.73951595  69.61723366
  [8]  65.68743238  55.07057594  35.13139872  34.64117129  24.94733241  20.90224174   9.75078492
 [15]   7.55272203  84.61465989  83.77320308  83.67225482  63.06063648  50.12068208  47.11840039
 [22]  44.55567953  38.06371513  61.72243738  59.09329360  58.60259752  40.32460527  37.72739714
 [29]  17.38678346  13.47385580  13.38863558   9.48334012   6.69678031  55.03690603  31.44242577
 [36]  23.41863006  56.75503709  56.61947973  50.21153300  27.62985171  54.62291864  46.07891365
 [43]  43.45794036  51.21999290  49.78731659  48.15359314  36.38182578  32.24604404  49.52886793
 [50]  46.63466922  40.73829598  37.39488411  48.07411435  44.21208759  38.52312995  36.03147109
 [57]  35.55911157  40.15305879  36.98534161  36.52645079  33.46993672  28.30184834  26.90864429
 [64]  45.28897410  39.39097577  40.33714599  36.60977841  17.87489849  44.61482535  42.74659525
 [71]  40.16179816  34.54650089  42.36619160  18.07632177   8.30216229  40.13727773  36.34415901
 [78]  34.92079824  28.29659302  22.36533260  21.23386170  18.21929371  18.08116451  28.42556638
 [85]  23.64086802  40.32324257  36.19343384  20.40328042  15.36343862  13.64290534  12.17534924
 [92]  11.99818085  35.75989074  35.62723748  27.38661794   7.35335616   2.29283545   2.27832550
 [99]  40.05810493  32.44614318  17.12151833  15.50608946  11.29471942  34.37607391  26.13588717
[106]  17.61693322   5.04967261  39.41337085  38.74491175  37.63863396  32.47693392  13.90574873
[113]   9.00620454   5.90061563  36.92251867  35.38843246  29.22184539  28.80474390  30.22625658
[120]  20.73015820  33.22409348  21.20610165  37.26589026  33.34840599  17.73093087  11.86282321
[127]  32.54133848  31.86017855  25.68147165  17.13023656  17.10469956  13.55918670  32.23287077
[134]  30.94476646  32.98491508  26.05040816   7.51203736   5.85046404   0.23778710  28.97785401
[141]  27.03666491  22.79060074  22.44484352  13.09962580  29.13375545  22.05262376  32.89183855
[148]  31.26662809  26.28901207  33.07108560  16.54175160  14.18523797   8.21581958  27.80786112
[155]  21.73137185  20.95666208  34.60571362  17.39230229  16.80203297  15.70460606  13.38561771
[162]   4.53880183  29.64063813  31.47481823  28.08520183  17.68586827  31.98674445  18.30454879
[169]  17.24060516  27.03268835  26.54432186  33.61933044  32.58671835  32.10818077  27.35686776
[176]  31.64533797  29.86834857  11.63695194  10.67029528   1.05809229  28.83471110  21.04274128
[183]   8.38048532   4.85560215  31.08800639  29.97267102   5.08383790  30.33887568  27.88823166
[190]  27.99686945   3.82438120  29.40804424  29.18620498  23.40051213  15.32476362  30.35148697
[197]  22.33522283  23.00447617  10.15235460  31.04941915  30.65720096  28.88072943  22.02177071
[204]  17.34064541  10.77771337  10.65626065   4.49368235  14.71625393  30.09699665  24.35408105
[211]  16.49182860  24.33508106  22.16192024  20.24372898  12.94047903  29.75584242  27.45495808
[218]  29.14248988  24.13953551  25.66274173   3.00230273  25.81521645  25.06379693  11.49756963
[225]  10.87611737  28.36463103  27.68332262  29.77907366  26.28240792  26.22896541  11.44201296
[232]  28.72464949   2.02835055  24.05941893  23.46948602  16.32060415  13.79048671   1.09883220
[239]   9.91613463   9.27635791   7.31815150   6.21192323   0.38323932  18.91917071   0.42230037
[246]  25.95757500  17.66676736   4.93920802  18.08300873  15.96341307  27.75408288  23.69275692
[253]  13.58981195  15.01013855   7.69675614  23.18007309  23.14220752  19.77928720  16.81367922
[260]   9.67360472   7.99516961   3.99239980   1.97014722  23.61484285  12.42629212  12.01709910
[267]  24.64120329  13.94318821  12.92186265  12.01742866  24.50733427  17.25345929  13.78722873
[274]   0.94692246   0.03027455  15.85701688   8.05283339  21.37578757  14.12291583  25.90535632
[281]  14.59754880   6.17497193  14.77192398   2.09753237  25.00179902   5.51589348   5.83395162
[288]  24.61960587  16.63296401  22.32772748  22.22161815  18.92858166   9.93693776   6.08305710
[295]  22.39613494  21.55976130  17.55136704  18.78730551  15.87533527  16.27640781   8.72321597
[302]   1.05829211   7.51617346  22.91412897  17.90276793  17.36101693  17.13366262  15.83618377
[309]  10.76946564   4.21163279  22.90423026  19.66473902   5.11763779   2.13610668  18.16740248
[316]  11.95150772  19.22640022  17.18619612  15.49933314  17.93580860  11.17592185  17.89051732
[323]  14.46974427  13.35704104  13.33537198   7.03247426  19.29801216  18.49052014  17.06601680
[330]   5.23180281   3.24300546  13.39302660   0.63306358  16.86379009  11.85036200   1.25414440
[337]   3.33094468  20.94399052  14.27467610   4.81329073  10.27430359  22.14229702  19.76208741
[344]  16.47888469  15.43295547   6.33049986  20.48732511  19.89337834  19.75147574  15.30176297
[351]  19.73617479  14.07453548  22.03721607  17.59382941  10.24323192   7.64388198   3.38294225
[358]  21.78465380  15.78000767  15.48429804   7.88955562  20.85966007   7.98463147   1.47682407
[365]  18.21202227  13.69099986   9.59409746  19.37666445  14.72880584   6.85270386  20.22736375
[372]  19.63868329  12.85969280   3.78891215  19.75275745  18.12859250  20.69644281  11.90908901
[379]  11.22392055   7.49031957   5.23282865  13.52918065   6.11551033   3.04548151  13.02082070
[386]  11.20852051  20.17242335   6.96777305  13.22776665  19.04499723  17.03452492  12.49310459
[393]  15.83826986  19.29990076   9.85463994   7.27279127  18.95441240  16.44721408  16.06099876
[400]   2.86532186  17.65067098  11.30695125   0.81260917  16.29158186   7.69174834  16.33085302
[407]  12.36735832  11.63313453  17.72948863   3.71755841  19.12617805  18.06786971  17.56401544
[414]   8.26807106   3.38396312   1.23573473  10.22361260  11.26086872   7.22494303  16.58495647
[421]  14.28721148  14.80949372  14.19782461  10.17448557   9.46577252   8.92000277  11.80063360
[428]   1.26358231  16.50017420   2.67591152  13.20497893   6.44485514  15.28328087  14.22771883
[435]   3.63295825  15.24591223   6.34140784   5.00396629   2.79280217  16.11419762  11.61791808
[442]  14.46688194  11.36453983   5.67563818  17.31285148  11.10466611  10.68500483  17.14908785
[449]   5.72495182   6.25720407  17.30846827   6.90837679  13.47556082  11.91647313  11.16357925
[456]  10.60791733   8.82444732   2.17424915   5.71428313   5.44422114   2.03157002   1.63647680
[463]   9.76456300   2.22786457  12.53535475  11.68870384   4.43840623   1.50575442  15.65742811
[470]  11.14689879  13.42193640  12.40876868  15.19812310  12.21417428  10.15973539  14.48115367
[477]  13.69728774  11.70647518   9.00219192   4.35000366   0.24391543   7.29742385   6.51194923
[484]   7.90257323   5.65807748  12.31252916  11.55044150  14.82098282   7.22244559   4.37296997
[491]   3.71511407  15.75304581   3.63734512   7.00756289   5.86528559   0.17289303  12.98976749
[498]   7.48313485  13.63865017   9.45867120  13.03767958   5.75254601   9.32528800   6.55899658
[505]   4.18415174  14.71642876  13.59897954  10.27848541   6.51809422  10.67909199   6.41507022
[512]   9.93468253  12.43111761   8.43259775  14.03416759  13.04600485   8.63240023   9.42230235
[519]  12.95412892   5.79556795   3.76943413   0.60693641  10.93100172   6.62571787  11.05400237
[526]  12.34613973  11.38460371   7.67948422  12.36159822   7.87763366   6.76283016   2.98444955
[533]   6.50939493   8.56005434   1.30419575   9.22194005   7.76626381   3.39461905   2.87743955
[540]  10.08448349   7.60979939   4.37520062   4.34304705   9.46699779   6.86633785   1.70715744
[547]   1.51547311   1.50359122   7.63989477   5.57771266   1.81727907  11.84690018   8.37871591
[554]   0.24730944  11.99911179   4.02623969   8.00794323  12.39455015  10.46718046  10.28613088
[561]  11.99096213   8.45973735  12.82901808   7.13952767   7.11154788   6.46356009   2.43962104
[568]  10.57630346   8.07019458   0.45450841   0.02493537  11.64897826   6.86346902  10.67830547
[575]   4.27527298   8.17531931  11.58480393   8.64318838  11.98966543   7.02851382   3.60528488
[582]   1.38700664   3.38933286   2.67207687   5.39558082   2.19789637   4.34114346  11.17749968
[589]   5.42210134   5.39319794   4.10645629   3.68739912  10.53230763   6.09784737   8.35096478
[596]   9.05296810   2.03902642   9.29808302   4.92838858   1.69868144   5.61615016   2.32484493
[603]  10.16073843   5.51267766   3.92494320   3.72719603   7.55513600   4.56100859  10.53541232
[610]   6.67809363   9.82876276   8.49198197   4.48398620   2.91687289   9.61065737   3.35617748
[617]   0.50991963  10.03213906   3.74782775   0.60057244   6.92420867   4.05653702  10.62477400
[624]   7.07233366   5.74845317   4.68949961   2.18322938   0.82890301   5.17893939   3.74662581
[631]   7.33972375   2.68433457   9.38675585   7.25471013   2.08460235   8.20619300   7.80557953
[638]   0.37234932   9.85006448   6.50953368   0.43120746   6.15172721   6.85160015   3.79472241
[645]   3.01765102   7.59870129   5.50834240   8.53640589   1.00766471   5.44045854   0.89121540
[652]   0.28572576   6.21928459   0.27927571   0.06382520   8.82569936   7.17638459   5.97140922
[659]   8.51369699   3.62747465   7.51766078   6.70080637   4.47645036   7.77575286   3.85374483
[666]   2.03766366   8.33665054   7.40975824   7.14220384   2.13599960   4.04723706   0.10389875
[673]   7.27123348   7.40000457   3.37862917   4.09153617   5.63667774   5.85511004   3.83445639
[680]   2.13668587   0.10109790   4.76741809   1.31096853   0.59333916   0.44900734   3.73780629
[687]   4.07828892   0.17389625   4.10088210   2.84647272   1.79947892   6.30975789   6.08083125
[694]   0.01669386   4.92522472   5.43790901   6.15563344   6.32873588   4.96835713   6.13599591
[701]   6.28627568   2.41079892   3.24133980   0.96889271   5.69387948   5.89672558   3.23691062
[708]   3.41292277   1.11874007   0.25942750   5.53236432   4.24863445   5.37453531   0.96290909
[715]   0.49823102   2.24441518   0.63147016   5.56547540   4.40459585   4.91744134   4.64811680
[722]   4.40847776   2.65130814   3.79222476   4.91318709   4.83800139   3.69361239   3.26861361
[729]   3.79325997   3.46929256   4.79624507   2.99760891   1.34274772   0.88791054   0.74413638
[736]   4.45367031   1.80232548   1.79718928   0.21565612   1.43297799   1.34518644   3.23444078
[743]   1.15684720   2.71834177   2.57854200   3.27604456   2.17412453   1.90100279   1.51140448
[750]   2.96482669   3.29859345   0.90406284   1.93653136   2.87903531   1.97747490   2.12391590
[757]   2.41945787   2.65813693   1.99024345   0.46954801   0.94106174   0.27637866   2.35614404
[764]   1.07113487   0.74839878   1.88022112   1.35570450   1.30243080   0.09041392   0.73533040
[771]   0.22899984   0.07166479   0.19948900

$PAR
  [1]  NA   1   1   3   3   4   5   5   5   5   5   5   5   5   5   6  16  17   7   7   7   7   7
 [24]   8   8   8   8   8   8   8   8   8   8  19  19  19  25  25  38  38  34  34  34  41  41  41
 [47]  41  41  45  45  45  45  49  49  46  46  46  53  53  53  53  53  53  21  21  42  42  42  64
 [70]  69  69  69  22  22  22  54  54  54  54  54  54  54  54  43  43  70  70  70  70  70  70  70
 [93]  73  73  27  27  27  27  86  86  86  86  86  71  71  71  71  76  76  76  76  76  76  76  99
[116]  99  99  99 108 108  65  65 109  23  23  23  28  28  28  28 110 110 123 123  59  59  59  59
[139]  59 115 115 115 115 115  67  67  60  60  60  47  47  47  47  77  77  77  87  87  87  87  87
[162]  87  56  93  93  93  94  94  94  57  57 116  10  11  11 157 157 157 157 157 104 104 104 104
[185] 172 172  61 150 150 147 147 173 173 173 173  48  48 133 133 174 174 167 167 167 167 167 167
[208] 176 164 164 164  35 148 148 148 185 185 200 134 201 196 188 188 188 188 119 119 209 186 228
[231] 228 117 117 193 218 218 218 218 145 140 140 140 140 202 202 118 118 118 232 232  84  84  84
[254] 226 226  62  62  62  62  62  62  62  62 165 165 165 189 154 154 154 251 251 251 251 251  40
[277] 217 175 175 141 141 141 149 229 230 105 136 246 246 280 280 280 280 280 222 222 222 129 220
[300] 223 223 223 285  12 267 267 267 267 267 267 288 288 288 288 210 210 212 212 212 219 219 234
[323] 234 234 234 234  85  85  85 264 264 235 235  36  36  36 194 256 256 256 257 198 304 304 304
[346] 142 143 143 143 143 197 197 291 291 291 213 213 146 146 146 146 155 155 155 278 278 278  81
[369]  81 122 182 182 182 182 338 338  13  13 362 362 362 120 120 120 377 377  88 214 371 387 387
[392] 387 348 258 258 258 343 375 375 375 349 351 351 312 312 372 372 372 368 368 394 394 394 394
[415] 394 394 390 328 328 365 365 376 376 376 376 376 249 249  83 412 320 320 305 305 305  68  68
[438]  68 125 409 409 166 166 401 106 106 106 354 158  29 306 306 445 451 169 448 448 307 130 130
[461] 130 130 131 131 329 391 391 391 259 159 289 211 344 236 236 404 404 404 404 300 300 440 440
[484] 399 399 250 250 299 299 299 276 308 359 469 469 102 360 360  89  89 195 195 350 350 350 436
[507] 473 473 473 254 254 488 422 283 369 369 506 281 323 323 442 442 421 421 339 152 152 152 352
[530] 352 352 352 268 112 237 477 366 499 507 253 253 253 253 382 382 453  30  30  31  31  31 161
[553] 324 324 325 325 389 431 431 144 501 385 497 497 497 497 519 373 563 465 465 392 392 513 265
[576] 529 526 526 486 486 474 474 270 270 555 555  92 561 561 561 561 561 378 552 478 466 572 441
[599] 577 487 527 527 443 443 418 418 386 386 588 321 455 470 470 470 205 205 205 510 510 510 574
[622] 179 206 623 623 623 623 456 568 609 593 593 508 341 355 424 475 618 293 293 293 611 463  14
[645]  14  32  32 544 544 518 598 598 536 536 536 479 479 479 656 578 648 562 562 514 183 183 553
[668]  75 636 576 569 261 363 361 361 530 664 537 405 528 528 549 549 661 380 498 668 668 673 673
[691] 673 634 634 634 419 669 565 326 326 494 621 621 452 545 370 643 432 346 692 692 653 282 642
[714] 700 700 294 138 287 287 520 502 449 449 459 550 650 585 590 713 629 187 184 340 731 682 626
[737] 613 613 719 310 591 676 676 687 605 665 665 665 191 521 410 410 581 337 337 728 707 732 750
[760] 614 539 539 439 744 680 284 233 600 535 628 570 762 710

$EXTANT
  [1] FALSE FALSE FALSE FALSE  TRUE FALSE FALSE  TRUE FALSE  TRUE FALSE FALSE FALSE  TRUE FALSE
 [16] FALSE FALSE FALSE FALSE FALSE FALSE  TRUE FALSE FALSE FALSE FALSE  TRUE FALSE FALSE  TRUE
 [31]  TRUE  TRUE  TRUE FALSE FALSE  TRUE FALSE FALSE FALSE  TRUE FALSE FALSE FALSE FALSE FALSE
 [46] FALSE  TRUE FALSE FALSE FALSE FALSE FALSE FALSE FALSE FALSE FALSE FALSE FALSE  TRUE FALSE
 [61]  TRUE FALSE FALSE FALSE  TRUE FALSE FALSE  TRUE FALSE  TRUE  TRUE FALSE FALSE  TRUE  TRUE
 [76] FALSE  TRUE FALSE FALSE FALSE  TRUE FALSE FALSE FALSE FALSE FALSE FALSE  TRUE  TRUE  TRUE
 [91] FALSE  TRUE FALSE  TRUE FALSE FALSE  TRUE  TRUE FALSE FALSE FALSE  TRUE FALSE  TRUE FALSE
[106] FALSE FALSE FALSE FALSE  TRUE FALSE  TRUE FALSE  TRUE  TRUE FALSE  TRUE  TRUE FALSE  TRUE
[121] FALSE FALSE FALSE FALSE  TRUE  TRUE FALSE FALSE FALSE  TRUE  TRUE FALSE FALSE FALSE FALSE
[136]  TRUE  TRUE  TRUE  TRUE  TRUE  TRUE FALSE FALSE  TRUE  TRUE  TRUE  TRUE  TRUE  TRUE FALSE
[151]  TRUE FALSE FALSE  TRUE  TRUE FALSE  TRUE  TRUE FALSE  TRUE FALSE  TRUE FALSE  TRUE FALSE
[166] FALSE  TRUE FALSE  TRUE FALSE FALSE FALSE  TRUE FALSE FALSE  TRUE FALSE FALSE  TRUE  TRUE
[181] FALSE FALSE  TRUE  TRUE FALSE FALSE  TRUE  TRUE FALSE  TRUE  TRUE FALSE  TRUE  TRUE FALSE
[196] FALSE  TRUE FALSE  TRUE FALSE  TRUE  TRUE FALSE FALSE  TRUE  TRUE FALSE FALSE FALSE FALSE
[211]  TRUE FALSE  TRUE  TRUE  TRUE FALSE FALSE  TRUE FALSE FALSE FALSE FALSE  TRUE  TRUE FALSE
[226]  TRUE FALSE  TRUE  TRUE FALSE FALSE  TRUE  TRUE  TRUE  TRUE  TRUE  TRUE  TRUE FALSE  TRUE
[241]  TRUE  TRUE  TRUE FALSE  TRUE  TRUE FALSE FALSE  TRUE FALSE  TRUE FALSE  TRUE  TRUE  TRUE
[256]  TRUE  TRUE  TRUE  TRUE FALSE  TRUE  TRUE FALSE  TRUE  TRUE  TRUE  TRUE  TRUE FALSE  TRUE
[271] FALSE FALSE FALSE  TRUE  TRUE  TRUE  TRUE FALSE FALSE  TRUE FALSE FALSE FALSE  TRUE  TRUE
[286]  TRUE  TRUE  TRUE FALSE FALSE  TRUE FALSE  TRUE  TRUE FALSE FALSE FALSE FALSE  TRUE  TRUE
[301]  TRUE  TRUE  TRUE FALSE  TRUE  TRUE  TRUE FALSE FALSE  TRUE FALSE  TRUE  TRUE  TRUE FALSE
[316]  TRUE FALSE FALSE FALSE  TRUE  TRUE FALSE FALSE  TRUE  TRUE  TRUE FALSE  TRUE FALSE  TRUE
[331]  TRUE  TRUE  TRUE  TRUE FALSE  TRUE  TRUE FALSE  TRUE  TRUE  TRUE FALSE  TRUE FALSE  TRUE
[346]  TRUE FALSE FALSE FALSE  TRUE  TRUE  TRUE FALSE FALSE  TRUE  TRUE  TRUE FALSE  TRUE  TRUE
[361]  TRUE  TRUE  TRUE  TRUE  TRUE FALSE  TRUE  TRUE FALSE  TRUE FALSE FALSE  TRUE  TRUE  TRUE
[376] FALSE  TRUE FALSE  TRUE  TRUE  TRUE FALSE  TRUE  TRUE  TRUE  TRUE FALSE  TRUE  TRUE  TRUE
[391]  TRUE  TRUE  TRUE  TRUE FALSE  TRUE FALSE  TRUE FALSE  TRUE  TRUE  TRUE  TRUE  TRUE  TRUE
[406] FALSE  TRUE FALSE FALSE  TRUE  TRUE  TRUE  TRUE  TRUE  TRUE  TRUE FALSE  TRUE  TRUE FALSE
[421] FALSE  TRUE FALSE  TRUE  TRUE  TRUE  TRUE  TRUE FALSE  TRUE FALSE  TRUE FALSE FALSE FALSE
[436] FALSE FALSE FALSE  TRUE  TRUE  TRUE  TRUE  TRUE  TRUE FALSE FALSE  TRUE FALSE  TRUE  TRUE
[451]  TRUE  TRUE FALSE FALSE  TRUE  TRUE  TRUE  TRUE  TRUE FALSE  TRUE  TRUE  TRUE  TRUE  TRUE
[466]  TRUE  TRUE  TRUE  TRUE FALSE  TRUE  TRUE  TRUE  TRUE FALSE FALSE  TRUE  TRUE FALSE  TRUE
[481]  TRUE  TRUE  TRUE  TRUE  TRUE  TRUE  TRUE  TRUE FALSE  TRUE  TRUE FALSE  TRUE  TRUE FALSE
[496]  TRUE  TRUE  TRUE FALSE FALSE  TRUE  TRUE FALSE  TRUE  TRUE  TRUE  TRUE FALSE  TRUE  TRUE
[511]  TRUE  TRUE FALSE  TRUE  TRUE FALSE FALSE FALSE  TRUE  TRUE  TRUE  TRUE  TRUE  TRUE FALSE
[526] FALSE  TRUE  TRUE  TRUE  TRUE FALSE  TRUE  TRUE  TRUE  TRUE  TRUE  TRUE  TRUE  TRUE FALSE
[541]  TRUE  TRUE  TRUE  TRUE  TRUE  TRUE  TRUE FALSE  TRUE FALSE  TRUE FALSE  TRUE  TRUE  TRUE
[556]  TRUE FALSE FALSE FALSE  TRUE  TRUE  TRUE  TRUE FALSE  TRUE  TRUE  TRUE  TRUE  TRUE  TRUE
[571]  TRUE  TRUE  TRUE FALSE  TRUE  TRUE  TRUE  TRUE FALSE  TRUE  TRUE  TRUE FALSE  TRUE  TRUE
[586]  TRUE  TRUE FALSE  TRUE  TRUE  TRUE  TRUE  TRUE FALSE  TRUE FALSE  TRUE  TRUE  TRUE  TRUE
[601]  TRUE  TRUE  TRUE  TRUE  TRUE  TRUE  TRUE  TRUE  TRUE FALSE  TRUE  TRUE  TRUE  TRUE  TRUE
[616]  TRUE  TRUE  TRUE FALSE  TRUE  TRUE FALSE  TRUE  TRUE FALSE  TRUE  TRUE  TRUE FALSE FALSE
[631] FALSE  TRUE  TRUE  TRUE  TRUE  TRUE  TRUE  TRUE  TRUE  TRUE  TRUE FALSE  TRUE FALSE  TRUE
[646] FALSE  TRUE FALSE  TRUE  TRUE  TRUE  TRUE FALSE  TRUE  TRUE  TRUE FALSE  TRUE FALSE  TRUE
[661]  TRUE  TRUE FALSE  TRUE  TRUE  TRUE  TRUE  TRUE  TRUE  TRUE FALSE  TRUE  TRUE  TRUE  TRUE
[676]  TRUE  TRUE FALSE  TRUE  TRUE  TRUE  TRUE  TRUE  TRUE  TRUE  TRUE  TRUE  TRUE  TRUE  TRUE
[691]  TRUE  TRUE  TRUE  TRUE FALSE  TRUE  TRUE  TRUE  TRUE  TRUE  TRUE  TRUE  TRUE  TRUE  TRUE
[706] FALSE  TRUE  TRUE  TRUE  TRUE  TRUE  TRUE  TRUE  TRUE  TRUE FALSE  TRUE FALSE  TRUE  TRUE
[721]  TRUE  TRUE  TRUE FALSE  TRUE  TRUE  TRUE  TRUE  TRUE  TRUE  TRUE  TRUE  TRUE  TRUE  TRUE
[736]  TRUE  TRUE  TRUE  TRUE  TRUE  TRUE  TRUE  TRUE  TRUE  TRUE  TRUE  TRUE  TRUE  TRUE  TRUE
[751]  TRUE  TRUE FALSE  TRUE  TRUE  TRUE FALSE  TRUE  TRUE  TRUE  TRUE  TRUE  TRUE FALSE  TRUE
[766]  TRUE  TRUE  TRUE  TRUE  TRUE  TRUE  TRUE  TRUE

