
Birth-death simulation object with 809 species and 500 extant species

Details for some species:

Extinction times (NA means extant)
[1]  98.00446 131.98738 123.11858 117.69149 105.61319  66.66760


Speciation times 
[1] 151.1194 133.0944 129.9165 118.3111 108.6279 100.7985


Species parents (NA for initial)
[1] NA  1  1  1  1  1


Species status (extinct or extant)
[1] "extinct" "extinct" "extinct" "extinct" "extinct" "extinct"


For more details on vector y, try sim$y, with y one of
TE TS PAR EXTANT



$TE
  [1]  98.0044561 131.9873765 123.1185804 117.6914887 105.6131929  66.6675965  80.1940554  59.8951914  67.4277468  73.2796485
 [11]  35.8701160  61.4432611  72.7328882  72.7085464  67.4277440  62.8789072  40.9929840  38.9184562  21.1271711  14.4443984
 [21]  70.6629747  52.0793713  73.6988991  55.8859294  50.0626409  60.2164765  58.4591425   3.6713973  38.7783691  65.2984715
 [31]   1.9699327  60.5286464  23.9733160  25.4202503          NA  69.0975587  49.6383134          NA          NA          NA
 [41]  20.5878046          NA   5.2489669          NA  51.3583756  54.7154026   2.8498939  29.0819040          NA          NA
 [51]          NA  44.3164304   9.2215590          NA          NA          NA          NA  28.2478421          NA  30.9365947
 [61]          NA  33.1123983  18.2457693  59.0481042  39.9648599  54.9152563          NA  32.6772173  40.5532679  21.2010945
 [71]  22.8882406  29.8486330  38.6268837   9.1015689  18.5427538  37.1989259          NA   3.9251918   4.9749087  17.4709123
 [81]          NA          NA          NA          NA  31.8318746  29.2940730  47.5148109          NA  38.2866033  48.8060432
 [91]  36.8315799  23.7379024          NA  16.3808150  25.4283835          NA          NA          NA   6.3947271          NA
[101]          NA          NA          NA   0.8269558  36.5362759          NA  16.4488269  12.3876300          NA          NA
[111]          NA          NA  14.4827974          NA  35.3136964          NA  26.9204911          NA          NA          NA
[121]          NA   5.5497479   1.6353690          NA          NA   0.1687618          NA          NA  28.9332382   9.7821864
[131]          NA          NA          NA  38.8845907  32.2399435  10.2613042  26.1550913  35.8133555  25.1024083  20.3338812
[141]  19.3782960          NA  16.9325136  27.1248092  20.3868005  11.5425378   6.2246747          NA          NA  47.6553332
[151]          NA          NA  14.6560537  44.3384499  16.6099245          NA          NA          NA  37.3935248  30.9965998
[161]  25.9185347  37.4088296  37.7300268  27.2205814  40.1419983          NA  11.0180232          NA          NA          NA
[171]  36.3162690  12.1268723  15.1419350          NA  10.2225014          NA  13.2342131          NA          NA  28.3957591
[181]  41.6277054          NA          NA          NA          NA  17.7358236  11.0927264          NA   3.7233278  41.9091108
[191]  17.1996138          NA          NA   0.9687092          NA  21.9407811  19.3071871   0.8059071   2.6541242   5.3069792
[201]          NA  25.1710789  28.4382073          NA  12.2375002          NA          NA  34.3880748  37.1376548  21.3681665
[211]  17.4820751  14.7197195          NA  10.3944130          NA          NA  21.9315100  26.8576810  10.0605237          NA
[221]   7.9185801          NA   5.1144828  35.7469210  12.1770252          NA          NA  25.6656608  12.3913901          NA
[231]          NA  22.0396836          NA          NA  22.3999459   6.9297491   4.7903834  16.5813574  27.4783095  19.1394613
[241]          NA          NA   0.4854053          NA          NA          NA   7.9583318          NA   0.2877483  22.8314340
[251]  20.0120639   8.9021193  25.7848822  11.7341168          NA          NA   6.5178901          NA  22.7149675          NA
[261]          NA   9.6044153   3.9356733   2.5932280   9.9992012   2.0488516          NA   2.1054830          NA          NA
[271]  17.4804706   2.0689028          NA          NA  23.5485528  17.1436135          NA          NA          NA  19.2835370
[281]          NA          NA   2.4890419          NA  26.0698092          NA          NA          NA          NA   3.3576422
[291]          NA          NA          NA          NA          NA          NA   2.6136981  23.2031169          NA          NA
[301]          NA  18.4950184          NA  15.1378474          NA          NA          NA          NA          NA   3.7624959
[311]   8.0570713   7.0914850          NA  15.6529572  23.4521103          NA   6.6105686   8.2870034   4.9410917          NA
[321]   7.9709345   1.4040725          NA          NA          NA          NA          NA          NA  15.0382369          NA
[331]   9.8812072          NA          NA   5.1998522          NA   4.5291353          NA          NA          NA  12.2245441
[341]          NA          NA          NA          NA  10.6363583   1.1291691  16.9659626          NA  15.1638317          NA
[351]          NA          NA          NA  10.8398867          NA          NA   6.2759887   5.8245463          NA          NA
[361]          NA   2.9235904          NA          NA  14.0319605          NA          NA          NA          NA  20.0013958
[371]          NA          NA          NA          NA  10.7229856  13.6175011          NA  14.3844722  16.5432974          NA
[381]          NA          NA          NA   8.9497280  11.1472907   0.8082538          NA   8.1536013   3.5996163   1.0480386
[391]          NA          NA          NA  21.0934729   9.8420026          NA          NA          NA   2.3053420          NA
[401]          NA  12.1628629          NA          NA          NA          NA   7.7243994   8.7392045  10.7713252  13.0825449
[411]          NA   1.0254149          NA   2.9684072          NA          NA   2.8856881          NA  18.9240308          NA
[421]          NA          NA   4.1002722  10.7954703   4.6793997          NA          NA  18.6570583          NA          NA
[431]          NA          NA          NA          NA          NA          NA          NA          NA          NA          NA
[441]          NA          NA          NA   1.4696720          NA  10.5304662  11.7451255  11.1567256          NA          NA
[451]   5.6761264          NA          NA   5.3167265          NA          NA          NA  14.7655184   4.3296092          NA
[461]          NA          NA          NA   3.9029919          NA          NA          NA          NA          NA   9.1372996
[471]          NA          NA  18.5586470  13.0029043   2.3848464          NA          NA          NA          NA          NA
[481]          NA   0.3629899          NA   0.2090503  14.9085664  12.6666066          NA   8.1586570          NA          NA
[491]          NA          NA          NA          NA          NA          NA          NA          NA   5.1376875          NA
[501]          NA          NA          NA          NA          NA          NA          NA          NA          NA          NA
[511]          NA   5.8307046   8.3888691          NA   6.0189013          NA          NA          NA          NA          NA
[521]          NA          NA   5.4055507          NA          NA          NA   6.5779008  11.4687120   3.4049888          NA
[531]          NA          NA   6.5162644          NA   6.7570633          NA          NA   3.8087417   0.5980000  12.7097179
[541]          NA          NA   5.3820041   7.8055566          NA          NA          NA          NA   9.3011059   7.9486903
[551]          NA          NA   1.5992353          NA          NA          NA          NA          NA          NA          NA
[561]          NA          NA          NA   4.9239067          NA          NA          NA          NA          NA          NA
[571]          NA   5.4096884          NA          NA          NA          NA          NA          NA          NA   7.8585843
[581]          NA   7.6081682          NA          NA          NA   0.9190253          NA          NA          NA   0.2703755
[591]   7.8701665          NA          NA          NA          NA          NA   9.4466803          NA          NA          NA
[601]          NA          NA          NA          NA          NA          NA          NA   6.4675923          NA   9.0158346
[611]  11.8547256          NA          NA          NA          NA          NA          NA          NA          NA          NA
[621]   9.2054153          NA          NA          NA   8.4210882          NA          NA          NA          NA          NA
[631]          NA          NA          NA          NA          NA          NA          NA   4.9532205          NA   2.6455854
[641]          NA          NA          NA          NA          NA          NA   1.6494773          NA          NA   1.9910189
[651]          NA          NA          NA          NA   5.9390429          NA          NA          NA          NA          NA
[661]          NA          NA          NA          NA          NA          NA          NA          NA          NA          NA
[671]   5.1962733          NA   2.3876647          NA   1.0194616          NA          NA          NA          NA   4.9598327
[681]          NA          NA          NA          NA          NA   1.8599194          NA   2.6670167          NA          NA
[691]          NA          NA          NA          NA          NA          NA          NA          NA          NA          NA
[701]          NA   0.1524954          NA          NA          NA          NA          NA          NA   1.7892890          NA
[711]          NA          NA          NA          NA          NA          NA          NA   3.0604447          NA          NA
[721]          NA   2.4338728          NA          NA          NA   0.5232887   3.7067204          NA          NA          NA
[731]          NA          NA          NA          NA   0.1474088          NA          NA   1.4111563          NA          NA
[741]          NA          NA   0.5072277          NA   4.4387069          NA   1.4061759          NA          NA          NA
[751]          NA          NA          NA          NA          NA          NA          NA          NA          NA          NA
[761]          NA          NA          NA   0.5670733          NA          NA          NA          NA          NA          NA
[771]          NA          NA          NA          NA          NA   0.4009258   1.0371986          NA          NA          NA
[781]          NA   1.8556940   1.2906483          NA          NA          NA          NA          NA          NA          NA
[791]          NA          NA          NA          NA          NA          NA          NA          NA          NA          NA
[801]          NA          NA          NA          NA          NA   0.5538383          NA          NA          NA

$TS
  [1] 1.511194e+02 1.330944e+02 1.299165e+02 1.183111e+02 1.086279e+02 1.007985e+02 9.084228e+01 7.119246e+01 8.867560e+01 8.122110e+01
 [11] 8.199506e+01 8.126249e+01 7.662938e+01 7.361750e+01 6.901903e+01 6.321304e+01 5.733328e+01 5.580377e+01 4.207542e+01 3.845196e+01
 [21] 8.074043e+01 7.692410e+01 7.619851e+01 6.241473e+01 6.232770e+01 6.159916e+01 7.724392e+01 7.333784e+01 6.228200e+01 7.398543e+01
 [31] 6.670008e+01 6.469686e+01 5.660657e+01 5.409912e+01 6.573138e+01 7.213631e+01 5.715222e+01 3.256254e+01 3.082978e+01 2.913063e+01
 [41] 2.413647e+01 1.340452e+01 1.145521e+01 8.013544e+00 6.319080e+01 5.863182e+01 4.619629e+01 4.392715e+01 3.841364e+01 7.303443e+00
 [51] 6.853638e+00 5.149971e+01 3.661092e+01 2.571509e+01 1.833696e+01 8.202709e+00 2.453517e+00 6.463255e+01 5.316183e+01 3.978665e+01
 [61] 3.538109e+01 3.313659e+01 2.933638e+01 6.114813e+01 5.798385e+01 6.060766e+01 5.593303e+01 5.500554e+01 5.233026e+01 4.816611e+01
 [71] 5.530926e+01 5.062951e+01 4.182006e+01 5.384385e+01 5.051796e+01 4.738926e+01 3.074613e+01 3.010516e+01 4.283257e+01 3.616077e+01
 [81] 2.844431e+01 2.304594e+01 1.565596e+01 5.045763e+01 4.821349e+01 4.584907e+01 5.453132e+01 5.410945e+01 4.925811e+01 5.044603e+01
 [91] 5.096778e+01 5.008502e+01 3.399155e+01 2.953255e+01 2.554200e+01 2.440304e+01 1.250756e+01 8.814448e+00 7.360231e+00 4.491789e+00
[101] 9.177965e-01 5.402861e+01 5.201905e+01 5.055625e+01 4.871441e+01 2.291386e+01 2.130894e+01 1.802023e+01 1.080591e+01 5.065286e+00
[111] 1.032232e+00 3.159453e+01 2.302285e+01 5.196310e+01 4.969259e+01 3.832175e+01 3.722025e+01 2.643732e+01 2.132088e+01 9.437113e+00
[121] 2.305454e+01 1.270999e+01 1.230066e+01 4.613733e+00 1.633409e+00 4.346880e-01 4.629851e+01 4.418167e+01 3.766444e+01 1.186299e+01
[131] 1.044625e+01 4.590398e+00 4.102621e+00 4.570488e+01 3.979548e+01 4.816119e+01 4.243480e+01 3.938614e+01 3.826010e+01 3.204430e+01
[141] 3.073547e+01 4.304597e+01 3.064125e+01 2.760950e+01 2.622966e+01 2.538987e+01 1.623548e+01 1.151667e+01 6.709281e+00 4.969900e+01
[151] 2.468199e+01 2.101613e+01 2.080786e+01 4.563892e+01 2.501931e+01 1.830002e+01 1.622285e+01 1.610034e+01 3.818304e+01 3.164444e+01
[161] 4.769183e+01 4.721515e+01 4.534987e+01 4.407390e+01 4.019815e+01 3.821456e+01 4.734614e+01 4.199625e+01 3.867053e+01 3.669126e+01
[171] 3.842323e+01 4.440863e+01 3.289990e+01 2.048958e+01 2.006198e+01 1.711924e+01 1.413851e+01 1.368580e+01 1.223642e+01 4.346180e+01
[181] 4.249254e+01 3.715312e+01 7.654545e+00 5.353000e+00 2.848110e+01 2.029923e+01 1.776710e+01 1.350708e+01 1.236358e+01 4.442283e+01
[191] 4.195069e+01 2.921102e+01 2.023373e+01 3.388969e+01 2.740768e+01 2.668258e+01 2.096685e+01 2.071791e+01 1.234596e+01 7.857286e+00
[201] 1.731783e+01 4.234153e+01 2.868743e+01 2.654683e+01 1.381568e+01 1.393981e+00 4.087706e+01 3.887247e+01 3.871140e+01 3.010112e+01
[211] 2.663329e+01 2.132345e+01 2.073116e+01 1.263103e+01 6.113447e+00 3.175703e+00 3.609981e+01 3.793483e+01 3.131916e+01 1.901663e+01
[221] 3.513591e+01 2.134719e+01 7.715821e+00 3.595230e+01 2.772899e+01 1.948808e+01 3.559436e+01 2.706261e+01 2.529683e+01 1.627725e+01
[231] 3.227380e+01 3.545929e+01 3.306291e+01 2.881582e+01 3.383963e+01 2.836052e+01 1.601105e+01 3.020571e+01 2.946218e+01 2.683673e+01
[241] 2.171335e+01 1.860656e+01 1.369345e+01 1.292957e+01 9.585486e+00 3.224956e+01 3.335157e+01 1.979207e+01 3.244200e+01 3.035443e+01
[251] 3.336411e+01 1.395428e+01 2.885931e+01 1.921382e+01 1.029022e+01 5.303184e+00 2.806185e+01 2.728859e+01 3.048944e+01 1.804669e+01
[261] 1.429458e+01 1.003778e+01 9.757323e+00 3.053717e+01 1.389849e+01 1.341720e+01 3.307226e+00 1.974085e+01 1.513917e+01 1.251541e+01
[271] 2.218692e+01 1.126843e+01 1.109589e+01 4.402915e+00 3.151590e+01 2.766347e+01 2.447196e+01 1.359921e+00 3.094214e+01 2.765938e+01
[281] 2.505469e+01 2.782284e+01 5.179205e+00 1.455037e+00 3.042401e+01 2.451328e+01 1.538179e+01 1.425776e+01 1.035605e+01 2.112098e+01
[291] 1.450370e+01 1.329319e+01 3.956020e+00 1.361519e+01 5.527683e+00 1.712478e+00 2.645858e+01 2.454410e+01 2.055082e+01 3.038033e+01
[301] 2.257561e+01 2.228175e+01 2.521291e+01 2.514380e+01 2.484460e+01 2.966851e+01 1.932587e+01 7.453426e+00 1.290876e+00 2.594290e+01
[311] 1.593495e+01 1.206907e+01 7.832549e+00 2.292575e+01 2.384714e+01 3.885010e+00 2.129414e+01 1.707029e+01 1.513297e+01 1.644508e+01
[321] 8.121873e+00 3.989288e+00 2.220967e+01 1.555912e+01 6.918171e+00 2.628444e+01 1.194996e+01 5.392508e+00 2.206914e+01 2.022003e+01
[331] 1.315380e+01 1.309525e+01 9.990890e+00 9.365051e+00 2.466789e+01 1.996209e+01 1.279470e+01 7.301154e+00 4.810074e-01 2.437307e+01
[341] 1.365667e+01 7.582505e+00 5.786707e+00 1.834195e+01 1.577777e+01 1.338050e+01 2.254683e+01 2.065359e+01 2.332103e+01 2.311627e+01
[351] 2.201977e+01 2.268944e+01 2.148050e+01 1.969313e+01 1.054290e+01 2.619431e+01 2.421214e+01 1.202032e+01 1.534121e+01 1.429785e+01
[361] 1.008544e+01 9.622845e+00 1.221650e+01 5.316614e+00 2.249091e+01 4.998250e+00 2.076294e+01 1.925547e+01 1.470897e+01 2.472203e+01
[371] 2.284716e+01 2.009187e+01 1.362879e+01 1.800185e+00 2.514163e+01 1.648001e+01 1.335993e+01 2.075266e+01 1.810296e+01 1.540843e+01
[381] 9.415838e+00 3.337833e+00 9.503911e-01 1.605758e+01 1.863797e+01 1.487720e+01 1.314113e+01 8.819213e+00 4.458449e+00 2.028875e+01
[391] 1.858068e+01 1.327620e+01 6.838766e+00 2.360973e+01 2.272919e+01 1.799986e+01 1.442917e+01 1.969817e+01 1.648549e+01 1.223442e+01
[401] 1.219948e+00 1.327979e+01 1.518265e+01 1.162849e+01 1.047421e+01 7.577845e+00 2.107624e+01 1.638814e+01 2.294880e+01 1.938682e+01
[411] 1.583141e+01 1.134517e+01 1.544205e+01 1.764859e+01 1.675648e+01 1.533546e+01 1.660976e+01 1.410616e+01 2.134008e+01 1.674292e+01
[421] 5.357505e+00 1.594072e+00 1.809751e+01 1.435306e+01 9.582516e+00 8.405066e+00 2.178974e+01 1.945955e+01 7.720914e+00 7.365607e+00
[431] 3.136178e+00 9.108870e+00 4.143822e+00 6.069353e+00 5.864637e+00 1.985620e+01 1.132392e+01 1.144372e+01 5.826457e+00 2.455779e+00
[441] 8.474336e+00 3.675677e-01 1.608988e+01 1.039518e+01 2.792691e+00 1.636778e+01 1.178706e+01 1.503759e+01 1.113898e+01 4.321995e+00
[451] 6.618879e+00 8.424508e+00 7.881805e+00 1.874035e+01 1.767007e+01 2.734598e+00 8.237369e+00 1.675023e+01 1.266446e+01 1.261289e+01
[461] 9.460563e+00 1.011069e+01 8.187294e-01 1.056719e+01 3.651502e+00 1.482061e+01 1.325059e+01 1.068159e+01 6.561964e+00 1.486658e+01
[471] 1.304173e+01 6.948281e+00 1.881733e+01 1.570654e+01 5.799754e+00 1.633653e+00 4.384255e+00 3.243697e+00 6.762822e+00 2.152104e-01
[481] 1.826101e+01 8.175400e+00 2.349008e+00 1.681420e+01 1.577719e+01 1.370667e+01 1.104537e+01 1.427108e+01 1.680733e+01 6.039641e+00
[491] 7.624610e-01 1.665581e+01 3.639879e+00 1.211169e+01 7.476334e+00 6.553433e+00 5.780238e+00 1.582047e+01 9.828180e+00 8.226867e+00
[501] 8.693284e+00 6.773633e+00 2.823483e+00 9.789804e+00 9.399321e+00 8.529202e+00 1.357908e+00 3.056714e-01 3.742322e-02 1.552825e+01
[511] 1.172011e+01 1.601382e+01 1.018461e+01 1.574884e+01 1.574478e+01 8.355771e+00 1.234785e+01 1.316331e+01 9.502009e+00 8.656497e+00
[521] 1.222166e+01 7.761448e+00 6.366174e+00 8.034793e+00 2.731301e+00 8.590345e-01 7.398369e+00 1.599322e+01 3.596988e+00 1.386333e+01
[531] 1.543115e+01 9.854071e+00 1.264048e+01 4.654924e+00 8.090504e+00 1.181556e+01 8.091643e+00 1.158195e+01 1.024722e+01 1.543006e+01
[541] 1.354480e+01 1.362014e+01 1.167339e+01 1.007718e+01 4.392527e+00 1.121864e+00 2.181044e+00 7.075151e+00 9.699590e+00 9.301234e+00
[551] 2.539412e+00 1.343513e+01 2.592530e+00 1.346039e+00 6.462139e+00 9.496567e-02 8.778512e+00 1.746865e+00 6.705454e+00 3.276137e+00
[561] 2.214386e+00 1.364263e+01 4.056651e+00 9.041752e+00 8.022763e+00 4.080390e+00 1.351971e+01 9.369061e+00 7.084381e+00 1.269457e+01
[571] 6.814441e+00 9.630887e+00 9.246722e+00 5.413988e+00 3.571705e+00 1.752070e+00 1.166617e+00 4.735271e+00 2.548055e+00 8.200936e+00
[581] 8.932091e+00 1.108112e+01 8.118230e+00 5.574852e+00 5.414701e+00 4.809047e+00 6.545958e+00 2.703046e+00 5.259023e+00 5.698386e+00
[591] 1.112905e+01 4.239961e+00 3.291003e+00 5.730235e+00 2.546218e+00 1.298996e+00 1.200822e+01 1.284005e+01 1.168791e+01 1.039008e+01
[601] 1.066779e+01 9.293235e+00 7.886655e+00 7.458413e+00 1.355865e+00 7.389757e+00 9.074665e+00 7.376256e+00 2.789441e+00 1.217791e+01
[611] 1.194639e+01 6.383285e+00 2.338535e-01 5.902857e-01 1.141824e+01 5.463325e+00 3.736446e+00 6.704095e+00 4.077889e+00 9.433647e+00
[621] 1.086279e+01 6.290195e+00 6.030204e+00 8.978945e+00 1.035338e+01 7.021862e+00 1.007622e+01 6.534949e+00 9.232171e+00 6.696595e+00
[631] 1.613021e+00 3.736399e-01 1.062727e+01 9.731541e+00 2.070693e+00 8.841883e+00 9.301949e+00 5.170320e+00 8.702908e+00 6.334340e+00
[641] 7.510797e+00 2.868582e+00 1.728704e+00 4.987014e+00 2.919236e+00 1.382997e+00 2.170048e+00 7.425461e+00 4.600880e+00 8.683713e+00
[651] 5.064077e+00 7.850205e+00 8.294279e+00 7.784374e+00 7.295201e+00 8.192164e+00 5.850599e+00 1.881343e+00 4.621758e+00 6.239043e+00
[661] 8.276385e+00 8.000659e+00 2.459444e+00 6.442569e-01 2.073921e+00 1.501152e+00 1.674286e+00 3.774541e-01 6.505137e+00 7.503923e+00
[671] 7.545042e+00 1.001399e+00 7.343216e+00 1.501891e+00 3.301486e+00 4.139950e+00 8.061312e+00 1.752045e+00 5.246201e+00 6.290474e+00
[681] 5.447611e+00 2.131970e+00 6.592121e+00 5.744156e+00 6.298666e-01 4.046625e+00 4.290360e+00 3.160614e+00 7.221237e+00 7.291098e+00
[691] 3.991253e+00 7.207181e+00 5.842714e+00 5.475766e+00 1.965754e+00 4.956567e-01 1.157085e+00 7.395268e+00 6.936173e+00 7.571101e+00
[701] 6.948840e+00 4.989716e+00 3.661066e+00 4.406511e+00 4.411358e-01 6.485319e+00 3.722959e-01 3.255938e+00 5.685118e+00 5.693319e-01
[711] 5.757853e-01 2.255451e-01 4.613395e-01 6.381736e+00 6.147498e+00 3.812404e+00 1.279658e+00 6.164160e+00 6.011286e+00 4.444090e+00
[721] 2.115536e+00 3.722102e+00 3.168126e+00 5.689391e+00 3.133274e+00 2.264105e+00 6.314110e+00 6.166340e+00 5.338473e-01 3.069171e+00
[731] 2.978399e+00 1.610714e+00 1.709358e+00 4.246905e+00 9.675324e-01 1.252668e+00 6.302081e+00 3.209919e+00 2.182702e+00 3.705089e+00
[741] 1.578441e-01 1.065716e+00 5.472743e-01 4.812122e+00 4.667551e+00 3.934130e+00 2.498919e+00 1.745792e+00 5.063782e+00 4.565594e+00
[751] 3.493973e+00 7.781472e-01 5.228592e+00 5.184038e+00 4.501793e+00 2.782688e+00 6.433062e-01 3.129370e-01 3.949227e+00 4.950794e+00
[761] 4.840089e+00 4.430620e+00 3.493468e+00 2.649444e+00 5.163294e+00 5.037416e+00 3.073425e+00 3.643645e+00 3.544742e+00 2.853186e+00
[771] 2.797056e+00 1.048840e+00 4.645317e-01 4.682373e-01 2.827682e+00 2.729054e+00 1.953600e+00 3.994356e+00 9.248494e-01 1.140978e-01
[781] 7.194800e-01 3.163761e+00 2.430791e+00 2.028925e+00 9.058577e-01 3.005507e+00 1.792474e+00 3.565235e-01 3.595514e+00 1.488249e-01
[791] 3.087776e+00 2.609798e+00 2.223215e+00 1.161153e+00 2.374418e-02 6.723107e-02 2.100484e-01 1.327776e+00 4.678064e-01 5.070865e-01
[801] 1.377866e+00 8.137350e-02 8.106257e-01 9.168986e-01 6.208035e-01 6.891034e-01 9.567814e-01 4.329488e-01 2.144456e-03

$PAR
  [1]  NA   1   1   1   1   1   6   6   7   7   9   9   9  11  11  11  11  11  11  11  12  12  12  12  12  12  10  27  27  22  22  22
 [33]  22  22  30  28  28  28  28  28  28  28  28  28   8  31  31  31  31  31  31  35  35  35  35  35  35  32  58  58  58  58  58  24
 [65]  24  25  25  25  25  29  66  65  17  33  33  33  33  33  67  67  67  67  67  18  18  18  71  71  71  87  88  88  88  88  88  88
 [97]  88  88  88  88  88  34 102 102 102 102 102 102 102 102 102  74  74  59  59  59  59  59  59  59 103 103 103 103 103 103 114 114
[129] 114 114 114 114 114  91  91  72  72  72  72  72  72 104 104 104 104 104 104 104 104  75  75  75  75  84  84  84  84  84  92  92
[161] 150  89  89  89  85  70 161 161 161 161  76 167 167 167 167 167 167 167 167 162 162 127 127 127  47  47  47  47  47 163 190 128
[193] 128 164 142 142 142 142 142 142  79 137 202 202 168 168 191  73  73 207 207 207 207 207 207 207 208 169 169 169  20  20  49 116
[225] 116 116 166 166 166 166 218 129 129 182 170 170  53 217 217 227 227 227 227 227 227 232  61  61 221 221  93  93 194 194 194 194
[257] 235 235 247 247 247 247 247 233 233 233 233 173  38  38 249 231 231 231 246 246 246 246 140 140 140 112 112 112 219 219 219 219
[289] 219 279 279 279 279  39  39  39  77 141 141 143 143 143 264 264 264 300 300 300 300 238  78  78  78 210 306 306  94  94 192  40
[321]  40  40 234 234 234  81  81  81 257 257 257 257 257 257 282 282 282 282 282 225 195 195 195 258 258 258 240 240 196 211 211 204
[353] 204 204 204 297 297 297 118 118 118 118 326 326 356 356 310 310 310  54  54  54  54  54 146 229 229 303 303 303 303 303 303 304
[385] 375 375 375 281 281 155 305 305 305 151 151 151 151 335 335 286 286 277  96  96  96  96 357 357  41 350 121 121  82 113 113 113
[417] 409 409 106 106 106 106 371 352 352 352 301 301 301 301 301 323 323 351 351 427 241 353 353 353 222 222 212 119 119 317 317 152
[449] 152 367 213 198 198 348 299 299 174 390 193 193 193 330 330 436 436 248 248 268 268 398 398 398 354 354 226 226 307 307 368 368
[481] 220 220 220 454 385 242 242 344 156 156 156 481 481 423 423 423 423 108 455 455 414 176 176 484 489 415 415 415 415 492 492 417
[513] 417 399 399 399 408 230 230 230 147 147 147 157 157 157 158 443 443 512 528 311 411 411 498 514 514 515 515 474 474 324 324 324
[545] 324 324 510 413 531 531 380 287 287 287 359 359 403 403 319 386 466 291 291 360 360 360 488 288 288 418 418 252 243 243 243 341
[577] 341 562 562 373 542 541 541 541 541 541 567 567 377 292 392 392 392 467 467 518 471 244 244 244 598 598 598 598 598 337 122 570
[609] 570 533 214 460 460 270  97 517 199 123 123 494 130 404 404 148  43  43 438 615 412 437 273 273 109 468 633 464 355 355 131 131
[641] 444 444 255 539 539 539 462 333 333 532 532 499 263 263 263 572 245 461 120 620 381 381 381 505 637 637 602 602 573 432 607 624
[673] 581  98 501 520 506 441 452 426 653 661 500  56  56 656 537 677 524 565  44 603 603 603 453 313 654 522 522 429 429 429 429 183
[705] 342 700 641 670 495 495 604 604 648 430 673  50 338 655 689 689 689 569 569 626 626 701 472 325 325  51  51  51 571 479 559 618
[737] 451 496 587 628 628 706 714 737 737 660 434 434 490 623 719 719 475 475 475 594 590 681 585 328 328 421 256 256 589 589 110 749
[769] 702 644 644 534 124 545 450 734 734 592 619 563 778 759 716 716 716 740 740 493 529 382 675 738 770 456 588 561 665 643 643 125
[801] 674 801 278 605 309 577 794 546 101

$EXTANT
  [1] FALSE FALSE FALSE FALSE FALSE FALSE FALSE FALSE FALSE FALSE FALSE FALSE FALSE FALSE FALSE FALSE FALSE FALSE FALSE FALSE FALSE
 [22] FALSE FALSE FALSE FALSE FALSE FALSE FALSE FALSE FALSE FALSE FALSE FALSE FALSE  TRUE FALSE FALSE  TRUE  TRUE  TRUE FALSE  TRUE
 [43] FALSE  TRUE FALSE FALSE FALSE FALSE  TRUE  TRUE  TRUE FALSE FALSE  TRUE  TRUE  TRUE  TRUE FALSE  TRUE FALSE  TRUE FALSE FALSE
 [64] FALSE FALSE FALSE  TRUE FALSE FALSE FALSE FALSE FALSE FALSE FALSE FALSE FALSE  TRUE FALSE FALSE FALSE  TRUE  TRUE  TRUE  TRUE
 [85] FALSE FALSE FALSE  TRUE FALSE FALSE FALSE FALSE  TRUE FALSE FALSE  TRUE  TRUE  TRUE FALSE  TRUE  TRUE  TRUE  TRUE FALSE FALSE
[106]  TRUE FALSE FALSE  TRUE  TRUE  TRUE  TRUE FALSE  TRUE FALSE  TRUE FALSE  TRUE  TRUE  TRUE  TRUE FALSE FALSE  TRUE  TRUE FALSE
[127]  TRUE  TRUE FALSE FALSE  TRUE  TRUE  TRUE FALSE FALSE FALSE FALSE FALSE FALSE FALSE FALSE  TRUE FALSE FALSE FALSE FALSE FALSE
[148]  TRUE  TRUE FALSE  TRUE  TRUE FALSE FALSE FALSE  TRUE  TRUE  TRUE FALSE FALSE FALSE FALSE FALSE FALSE FALSE  TRUE FALSE  TRUE
[169]  TRUE  TRUE FALSE FALSE FALSE  TRUE FALSE  TRUE FALSE  TRUE  TRUE FALSE FALSE  TRUE  TRUE  TRUE  TRUE FALSE FALSE  TRUE FALSE
[190] FALSE FALSE  TRUE  TRUE FALSE  TRUE FALSE FALSE FALSE FALSE FALSE  TRUE FALSE FALSE  TRUE FALSE  TRUE  TRUE FALSE FALSE FALSE
[211] FALSE FALSE  TRUE FALSE  TRUE  TRUE FALSE FALSE FALSE  TRUE FALSE  TRUE FALSE FALSE FALSE  TRUE  TRUE FALSE FALSE  TRUE  TRUE
[232] FALSE  TRUE  TRUE FALSE FALSE FALSE FALSE FALSE FALSE  TRUE  TRUE FALSE  TRUE  TRUE  TRUE FALSE  TRUE FALSE FALSE FALSE FALSE
[253] FALSE FALSE  TRUE  TRUE FALSE  TRUE FALSE  TRUE  TRUE FALSE FALSE FALSE FALSE FALSE  TRUE FALSE  TRUE  TRUE FALSE FALSE  TRUE
[274]  TRUE FALSE FALSE  TRUE  TRUE  TRUE FALSE  TRUE  TRUE FALSE  TRUE FALSE  TRUE  TRUE  TRUE  TRUE FALSE  TRUE  TRUE  TRUE  TRUE
[295]  TRUE  TRUE FALSE FALSE  TRUE  TRUE  TRUE FALSE  TRUE FALSE  TRUE  TRUE  TRUE  TRUE  TRUE FALSE FALSE FALSE  TRUE FALSE FALSE
[316]  TRUE FALSE FALSE FALSE  TRUE FALSE FALSE  TRUE  TRUE  TRUE  TRUE  TRUE  TRUE FALSE  TRUE FALSE  TRUE  TRUE FALSE  TRUE FALSE
[337]  TRUE  TRUE  TRUE FALSE  TRUE  TRUE  TRUE  TRUE FALSE FALSE FALSE  TRUE FALSE  TRUE  TRUE  TRUE  TRUE FALSE  TRUE  TRUE FALSE
[358] FALSE  TRUE  TRUE  TRUE FALSE  TRUE  TRUE FALSE  TRUE  TRUE  TRUE  TRUE FALSE  TRUE  TRUE  TRUE  TRUE FALSE FALSE  TRUE FALSE
[379] FALSE  TRUE  TRUE  TRUE  TRUE FALSE FALSE FALSE  TRUE FALSE FALSE FALSE  TRUE  TRUE  TRUE FALSE FALSE  TRUE  TRUE  TRUE FALSE
[400]  TRUE  TRUE FALSE  TRUE  TRUE  TRUE  TRUE FALSE FALSE FALSE FALSE  TRUE FALSE  TRUE FALSE  TRUE  TRUE FALSE  TRUE FALSE  TRUE
[421]  TRUE  TRUE FALSE FALSE FALSE  TRUE  TRUE FALSE  TRUE  TRUE  TRUE  TRUE  TRUE  TRUE  TRUE  TRUE  TRUE  TRUE  TRUE  TRUE  TRUE
[442]  TRUE  TRUE FALSE  TRUE FALSE FALSE FALSE  TRUE  TRUE FALSE  TRUE  TRUE FALSE  TRUE  TRUE  TRUE FALSE FALSE  TRUE  TRUE  TRUE
[463]  TRUE FALSE  TRUE  TRUE  TRUE  TRUE  TRUE FALSE  TRUE  TRUE FALSE FALSE FALSE  TRUE  TRUE  TRUE  TRUE  TRUE  TRUE FALSE  TRUE
[484] FALSE FALSE FALSE  TRUE FALSE  TRUE  TRUE  TRUE  TRUE  TRUE  TRUE  TRUE  TRUE  TRUE  TRUE FALSE  TRUE  TRUE  TRUE  TRUE  TRUE
[505]  TRUE  TRUE  TRUE  TRUE  TRUE  TRUE  TRUE FALSE FALSE  TRUE FALSE  TRUE  TRUE  TRUE  TRUE  TRUE  TRUE  TRUE FALSE  TRUE  TRUE
[526]  TRUE FALSE FALSE FALSE  TRUE  TRUE  TRUE FALSE  TRUE FALSE  TRUE  TRUE FALSE FALSE FALSE  TRUE  TRUE FALSE FALSE  TRUE  TRUE
[547]  TRUE  TRUE FALSE FALSE  TRUE  TRUE FALSE  TRUE  TRUE  TRUE  TRUE  TRUE  TRUE  TRUE  TRUE  TRUE  TRUE FALSE  TRUE  TRUE  TRUE
[568]  TRUE  TRUE  TRUE  TRUE FALSE  TRUE  TRUE  TRUE  TRUE  TRUE  TRUE  TRUE FALSE  TRUE FALSE  TRUE  TRUE  TRUE FALSE  TRUE  TRUE
[589]  TRUE FALSE FALSE  TRUE  TRUE  TRUE  TRUE  TRUE FALSE  TRUE  TRUE  TRUE  TRUE  TRUE  TRUE  TRUE  TRUE  TRUE  TRUE FALSE  TRUE
[610] FALSE FALSE  TRUE  TRUE  TRUE  TRUE  TRUE  TRUE  TRUE  TRUE  TRUE FALSE  TRUE  TRUE  TRUE FALSE  TRUE  TRUE  TRUE  TRUE  TRUE
[631]  TRUE  TRUE  TRUE  TRUE  TRUE  TRUE  TRUE FALSE  TRUE FALSE  TRUE  TRUE  TRUE  TRUE  TRUE  TRUE FALSE  TRUE  TRUE FALSE  TRUE
[652]  TRUE  TRUE  TRUE FALSE  TRUE  TRUE  TRUE  TRUE  TRUE  TRUE  TRUE  TRUE  TRUE  TRUE  TRUE  TRUE  TRUE  TRUE  TRUE FALSE  TRUE
[673] FALSE  TRUE FALSE  TRUE  TRUE  TRUE  TRUE FALSE  TRUE  TRUE  TRUE  TRUE  TRUE FALSE  TRUE FALSE  TRUE  TRUE  TRUE  TRUE  TRUE
[694]  TRUE  TRUE  TRUE  TRUE  TRUE  TRUE  TRUE  TRUE FALSE  TRUE  TRUE  TRUE  TRUE  TRUE  TRUE FALSE  TRUE  TRUE  TRUE  TRUE  TRUE
[715]  TRUE  TRUE  TRUE FALSE  TRUE  TRUE  TRUE FALSE  TRUE  TRUE  TRUE FALSE FALSE  TRUE  TRUE  TRUE  TRUE  TRUE  TRUE  TRUE FALSE
[736]  TRUE  TRUE FALSE  TRUE  TRUE  TRUE  TRUE FALSE  TRUE FALSE  TRUE FALSE  TRUE  TRUE  TRUE  TRUE  TRUE  TRUE  TRUE  TRUE  TRUE
[757]  TRUE  TRUE  TRUE  TRUE  TRUE  TRUE  TRUE FALSE  TRUE  TRUE  TRUE  TRUE  TRUE  TRUE  TRUE  TRUE  TRUE  TRUE  TRUE FALSE FALSE
[778]  TRUE  TRUE  TRUE  TRUE FALSE FALSE  TRUE  TRUE  TRUE  TRUE  TRUE  TRUE  TRUE  TRUE  TRUE  TRUE  TRUE  TRUE  TRUE  TRUE  TRUE
[799]  TRUE  TRUE  TRUE  TRUE  TRUE  TRUE  TRUE FALSE  TRUE  TRUE  TRUE

