
Birth-death simulation object with 897 species and 500 extant species

Details for some species:

Extinction times (NA means extant)
[1] 78.05155 40.32556 56.56429 68.66382 80.73103       NA


Speciation times 
[1] 106.21312 103.10900  98.92569  78.96879  88.35093  76.14820


Species parents (NA for initial)
[1] NA  1  1  1  2  2


Species status (extinct or extant)
[1] "extinct" "extinct" "extinct" "extinct" "extinct" "extant" 


For more details on vector y, try sim$y, with y one of
TE TS PAR EXTANT



$TE
  [1] 78.05154628 40.32556244 56.56429151 68.66382268 80.73103413          NA 63.27672231 58.93204164 60.57466996 66.55162508
 [11] 42.76405640 31.68038629 22.63721058 27.12957223          NA 85.38518681 86.78455966 73.63325435 67.13676916          NA
 [21] 46.75980955 19.93975193 55.52100234 47.69890216 84.22923249 72.12220599 80.06348633 74.87168711 76.16896412 58.88519080
 [31] 64.13876231 13.99029623 21.61887200 17.95712804 10.22657265          NA          NA          NA 63.03083859 50.71001867
 [41] 54.06196439 29.56708051 33.29624494 16.49661274  7.30606791          NA          NA          NA 64.24535780 71.62905503
 [51] 59.61730113 44.52096326 52.39501865 55.85450435 50.03019777 23.52795772 47.65553611 44.28196431 41.87688800 30.06019981
 [61] 22.06712538 53.56224734 36.09279945 55.17258437 48.09541540 43.63549058          NA 56.37180153 31.25428947 53.90450306
 [71]          NA  4.49056972 34.66129031 41.26815334 24.80169252 62.74272029 45.70672911 24.56049008  6.60125757 37.64500300
 [81] 37.92480017 38.24401653          NA  9.49055405 50.63039763 19.78136868 35.27754763 14.64401781 25.07417832 53.77688424
 [91] 48.86240470 34.74485326 11.68605985 51.87514639 36.77199229 17.22542041 25.48905903 26.85241265 48.26449374 51.64630659
[101] 49.07070588 43.19135607          NA  3.44889124 13.34249703  5.39438213          NA          NA 52.06738179 27.99086554
[111] 57.45044214 55.47214306 18.64653669 37.82712197 32.22857636 27.90971456  2.94008288 47.95691718 38.10714519 45.11389259
[121] 40.15523394 53.65039966 38.70455006 24.90858161 52.64973508          NA 30.87171823 19.27167656  2.13856044 23.73753027
[131] 24.11608133 28.71520934 17.03333297  7.25546226 25.31271727          NA 28.05765298          NA          NA  0.48863064
[141]          NA          NA 26.16219071 12.96284361          NA 28.62576098 32.18381618          NA 32.20206583 17.37939853
[151] 20.49663933          NA          NA  9.25722485          NA  2.87094712  5.58908087          NA          NA 44.61530376
[161]  3.65180146 18.07056911 31.61842654          NA 14.49444767          NA          NA 17.45303896  1.51874898 18.79266273
[171] 31.22625592 20.04201869 36.66569634 36.48705006          NA 30.28887251 19.38788967 13.55133044  5.55308177 26.97388993
[181]  1.92892423 15.69578507 32.65321779 11.59296040 18.23318120  1.78739515 35.49419270          NA 33.93725482 23.98664458
[191] 32.72668592 13.82524043 12.32942444          NA 19.02248022 13.45002518 12.61272899 20.91701136 34.99512410 25.59067749
[201] 25.40398937 23.33352256          NA 34.84438841 23.11846596  6.14785412 32.59496295  8.87269767          NA  6.02400110
[211] 16.10920931 28.72317506 33.57444178  9.23313293          NA          NA 23.61310267 24.43293171  5.59559675          NA
[221]          NA  1.20884900          NA 12.72033804 21.67918501          NA          NA  6.49228170 14.64340437  7.86150145
[231] 21.67663025          NA          NA          NA 31.55999151          NA 23.22859007 12.79096852          NA 23.02036884
[241]          NA 20.27379286  0.69286529 17.30790107 26.95165076          NA 24.33765023 19.41523019          NA  6.48952963
[251]          NA          NA 14.70334303 11.28131433 12.44497069  3.14332370          NA          NA          NA          NA
[261]          NA  9.05558575          NA 35.66271123 13.25180991          NA 10.57474060          NA  8.30716196 17.62048389
[271]          NA          NA          NA          NA          NA 25.59088180 25.43290798  1.90663500 24.16854511          NA
[281]          NA          NA          NA 25.21070524 15.40555442          NA          NA 16.13085780 24.60742934          NA
[291] 15.81929446          NA          NA 14.68136450          NA  3.21942931  0.63643602          NA 11.45002312          NA
[301]  0.36705549 20.12605966          NA          NA 25.51924750  9.60400789          NA 16.96259254          NA          NA
[311]  4.89245103          NA  4.19281910 20.22239795          NA          NA 20.91645365 20.65480664          NA          NA
[321]          NA 19.53493111          NA          NA 17.29628892          NA 20.86471587  7.36008849 16.96602829 14.94941877
[331]          NA          NA  3.11463670  4.88802680 25.07764157          NA 11.53117791  3.12353654          NA          NA
[341]  9.36301722          NA 10.89609436  1.60694755  6.93091020          NA 21.32196671 24.49022664          NA 11.56213123
[351]          NA          NA          NA  3.28372433  1.69376733 12.72349188          NA  6.55958050  8.16939408  5.88311236
[361]          NA          NA          NA  0.54393785          NA          NA          NA          NA          NA          NA
[371]          NA          NA          NA 10.22876621  2.57487849          NA 22.12591788  7.70738458          NA 21.13048323
[381]          NA          NA  9.47234293          NA          NA  8.76229481          NA 20.56196750 14.72584699          NA
[391]  7.99509018          NA  4.84522105          NA  2.61501264          NA          NA          NA          NA 16.36677930
[401]  5.20429748          NA          NA 17.35218399          NA          NA  6.79331529  2.30662982          NA 14.69578125
[411]          NA          NA          NA  3.19057405  2.60888911  0.12068473  8.98802407          NA  4.30225149  0.15954431
[421]  5.64691885 11.61212588          NA          NA          NA          NA          NA          NA          NA          NA
[431] 11.52624765  2.57850818          NA          NA          NA          NA          NA  6.97803801 15.33182922          NA
[441]          NA 17.32912813          NA          NA          NA          NA          NA          NA 11.52905504  1.13105478
[451]          NA          NA          NA          NA  5.53568503          NA  7.25364837          NA 16.33163102          NA
[461]  9.08488796          NA          NA 13.93421922          NA  3.35079064          NA  9.83937508          NA          NA
[471]          NA          NA 10.15637493  1.15581096          NA  4.80390554          NA          NA          NA          NA
[481]  0.05420264          NA          NA          NA  0.80288069 10.10837471  6.93172719          NA          NA          NA
[491]          NA          NA  4.77483767 12.24359352 11.52731112  1.61274416  0.06981121          NA  0.80470458          NA
[501]          NA 17.15564438          NA          NA  8.51264381          NA          NA          NA          NA          NA
[511]          NA  6.29275264 14.74716347          NA 14.11133394  9.54727347          NA  5.14231181          NA 15.31396829
[521]  6.00658773          NA  8.57715116          NA          NA  4.53562520          NA          NA          NA          NA
[531]  1.80569881 11.11019657 12.30710724  0.81718424  7.75617886          NA  0.66112842          NA          NA  8.58457655
[541]  1.21408627  2.17266086          NA          NA          NA          NA          NA 14.32223634  9.22561920  1.89107510
[551]          NA          NA          NA          NA          NA          NA          NA          NA  7.57553471          NA
[561]          NA          NA  1.53994724  7.98057700          NA  7.87206380          NA          NA  8.21218192          NA
[571]  1.05003952  3.30088376          NA          NA  2.46405452          NA          NA 11.06299477  5.83934400          NA
[581]  1.58943435          NA          NA  5.37059301          NA          NA          NA          NA          NA          NA
[591]  0.04021333          NA          NA 11.76132676          NA  3.60110236          NA          NA          NA          NA
[601]          NA          NA          NA  5.12226141          NA          NA          NA          NA  8.19762938          NA
[611]          NA  2.96934966          NA          NA          NA          NA          NA          NA 11.40208846          NA
[621]          NA          NA          NA          NA          NA          NA          NA          NA  3.47228775          NA
[631]          NA          NA          NA          NA          NA          NA          NA          NA          NA          NA
[641]  8.08205395          NA  5.56284778  8.72469456          NA          NA          NA          NA  4.23348013  1.00215584
[651]  1.65748073  2.38737179 12.92850774  5.57869179          NA  2.36614599          NA  5.05920967  3.51833976          NA
[661]  7.77809124          NA          NA          NA          NA          NA          NA          NA          NA          NA
[671]          NA          NA  6.37170727          NA          NA          NA          NA          NA  2.49055435          NA
[681]          NA          NA          NA          NA          NA          NA          NA          NA          NA          NA
[691]  1.06529068  3.28635075  1.49022165          NA          NA          NA          NA  9.01915236          NA  0.99692930
[701]          NA          NA          NA          NA          NA  0.51302956 10.44088215          NA  1.68641328          NA
[711]          NA          NA          NA          NA          NA  0.41900907          NA          NA          NA          NA
[721]          NA          NA  0.50668725          NA          NA          NA          NA          NA          NA          NA
[731]  3.08421828          NA          NA          NA          NA          NA  8.78126645  5.62620041          NA          NA
[741]          NA          NA          NA  7.25002676          NA          NA          NA          NA  1.43460809          NA
[751]          NA          NA          NA          NA          NA          NA          NA          NA          NA          NA
[761]          NA  5.82467351          NA          NA          NA          NA          NA          NA          NA  1.63372891
[771]          NA          NA          NA  0.48352970  0.46021022          NA          NA          NA          NA          NA
[781]  6.46294240          NA          NA          NA          NA          NA          NA          NA          NA  0.08512174
[791]          NA          NA          NA          NA          NA          NA          NA          NA          NA          NA
[801]          NA          NA          NA          NA          NA          NA          NA          NA          NA          NA
[811]          NA          NA          NA          NA  1.90074648          NA          NA  1.45688028          NA          NA
[821]  0.20458810          NA          NA          NA          NA          NA          NA          NA          NA          NA
[831]  3.14169864          NA          NA          NA          NA          NA          NA          NA  2.86897663          NA
[841]          NA          NA          NA          NA          NA          NA          NA  0.95042502          NA          NA
[851]          NA  0.98272934          NA          NA          NA          NA          NA          NA          NA          NA
[861]          NA          NA          NA          NA          NA  0.19347977          NA          NA          NA          NA
[871]          NA          NA          NA          NA          NA          NA          NA          NA          NA          NA
[881]          NA          NA          NA          NA          NA          NA          NA          NA          NA          NA
[891]          NA          NA          NA          NA          NA          NA          NA

$TS
  [1] 106.21311794 103.10899704  98.92569272  78.96879468  88.35093157  76.14819693  75.83031392  73.45688098  72.04187394  69.73442138
 [11]  67.73724780  64.73956171  51.22215700  41.28358249  40.83853720  97.25106289  87.92565485  84.36208033  81.83845863  79.21792699
 [21]  67.02684099  66.24983977  64.06066775  62.16076765  85.15075379  80.95824230  84.83273033  81.10531276  79.43888007  77.18765419
 [31]  69.62870888  57.94970250  48.24736956  43.62349965  26.16681877  26.15752666  21.55415002   0.41289204  64.46176294  63.66659201
 [41]  65.54896313  56.08758842  46.81084823  25.05904814  23.14922113  21.78996046  15.44537819   6.42853250  74.28567282  72.74938500
 [51]  71.76585245  68.68353103  62.96591197  65.33181510  60.97231180  64.43343414  66.65305293  45.79302122  63.30867959  43.55017213
 [61]  43.30937921  60.62946757  48.82341723  62.09486605  57.10045732  46.87105819  34.65544241  61.27420266  61.02691756  58.25343520
 [71]  65.04898581  49.50105969  42.86150426  42.11473763  24.86217387  64.51879724  62.24411411  35.25965747  58.97517938  48.41922747
 [81]  44.51842958  39.37173061  25.53370835  23.89081529  55.69946232  53.67072528  54.23518373  46.50735781  57.95543587  53.87920871
 [91]  59.43821369  57.89328322  52.46823320  58.97182655  56.32872285  40.57171757  34.74722300  32.90596211  56.00111855  51.91758587
[101]  58.51132839  55.49460932  53.33283700  37.22042073  36.73628957  24.94425448   9.20970415   8.59488077  56.00356628  53.65369397
[111]  57.45753989  56.77617009  53.81636845  39.81593823  37.44558684  31.93565880  14.86562055  50.08910801  40.71866478  53.47564828
[121]  49.61514054  55.77393855  45.42910457  48.48352354  52.79925999  50.58110436  37.10196683  31.29109316  44.72804543  40.42202336
[131]  27.48638318  43.38402646  40.11079288  37.07010154  28.93559387  50.35188542  34.04858077  29.17279477  26.05050354  25.71710763
[141]  24.16670159   8.11266376  32.95377692  26.28169423  13.71946227  49.55428024  43.26601940  40.61579002  36.82731206  31.87729287
[151]  27.75888438  22.71399599  23.95599071  17.26742975  14.36653570   5.21373861  32.20248334  11.70221303   6.28752304  47.71097996
[161]  36.71224103  31.40518364  39.29098133  30.30681347  29.51687662  22.18062278  22.07284065  17.66546236   6.83265623  32.26267036
[171]  48.16054706  32.11324096  46.86797542  44.93113045  33.59165940  44.64741658  36.56078026  33.44802840  34.39614195  28.99443149
[181]  27.83884905  19.80883916  43.71321800  34.06658662  33.16716474  18.25258885  38.21222638  35.05835993  41.32005979  25.28123872
[191]  33.22868560  30.61486959  42.02736067  41.53960679  38.45041844  33.43257537  40.35167580  38.28352462  38.11234356  27.25863857
[201]  26.65255034  23.89677715  41.12538159  35.82383774  30.17313005  34.48330672  33.37152213  20.92324634  19.61150685  30.99529751
[211]  38.79979890  38.37270545  39.88206491  37.07834933  30.95214443  28.92072070  27.18195537  27.41860973  18.07048168   8.26487732
[221]   8.15883513   5.20944058   2.03586024  19.39349935  31.16267345  24.11898106  26.87481758  25.63762537  24.79139830  25.42765369
[231]  37.35336897  21.24711388  20.09641961  20.67449962  36.24047305  34.02791872  33.59384324  31.05634179  22.79578793  27.14171917
[241]  32.43704559  23.87517327   5.36716219  36.34910195  34.28519437  25.71701490  35.94792266  19.65970288  18.02748890  12.88367429
[251]  36.39881571  19.20276091  32.65504676  27.03963626  16.05892290  14.51688376   9.02004809   8.60063436  20.52182599  23.48637409
[261]  22.58669927  22.48305248  15.77794653  36.18380965  30.32991325  33.84529665  31.99260809  12.43779466  11.29124186  30.70545670
[271]   0.18908704  10.88012044   7.61159269  28.33455635  22.44754990  33.06613612  26.72214046  12.07590884  33.37377956  18.90684718
[281]   8.01360035   5.65818638   1.65009154  28.26197114  19.51790464  16.58910108  26.18315849  25.16396006  28.55069477  31.67499011
[291]  31.61944651  26.73258724  21.51195229  28.61224217  21.14379037  21.46409472  20.02896805   7.33567212  26.81166915  27.91567065
[301]  23.46530462  25.74421043  17.44544598  12.14627774  31.24884861  27.00145663  16.55367364  29.05586659  18.79241617  30.19567123
[311]  24.22228770  14.60733449  13.98544071  20.67148237  19.95860638  14.59152330  29.17002089  22.95554856   8.59846807   4.03172006
[321]   3.19633455  29.41945527   4.45956658  26.18161273  23.30345919  28.79074558  27.00908101  20.46740038  25.99028926  16.65073466
[331]  16.33247165  11.56496360   6.63383945   6.11317991  28.39402937  15.38821442  25.86890012  24.26893540  19.89707613  17.88294049
[341]  16.44187341   8.12922585  25.79312486   3.15977241  10.41741060  23.33047817  27.34211830  24.53024981  25.67870067  26.73080847
[351]  21.81824183  23.11135751  22.65876446  24.25983809  18.91708697  15.67612082  26.26569273  23.67391374  23.43904444  19.84694437
[361]   9.64719032   6.68240671  24.87209432  23.37278525  21.28835885  20.86441597  19.59841339  15.33547047   1.74870228   1.05881411
[371]   7.36278513  11.73448957  10.88306090  12.08832391   3.91842759   3.61200212  23.14267807  22.33711283  23.91351767  25.04227786
[381]  19.73420305   2.09148471  20.81525020  10.86661937   4.17277137  18.45268088  13.15278774  24.54008884  20.57528678   1.43245599
[391]  16.46880563  22.97813898  20.08501332  14.51833335  10.14551796  13.40861424  11.10171355   4.51597132  23.82286938  21.55836615
[401]  20.15012531  13.20465118  10.42392692  20.33483312  13.29663741   2.24589228  14.19738561   9.14599287   0.92416775  21.65935029
[411]   5.63774443   5.97928271   4.86486053   4.17538500   2.86540893  19.84814546  15.30428397  12.57671308  13.88944873  11.87989333
[421]  15.53476719  11.72433890  11.17827083   7.25964066   6.15466907   1.14253097  16.61844871  14.79475243  13.38590064  12.48762761
[431]  22.38785157  16.85378927  18.68452836   5.39175592  13.42709644   5.09492737   3.75866826   9.48366829  16.69541656  15.83601131
[441]   1.22270352  20.63644519   9.54130599   7.87209875   7.06990735  11.24756515   0.47656733   6.20214321  20.38110251  18.97917999
[451]  14.18688687  12.86960527   7.20585852  10.94440693   8.62041628  20.72663438  18.89953919  16.05219103  18.87704873   6.53945458
[461]  10.39747146   2.59935995  10.75868948  19.76310127  18.70336991   4.39891399   3.08464243  12.20002711  10.37213532  19.08748244
[471]  16.19684073   5.90472155  19.27695027  16.31892555  10.61537019  13.99575593   7.96593839  16.95195072  15.21718278  13.28458222
[481]  11.80593109   4.27275401   7.10784217  17.04336980  12.86453980  12.81742486  10.12803111  20.34894909   0.92529076  13.10186791
[491]  15.67537482   5.16308589  17.67267863  15.73634050  14.96412952  12.66772708   4.73260619  14.73808522   6.94759689   6.33900706
[501]   6.37538063  18.76021309  11.80016709  17.94483919  16.54345801  10.88489161  18.52892831   9.96647105   8.55119304  16.57383588
[511]  16.43975476  12.41082472  15.06834105   8.44252955  17.27526896  11.15309152  14.62489022  10.45977074  18.14936625  17.32568895
[521]  16.75822341  18.78034602  12.01470048  18.18173311  11.67892072   7.65168947  15.73007750  13.88613460   5.59893367   5.41253198
[531]  15.07365451  17.46549799  13.90323493   3.35725751   9.80779757   3.68033497   2.27030760  17.98429908  12.45220135  11.97950821
[541]   1.72977901   6.38241303   9.02387900   5.63300893  12.31332440   7.00654009   3.66294357  17.20396320   9.65589453  10.16590759
[551]   8.37468442   7.37520611   2.82634011  15.14509520  13.44435257  13.40325043  13.04199243  12.55336046   9.76822375   1.30836761
[561]  16.33256133  15.58277526   3.97784106  15.70656827  14.14547971  16.13008731   9.38955711  16.45175427  13.56763855  11.54600372
[571]   2.45246318   3.50483640   8.26573669  12.82626109   6.38561292   2.70421242   1.86139808  15.62397259  12.24331836   3.24543245
[581]   9.78764231   7.28547615  15.20889881  11.09675938   5.51511900   4.77998825  10.62106749   3.67282652   3.06217416  15.33048969
[591]  14.49461635  14.13214912  12.23765719  11.83933798  11.43383481  15.70555282   3.57115402   0.95617086  15.30715469  11.37052592
[601]  10.55619353  10.43722392   8.29165411   7.44717695   5.47607807  11.18868729   2.25089542  12.40875032  11.13774122   9.53327389
[611]  11.60948364  10.57591901   9.56274290   4.03821820  13.10891711  11.57555214   5.13267640   6.21714560  13.29499281  11.57853567
[621]   9.60870063   5.97855828  12.08181590   4.20845315   7.77896363   7.41693958   6.49002659  14.24539285   9.00931539   4.75241782
[631]  13.41933375   5.73509740  11.07177956   9.46031900   8.59956087  10.65932142   5.25654869   7.82137469  13.04068371   4.97521122
[641]  12.79522740   2.60967182   6.72291394  13.29233952   9.20580078  13.73347204  11.22716683  10.30305755  11.52272859   6.74904217
[651]   9.89211567   9.10697881  13.15360544  13.59326116  11.43236829   6.64456525  10.92608438   9.50412788   6.42084969   6.00590491
[661]  11.67893136   9.18771195   4.27324675   8.92024688  13.32909542   7.18776150  12.13475601   3.33280647   3.00390640   4.20191368
[671]  13.18641141  11.92402739   6.44980305   7.03087856   1.75240385   9.93055077   8.61837739   7.32047873   5.84487168   1.08352786
[681]   7.11506428   7.01787494   6.35605957   2.44790159   6.93932973   2.45062817   1.51883827  12.06767204   1.72707419   6.07378017
[691]   7.37151916   6.78586763   2.02288195   1.77495557   1.30071532   8.12782405   5.68655565  12.00590416   1.26402991   1.03835917
[701]   0.03038867   1.28219112   0.51594878   5.33138084   1.59389416  10.30891325  11.30458973  10.59429590   6.52908672   1.02853491
[711]   9.58848340   5.59401852   2.23299519   2.67682726   1.79710409   1.11953591   5.10239171   0.05099065   3.99034782   2.21575770
[721]   5.60909746  10.65088365   1.97596463   4.64574183   4.38333797   3.95988444   2.82384488   5.68071252   3.78243227   3.24489549
[731]   9.07364026   9.31589122  10.64225924   4.02396783   3.01110228   6.35866338  10.70463184   8.52684019   3.58676863   2.07037009
[741]  10.50314950   4.60753151   4.00334846   9.85713562   1.16321365   0.36140229   9.23577413   5.71375649   3.45019381   0.82410048
[751]   7.34491636   1.28222218   2.51614180   8.96072928   4.09364039   9.42945616   2.79375201   1.46064511   4.78901824   3.76228640
[761]   3.05966899   8.65846820   2.37420678   9.48268547   8.39518290   1.88704202   8.40067507   8.82223653   8.38336425   6.05702537
[771]   7.61431006   9.32283020   7.06171878   2.42562418   1.16476141   0.77442088   3.66330445   4.95487831   3.36932744   8.40252758
[781]   7.61706001   7.07588059   3.81204291   7.18493618   2.62429621   2.62602071   5.48620732   4.91190707   5.63806779   6.01799901
[791]   4.16417532   4.31342108   8.08265372   6.83086533   2.96860028   6.60028908   4.47279050   5.82792428   4.47383127   3.37302357
[801]   7.25718014   6.98805963   4.47046834   3.99367647   4.84816195   1.83247383   6.55712352   5.79159190   4.26726977   0.04200187
[811]   6.07712860   4.81441083   1.82364813   1.36144904   4.47100362   1.33401332   5.25412469   6.02704666   2.04850196   0.66649908
[821]   6.21330219   4.83738348   2.50216531   1.99151704   1.81692606   5.96376574   2.76701873   3.03656145   2.38651237   1.87958835
[831]   4.65724196   6.00660580   4.37647667   4.10179306   3.20636163   1.42650616   0.88219920   1.18150168   5.43247777   4.10088447
[841]   1.39537329   3.29918790   3.10275978   0.93600237   4.18059366   0.76260117   2.31566734   1.97612882   1.59620579   3.13551616
[851]   0.22810983   4.34132868   3.25665311   1.79863306   4.05241594   3.18418740   0.64619651   1.16280266   3.66771086   2.60142133
[861]   2.08465602   4.08704149   0.06646568   3.84271412   3.14580588   2.67147335   2.27168502   1.64363204   2.57260946   2.44954583
[871]   3.71995643   0.02239201   3.82755668   3.32361036   1.64745939   2.13787149   1.38617207   3.32039932   0.10961510   0.72635922
[881]   0.67218107   0.41714495   0.88955302   1.91232741   1.97744279   2.23910105   2.33465655   1.94280412   1.96762097   0.10786010
[891]   1.80778963   1.79770933   0.21070283   0.42078874   0.50309153   0.26624385   0.23241539

$PAR
  [1]  NA   1   1   1   2   2   2   2   2   2   2   2   2   2   2   3   3   3   3   3   3   3   3   3   5   5  25  27  18  19  20  20
 [33]  20  20  20  20  20  20  30  30   6   6   6   6   6   6   6   6   7   7   7   8   9  51  51  31  52  52  11  11  11  57  57  22
 [65]  22  22  22  41  41  41  54  71  71  71  71  12  12  12  56  56  56  56  56  56  23  40  59  59  53  77  24  24  24  64  69  69
 [97]  69  69  55  55  91  79  79  79  79  79  79  79 101 101  89  89  89  89  89  32  32  92  92  65  65 112  95  42  85 102  87 113
[129]  86  86  86 110 110 110 110 120 103 103 103 103 103 103  93  93  93  13  13  13  13  13  13  13 126 126 126 126 136 136 136 121
[161] 146 146  72  72  72  72  72  72  72 124  33  33 171 171 171  43  43  43  88  88  88  88 123 129 129 129 176 176  81  34  60  60
[193] 132 132 132 132  61  61  61  61  61  61 147 147 193 194 194 194 194  14 203 203  15  15  15  15  15 148 148 148 148 148 148  96
[225] 130 130 197 197 197 133 211 211 211 195 212 212 212 198 198 231 104 104 104 127 214 214 134 134 134 134 149 105 161 161 161 161
[257] 161 161 177 251 251 251 251 244 244 235 188 188 188  97  67 206 179 245 184 236 236 236 266 266 266 266 266 237 178 178 196 279
[289] 185 276 143 241 241 170 170 157 157 157 172 150 150 290 290 290 128 305 238 210 210 215 215 215 215 192 192 192 265 265 164 164
[321] 164 310 310 205 205 165 165 165 135 216 216 216 216 216 294 294 335 274 274 274 274 274 300 300 181 151 218 218 240 306 306 299
[353] 299 292 292 292 277 357 357 357 357 357 287 287 287 287 287 287 287 287 324  35  35  36  36  36 139 329 337 140 140 140 246 246
[385] 246 349 349 228  83  83 288 106 106 106 106 363 363 363 388 388 311 311 311 141 141 141 226 226 226 153 153 379 379 379 379  84
[417]  84  84 399 399 358 358 358 358 260 260 301 301 301 301 359 359 364 364 346 346 346  45 352 352 352 392 392 392 239 152 152 353
[449] 261 261 261 261 261 275 275 431 378 378 166 166 167 167  46 400 296 296 232 295 295 366 366 366 383 383 383 456 456 234 234 234
[481] 234 234 259 328 328 328 328 449 488 401 233 393 297 297 297 315 315 339 339 339 416 360 360 464 209 209 367 367 367 285 473 473
[513] 252 450 355 355 280 280 457 457 457 309 309 465 465 465 433 507 507 507 386 186 186 186 524 524 524 519 519 519 519 219 249 538
[545] 504 504 504 340 340 493 303 303 303 484 484 484 484 484 484 484 478 432 432 330 427 286 286 510 510 510 510 307 391 568 568 568
[577] 568 341 511 511 561 561 331 331 331 331 471 458 440 263 263 263 263 263 263 494 527 527 564 564 564 596 596 596 596 491 491 578
[609] 578 562 421 421  47 336 368 368 368 599 417 479 479 583 554 554 531 117 117 428 428 428 498 498 517 517 517 316 316 394 256 256
[641] 591 591 155 628 407 451 451 565 476 476 313 313 533 419 646 646 145 145 654 654 569 569 555 435 631 396 556 556 665 480 402 671
[673] 671 387 490 557 557 639 639 639 452 452 452 485 574 574 574 486 496 418 539 539 539 539 539 268 268 512 608 608 608 545 545 304
[705] 304 667 374 278 688 688 672 672 672 420 503 503 525 525 611 611 620 616 616 332 332 332 332 570 600 600 647 606 633 454 454 506
[737] 373 373 373 373 722 722 722 733 733 733 587 587 587 587 475 708 601 518 403 469 469 469 706 706 648 550 676 581 361 361 711 613
[769] 613 613 443 658 634 747 645 645 731 543 754 762 455 635 635 319 319 108 514 514 767 765 765 603 220 220 220 696 142 281 281 444
[801] 638 781 552 371 678 678 801 801 801 453 784 784 782 782 499 499 169 643 362 627 542 501 501 736 683 500 618 821 821 448 425 334
[833] 818 818 790 832 622 826 472 798 798 728 721 529 839 637 222 222 492 640 640 822 586 497 831 724 724 799 725 725 852 792 482 624
[865] 791 834 834 840 755 755 614 320 734 734 726 783 871 588 779 856 553 553 757 714 869 823 684 876 223 824 723 884 715 702 775 858
[897] 846

$EXTANT
  [1] FALSE FALSE FALSE FALSE FALSE  TRUE FALSE FALSE FALSE FALSE FALSE FALSE FALSE FALSE  TRUE FALSE FALSE FALSE FALSE  TRUE FALSE
 [22] FALSE FALSE FALSE FALSE FALSE FALSE FALSE FALSE FALSE FALSE FALSE FALSE FALSE FALSE  TRUE  TRUE  TRUE FALSE FALSE FALSE FALSE
 [43] FALSE FALSE FALSE  TRUE  TRUE  TRUE FALSE FALSE FALSE FALSE FALSE FALSE FALSE FALSE FALSE FALSE FALSE FALSE FALSE FALSE FALSE
 [64] FALSE FALSE FALSE  TRUE FALSE FALSE FALSE  TRUE FALSE FALSE FALSE FALSE FALSE FALSE FALSE FALSE FALSE FALSE FALSE  TRUE FALSE
 [85] FALSE FALSE FALSE FALSE FALSE FALSE FALSE FALSE FALSE FALSE FALSE FALSE FALSE FALSE FALSE FALSE FALSE FALSE  TRUE FALSE FALSE
[106] FALSE  TRUE  TRUE FALSE FALSE FALSE FALSE FALSE FALSE FALSE FALSE FALSE FALSE FALSE FALSE FALSE FALSE FALSE FALSE FALSE  TRUE
[127] FALSE FALSE FALSE FALSE FALSE FALSE FALSE FALSE FALSE  TRUE FALSE  TRUE  TRUE FALSE  TRUE  TRUE FALSE FALSE  TRUE FALSE FALSE
[148]  TRUE FALSE FALSE FALSE  TRUE  TRUE FALSE  TRUE FALSE FALSE  TRUE  TRUE FALSE FALSE FALSE FALSE  TRUE FALSE  TRUE  TRUE FALSE
[169] FALSE FALSE FALSE FALSE FALSE FALSE  TRUE FALSE FALSE FALSE FALSE FALSE FALSE FALSE FALSE FALSE FALSE FALSE FALSE  TRUE FALSE
[190] FALSE FALSE FALSE FALSE  TRUE FALSE FALSE FALSE FALSE FALSE FALSE FALSE FALSE  TRUE FALSE FALSE FALSE FALSE FALSE  TRUE FALSE
[211] FALSE FALSE FALSE FALSE  TRUE  TRUE FALSE FALSE FALSE  TRUE  TRUE FALSE  TRUE FALSE FALSE  TRUE  TRUE FALSE FALSE FALSE FALSE
[232]  TRUE  TRUE  TRUE FALSE  TRUE FALSE FALSE  TRUE FALSE  TRUE FALSE FALSE FALSE FALSE  TRUE FALSE FALSE  TRUE FALSE  TRUE  TRUE
[253] FALSE FALSE FALSE FALSE  TRUE  TRUE  TRUE  TRUE  TRUE FALSE  TRUE FALSE FALSE  TRUE FALSE  TRUE FALSE FALSE  TRUE  TRUE  TRUE
[274]  TRUE  TRUE FALSE FALSE FALSE FALSE  TRUE  TRUE  TRUE  TRUE FALSE FALSE  TRUE  TRUE FALSE FALSE  TRUE FALSE  TRUE  TRUE FALSE
[295]  TRUE FALSE FALSE  TRUE FALSE  TRUE FALSE FALSE  TRUE  TRUE FALSE FALSE  TRUE FALSE  TRUE  TRUE FALSE  TRUE FALSE FALSE  TRUE
[316]  TRUE FALSE FALSE  TRUE  TRUE  TRUE FALSE  TRUE  TRUE FALSE  TRUE FALSE FALSE FALSE FALSE  TRUE  TRUE FALSE FALSE FALSE  TRUE
[337] FALSE FALSE  TRUE  TRUE FALSE  TRUE FALSE FALSE FALSE  TRUE FALSE FALSE  TRUE FALSE  TRUE  TRUE  TRUE FALSE FALSE FALSE  TRUE
[358] FALSE FALSE FALSE  TRUE  TRUE  TRUE FALSE  TRUE  TRUE  TRUE  TRUE  TRUE  TRUE  TRUE  TRUE  TRUE FALSE FALSE  TRUE FALSE FALSE
[379]  TRUE FALSE  TRUE  TRUE FALSE  TRUE  TRUE FALSE  TRUE FALSE FALSE  TRUE FALSE  TRUE FALSE  TRUE FALSE  TRUE  TRUE  TRUE  TRUE
[400] FALSE FALSE  TRUE  TRUE FALSE  TRUE  TRUE FALSE FALSE  TRUE FALSE  TRUE  TRUE  TRUE FALSE FALSE FALSE FALSE  TRUE FALSE FALSE
[421] FALSE FALSE  TRUE  TRUE  TRUE  TRUE  TRUE  TRUE  TRUE  TRUE FALSE FALSE  TRUE  TRUE  TRUE  TRUE  TRUE FALSE FALSE  TRUE  TRUE
[442] FALSE  TRUE  TRUE  TRUE  TRUE  TRUE  TRUE FALSE FALSE  TRUE  TRUE  TRUE  TRUE FALSE  TRUE FALSE  TRUE FALSE  TRUE FALSE  TRUE
[463]  TRUE FALSE  TRUE FALSE  TRUE FALSE  TRUE  TRUE  TRUE  TRUE FALSE FALSE  TRUE FALSE  TRUE  TRUE  TRUE  TRUE FALSE  TRUE  TRUE
[484]  TRUE FALSE FALSE FALSE  TRUE  TRUE  TRUE  TRUE  TRUE FALSE FALSE FALSE FALSE FALSE  TRUE FALSE  TRUE  TRUE FALSE  TRUE  TRUE
[505] FALSE  TRUE  TRUE  TRUE  TRUE  TRUE  TRUE FALSE FALSE  TRUE FALSE FALSE  TRUE FALSE  TRUE FALSE FALSE  TRUE FALSE  TRUE  TRUE
[526] FALSE  TRUE  TRUE  TRUE  TRUE FALSE FALSE FALSE FALSE FALSE  TRUE FALSE  TRUE  TRUE FALSE FALSE FALSE  TRUE  TRUE  TRUE  TRUE
[547]  TRUE FALSE FALSE FALSE  TRUE  TRUE  TRUE  TRUE  TRUE  TRUE  TRUE  TRUE FALSE  TRUE  TRUE  TRUE FALSE FALSE  TRUE FALSE  TRUE
[568]  TRUE FALSE  TRUE FALSE FALSE  TRUE  TRUE FALSE  TRUE  TRUE FALSE FALSE  TRUE FALSE  TRUE  TRUE FALSE  TRUE  TRUE  TRUE  TRUE
[589]  TRUE  TRUE FALSE  TRUE  TRUE FALSE  TRUE FALSE  TRUE  TRUE  TRUE  TRUE  TRUE  TRUE  TRUE FALSE  TRUE  TRUE  TRUE  TRUE FALSE
[610]  TRUE  TRUE FALSE  TRUE  TRUE  TRUE  TRUE  TRUE  TRUE FALSE  TRUE  TRUE  TRUE  TRUE  TRUE  TRUE  TRUE  TRUE  TRUE FALSE  TRUE
[631]  TRUE  TRUE  TRUE  TRUE  TRUE  TRUE  TRUE  TRUE  TRUE  TRUE FALSE  TRUE FALSE FALSE  TRUE  TRUE  TRUE  TRUE FALSE FALSE FALSE
[652] FALSE FALSE FALSE  TRUE FALSE  TRUE FALSE FALSE  TRUE FALSE  TRUE  TRUE  TRUE  TRUE  TRUE  TRUE  TRUE  TRUE  TRUE  TRUE  TRUE
[673] FALSE  TRUE  TRUE  TRUE  TRUE  TRUE FALSE  TRUE  TRUE  TRUE  TRUE  TRUE  TRUE  TRUE  TRUE  TRUE  TRUE  TRUE FALSE FALSE FALSE
[694]  TRUE  TRUE  TRUE  TRUE FALSE  TRUE FALSE  TRUE  TRUE  TRUE  TRUE  TRUE FALSE FALSE  TRUE FALSE  TRUE  TRUE  TRUE  TRUE  TRUE
[715]  TRUE FALSE  TRUE  TRUE  TRUE  TRUE  TRUE  TRUE FALSE  TRUE  TRUE  TRUE  TRUE  TRUE  TRUE  TRUE FALSE  TRUE  TRUE  TRUE  TRUE
[736]  TRUE FALSE FALSE  TRUE  TRUE  TRUE  TRUE  TRUE FALSE  TRUE  TRUE  TRUE  TRUE FALSE  TRUE  TRUE  TRUE  TRUE  TRUE  TRUE  TRUE
[757]  TRUE  TRUE  TRUE  TRUE  TRUE FALSE  TRUE  TRUE  TRUE  TRUE  TRUE  TRUE  TRUE FALSE  TRUE  TRUE  TRUE FALSE FALSE  TRUE  TRUE
[778]  TRUE  TRUE  TRUE FALSE  TRUE  TRUE  TRUE  TRUE  TRUE  TRUE  TRUE  TRUE FALSE  TRUE  TRUE  TRUE  TRUE  TRUE  TRUE  TRUE  TRUE
[799]  TRUE  TRUE  TRUE  TRUE  TRUE  TRUE  TRUE  TRUE  TRUE  TRUE  TRUE  TRUE  TRUE  TRUE  TRUE  TRUE FALSE  TRUE  TRUE FALSE  TRUE
[820]  TRUE FALSE  TRUE  TRUE  TRUE  TRUE  TRUE  TRUE  TRUE  TRUE  TRUE FALSE  TRUE  TRUE  TRUE  TRUE  TRUE  TRUE  TRUE FALSE  TRUE
[841]  TRUE  TRUE  TRUE  TRUE  TRUE  TRUE  TRUE FALSE  TRUE  TRUE  TRUE FALSE  TRUE  TRUE  TRUE  TRUE  TRUE  TRUE  TRUE  TRUE  TRUE
[862]  TRUE  TRUE  TRUE  TRUE FALSE  TRUE  TRUE  TRUE  TRUE  TRUE  TRUE  TRUE  TRUE  TRUE  TRUE  TRUE  TRUE  TRUE  TRUE  TRUE  TRUE
[883]  TRUE  TRUE  TRUE  TRUE  TRUE  TRUE  TRUE  TRUE  TRUE  TRUE  TRUE  TRUE  TRUE  TRUE  TRUE

