
Birth-death simulation object with 860 species and 500 extant species

Details for some species:

Extinction times (NA means extant)
[1] 61.82331       NA 47.68400 44.91768 64.64068 75.12313


Speciation times 
[1] 96.32979 88.96652 71.99594 67.12930 88.88811 85.60897


Species parents (NA for initial)
[1] NA  1  1  1  2  2


Species status (extinct or extant)
[1] "extinct" "extant"  "extinct" "extinct" "extinct" "extinct"


For more details on vector y, try sim$y, with y one of
TE TS PAR EXTANT



$TE
  [1] 61.8233102         NA 47.6839960 44.9176838 64.6406766 75.1231273 74.5913302  7.3317955
  [9]         NA 15.6802696 19.4724462 16.7972743  2.8266225         NA         NA         NA
 [17]         NA 61.1218197 39.2528053 67.8060425 74.5377281 74.0830734 50.1598174 66.5059583
 [25] 35.2468469 59.9903053 46.0858389 46.4475211 30.3000601 65.6576248 50.0184927 43.4077394
 [33] 44.4932719  4.3849691 35.3955375 65.1904365 62.2326337 39.7003510 67.3220049 51.1372260
 [41] 36.0330242 13.8233114         NA 49.1466364 25.3443553 22.5883908 29.5145489  0.6013878
 [49]  2.3897734 50.8708090 55.4475839 34.1905015 53.5438480 42.6050141 45.9575093 22.1596825
 [57] 56.6872072 53.2770157 41.9918944 37.2728803 38.1366581 33.6733494 47.2799583 23.5164589
 [65] 45.3823478 38.1011284 44.9906306         NA         NA         NA         NA         NA
 [73] 43.6152020 50.5710788 46.9526750 30.2820997 22.8703464         NA 55.0779911 30.6600795
 [81] 51.8050902 54.6938402 14.8018982 24.8694475 22.4335325  4.4744223         NA 32.0312969
 [89] 33.0412836 23.9229289         NA 14.5267337 23.4002865         NA 46.1783790         NA
 [97]  7.4328000 30.2624715 48.0056482 48.9509068 45.3266608 40.7918445 49.8006300 16.2484087
[105] 33.2981756         NA 43.9040096 37.7613127         NA 17.8305799         NA         NA
[113] 31.6482232 34.6576698 43.5697804 34.7678810 19.4602388 19.6736162 14.2347578         NA
[121]  9.2452679 17.8739949         NA 46.8542566         NA 35.0067278 43.9558568 28.5208780
[129] 36.2093369 20.8013134 20.2253968 32.1817781 41.7031115  1.6227187 37.1498944         NA
[137] 35.6566416 44.7310112         NA 45.2558028 12.5548549         NA 27.4197066         NA
[145] 35.3068456 28.4390476 13.0507392         NA         NA 22.7198412         NA         NA
[153] 18.0339711         NA         NA         NA         NA         NA 32.6036829 21.6145036
[161] 35.4522382 17.0753471  1.3609993 22.9339498  3.6686407  6.4413618  4.5414059         NA
[169]         NA 33.1786461 17.6736087 31.6956521         NA 20.3801586 15.3920329         NA
[177]         NA         NA         NA         NA 31.8631393         NA         NA         NA
[185]  1.9021620  7.5434759         NA         NA         NA  4.9841581         NA         NA
[193] 15.5680478 28.2321601 23.8719741  9.8942888         NA 16.8562245  4.5394438 19.1104216
[201]         NA  9.6859085  6.1692293 33.6798769  6.7017640 25.7973180         NA 25.0911774
[209]  5.0003229 17.3398643         NA 33.8354215 29.1376576 18.8507861         NA  0.6090382
[217] 17.5858688         NA         NA         NA  0.5534866         NA 23.5506778 25.7573978
[225] 16.6068590         NA 10.4278049 20.4443386 35.0385189 28.8267249  2.8001324 18.6245196
[233] 18.6788134 13.8815621  6.4181378         NA         NA         NA         NA  7.7443387
[241]         NA  8.2878105 21.1646075  8.8712005 31.5147635 19.9927394 19.9984790 31.0104162
[249]         NA 18.8409333         NA 18.2780140 13.2250006  6.6142263         NA         NA
[257]         NA  9.6579599         NA 16.6463970  5.1787863  5.5358703         NA 23.7929958
[265] 14.6803295  4.7479060         NA 18.4473794         NA 28.3356161 23.4804484 13.0463815
[273]         NA         NA         NA         NA 25.0006398         NA         NA 17.8702069
[281]         NA         NA  2.8999121 29.3593393         NA         NA 22.1006783  8.3685707
[289] 30.1304324  3.5159960  1.0462582         NA         NA         NA         NA  6.3911607
[297]  8.0518656         NA         NA 20.3887233         NA         NA         NA         NA
[305] 24.9316533         NA 16.5053845  2.7464588         NA         NA  4.1129714         NA
[313] 11.6527832         NA         NA         NA         NA         NA         NA         NA
[321]         NA         NA         NA  5.5151296  0.4049445         NA  8.6256848         NA
[329]  7.3556935  3.3957872         NA 20.7861564 14.9912423         NA         NA 18.0479808
[337] 13.6554740         NA         NA         NA         NA         NA         NA  4.2475300
[345] 21.4847776         NA 12.2112387         NA 24.3124509  7.7750089         NA         NA
[353]         NA         NA  0.1479397 12.8236482         NA         NA 16.6668442  5.4448219
[361] 26.8523004         NA  8.6089795         NA  5.9121561         NA         NA         NA
[369] 23.9528425 21.1124938         NA         NA         NA         NA         NA 24.9890117
[377]  3.6086337         NA         NA 20.8343863         NA 12.9970329         NA 11.7728761
[385]         NA         NA 16.3733528  2.0185778 10.7470439         NA  7.6834055         NA
[393]  3.6853936         NA         NA 22.2220529         NA 11.1059947  5.1676167  1.8361424
[401] 17.3333023         NA         NA  9.9475658 11.6663448 20.4937645  1.7788603 19.1731247
[409]  5.3028047  6.7124993         NA 13.8746648 14.2248078         NA         NA         NA
[417]  6.2875504         NA  1.3083786         NA 21.3479713         NA         NA 12.5753401
[425]         NA 16.9098574  9.0630854         NA         NA 18.7698567 10.5965107         NA
[433] 15.3104932         NA         NA         NA         NA         NA 19.4171721 11.6858959
[441] 11.1905734         NA         NA         NA  5.8533878 10.6784471         NA  3.8765615
[449]         NA         NA 14.7855366  3.0734901 21.4763748         NA         NA         NA
[457]  7.8865757         NA  5.2065538  9.9062232         NA         NA  7.0538780         NA
[465]         NA         NA         NA         NA 16.3150847  4.2107532         NA         NA
[473]         NA         NA         NA         NA 10.9328643         NA         NA 11.8120830
[481] 14.8399767         NA 17.5824869  3.1783141  1.3690537         NA         NA         NA
[489]         NA  3.5779423         NA 12.8318660         NA         NA         NA  8.5518028
[497]  4.7980718 10.4219314         NA         NA         NA         NA         NA  8.7626400
[505]         NA         NA  1.9657237         NA 11.6265288         NA         NA 11.1258855
[513]  3.6489613  4.8021077         NA 14.2182920         NA         NA         NA  2.8781138
[521]         NA         NA         NA         NA  7.4491449         NA  8.0964962         NA
[529]         NA         NA         NA  6.2089428 10.9700379         NA         NA         NA
[537]  9.9327687 16.1690094         NA 15.1598332  5.1777521         NA         NA         NA
[545]         NA         NA         NA  4.7154600  3.2356292         NA         NA 12.6378870
[553]         NA         NA         NA  3.9084316  9.5239868         NA         NA         NA
[561]         NA         NA         NA         NA         NA         NA  9.9680799  2.4355952
[569]  4.1506312         NA         NA         NA         NA         NA         NA         NA
[577]         NA         NA         NA         NA         NA         NA         NA  4.3785207
[585]         NA         NA  2.8825423         NA         NA         NA         NA         NA
[593]         NA         NA  6.4323383         NA         NA  4.1583757         NA         NA
[601]         NA         NA  3.4949454 11.2926021         NA         NA         NA  5.6006084
[609]  1.6542518 11.2864559         NA         NA         NA  4.8246933         NA         NA
[617]         NA         NA         NA  7.7063600         NA         NA         NA         NA
[625]         NA         NA         NA  3.7432888         NA         NA         NA         NA
[633]         NA         NA         NA  8.8473884  7.5091879  4.7846485         NA         NA
[641]         NA         NA         NA         NA         NA         NA         NA         NA
[649]         NA         NA         NA         NA         NA  3.2472751  7.2413468         NA
[657]         NA         NA         NA         NA         NA         NA  1.8018869         NA
[665]         NA         NA         NA         NA         NA         NA         NA         NA
[673]         NA  2.3358396  1.1080481         NA         NA         NA         NA         NA
[681]         NA         NA         NA         NA         NA  3.9546753         NA         NA
[689]         NA         NA         NA         NA  0.6362269         NA         NA         NA
[697]         NA         NA         NA         NA         NA         NA  0.2147509         NA
[705]         NA  0.4195836         NA         NA         NA         NA         NA         NA
[713]         NA         NA         NA         NA         NA         NA         NA         NA
[721]         NA         NA         NA         NA         NA         NA         NA         NA
[729]         NA         NA         NA         NA  3.3622582         NA         NA  3.5975592
[737]         NA         NA         NA         NA         NA         NA         NA         NA
[745]  6.1000716         NA         NA         NA         NA  3.6930166         NA         NA
[753]  6.0444102         NA  0.1274806         NA         NA         NA         NA         NA
[761]  3.7849290         NA  1.7687339         NA         NA         NA         NA         NA
[769]         NA         NA         NA         NA         NA  1.5368427  2.0253116         NA
[777]         NA         NA         NA         NA  0.8615749         NA         NA         NA
[785]         NA         NA         NA         NA         NA         NA         NA         NA
[793]  2.7863556         NA         NA         NA         NA         NA  3.9827525  0.5003614
[801]         NA         NA         NA  1.6510613         NA         NA         NA         NA
[809]         NA         NA         NA         NA         NA         NA         NA  0.2596736
[817]         NA  0.4054156         NA         NA         NA         NA         NA         NA
[825]         NA         NA         NA         NA         NA         NA         NA         NA
[833]         NA         NA         NA         NA         NA         NA         NA         NA
[841]  1.0557836         NA         NA         NA         NA         NA         NA         NA
[849]         NA         NA         NA         NA         NA         NA         NA         NA
[857]         NA         NA         NA         NA

$TS
  [1] 96.32978712 88.96652328 71.99593927 67.12929525 88.88811457 85.60897469 83.84340772
  [8] 69.10975532 66.10979940 48.85236192 47.99064081 45.58503014 27.74231055 26.70112416
 [15] 13.31967746  8.79796049  0.54056259 83.40974036 72.29056980 76.52264426 77.40956448
 [22] 77.40613570 74.60799961 67.73400892 69.90785104 72.27479818 55.58356262 70.85889442
 [29] 61.41600334 69.39387496 66.91178885 65.92356560 65.34245029 60.61573655 48.83473646
 [36] 69.92495954 65.30598129 66.10175591 68.23522597 59.63188840 44.23197412 38.96917501
 [43] 61.04588491 59.98468247 37.05619759 36.93374646 34.29799455 15.10051485 14.54254628
 [50] 67.31314610 58.07336463 54.03849916 60.39197569 58.22785325 51.43903399 59.73086624
 [57] 60.70791146 60.35197835 51.74493556 58.78235448 55.84318299 46.95369060 64.38276386
 [64] 51.56089401 52.68493137 42.36799283 56.08248427 53.25462223  8.37543262  6.16379321
 [71]  1.37798406  0.57307432 55.58111313 54.21556180 49.73200768 43.97808663 24.68986742
 [78]  6.54254111 59.87719064 56.25390918 53.84255604 55.72020693 58.17635813 35.74813232
 [85] 35.44100033 27.57800245 39.31566875 48.27477620 44.38247009 51.48574434 46.48322836
 [92] 45.58237561 26.86738572 21.46057218 52.65384354 51.87193216 51.57087521 31.41468959
 [99] 51.39161065 49.81443210 45.52854125 54.00935726 51.42628191 43.98342749 49.26053742
[106] 46.73062745 52.32567898 45.78044871  5.03343065 39.68948165 19.86277821 12.48828128
[113] 50.07296397 48.90599923 47.29718762 36.60502565 28.89517107 21.88090796 14.54320524
[120] 13.28398854 11.43937921 40.88131758 32.49525035 47.05421114 40.73321986 45.84700299
[127] 47.99262149 48.56068640 39.36123090 48.17131474 32.76463603 37.65922265 47.98293384
[134] 48.01511833 47.93218016 43.03591749 41.04296196 47.78711239  2.05357901 45.62024760
[141] 24.41874313 22.38576014 46.46471476 37.70126930 46.43102966 43.95487968 44.88335923
[148] 43.59680669 42.94642242 41.95087689 32.89414222 32.12661244 45.91132410 34.06081663
[155] 13.75061431 10.81956050  8.31676347  2.09039754 40.59124989 40.54900563 36.07974830
[162] 35.06255280 43.45247180 33.89040763 23.40129429 18.59692399 36.39725968 34.87859098
[169] 25.78677658 37.45176729 36.04037414 34.83774524 29.59044670 26.25388266 17.63974416
[176] 17.48517668 16.11721973 33.37863574 38.74975398 24.78037888 43.03217686 34.76843053
[183] 23.35317688 16.47547155 10.98484313  7.66656715  2.68635738  0.85216035 26.91356909
[190]  5.36779603 24.63999494 17.57802252 17.56958710 42.33317121 40.36839904 28.93230177
[197] 38.90378189 28.36800480 18.48494646 28.88901688 27.12012828 21.53211533 13.02091805
[204] 33.98438128 33.24485628 32.29861632 32.35073697 27.98393264 25.09631124 33.79792914
[211] 32.48367144 39.03772076 29.65995999 20.94818505  5.78110354  2.34917624 36.31528009
[218]  7.82251723  6.58877567  4.36757230  3.80871144  0.23048271 35.42013486 31.19304558
[225] 34.76000745 37.12447229 34.96050460 36.08078548 35.64865939 32.35323422 35.40666407
[232] 28.43388253 25.55431765 22.82408982 17.73351910 27.53757038 35.80053426 31.58302476
[239] 26.92097673 25.71763154 24.93189681 24.89664251 27.63872596 19.83585650 34.74702302
[246] 29.80131354 23.04692124 31.04875585 28.48894255 24.80820975 22.18035042 20.52916907
[253] 19.89343134 31.23079741 15.61084459  9.04816265 33.66138453 33.44564549 16.40904450
[260] 28.59635282 32.82485318  6.14356326  1.22385752 29.99510484 26.54814747 25.34832825
[267] 32.06654371 22.53109055 19.61275710 29.49984696 26.03350378 23.64133516 16.90768988
[274]  7.84340631  5.84158844  0.82330546 27.43641210 15.83558889 12.48872556 24.90243400
[281] 13.01941391 12.80342175  4.81473608 31.67013014 31.31170112 29.96678095 25.18483142
[288] 22.04336551 31.24710272 29.16441475 21.14695464 16.61314751 12.03139028  7.25035402
[295]  4.83100032 24.14845610 21.14005731  7.91892707  5.67977627 22.26476878 12.56761366
[302] 18.76525552 13.99446342  3.69156912 29.92511238 15.21777692 28.28257815 30.46394947
[309] 29.77031782  6.11491720 26.78381331 18.44840648 14.13485015 28.16825660  8.62060610
[316]  5.68825316  5.62401516 28.51362016 30.93844581 31.04280913 21.42853106 11.29630013
[323] 30.34960280 24.45512473  0.58360731 26.22315012 11.41896248 16.89401447  9.68786690
[330]  6.48023498  3.33309247 24.23619533 26.44574476 10.71228055  3.66652991 22.30515769
[337] 26.09768073  7.82166878  3.41700437 17.94942343  4.52031602 21.88881054  6.50034701
[344] 24.25860151 23.97292705 13.23872545 27.54878742 26.19490167 28.49692633 27.68149591
[351]  6.16949169  4.26863220 24.50461730 25.96185720 18.49306638 14.17283284 21.26032987
[358] 23.72291605 26.64891501 17.33491745 27.85040360 22.40767856 12.21828020  1.81019466
[365] 11.95143000 10.28923564  9.86752404  4.76514054 25.80465470 22.90831154 16.24400753
[372] 21.58457077 17.59263839  2.62366961  0.86220946 25.51942139 20.73990671  9.01128852
[379]  0.37602941 20.89731792 13.10930837 25.25404089 24.47706092 25.54791319 20.67106399
[386] 18.97095022 19.09767324  4.31379722 22.51037132 16.75894043 18.11003160 23.02951635
[393] 21.20117426 16.86046255  7.62241759 22.75582854  0.67099737 13.03360677  5.78964889
[400] 23.39226116 22.39760692  6.98454850  3.88353997 23.71861936 15.95733293 24.32166653
[407] 24.02816984 20.38853517 22.74988391 20.46010357 14.63152492 24.89441689 22.78819510
[414] 15.47937369 18.69448385 15.48444190 13.68600744 10.72290481  4.32506037 24.35921119
[421] 23.82071116 23.46153687  7.19278976 12.95120574  3.36762389 20.14311271  9.38690202
[428]  7.14871527  6.09424339 19.87264483 17.75039361 15.78651343 15.74166644 13.61442094
[435] 22.68138375 19.99510196 10.77136795  0.74806665 23.73321200 22.31337844 11.29328552
[442]  4.54354250 15.31489991  6.79119840 18.27418847 15.14492095  8.35397654  4.37603844
[449] 23.11999787 14.71052211 20.16387158 13.84740597 21.93730935  8.05500522  6.84419638
[456] 21.47991586 18.51560169 12.39499745  9.05880819 21.13695024  4.12360736  2.26181219
[463] 20.24489503 15.71044702 17.01131561 12.07203661  2.81666491 21.21806357 18.07283749
[470] 11.62488640 21.51090492 21.38879882 11.52840105  4.35367291  2.60274908 21.72738840
[477] 19.25105774 19.46267294 10.24953493 21.59682679 21.51029022 19.42575586 18.79841752
[484] 14.45384938  6.82256885  6.10070251  0.93167266 16.14746949 10.79217339 10.53802857
[491]  7.62412541 13.63926537 21.37570066  6.05520917 19.54470358 16.22842397 14.79907220
[498] 13.87795990  6.51559802  1.16441318 15.14649550 20.26989045 18.84527727 11.44226634
[505] 10.57353899  9.52193494 17.11422999 16.85196380 18.18008677 10.15642240 15.13593142
[512] 19.15474043 15.99338771 12.30865904 15.92029789 15.74160882 18.35447633 13.88799370
[519] 12.94651603 10.84455005  1.76642952  0.66375069 16.26799569  9.97758325 14.96038744
[526] 16.15266467 15.32688300 19.41551713 12.36677848  3.76336654 17.38386472 12.18756181
[533] 16.03503923 11.38475503  0.30494517  2.13535227 18.98579369 16.47518730 15.41411610
[540] 15.30336493 11.90809490 13.15213766 10.36372682 13.24718837  6.30230714  5.20123076
[547]  0.32759769 14.54051196 13.96147784  7.62390709  5.14252019 17.85867528 11.38319556
[554]  9.68304750  7.49147830 15.55579025 12.56533140 13.03144863  7.40174164  6.35843527
[561]  2.17507987  5.47460087 12.38673453 16.34820738  9.29931594  7.72012391 15.57200848
[568] 12.88148752 17.04459961 10.33203923  6.65680316  0.07908679  4.64765491  7.76441051
[575]  9.21568382  2.61398359 12.39980558 16.00923792  1.38216565  8.57508631  4.87115747
[582]  1.97758635 15.49401865  9.49446259 15.65024075  3.81505747  5.23905755 11.17155634
[589]  5.15621676  3.17600575 13.34911080  2.44969767 14.60819918 15.95990805 11.82031294
[596] 11.17903905  4.68707133 12.98386337  4.33632092  9.00326255  0.16984692 10.05879976
[603]  7.99212687 13.95747694  4.02734155  2.01431059 10.85090654 10.80412376  5.98138759
[610] 13.10228622  8.28943228 14.40512574 13.70923366 11.50227281  9.25568658  6.75291900
[617]  2.87381926  0.40410898 13.29048933  7.98907718  2.23117762  1.02956327  0.80303186
[624]  1.54164598  7.63167073  0.82771007  0.97320910  8.62349524  6.46523730  2.34956262
[631] 11.86832939 13.50426986  7.26475416  6.71924278 13.29533326 12.25777253 12.69676693
[638]  6.21429167 11.14470621 10.41239207  6.11723822 11.20862401 12.54509538  4.46673876
[645]  0.19156167  6.70407701  5.94197741  1.17865405  6.30532661  4.56769934 10.23208839
[652]  2.89886974 12.30504317  8.98439033  7.72670570  2.49526398 10.91351694  3.62447300
[659]  2.25477924  9.21362360  8.10982746  3.86825809  7.18204678  2.81805688  2.25081086
[666]  6.43300298  2.91033445  0.01983125  8.33822464  4.23425644  1.03821898 12.00227905
[673]  5.77489918  6.50471668  6.39040117  2.52735233  9.62735025 11.41563636  3.74621967
[680]  1.36965391  7.02632968  3.03463001  9.68829052  6.42509031  1.12276365  8.68046948
[687]  2.66131079  9.92347509  7.25155533  6.72233850  7.60946497  3.49336422  9.72828543
[694]  6.79572274  3.86718050  8.78879203  5.58633272  5.06781138  2.77237027  5.05199974
[701]  0.66995565  4.92270592  0.80565475  6.52665933  5.53809375  5.18140236  5.16055461
[708]  4.33793071  3.59814155  1.75771545  0.33451050  7.34623669  7.68996949  4.81310090
[715]  4.47960019  5.02774612  0.60700644  4.42517744  1.42643072  5.89019714  7.55317708
[722]  0.59333372  8.38542063  6.25067328  3.49574695  8.12313810  0.92866322  7.59051112
[729]  6.08806046  4.91902358  7.09444967  6.15872433  7.23217716  3.42931042  2.13133573
[736]  7.00418661  4.02128315  2.35321264  1.89794144  3.49888916  0.80761989  6.84436027
[743]  0.56054303  0.23245771  6.59261091  6.99421096  3.18522260  2.02607233  1.13645138
[750]  6.37633536  6.49204453  3.63992633  6.50617393  2.40277857  5.11146696  5.81926191
[757]  2.08869697  2.00456465  3.47805516  3.15570443  4.98943949  0.93698343  6.70659422
[764]  1.87052624  4.22557722  2.82045225  1.35323512  5.83510857  3.82116254  3.83269665
[771]  3.78975729  0.39337295  2.02199397  5.64777752  4.58212663  5.24738347  5.33112864
[778]  6.41624418  0.14839991  1.89311653  1.74191596  4.11095939  3.10605821  3.67943734
[785]  1.59841068  0.30246339  3.64614836  2.36506028  0.98858082  0.03259982  2.63239687
[792]  4.45071410  4.11193157  0.83623811  4.34474045  5.04227061  2.60371886  4.89438438
[799]  4.01459197  1.42461501  2.49416985  1.31990537  3.45922238  1.99370266  2.25644849
[806]  3.97445909  0.12561937  1.66982985  3.49554016  0.71841588  0.10187902  0.75293266
[813]  3.59885251  0.10348656  2.24073561  1.61131750  1.28904241  3.17823486  2.20049536
[820]  3.63180981  0.04681196  0.30968571  0.92991286  0.14031332  2.62315566  0.62270769
[827]  0.78356311  3.09467326  2.56750793  2.49333277  1.82023780  1.06128700  1.02124739
[834]  0.98950587  1.82344075  2.03146344  0.65216104  2.64971738  1.76536561  0.62418909
[841]  1.75647880  0.05263010  2.28431394  0.32949493  0.22449971  1.68367179  0.39776512
[848]  1.84631976  1.12318428  1.32202597  1.99676291  0.78463095  1.00788664  1.65455097
[855]  0.30044532  0.54392215  0.60084041  1.08748518  0.64428882  0.01197449

$PAR
  [1]  NA   1   1   1   2   2   2   2   2   2   2   2   2   2   2   2   2   5   5   6   7  18  18
 [24]  18  23  19  19  26  26   3   3   3   3   3   3  28  28  36  25  25  25  25   8   8   8   8
 [47]   8   8   8  24  50  50   4   4  31   9  38  38  32  33  33  33  37  63  29  29  43  43  43
 [70]  43  43  43  34  34  34  34  34  34  53  53  58  79  56  56  56  56  60  54  54  83  83  83
 [93]  83  83  80  80  80  80  67  67  61  73  73  73  52  52 102  68  68  96  96  96  97  97  97
[116]  97  97  97  97  97  97  64  64  90  90 113  75 105 105  10  10  35  88 130 130 130 130 134
[139] 134 127  11  11 133 135 138 115  62  62  62  62 106 106  91  91  91  91  91  91 143 143 143
[162] 143 145 153 153 153  12  92  92 147 147 147 147 147 147 147 147  89  41 104  76  76 148 148
[185] 148 148 148 148 136 136 149 149 149  66 150 150 122 122 122 125 125 125 125 160 160 160 195
[208] 195 195 110 110 129  87  87  87  87  42 179 179 179 179 179 144 144 132 170 170 226  45  45
[231] 116 167 167 167 167 217 161 171 171 171 171 171 237 237  85  85  85 223 223 223 231 162 162
[254] 227 168 168 172 172 182 225 154 154 154 164 164 164 210 210 210 257 257 257 257 257 257 257
[277] 258 258 258 178 178 178 178 205 205 205 205 205 151 151 151 151 151 151 151 261 261 261 261
[300] 123 123 211 211 211 207 207 206 267 267 267 238 238 238 285 285 285 285 254 224 248 320 320
[323] 319 319 319 308 308 323 323 323 323 264 286 286 286 246 309 309 309 173 173 290 290 196 196
[346] 196 117 200 260 260 318 318 349 249 249 249 232 198 307 307 314 314 314 314  13  13  13  13
[369]  86  86  86 236 236 236 236 201 201 201 201 239 189  93  93 311 311 311  14  14 359 359 265
[392] 333 326 326 326 348 348 354 354 169 169 169 169 240 240 233 233 233 266 266 382 209 209 209
[415] 241 241 241 241 241 412 250 180 180 353 353 383 383 383 383 324 324 324 324 324 141 141 420
[438] 420 344 344 344 344 296 296 407 407 407 407 345 358 404 404 422 422 165 400 400 400 400 183
[461] 183 183 392 409 435 435 435 268 362 362 401 401 142 142 142 251 288 342 342 118 476 476 372
[484] 372 372 372 372 471 471 471 471 456  94  94 321 321 321 321 321 321 472 493 493 493 493 493
[507] 468 393 291 291 297 460 460 377 385 385 410 502 502 502 502 502 463 463 436 253 111 244 244
[530] 495 478 478 482 482 482 528 477 477 477 477 477 386 386 503 503 503 503 302 302 415 415 166
[553] 166 166 166 457 199 312 312 312 312 517 509 391 340 340 552 235 192 176 176 531 507 569 465
[576] 465 328 394 394 508 508 508 390 390 292 292 259 564 564 564 523 523 177 533 533 578 578 278
[599] 278 432 432 464 464 585 255 255 567 583 583 539 527 443 306 501 501 501 501 501 446 511 511
[622] 511 511  48 450 450 593 548 303 303 518 498 452 155 613 613 417 434 632 632 632 591  15  15
[645]  15 635 635 544 346 381 203 281 598 568 568 282 279 279 279 112 112 112 577 577 577 458 458
[668] 653 532 466 466 293 672 365 541 631 470 473 678 678 596 639 185 657 607 156 156 489 437 418
[691] 334 334 505 505 490 640 640 640 640 543 543 479 479 510 510 510 510 602 602 602 524 688 367
[714] 683 554 506 565 575 575 660 459 256 378  16  16 315 315  69  69  69 611 611 726 661 661 603
[737] 298 274 274 218 218 566 625 491 550 395 691 691 691 728 721 555 712 423 663 428 428 428 731
[760] 731 746 402 455 694 616 690 690 634 634 763 219 219  78 704 499 330 629 666 684 778 560 545
[783] 724 351 351 310 429 729 729 729 647 756 705 777 706 707 589 551 551 755 700 700 109 716 798
[806] 295 597 650 341 715 644 474 708 708 599 419 765 793 605 737 737 770 530 530 304 335 820 740
[829] 725 692 803 734 339 425 331 747 747 590 760 652 617 467 791 576 576 830 830 462 561 735 139
[852] 139 851 848 710 785 850 500 827 847

$EXTANT
  [1] FALSE  TRUE FALSE FALSE FALSE FALSE FALSE FALSE  TRUE FALSE FALSE FALSE FALSE  TRUE  TRUE
 [16]  TRUE  TRUE FALSE FALSE FALSE FALSE FALSE FALSE FALSE FALSE FALSE FALSE FALSE FALSE FALSE
 [31] FALSE FALSE FALSE FALSE FALSE FALSE FALSE FALSE FALSE FALSE FALSE FALSE  TRUE FALSE FALSE
 [46] FALSE FALSE FALSE FALSE FALSE FALSE FALSE FALSE FALSE FALSE FALSE FALSE FALSE FALSE FALSE
 [61] FALSE FALSE FALSE FALSE FALSE FALSE FALSE  TRUE  TRUE  TRUE  TRUE  TRUE FALSE FALSE FALSE
 [76] FALSE FALSE  TRUE FALSE FALSE FALSE FALSE FALSE FALSE FALSE FALSE  TRUE FALSE FALSE FALSE
 [91]  TRUE FALSE FALSE  TRUE FALSE  TRUE FALSE FALSE FALSE FALSE FALSE FALSE FALSE FALSE FALSE
[106]  TRUE FALSE FALSE  TRUE FALSE  TRUE  TRUE FALSE FALSE FALSE FALSE FALSE FALSE FALSE  TRUE
[121] FALSE FALSE  TRUE FALSE  TRUE FALSE FALSE FALSE FALSE FALSE FALSE FALSE FALSE FALSE FALSE
[136]  TRUE FALSE FALSE  TRUE FALSE FALSE  TRUE FALSE  TRUE FALSE FALSE FALSE  TRUE  TRUE FALSE
[151]  TRUE  TRUE FALSE  TRUE  TRUE  TRUE  TRUE  TRUE FALSE FALSE FALSE FALSE FALSE FALSE FALSE
[166] FALSE FALSE  TRUE  TRUE FALSE FALSE FALSE  TRUE FALSE FALSE  TRUE  TRUE  TRUE  TRUE  TRUE
[181] FALSE  TRUE  TRUE  TRUE FALSE FALSE  TRUE  TRUE  TRUE FALSE  TRUE  TRUE FALSE FALSE FALSE
[196] FALSE  TRUE FALSE FALSE FALSE  TRUE FALSE FALSE FALSE FALSE FALSE  TRUE FALSE FALSE FALSE
[211]  TRUE FALSE FALSE FALSE  TRUE FALSE FALSE  TRUE  TRUE  TRUE FALSE  TRUE FALSE FALSE FALSE
[226]  TRUE FALSE FALSE FALSE FALSE FALSE FALSE FALSE FALSE FALSE  TRUE  TRUE  TRUE  TRUE FALSE
[241]  TRUE FALSE FALSE FALSE FALSE FALSE FALSE FALSE  TRUE FALSE  TRUE FALSE FALSE FALSE  TRUE
[256]  TRUE  TRUE FALSE  TRUE FALSE FALSE FALSE  TRUE FALSE FALSE FALSE  TRUE FALSE  TRUE FALSE
[271] FALSE FALSE  TRUE  TRUE  TRUE  TRUE FALSE  TRUE  TRUE FALSE  TRUE  TRUE FALSE FALSE  TRUE
[286]  TRUE FALSE FALSE FALSE FALSE FALSE  TRUE  TRUE  TRUE  TRUE FALSE FALSE  TRUE  TRUE FALSE
[301]  TRUE  TRUE  TRUE  TRUE FALSE  TRUE FALSE FALSE  TRUE  TRUE FALSE  TRUE FALSE  TRUE  TRUE
[316]  TRUE  TRUE  TRUE  TRUE  TRUE  TRUE  TRUE  TRUE FALSE FALSE  TRUE FALSE  TRUE FALSE FALSE
[331]  TRUE FALSE FALSE  TRUE  TRUE FALSE FALSE  TRUE  TRUE  TRUE  TRUE  TRUE  TRUE FALSE FALSE
[346]  TRUE FALSE  TRUE FALSE FALSE  TRUE  TRUE  TRUE  TRUE FALSE FALSE  TRUE  TRUE FALSE FALSE
[361] FALSE  TRUE FALSE  TRUE FALSE  TRUE  TRUE  TRUE FALSE FALSE  TRUE  TRUE  TRUE  TRUE  TRUE
[376] FALSE FALSE  TRUE  TRUE FALSE  TRUE FALSE  TRUE FALSE  TRUE  TRUE FALSE FALSE FALSE  TRUE
[391] FALSE  TRUE FALSE  TRUE  TRUE FALSE  TRUE FALSE FALSE FALSE FALSE  TRUE  TRUE FALSE FALSE
[406] FALSE FALSE FALSE FALSE FALSE  TRUE FALSE FALSE  TRUE  TRUE  TRUE FALSE  TRUE FALSE  TRUE
[421] FALSE  TRUE  TRUE FALSE  TRUE FALSE FALSE  TRUE  TRUE FALSE FALSE  TRUE FALSE  TRUE  TRUE
[436]  TRUE  TRUE  TRUE FALSE FALSE FALSE  TRUE  TRUE  TRUE FALSE FALSE  TRUE FALSE  TRUE  TRUE
[451] FALSE FALSE FALSE  TRUE  TRUE  TRUE FALSE  TRUE FALSE FALSE  TRUE  TRUE FALSE  TRUE  TRUE
[466]  TRUE  TRUE  TRUE FALSE FALSE  TRUE  TRUE  TRUE  TRUE  TRUE  TRUE FALSE  TRUE  TRUE FALSE
[481] FALSE  TRUE FALSE FALSE FALSE  TRUE  TRUE  TRUE  TRUE FALSE  TRUE FALSE  TRUE  TRUE  TRUE
[496] FALSE FALSE FALSE  TRUE  TRUE  TRUE  TRUE  TRUE FALSE  TRUE  TRUE FALSE  TRUE FALSE  TRUE
[511]  TRUE FALSE FALSE FALSE  TRUE FALSE  TRUE  TRUE  TRUE FALSE  TRUE  TRUE  TRUE  TRUE FALSE
[526]  TRUE FALSE  TRUE  TRUE  TRUE  TRUE FALSE FALSE  TRUE  TRUE  TRUE FALSE FALSE  TRUE FALSE
[541] FALSE  TRUE  TRUE  TRUE  TRUE  TRUE  TRUE FALSE FALSE  TRUE  TRUE FALSE  TRUE  TRUE  TRUE
[556] FALSE FALSE  TRUE  TRUE  TRUE  TRUE  TRUE  TRUE  TRUE  TRUE  TRUE FALSE FALSE FALSE  TRUE
[571]  TRUE  TRUE  TRUE  TRUE  TRUE  TRUE  TRUE  TRUE  TRUE  TRUE  TRUE  TRUE  TRUE FALSE  TRUE
[586]  TRUE FALSE  TRUE  TRUE  TRUE  TRUE  TRUE  TRUE  TRUE FALSE  TRUE  TRUE FALSE  TRUE  TRUE
[601]  TRUE  TRUE FALSE FALSE  TRUE  TRUE  TRUE FALSE FALSE FALSE  TRUE  TRUE  TRUE FALSE  TRUE
[616]  TRUE  TRUE  TRUE  TRUE FALSE  TRUE  TRUE  TRUE  TRUE  TRUE  TRUE  TRUE FALSE  TRUE  TRUE
[631]  TRUE  TRUE  TRUE  TRUE  TRUE FALSE FALSE FALSE  TRUE  TRUE  TRUE  TRUE  TRUE  TRUE  TRUE
[646]  TRUE  TRUE  TRUE  TRUE  TRUE  TRUE  TRUE  TRUE FALSE FALSE  TRUE  TRUE  TRUE  TRUE  TRUE
[661]  TRUE  TRUE FALSE  TRUE  TRUE  TRUE  TRUE  TRUE  TRUE  TRUE  TRUE  TRUE  TRUE FALSE FALSE
[676]  TRUE  TRUE  TRUE  TRUE  TRUE  TRUE  TRUE  TRUE  TRUE  TRUE FALSE  TRUE  TRUE  TRUE  TRUE
[691]  TRUE  TRUE FALSE  TRUE  TRUE  TRUE  TRUE  TRUE  TRUE  TRUE  TRUE  TRUE FALSE  TRUE  TRUE
[706] FALSE  TRUE  TRUE  TRUE  TRUE  TRUE  TRUE  TRUE  TRUE  TRUE  TRUE  TRUE  TRUE  TRUE  TRUE
[721]  TRUE  TRUE  TRUE  TRUE  TRUE  TRUE  TRUE  TRUE  TRUE  TRUE  TRUE  TRUE FALSE  TRUE  TRUE
[736] FALSE  TRUE  TRUE  TRUE  TRUE  TRUE  TRUE  TRUE  TRUE FALSE  TRUE  TRUE  TRUE  TRUE FALSE
[751]  TRUE  TRUE FALSE  TRUE FALSE  TRUE  TRUE  TRUE  TRUE  TRUE FALSE  TRUE FALSE  TRUE  TRUE
[766]  TRUE  TRUE  TRUE  TRUE  TRUE  TRUE  TRUE  TRUE FALSE FALSE  TRUE  TRUE  TRUE  TRUE  TRUE
[781] FALSE  TRUE  TRUE  TRUE  TRUE  TRUE  TRUE  TRUE  TRUE  TRUE  TRUE  TRUE FALSE  TRUE  TRUE
[796]  TRUE  TRUE  TRUE FALSE FALSE  TRUE  TRUE  TRUE FALSE  TRUE  TRUE  TRUE  TRUE  TRUE  TRUE
[811]  TRUE  TRUE  TRUE  TRUE  TRUE FALSE  TRUE FALSE  TRUE  TRUE  TRUE  TRUE  TRUE  TRUE  TRUE
[826]  TRUE  TRUE  TRUE  TRUE  TRUE  TRUE  TRUE  TRUE  TRUE  TRUE  TRUE  TRUE  TRUE  TRUE  TRUE
[841] FALSE  TRUE  TRUE  TRUE  TRUE  TRUE  TRUE  TRUE  TRUE  TRUE  TRUE  TRUE  TRUE  TRUE  TRUE
[856]  TRUE  TRUE  TRUE  TRUE  TRUE

