
Birth-death simulation object with 793 species and 500 extant species

Details for some species:

Extinction times (NA means extant)
[1] 44.62293 63.82785 66.22987 72.84296 56.61266 40.35576


Speciation times 
[1] 99.46916 88.90782 87.48929 85.51157 83.48300 80.91774


Species parents (NA for initial)
[1] NA  1  1  1  1  1


Species status (extinct or extant)
[1] "extinct" "extinct" "extinct" "extinct" "extinct" "extinct"


For more details on vector y, try sim$y, with y one of
TE TS PAR EXTANT



$TE
  [1] 44.62292733 63.82784834 66.22986749 72.84296296 56.61266223 40.35576430 58.21407128
  [8]          NA 17.24564309 74.86885777 45.51148137 59.31832687 60.23137152 29.39409658
 [15] 70.11502549 72.78872418 47.03391801 48.20373743 19.55891265 60.51447427 44.92547637
 [22]  4.33640944  3.62154889 11.65779226 38.35126388 53.31497983 35.60227578 27.66979471
 [29] 53.23900082 46.38540477 48.80606639 18.34917534 38.35687342          NA 21.32208854
 [36] 55.40403780 20.89878545 45.26191216          NA 33.66151027 46.94592136 22.81129843
 [43]          NA          NA          NA 21.13709536          NA          NA  6.50050216
 [50]  8.29328215 33.65669885 52.94323261 46.08844741 44.39707479          NA 43.49768840
 [57] 25.21980927 23.86427873 15.42667271 27.59355877  9.01101460  3.85253136          NA
 [64]  8.95720831          NA          NA 29.75897690          NA 40.91163903 49.93466727
 [71] 42.05642981 10.63750658          NA  5.34587305 44.30198710 40.65436112 40.88756181
 [78] 40.50917831 32.85875296          NA 25.25932759          NA 21.96722145  0.58229999
 [85] 35.22141244 21.52513547 18.16896300 16.61778765 48.22017583 44.30341456 11.43099936
 [92] 30.09080645 26.67022273  8.87824170 24.31652290 18.62107961 16.04958296  5.98432698
 [99]  3.38341130 32.04146151 41.40956080 46.12486436 15.47191963 27.78075810 12.82468891
[106] 35.37290051 16.39086621  5.73333156          NA  7.04727623          NA          NA
[113]          NA 33.34876035 38.98133451 30.04157494          NA          NA  8.47617641
[120]          NA          NA  6.21294608          NA 14.65083207  9.29109902 31.25037707
[127] 23.66597130 17.46753251          NA          NA 34.64689294          NA          NA
[134]          NA 17.93908293 15.99094702  6.04190382          NA          NA 24.61642970
[141]  7.86004862          NA 37.74463535 34.71817840 18.64398175 15.95966545          NA
[148] 25.19565536  7.37012344 13.66602911          NA  1.70086859 30.95974510 27.21255982
[155] 23.54646870 18.92706278  6.23624775 22.33764372  7.48804528          NA          NA
[162] 18.49619894 20.27166157 16.44746970 35.44952986 31.38000808 21.74093958 39.51876600
[169] 36.33015976 38.26401897 33.60086768 38.01794067 19.13909067          NA  3.40414099
[176]  0.39104840          NA 13.94065884 11.35734559          NA 19.94787253 32.10582000
[183]          NA  4.20921523          NA          NA 12.99894403          NA          NA
[190] 17.59164737          NA          NA          NA          NA          NA          NA
[197]  9.56954950  9.49998664 13.66709006 10.11368658          NA  4.85902435 31.25420329
[204]          NA          NA          NA 17.36047992 19.06727366          NA          NA
[211]  1.81368659          NA 15.31138105 31.31905452 19.90434090  7.62836943  2.56059240
[218]          NA 18.29250850          NA 28.74241915  3.13969213 19.17360568          NA
[225]          NA          NA  1.44818715          NA 24.43842691          NA          NA
[232]  4.46429534          NA          NA  7.80877927 22.44267531          NA          NA
[239]          NA 12.09262908 15.99875281          NA          NA          NA          NA
[246]          NA 10.82264379 23.57320371 22.63603596          NA          NA          NA
[253] 30.72444717 14.50949421 18.33737670  7.06076276  6.24010742          NA          NA
[260]          NA          NA          NA          NA          NA 21.77893120 12.56262488
[267]          NA          NA          NA          NA 13.56829228          NA          NA
[274]  7.55556565 12.23412308  3.56257384          NA 15.32570311          NA 19.24393927
[281] 13.63421446          NA          NA 21.57270531 14.14283917 14.61523079          NA
[288]          NA 14.78043575          NA          NA          NA 15.41111953  3.21311235
[295]          NA          NA  0.42278674          NA          NA  0.50888903          NA
[302]          NA  5.48312780          NA 25.79854392          NA          NA 13.80841821
[309]          NA          NA          NA 13.89083330          NA  2.10744989          NA
[316]          NA  4.84571301          NA 23.96024658          NA          NA          NA
[323] 10.95549871 14.21848966          NA 10.04973236 15.26553938          NA          NA
[330]          NA          NA 16.01784720          NA          NA 14.62389787  0.66910646
[337]          NA          NA          NA          NA  7.69808473          NA          NA
[344]          NA          NA          NA          NA          NA          NA          NA
[351]          NA          NA 10.29154991          NA          NA          NA          NA
[358]  4.07988112          NA          NA  2.86491749          NA          NA  3.36859218
[365]  2.28655436          NA          NA          NA  6.09638038          NA          NA
[372]          NA          NA          NA          NA          NA          NA 17.20567022
[379] 13.55603889          NA          NA          NA  7.56634053 10.34133995  0.23911780
[386]          NA  2.39786050          NA 15.20738265          NA          NA  0.28702599
[393]          NA          NA          NA          NA  9.75528128  9.29913368          NA
[400]          NA          NA 15.65414017 13.53409712  6.09826208          NA          NA
[407]  1.42422905 17.12158547 18.84101850          NA          NA  1.91264854          NA
[414]          NA          NA          NA          NA          NA          NA  7.63189712
[421]  6.60816445  0.81868309          NA  4.37716954          NA          NA  3.75505376
[428]          NA          NA          NA  8.80896848          NA          NA          NA
[435]          NA          NA          NA  1.00607348          NA          NA          NA
[442] 13.94039958          NA          NA          NA          NA  8.11747172          NA
[449]          NA  4.26754249          NA          NA          NA          NA          NA
[456]          NA          NA          NA          NA          NA          NA  5.67912008
[463] 11.02541931 11.29972840          NA          NA  4.92020629          NA          NA
[470] 12.08901705  2.42119959          NA          NA  3.04862583          NA  0.21649380
[477]          NA          NA          NA          NA          NA          NA          NA
[484]          NA          NA          NA          NA          NA          NA  9.86561338
[491]          NA          NA          NA          NA          NA          NA          NA
[498]          NA          NA          NA          NA          NA          NA  4.92772692
[505]          NA          NA          NA  4.38141054          NA          NA  1.00570916
[512]  1.88224500          NA          NA  2.01254920 12.32793620  1.28939072  7.34877446
[519]          NA          NA  4.53311002          NA          NA          NA  2.00651150
[526]          NA          NA          NA          NA          NA  0.22541412  2.18937846
[533]          NA          NA          NA          NA          NA          NA          NA
[540] 12.40692519  8.23664008  7.12592241          NA          NA  7.91936229          NA
[547]          NA          NA          NA          NA          NA          NA          NA
[554]          NA          NA          NA          NA          NA  0.82729768  2.80690204
[561]          NA          NA          NA          NA          NA          NA          NA
[568]          NA          NA          NA          NA          NA          NA          NA
[575]          NA  1.81302243          NA  6.16503963          NA          NA          NA
[582]          NA          NA          NA  6.25365349          NA          NA          NA
[589]          NA          NA          NA          NA          NA          NA          NA
[596]          NA          NA          NA          NA          NA  4.49649558          NA
[603]          NA          NA          NA          NA          NA  7.84657437          NA
[610]          NA          NA  0.36188467          NA          NA          NA  3.62791870
[617]          NA          NA          NA          NA          NA          NA          NA
[624]          NA  7.21191760          NA          NA          NA          NA          NA
[631]          NA          NA  4.62966524          NA          NA  8.78631293          NA
[638]          NA          NA          NA          NA          NA          NA  2.59825921
[645]  3.60423877          NA          NA          NA          NA          NA  3.74426396
[652]          NA          NA  2.70108677          NA          NA          NA  2.47994280
[659]          NA          NA          NA          NA          NA          NA          NA
[666]          NA          NA          NA          NA          NA          NA          NA
[673]          NA          NA          NA  0.96122959  0.14419450          NA          NA
[680]          NA          NA          NA          NA          NA          NA          NA
[687]          NA  1.83818597  1.80879947          NA          NA          NA          NA
[694]          NA          NA          NA          NA          NA          NA          NA
[701]          NA          NA          NA          NA  0.49788589          NA          NA
[708]          NA          NA          NA  3.49843289          NA          NA          NA
[715]          NA          NA          NA          NA          NA  0.07820331          NA
[722]          NA          NA          NA          NA          NA          NA          NA
[729]          NA          NA          NA          NA          NA          NA          NA
[736]          NA          NA          NA          NA          NA          NA          NA
[743]          NA          NA          NA          NA          NA          NA          NA
[750]          NA          NA          NA          NA          NA          NA          NA
[757]          NA          NA          NA          NA          NA          NA          NA
[764]          NA          NA          NA          NA  0.90456453          NA          NA
[771]          NA          NA          NA          NA          NA          NA          NA
[778]          NA          NA          NA          NA          NA          NA          NA
[785]          NA          NA          NA          NA          NA          NA          NA
[792]          NA          NA

$TS
  [1] 99.46916109 88.90781780 87.48929333 85.51156668 83.48299767 80.91774142 70.16120112
  [8] 57.46737252 46.79301569 80.83034493 76.81029744 71.59853224 71.06468799 81.86938920
 [15] 72.82611231 73.47947761 70.45804851 50.92775958 49.11023273 76.53080875 74.50376901
 [22] 59.13012147 55.99460084 52.40865568 41.74366255 62.22741395 55.85178237 52.47543052
 [29] 56.48645864 50.36967427 67.72779605 61.41726168 55.80720776 48.87235406 63.06614355
 [36] 60.49989141 26.98302910 57.14779600 20.32768780 56.63806765 49.14163309 45.92091404
 [43] 23.73349509 17.76627680  9.39211270 52.33966915 30.56629629 27.36818607 10.33153666
 [50] 10.05692522 52.26308534 56.03794803 50.01195042 47.61033243 44.27271288 49.19679499
 [57] 45.84352713 45.19451010 44.54750312 34.34444643 30.35514610 27.51657805 18.37923416
 [64] 18.20827887 12.34979299 48.11389243 44.84633020 36.28204837 54.63565194 51.30037834
 [71] 46.13897200 44.24272143 44.18049051 41.84814363 49.93740329 47.16065895 45.09422254
 [78] 43.51562192 37.88285123 48.63987084 34.92037526 28.85088730 50.65944021 50.48845335
 [85] 36.00931408 50.57584636 37.48213451 22.60044126 49.98549876 47.77688190 38.16767862
 [92] 36.27228473 33.54065866 33.32106139 31.89246161 25.29914428 21.53009607  9.98018683
 [99] 47.74666963 49.66412104 48.60025711 48.82753653 46.94499875 46.35611205 45.71874072
[106] 36.81362700 28.85310690 24.43675575 19.68968508 34.55716175  8.30657109 23.64078668
[113]  5.60791070 45.93993059 44.41218144 42.06634586 13.89612449 12.29584551  9.08449376
[120]  8.60638139  2.51864709 35.14359084 31.73567832 18.86535777 11.15446015 38.82546659
[127] 37.14943071 34.41551790 27.67536599 26.79755586 39.57021584 39.48763472 31.79907000
[134] 17.76913657 28.30961823 42.41849235 45.12592488 23.16458933 17.56669565 35.38457146
[141] 25.07189884 21.38584234 42.85617254 37.73576596 26.20018258 25.63347802 36.95838282
[148] 33.39524826 27.91902963 25.37783168 16.57335203  5.16298846 37.22610298 28.99683946
[155] 28.99533195 20.39963830 14.89895084 27.49121070 20.92088567  6.84176562  4.15160297
[162] 40.95876544 38.16360669 25.58997039 41.71524142 35.24821529 23.39864536 40.39027368
[169] 38.97172816 38.36754896 39.98957348 39.57009303 34.80677382 23.56880416 20.71230234
[176]  3.38228737  1.14264759 31.59620490 24.83055258 15.44132420 29.39879516 32.27423258
[183] 35.89821896 32.90160512 32.65160865 29.62343631 25.88836163 35.70562976 28.50819105
[190] 24.65545398 16.30945987 13.58129547 12.19435378  7.22633783  6.55726068  5.87672811
[197] 31.88818736 13.45201861 35.64108740 34.28994863 31.43690155 34.89592730 34.64123013
[204] 27.57485275 14.45411187  6.94855459 33.52506576 24.75542633 20.61579593  7.58580568
[211] 15.39807900  7.73348252 34.38218954 33.53325106 32.70493208 31.78949049 30.88626835
[218] 28.94145980 19.55085571 11.63786318 33.44227782 26.85808891 19.61375239 24.60066749
[225] 20.40870399 14.81413966 11.89780171 10.36347413 32.05584095 30.00482391 25.25353838
[232] 27.80187452 22.13494254 16.09227276  8.54685407 24.33271179  5.41452855 31.69138368
[239] 27.79316977 24.79827734 28.85792431 24.47299875 17.68024188 13.30808953 16.89035321
[246]  4.38013267 21.56043296 27.79212634 27.68410810 11.70744350 10.40062798  2.82349529
[253] 31.21120142 23.19629271 21.18198669 14.61710720 10.92936540  3.83761256 24.74970547
[260] 20.39643539 15.45718045 22.81712682 14.24539748 24.63120519 23.06288661 14.67562833
[267]  0.00515218 29.38459729 10.08239936 25.61077265 14.66934453  5.00934143  3.80587691
[274] 28.92584343 18.66604705  5.24539985  4.69424514 26.96003540 24.92370852 26.04260329
[281] 21.66937289  1.27744188 26.78369134 22.63893380 16.56120538 26.10926934 20.82282888
[288] 20.28020544 19.71955974 23.41672052 11.67356428 11.56849784 19.04053859 17.18487112
[295]  6.32585846  3.89122164 21.66139375 21.37384533 24.58857062 26.38894320 17.46002740
[302] 11.71817031 10.16764852  3.62804402 27.08827755 18.66569367 15.47992503 15.44781568
[309]  4.61680113  2.73264838 17.48686683 15.00760966  4.78008228  3.76710991  1.53380638
[316] 26.36885233 20.55190202 18.92301990 26.64715978 24.99172563  7.71422960 21.03567608
[323] 12.32383093 14.63201261  7.49959496 24.91867527 23.73107540  6.57640419  1.63415787
[330] 21.69522072 17.11957927 17.27856993 14.99766456 13.12818817 20.29628687 23.77598992
[337] 22.40867899 16.43005004 15.11666132 13.47821726 21.34740923 23.60972236 20.95569396
[344] 15.17287853  8.65354037  3.80441688  2.41202357 25.20284547 19.34346519 22.86688617
[351] 16.36358171  8.64051321 14.10539244 11.18409905  3.94301390 20.80956127 12.03085764
[358] 20.34000243 14.67607253  7.15393775 20.20647223 23.64587151 11.46901247  4.76065614
[365] 22.35786734 19.42335702  6.64382812  5.21784380 20.52729099 21.82167774 15.12163125
[372]  8.48977310  5.74008348 15.71141955  3.78562452 23.26882449  0.47549720 20.78687879
[379] 18.78204623 13.90028300  9.72810734  2.57158964 21.23874358 14.98654882  6.45051285
[386] 15.62196098  7.62958395  3.27131652 18.34794430 16.63422030 12.09031105  4.57604058
[393]  3.02651508 23.05968539 14.41643550  6.63751768 17.04539736 11.17236378  1.91461137
[400] 20.43751334 19.89620728 16.54193731 15.43653918  8.26699662  0.72825728 10.13396948
[407]  6.65365422 19.87556483 20.67433296 11.68218599  4.25165982  5.23657977  1.49853521
[414] 15.17554208  8.94218889  7.89910235 19.12967969 16.13176827  0.05041846 16.27888552
[421] 15.31704951  4.67229089 18.74138676 15.48212434 14.96588225  7.03420812 20.47694279
[428] 14.19753186  7.17287486 18.48799736 13.04810435  8.81545105  7.65333553  3.90965345
[435] 15.10366649  7.07460954 15.57952053 14.22064367  5.49021118  3.86197247  3.44872660
[442] 17.76503743  6.08810176  4.71659776 11.66539649  2.68694202 18.11785924 16.45258091
[449] 14.91224787 11.95108160 13.58338052  3.75421925  3.18390450 10.36728591  1.98281900
[456] 14.38140339 15.02604884 14.67490063  7.84904441  7.42820214  3.46919306  7.72537853
[463] 14.81103835 14.80781653 13.83876448  4.12631882 16.53491147 15.83293926 13.55396134
[470] 12.82766149 12.52756271  9.87276521  9.95202431  9.50232506  3.28653948  0.52585665
[477]  1.14895604  0.67880508  9.48017111  4.52760027 12.03266138  5.91036217 16.07052388
[484]  3.62957830  0.93877773  0.39270559 12.75824374  0.72196123  1.87679512 15.09264665
[491] 12.11256129  7.00333910  3.53109139  1.14456066 13.48100238 13.29355343  5.73397162
[498]  4.33121641  4.12057461  5.33250915  1.22719215  4.12567290  7.48971021  5.58942536
[505]  3.14919350 11.00336837  3.86424914 13.54210211 12.26433933 12.00579703 10.70390865
[512]  7.15235741  1.51123994  7.10202530  7.01224160 12.43290512 12.01546715  7.62961887
[519]  2.19539148  6.32825139 11.51857976 13.13410649 11.59004539 10.39644382  9.00301833
[526]  8.76934994  6.87933137  3.26222378  9.58285851 12.66982292 12.02064694 11.31352850
[533]  1.62449612 12.58428483  6.89198117 13.33315581  8.14470165  6.99158976  0.25668874
[540] 14.14590133  9.01756784  8.80266777  6.12969373  0.77813178 13.61982224  2.50648533
[547] 13.12541713  2.06568170 12.33697302  1.78607829  2.90103705  7.44479099 11.32753909
[554] 10.70226383 10.66115882  4.89825325  7.82671445  7.72656312  1.76723081 11.01329477
[561]  9.21064471  7.00124292  4.83047795  7.30978865  7.12354928  7.37255292 12.45403702
[568]  0.48369123  9.88794825  7.44665032  5.17591475 11.37217647  8.26729507  2.37877243
[575]  8.94677502  8.57465216  0.45145630 10.13771293  9.94074382  9.62441060 12.32022494
[582] 11.36244449  4.74437765 10.95328454 10.26499627  5.74067028  2.47512984  3.62879380
[589]  2.65786187  6.67027593  3.62411430  2.44554580  0.25670046  8.75969903  1.04870541
[596] 11.86671205  1.51191829  8.07419270  3.89388848  3.91101806 11.66287586  2.71167241
[603]  1.49919519  0.73347271  7.60536222  8.43676206  8.88853215 11.03900586 11.13967860
[610]  4.44124151  9.54093747  5.82959428  6.21294427  4.34025486  0.92225449  4.77483485
[617]  9.99631599  4.64808910  4.22176362  4.59187289  7.32378715  5.25222869  1.79157149
[624]  0.78108640  9.48800780  1.04358929  9.99458850  5.30870137  3.60835138  8.90747919
[631]  2.79694310  9.71296498  5.81976470  0.15178062  0.16338944  8.90490619  8.43180045
[638]  6.28282909  7.08826072  4.85169357  9.63184949  9.60322126  8.46748535  8.40180071
[645]  3.84649072  5.86593356  1.40903739  2.19110759  4.87316684  9.30657721  7.12781323
[652]  3.62085877  0.30081605  7.68849355  1.21646352  1.35947375  6.05842304  2.63625561
[659]  8.63641413  5.19308494  8.19656223  0.33259382  6.79969125  5.06070615  3.30083308
[666]  3.23999688  5.83398638  4.00415559  6.49017350  1.11401978  0.12074018  0.18983668
[673]  4.26581368  7.71697944  8.33828003  7.04917535  6.26156185  6.03330867  1.07706846
[680]  3.92959061  3.12192619  1.81717946  1.84742410  0.92857082  4.58980652  2.52824110
[687]  5.30574030  5.17940668  7.28831751  7.44418705  5.74414895  5.32600513  2.83414674
[694]  5.15812903  6.58036577  2.47689073  0.60722811  2.86089148  4.61396145  6.04143921
[701]  3.44014301  3.59247182  1.90092528  5.23129199  3.21858882  1.99955657  5.14380346
[708]  3.05819094  2.05971813  5.58646990  4.94151637  5.67140931  4.52291127  2.00580831
[715]  1.29554834  2.83592789  5.41929348  2.29056238  4.13447204  2.91885487  2.53272048
[722]  4.11187445  0.79010711  4.08017653  3.19722833  1.58571848  3.16126476  0.88569299
[729]  1.99925988  3.31080300  3.55249159  2.68590682  4.87077191  4.06947110  3.17398537
[736]  3.17014756  1.46462321  2.76297841  4.60216830  4.25716877  0.90671554  3.31414735
[743]  1.27448061  2.24786518  3.08701248  2.68129350  3.85108151  2.77394247  0.11676754
[750]  1.33477692  2.19900012  2.68021323  0.22781850  3.31999748  1.02021276  0.96320608
[757]  1.06036307  0.59924045  1.86503446  2.65809904  2.57598850  1.70737290  1.29588910
[764]  3.47311773  0.95718550  3.21614494  0.39709000  2.83090223  1.20625000  2.74216332
[771]  1.83137645  1.14420817  1.08064078  2.32155190  1.65513710  1.26174681  1.23521269
[778]  1.63930997  1.37200237  1.73499496  1.49706491  0.72671144  0.62394595  0.49813340
[785]  1.16854618  0.65713439  0.47990057  0.22209944  0.30173157  0.93801876  0.11321918
[792]  0.71299579  0.32181154

$PAR
  [1]  NA   1   1   1   1   1   1   1   1   2   2   2   2   3   3   4  14  14  14   6   6   6   6
 [24]   6   6  11  11  11  21  21  12  12  17  17  31  31  35  32  32  22  22  22  22  22  22   8
 [47]   8   8   8   8  38  40  40  40  40  23  23  23  23  23  23  23  23  23  23  27  27  27  33
 [70]  33  33  69  69  69  28  28  28  28  24  46  46  46  51  51  51  70  83  83  86  86  86  84
 [93]  84  84  84  84  84  84  53  89  89 100  56  56  56  19  19  19  19  34  34  80  80 101 101
[116]  66  66  66  66  66  66  99  99  99  99 103 103 103 103 103   9   9   9   9 104  71 105 105
[139] 105  58 137 137  67  59  59  59  55  55  55  55  55  55  72  72  72  72  72  73  73  73  73
[162] 143 143 136  74  74  74  25 165 165 168 171 131 132 132 132 132  91  91  91  87 153 127 127
[185] 127 127 127 147 147 147 147 147 147 147 147 147  68  68  85 183 183 188 188 188 188 188 140
[208] 122 122 122 202 202 173 110 110 110 110 110 110 110 128 128 128 213 200 200 200 200 214 221
[231] 148  94  94  94 184 215 185 229  95  95 197 197 197 197 133 133 216 123 123 123 123 123 238
[254] 238 238 238 238 238 178 178 178 201 201 217  47  47  47  61  61 230 230 230 230 186 186 186
[277] 186 181 268 155 218 218 274 274 274 241 107 107 107  82  82  82 189 189 189 189 135 135 232
[300] 239 239 239 239 239 129 129 129 129 129 129 204 204 204 204 204  62  62  62  48  48  48 278
[323] 222 130 130 283 283 283 283 300 300 316 316 316 286 187 187 187 187 187 146 270 270 270 270
[346] 270 270 164 164  96 231 231 348 348 348 141 320 279 279 279 326 240 259 259 264 264 264 264
[369] 299 242 242 108 108  43  43 327 112 342 342 342 342 342 174 174 174 290 290 290 376 376 376
[392] 376 376 254 138 138 394 394 394 337 337 337 365 365 233 370 297  97 142 142 142 298 298 341
[415] 341 341 322 322 322 159 159 287 175 175 175 175 209 317 369 427 427 427 427 427 400 400 260
[438] 260 288 288 361 289 109 366 349 349 293 293 318 318 275 306 306 430 430  63 447 134 134 134
[461] 134  44 442 243 243 243 139 139 139 139 139 139 311 311 311 311 301 331 245 245 151 467 448
[484] 338 338 338 351 351 191 234 234 234 234 483 468 468 468 468 468 374 374 386 437 437 437 261
[507] 261 180 180 180 180 180 180 211 421 414 414 414 414 344 371 457 457 457 457 457 457 457 333
[530] 384 425 425 449 157 226 464 458 458 458 271 205 205 205 205 395 456 428 428 380 380 117 465
[553] 192 192 192 192 469 469 469 508 508 508 495 340 536 244 522 522 334 334 334 487 530 530 534
[576] 534 534 567 567 567  65  65  65 549 549 581 581 118 118 509 491 491 491 391 391 481 357 517
[599] 517 510 227 227 596 596 410 291 445 601 220 292 521 521 363 363 582 354 398 609 560 584 511
[622] 511 511 554 251 251 524 524 524  49 406 269 269 269 617 627  98  98 473 473 569 569 472 472
[645] 381 632 632 641 611 474 561 561 575 415 415 630 607 607 542 526 594 594 345 352 659 120 576
[668] 576 372 372 372 643 606 637 644 675 111 111 661 537 416 459 558 321 654 433 605 605 210 325
[691] 325 325 570 566 565 565 565 514 639 436 676 426 562 538 538 206 527 663 663 590 695 669 520
[714] 677 657 196 646 646 612 497 497 712 237 628 628 628 622 622 704 688 152 152 707 707 733 563
[737] 563 313 583 583 618 739 620 685 392 392 713 614 614 498 673 411 411 719 668 668 680 600 258
[760] 346 484 304 652 629 702 754 742 705 705 727 727 720 551 631 738 752 752 721 721 121 347 574
[783] 548 706 455 703 623 762 772 757 544 782 478

$EXTANT
  [1] FALSE FALSE FALSE FALSE FALSE FALSE FALSE  TRUE FALSE FALSE FALSE FALSE FALSE FALSE FALSE
 [16] FALSE FALSE FALSE FALSE FALSE FALSE FALSE FALSE FALSE FALSE FALSE FALSE FALSE FALSE FALSE
 [31] FALSE FALSE FALSE  TRUE FALSE FALSE FALSE FALSE  TRUE FALSE FALSE FALSE  TRUE  TRUE  TRUE
 [46] FALSE  TRUE  TRUE FALSE FALSE FALSE FALSE FALSE FALSE  TRUE FALSE FALSE FALSE FALSE FALSE
 [61] FALSE FALSE  TRUE FALSE  TRUE  TRUE FALSE  TRUE FALSE FALSE FALSE FALSE  TRUE FALSE FALSE
 [76] FALSE FALSE FALSE FALSE  TRUE FALSE  TRUE FALSE FALSE FALSE FALSE FALSE FALSE FALSE FALSE
 [91] FALSE FALSE FALSE FALSE FALSE FALSE FALSE FALSE FALSE FALSE FALSE FALSE FALSE FALSE FALSE
[106] FALSE FALSE FALSE  TRUE FALSE  TRUE  TRUE  TRUE FALSE FALSE FALSE  TRUE  TRUE FALSE  TRUE
[121]  TRUE FALSE  TRUE FALSE FALSE FALSE FALSE FALSE  TRUE  TRUE FALSE  TRUE  TRUE  TRUE FALSE
[136] FALSE FALSE  TRUE  TRUE FALSE FALSE  TRUE FALSE FALSE FALSE FALSE  TRUE FALSE FALSE FALSE
[151]  TRUE FALSE FALSE FALSE FALSE FALSE FALSE FALSE FALSE  TRUE  TRUE FALSE FALSE FALSE FALSE
[166] FALSE FALSE FALSE FALSE FALSE FALSE FALSE FALSE  TRUE FALSE FALSE  TRUE FALSE FALSE  TRUE
[181] FALSE FALSE  TRUE FALSE  TRUE  TRUE FALSE  TRUE  TRUE FALSE  TRUE  TRUE  TRUE  TRUE  TRUE
[196]  TRUE FALSE FALSE FALSE FALSE  TRUE FALSE FALSE  TRUE  TRUE  TRUE FALSE FALSE  TRUE  TRUE
[211] FALSE  TRUE FALSE FALSE FALSE FALSE FALSE  TRUE FALSE  TRUE FALSE FALSE FALSE  TRUE  TRUE
[226]  TRUE FALSE  TRUE FALSE  TRUE  TRUE FALSE  TRUE  TRUE FALSE FALSE  TRUE  TRUE  TRUE FALSE
[241] FALSE  TRUE  TRUE  TRUE  TRUE  TRUE FALSE FALSE FALSE  TRUE  TRUE  TRUE FALSE FALSE FALSE
[256] FALSE FALSE  TRUE  TRUE  TRUE  TRUE  TRUE  TRUE  TRUE FALSE FALSE  TRUE  TRUE  TRUE  TRUE
[271] FALSE  TRUE  TRUE FALSE FALSE FALSE  TRUE FALSE  TRUE FALSE FALSE  TRUE  TRUE FALSE FALSE
[286] FALSE  TRUE  TRUE FALSE  TRUE  TRUE  TRUE FALSE FALSE  TRUE  TRUE FALSE  TRUE  TRUE FALSE
[301]  TRUE  TRUE FALSE  TRUE FALSE  TRUE  TRUE FALSE  TRUE  TRUE  TRUE FALSE  TRUE FALSE  TRUE
[316]  TRUE FALSE  TRUE FALSE  TRUE  TRUE  TRUE FALSE FALSE  TRUE FALSE FALSE  TRUE  TRUE  TRUE
[331]  TRUE FALSE  TRUE  TRUE FALSE FALSE  TRUE  TRUE  TRUE  TRUE FALSE  TRUE  TRUE  TRUE  TRUE
[346]  TRUE  TRUE  TRUE  TRUE  TRUE  TRUE  TRUE FALSE  TRUE  TRUE  TRUE  TRUE FALSE  TRUE  TRUE
[361] FALSE  TRUE  TRUE FALSE FALSE  TRUE  TRUE  TRUE FALSE  TRUE  TRUE  TRUE  TRUE  TRUE  TRUE
[376]  TRUE  TRUE FALSE FALSE  TRUE  TRUE  TRUE FALSE FALSE FALSE  TRUE FALSE  TRUE FALSE  TRUE
[391]  TRUE FALSE  TRUE  TRUE  TRUE  TRUE FALSE FALSE  TRUE  TRUE  TRUE FALSE FALSE FALSE  TRUE
[406]  TRUE FALSE FALSE FALSE  TRUE  TRUE FALSE  TRUE  TRUE  TRUE  TRUE  TRUE  TRUE  TRUE FALSE
[421] FALSE FALSE  TRUE FALSE  TRUE  TRUE FALSE  TRUE  TRUE  TRUE FALSE  TRUE  TRUE  TRUE  TRUE
[436]  TRUE  TRUE FALSE  TRUE  TRUE  TRUE FALSE  TRUE  TRUE  TRUE  TRUE FALSE  TRUE  TRUE FALSE
[451]  TRUE  TRUE  TRUE  TRUE  TRUE  TRUE  TRUE  TRUE  TRUE  TRUE  TRUE FALSE FALSE FALSE  TRUE
[466]  TRUE FALSE  TRUE  TRUE FALSE FALSE  TRUE  TRUE FALSE  TRUE FALSE  TRUE  TRUE  TRUE  TRUE
[481]  TRUE  TRUE  TRUE  TRUE  TRUE  TRUE  TRUE  TRUE  TRUE FALSE  TRUE  TRUE  TRUE  TRUE  TRUE
[496]  TRUE  TRUE  TRUE  TRUE  TRUE  TRUE  TRUE  TRUE FALSE  TRUE  TRUE  TRUE FALSE  TRUE  TRUE
[511] FALSE FALSE  TRUE  TRUE FALSE FALSE FALSE FALSE  TRUE  TRUE FALSE  TRUE  TRUE  TRUE FALSE
[526]  TRUE  TRUE  TRUE  TRUE  TRUE FALSE FALSE  TRUE  TRUE  TRUE  TRUE  TRUE  TRUE  TRUE FALSE
[541] FALSE FALSE  TRUE  TRUE FALSE  TRUE  TRUE  TRUE  TRUE  TRUE  TRUE  TRUE  TRUE  TRUE  TRUE
[556]  TRUE  TRUE  TRUE FALSE FALSE  TRUE  TRUE  TRUE  TRUE  TRUE  TRUE  TRUE  TRUE  TRUE  TRUE
[571]  TRUE  TRUE  TRUE  TRUE  TRUE FALSE  TRUE FALSE  TRUE  TRUE  TRUE  TRUE  TRUE  TRUE FALSE
[586]  TRUE  TRUE  TRUE  TRUE  TRUE  TRUE  TRUE  TRUE  TRUE  TRUE  TRUE  TRUE  TRUE  TRUE  TRUE
[601] FALSE  TRUE  TRUE  TRUE  TRUE  TRUE  TRUE FALSE  TRUE  TRUE  TRUE FALSE  TRUE  TRUE  TRUE
[616] FALSE  TRUE  TRUE  TRUE  TRUE  TRUE  TRUE  TRUE  TRUE FALSE  TRUE  TRUE  TRUE  TRUE  TRUE
[631]  TRUE  TRUE FALSE  TRUE  TRUE FALSE  TRUE  TRUE  TRUE  TRUE  TRUE  TRUE  TRUE FALSE FALSE
[646]  TRUE  TRUE  TRUE  TRUE  TRUE FALSE  TRUE  TRUE FALSE  TRUE  TRUE  TRUE FALSE  TRUE  TRUE
[661]  TRUE  TRUE  TRUE  TRUE  TRUE  TRUE  TRUE  TRUE  TRUE  TRUE  TRUE  TRUE  TRUE  TRUE  TRUE
[676] FALSE FALSE  TRUE  TRUE  TRUE  TRUE  TRUE  TRUE  TRUE  TRUE  TRUE  TRUE FALSE FALSE  TRUE
[691]  TRUE  TRUE  TRUE  TRUE  TRUE  TRUE  TRUE  TRUE  TRUE  TRUE  TRUE  TRUE  TRUE  TRUE FALSE
[706]  TRUE  TRUE  TRUE  TRUE  TRUE FALSE  TRUE  TRUE  TRUE  TRUE  TRUE  TRUE  TRUE  TRUE FALSE
[721]  TRUE  TRUE  TRUE  TRUE  TRUE  TRUE  TRUE  TRUE  TRUE  TRUE  TRUE  TRUE  TRUE  TRUE  TRUE
[736]  TRUE  TRUE  TRUE  TRUE  TRUE  TRUE  TRUE  TRUE  TRUE  TRUE  TRUE  TRUE  TRUE  TRUE  TRUE
[751]  TRUE  TRUE  TRUE  TRUE  TRUE  TRUE  TRUE  TRUE  TRUE  TRUE  TRUE  TRUE  TRUE  TRUE  TRUE
[766]  TRUE  TRUE FALSE  TRUE  TRUE  TRUE  TRUE  TRUE  TRUE  TRUE  TRUE  TRUE  TRUE  TRUE  TRUE
[781]  TRUE  TRUE  TRUE  TRUE  TRUE  TRUE  TRUE  TRUE  TRUE  TRUE  TRUE  TRUE  TRUE

