
Birth-death simulation object with 728 species and 500 extant species

Details for some species:

Extinction times (NA means extant)
[1] 90.86016 96.89595 86.21019 92.35314 94.20865 89.28374


Speciation times 
[1] 111.53526 111.48797 100.41294  98.64638 101.96776  97.59295


Species parents (NA for initial)
[1] NA  1  1  1  2  5


Species status (extinct or extant)
[1] "extinct" "extinct" "extinct" "extinct" "extinct" "extinct"


For more details on vector y, try sim$y, with y one of
TE TS PAR EXTANT



$TE
  [1] 90.86015727 96.89594796 86.21019127 92.35314386 94.20865207 89.28373925 68.20658110
  [8] 27.25584093 85.37171795 69.31732782          NA 20.08158974 45.16065978          NA
 [15]          NA 73.53906746          NA  4.82078425 36.67985872  6.04269048  3.62340375
 [22] 29.58443224          NA          NA 14.11143523          NA          NA          NA
 [29]          NA          NA          NA 30.54953210 41.02903839          NA  5.52808096
 [36]  2.53627161 15.15408741          NA 32.21987550 48.99950407  5.87206048          NA
 [43]          NA  2.76245012          NA 46.33668344          NA 50.06748860 21.80574716
 [50]          NA          NA 37.26785548 48.64341717 25.89510596 41.59445179 28.63459097
 [57]          NA          NA 40.29815812 22.18655702 18.72019393          NA 10.66841282
 [64]          NA 38.72390169 40.15882929          NA          NA 17.58708560 17.45293087
 [71]          NA          NA          NA          NA 42.76314811 23.60308975 18.09212455
 [78] 25.30012242 21.27009616 22.96841215 42.49615943 38.74840820          NA 17.73159191
 [85]          NA          NA          NA 46.12353050 28.87943408 26.83474483  9.24222524
 [92]          NA          NA          NA          NA 24.17982460  3.32672645 38.84674712
 [99] 11.19875833  3.34389128          NA  1.90729226 19.70635011 16.71134605          NA
[106] 32.42981472 36.03618395 12.52270401          NA  4.59460031 17.68685946 16.90542353
[113] 31.87844666 36.75361269 28.53548607 12.43280544          NA          NA 24.81337911
[120] 21.55786278 14.69563422          NA  5.33383452 21.17602973          NA          NA
[127] 20.67682579          NA  8.86193294          NA          NA 15.04240257          NA
[134] 19.06980856 17.17389013 31.93964888          NA 10.05862056          NA 15.89058634
[141]  7.18758955  5.35748497 21.45141548 11.00056450 14.38877927 27.71697186          NA
[148] 16.58175536          NA          NA          NA          NA          NA          NA
[155]          NA          NA          NA          NA          NA          NA          NA
[162]          NA          NA 23.79142777          NA 15.34417043          NA 14.19084018
[169]          NA          NA          NA          NA          NA          NA 25.52326148
[176]          NA          NA          NA 11.46599334 27.13624028  6.58860833  3.95185523
[183]          NA          NA          NA          NA          NA  3.89812072          NA
[190]          NA 20.72355529  9.23750035          NA          NA  0.23147681          NA
[197]  1.45933591  2.39613939  4.10113324  0.36191365          NA          NA 22.08746626
[204]          NA          NA          NA  5.47571827  9.51305601  1.46581596          NA
[211] 26.22968727          NA          NA          NA          NA          NA  3.10309452
[218]  5.87166934 10.99851869          NA  3.93567141  6.95838225 12.19858949  2.71172777
[225]          NA          NA          NA          NA          NA          NA 10.12220482
[232]          NA 10.43705209  3.43841299          NA          NA          NA  0.32110977
[239]  6.95549190          NA          NA  1.95309261          NA          NA          NA
[246]          NA          NA 10.11880750          NA  7.64912538          NA  3.36843835
[253] 12.26698542  3.30196004 22.88317713 13.64593768          NA          NA          NA
[260]  1.56600117          NA          NA 13.11283781 23.36510230          NA          NA
[267]  1.60128130          NA          NA          NA 11.36702707 16.89166532  3.05238959
[274] 16.22581783          NA  1.20486104          NA          NA          NA 21.16535888
[281]  8.93556609  7.83088085          NA          NA          NA          NA          NA
[288]          NA          NA 21.83810057          NA          NA  2.55038464          NA
[295]          NA  8.34794039          NA          NA          NA          NA 12.31908346
[302]  3.81379921          NA          NA          NA          NA          NA          NA
[309]          NA          NA          NA  9.37006760 13.12580201          NA          NA
[316]          NA  8.85313806          NA          NA          NA          NA  3.41785711
[323]  7.81090457          NA          NA          NA          NA          NA  7.43222128
[330]          NA          NA 10.45673094          NA          NA  5.98071243          NA
[337]          NA          NA          NA          NA  3.39925589          NA          NA
[344]          NA  6.54264260          NA  1.39023538          NA          NA  5.60592371
[351]          NA  0.07799569          NA          NA          NA 15.23856558          NA
[358]  1.43134563          NA          NA 10.57996708          NA  2.27956560 15.74536973
[365]          NA  4.96487980          NA  6.69332394          NA          NA          NA
[372]          NA  2.15803607          NA  2.51802682          NA          NA          NA
[379]          NA 10.66763228          NA          NA          NA  2.67940369  7.87574227
[386]          NA          NA          NA          NA          NA  8.08985014          NA
[393]  6.61979917          NA          NA          NA          NA          NA          NA
[400]          NA  3.46867378          NA          NA          NA          NA          NA
[407]          NA          NA          NA  5.72209270          NA          NA  1.21748361
[414]          NA  0.35275054  8.67565994          NA          NA          NA          NA
[421]  7.29417801  0.02182006          NA          NA          NA  1.99535695          NA
[428]  0.42586320          NA          NA          NA          NA  7.12991412          NA
[435]          NA  1.64675359          NA          NA          NA          NA          NA
[442]          NA          NA          NA          NA          NA          NA  2.20321663
[449]          NA          NA          NA          NA          NA          NA          NA
[456]          NA          NA          NA          NA          NA  6.19197319  3.75486516
[463]          NA          NA          NA          NA          NA          NA          NA
[470]          NA          NA          NA          NA  4.40153274          NA          NA
[477]  2.97049387          NA          NA 10.71465875          NA  3.27439275          NA
[484]          NA          NA          NA  1.41093216          NA          NA          NA
[491]  4.12800493          NA          NA  2.30512401          NA  3.80469937          NA
[498]          NA          NA          NA  7.19622338          NA          NA          NA
[505]          NA          NA          NA          NA          NA  1.18686705          NA
[512]          NA          NA          NA          NA          NA          NA          NA
[519]          NA          NA          NA          NA          NA          NA          NA
[526]          NA          NA          NA  4.19167695          NA          NA          NA
[533]  0.62653472          NA          NA          NA          NA  0.32542632          NA
[540]          NA          NA          NA          NA          NA          NA          NA
[547]  4.89236058          NA          NA          NA          NA          NA          NA
[554]  4.82435205  4.80874794          NA  1.98439297          NA          NA  1.65409102
[561]          NA          NA          NA          NA          NA          NA          NA
[568]          NA          NA          NA          NA          NA          NA  3.11831126
[575]  3.87499841          NA  1.58628482          NA          NA  1.13949035          NA
[582]          NA          NA          NA  3.82023729          NA          NA          NA
[589]          NA          NA          NA          NA          NA  5.36269118          NA
[596]          NA  2.91767308          NA          NA  5.16311984          NA          NA
[603]          NA          NA          NA          NA          NA          NA          NA
[610]          NA          NA          NA          NA          NA          NA          NA
[617]          NA          NA          NA          NA          NA          NA          NA
[624]          NA          NA          NA          NA          NA          NA          NA
[631]          NA          NA          NA          NA          NA  2.81141788  3.04807681
[638]          NA          NA          NA          NA          NA          NA          NA
[645]          NA          NA          NA          NA          NA          NA          NA
[652]          NA          NA          NA          NA          NA          NA          NA
[659]          NA          NA          NA          NA          NA          NA          NA
[666]          NA          NA  2.40718228          NA          NA          NA          NA
[673]          NA          NA          NA  1.43897162          NA  0.82049263  3.25802268
[680]          NA          NA  1.89103067          NA          NA          NA          NA
[687]          NA          NA          NA          NA          NA          NA          NA
[694]          NA          NA          NA          NA          NA  0.97861439          NA
[701]          NA          NA          NA          NA          NA          NA          NA
[708]          NA          NA          NA          NA          NA          NA          NA
[715]          NA          NA          NA          NA          NA          NA          NA
[722]          NA          NA          NA          NA          NA          NA          NA

$TS
  [1] 1.115353e+02 1.114880e+02 1.004129e+02 9.864638e+01 1.019678e+02 9.759295e+01 8.746823e+01
  [8] 9.109482e+01 8.711433e+01 8.373881e+01 6.772860e+01 5.507586e+01 4.666760e+01 4.111265e+01
 [15] 3.084397e+01 7.577447e+01 7.415311e+01 7.374570e+01 7.042601e+01 5.258443e+01 4.485817e+01
 [22] 3.277478e+01 2.888338e+01 1.510620e+01 1.502438e+01 1.359217e+01 9.595683e+00 7.121831e+00
 [29] 6.257107e+00 3.515676e+00 6.469564e+01 4.229507e+01 4.208381e+01 2.769739e+01 2.484464e+01
 [36] 2.455504e+01 2.391482e+01 1.314896e+01 6.097723e+01 6.149309e+01 5.844319e+01 3.719784e+01
 [43] 3.205698e+01 2.631889e+01 8.567211e+00 6.310066e+01 5.787003e+01 5.449003e+01 4.669798e+01
 [50] 3.462322e+01 1.671661e+01 6.027767e+01 5.431523e+01 5.372222e+01 5.052097e+01 5.298566e+01
 [57] 5.728385e+01 4.907108e+01 4.189628e+01 4.814518e+01 2.280978e+01 1.741341e+01 1.534051e+01
 [64] 9.559633e+00 5.480471e+01 4.735459e+01 3.108772e+01 3.056057e+01 2.331947e+01 2.263677e+01
 [71] 2.178861e+01 1.465478e+01 9.298525e+00 1.757387e+00 5.429823e+01 2.754181e+01 2.117971e+01
 [78] 5.301686e+01 5.064473e+01 3.532658e+01 4.884249e+01 5.158207e+01 3.080330e+01 2.733642e+01
 [85] 2.312456e+01 2.107048e+01 2.053574e+01 4.743452e+01 4.682618e+01 4.606067e+01 4.106691e+01
 [92] 3.822060e+01 2.794350e+01 2.541135e+01 5.082490e+00 4.421270e+01 4.643162e+01 4.648825e+01
 [99] 3.185762e+01 3.034147e+01 2.976228e+01 3.981618e+01 4.011274e+01 3.717723e+01 6.510211e+00
[106] 4.083668e+01 3.815327e+01 2.072115e+01 1.452258e+01 1.305214e+01 3.504851e+01 2.456822e+01
[113] 3.692694e+01 4.075245e+01 3.431225e+01 2.994843e+01 2.911789e+01 2.517116e+01 3.925491e+01
[120] 2.206020e+01 2.101126e+01 2.957406e+01 2.675664e+01 2.388086e+01 5.917301e+00 3.056054e+01
[127] 3.810953e+01 3.451893e+01 3.349100e+01 3.293344e+01 3.269671e+01 2.809938e+01 5.733407e+00
[134] 2.962599e+01 2.344041e+01 3.670803e+01 2.674271e+01 2.539111e+01 2.179147e+01 1.909542e+01
[141] 1.481451e+01 3.101591e+01 3.520515e+01 3.105796e+01 2.721215e+01 3.074935e+01 3.449276e+01
[148] 3.003803e+01 1.318675e+01 5.047423e+00 4.914472e+00 3.176535e+01 2.371362e+01 6.324876e+00
[155] 4.929509e+00 1.068005e+00 2.580837e-01 3.436482e+01 2.091284e+01 2.554497e+00 2.271611e+01
[162] 5.510301e+00 4.337905e+00 2.953001e+01 1.830189e+01 1.770963e+01 1.604575e+01 2.990015e+01
[169] 7.279685e+00 6.962889e+00 1.618715e+01 1.377612e+01 1.721437e+01 2.787392e+00 2.942987e+01
[176] 1.515635e+01 4.974943e+00 3.550755e+00 1.464720e+01 3.093893e+01 2.149509e+01 1.430699e+01
[183] 1.421982e+01 1.799739e+01 1.110559e+01 8.665712e+00 3.995787e+00 2.310709e+01 1.728308e+01
[190] 6.861148e+00 2.259740e+01 1.257978e+01 8.659462e+00 6.210412e+00 2.221184e+01 1.295038e+01
[197] 2.952819e+01 2.044861e+01 1.584362e+01 2.324746e+01 2.264939e+01 2.350839e+00 2.739772e+01
[204] 2.703811e+01 2.421846e+01 2.675397e+01 2.559473e+01 2.688726e+01 1.734002e+01 1.176897e+01
[211] 2.685416e+01 2.608092e+01 2.585609e+01 2.068236e+01 1.851394e+00 2.181249e+01 2.092500e+01
[218] 1.295889e+01 1.274173e+01 9.441744e+00 8.322817e+00 2.606602e+01 2.714067e+01 2.140689e+01
[225] 9.626248e+00 4.381659e+00 1.313945e+01 1.025340e+01 2.681089e+01 3.581835e+00 1.851245e+01
[232] 1.809941e+01 1.171403e+01 1.921417e+01 1.239299e+01 1.055819e+01 4.333577e+00 2.514771e+01
[239] 1.528758e+01 1.013397e+01 2.444166e+01 2.146569e+01 2.019142e+01 1.757664e+01 7.230334e+00
[246] 4.113180e+00 3.273443e+00 2.136143e+01 1.956023e+01 1.820700e+01 2.012479e+01 1.521697e+01
[253] 1.357612e+01 7.493506e+00 2.451880e+01 2.127847e+01 1.790925e+01 1.906917e+01 1.201271e+01
[260] 3.885391e+00 2.605589e+00 2.312095e+01 2.270299e+01 2.383662e+01 1.598446e+01 1.350954e+01
[267] 1.125067e+01 2.614531e-01 1.764226e+01 1.501778e+00 2.038417e+01 1.980082e+01 2.078029e+01
[274] 1.839147e+01 1.797939e+01 1.430069e+01 3.833758e+00 9.903549e+00 8.723110e+00 2.299442e+01
[281] 1.936278e+01 1.501561e+01 1.003115e+01 2.209061e+01 1.620887e+01 8.686770e+00 1.426464e+01
[288] 4.103650e+00 1.267822e+01 2.202203e+01 1.526669e+01 9.560434e+00 1.743627e+01 1.736507e+01
[295] 1.523119e+01 1.403073e+01 1.043975e+01 8.625003e+00 3.860921e+00 1.756203e+00 1.487988e+01
[302] 1.358242e+01 1.086822e+01 8.040778e+00 5.435681e+00 3.383083e+00 1.171323e+01 9.698538e+00
[309] 2.091769e+01 1.210029e+01 1.194538e+01 1.702466e+01 1.457798e+01 6.649533e+00 1.904510e+01
[316] 1.476889e+01 2.042772e+01 1.840325e+01 4.766587e+00 1.133296e+00 1.476021e+01 5.972817e+00
[323] 1.058666e+01 8.735037e+00 4.200736e+00 1.226990e+01 8.480375e+00 1.272441e+00 1.825367e+01
[330] 1.472874e+01 2.032350e+01 1.409716e+01 1.169318e+01 1.169102e+01 1.277948e+01 1.123715e+01
[337] 1.178946e+00 3.151497e-01 1.929129e+01 6.465016e+00 6.121724e+00 1.214253e+01 4.447126e+00
[344] 1.356846e+01 1.277009e+01 8.899581e+00 1.468905e+01 1.843222e+01 1.247697e+01 1.122416e+01
[351] 6.651961e+00 1.598546e+01 8.936443e+00 1.778592e+01 1.467963e+01 1.747072e+01 8.659911e+00
[358] 3.771827e+00 1.485671e+00 1.075996e+01 1.787769e+01 8.052635e+00 1.659412e+01 1.636318e+01
[365] 8.929522e+00 1.594766e+01 8.568937e+00 6.811369e+00 1.248449e+01 1.069493e+01 2.773790e+00
[372] 1.582218e+01 1.177142e+01 1.127091e+01 1.671354e+01 1.504718e+01 7.653145e+00 1.627718e+01
[379] 1.295617e+01 1.156153e+01 1.107014e+01 1.446576e+01 1.417658e+01 1.290644e+01 1.161055e+01
[386] 5.669291e+00 1.200701e+00 1.481013e+01 7.621791e+00 1.228086e+01 1.471003e+01 1.196677e+01
[393] 9.717997e+00 2.381531e+00 1.502062e+01 3.909146e+00 1.534683e+01 1.221935e+01 1.043932e+01
[400] 1.087317e+01 7.990334e+00 1.108131e+01 7.624958e+00 1.426813e+01 1.451622e+01 1.390087e+01
[407] 5.257885e+00 1.123663e+01 1.109416e+01 9.076128e+00 1.031773e+01 5.594367e+00 7.902742e+00
[414] 1.893404e+00 1.297388e+01 8.897319e+00 3.833058e+00 1.484949e+01 1.413832e+01 1.218687e+01
[421] 9.150007e+00 1.193731e+01 1.054186e+01 8.876919e+00 1.487310e+01 6.324713e+00 2.432162e+00
[428] 9.983395e+00 3.328799e+00 7.839668e+00 1.269688e+01 8.014463e+00 1.131659e+01 7.238163e+00
[435] 1.031743e+01 8.942414e+00 3.257143e+00 6.000731e-01 1.086734e+01 1.722989e+00 7.786960e+00
[442] 3.635772e+00 5.693221e+00 7.366461e+00 1.691301e+00 1.063673e+01 6.475067e+00 5.924392e+00
[449] 5.553699e+00 1.287011e+01 1.348407e+01 1.378588e+01 3.938377e+00 7.626637e+00 1.125252e+01
[456] 6.877810e+00 4.117936e+00 2.019399e+00 1.028423e+00 1.189046e+01 9.477217e+00 7.956645e+00
[463] 1.794077e+00 1.283693e+01 4.829138e+00 4.145876e-01 9.138535e+00 3.520588e+00 4.689449e+00
[470] 1.706871e+00 6.433693e+00 1.082488e+01 1.219145e+01 8.461982e+00 3.386258e+00 8.680261e+00
[477] 1.310379e+01 1.144097e+01 6.776421e+00 1.145781e+01 9.571430e+00 3.426574e+00 1.190496e+01
[484] 9.111925e+00 5.899460e+00 5.637627e+00 1.131784e+01 4.050546e+00 1.276681e+00 6.861582e-01
[491] 1.157069e+01 9.396184e-01 9.168429e+00 7.259525e+00 3.127111e+00 9.101105e+00 3.456701e+00
[498] 6.025805e+00 4.283235e+00 1.051828e+01 1.009222e+01 3.482434e+00 9.470037e+00 7.159448e+00
[505] 5.158113e+00 3.781422e+00 3.284411e+00 7.649002e+00 4.908350e+00 9.589371e+00 7.079251e+00
[512] 9.187760e+00 2.172807e+00 1.729294e+00 5.354690e+00 3.372523e+00 3.456936e+00 4.365572e+00
[519] 1.982008e+00 7.214443e-01 9.615328e+00 1.015307e+01 3.946380e+00 1.059389e+01 8.207274e+00
[526] 5.884402e+00 7.033705e+00 9.044575e+00 8.356417e+00 9.064318e+00 6.247068e+00 7.816991e+00
[533] 8.476428e+00 7.318853e+00 7.009835e+00 7.691127e+00 5.252588e+00 1.916217e+00 4.700777e+00
[540] 4.966571e+00 1.314906e+00 5.400360e+00 1.095196e+00 9.110751e+00 3.377055e+00 1.683482e+00
[547] 5.026662e+00 8.445429e+00 3.692383e+00 4.797331e+00 1.867923e-01 4.638167e+00 8.847916e+00
[554] 5.777187e+00 8.411940e+00 7.731793e+00 5.558858e+00 9.280455e+00 3.928520e+00 2.370259e+00
[561] 7.135725e+00 9.004780e+00 2.311940e+00 4.995642e+00 4.242035e+00 7.800754e+00 3.585344e+00
[568] 5.365103e+00 9.074110e+00 6.058449e+00 8.315004e+00 3.805585e+00 6.475413e+00 8.842264e+00
[575] 6.000538e+00 2.956435e+00 3.923017e+00 2.856275e-02 4.816464e+00 6.453341e+00 5.629548e+00
[582] 3.221614e+00 6.025170e+00 8.154797e+00 7.873813e+00 5.367443e+00 1.520784e+00 3.310568e+00
[589] 8.466161e+00 4.609465e+00 2.369552e+00 3.791061e+00 7.252680e+00 6.675463e+00 5.830393e+00
[596] 7.456195e+00 7.948292e+00 1.609184e+00 7.841443e+00 7.481090e+00 5.005055e+00 6.885522e+00
[603] 1.866824e+00 6.075751e+00 3.562317e+00 4.718107e-02 4.194499e+00 4.096611e+00 1.910689e-01
[610] 9.108013e-01 3.584064e+00 1.936478e+00 1.233985e+00 3.518602e+00 5.765349e+00 2.703103e+00
[617] 3.909144e+00 1.944811e+00 6.779931e+00 3.048587e+00 6.410598e+00 5.473778e+00 2.068128e+00
[624] 1.863304e+00 1.343212e+00 7.088631e-01 5.269442e+00 1.280914e+00 2.099764e+00 5.490234e+00
[631] 5.344551e-01 4.923920e+00 2.117036e+00 4.086747e+00 3.784539e+00 2.951484e+00 4.203765e+00
[638] 1.266604e+00 6.363026e+00 6.166624e+00 3.728302e+00 1.217312e-01 3.450716e+00 1.595266e+00
[645] 3.326481e+00 7.659507e-01 2.225929e+00 5.434116e+00 8.546389e-01 4.538695e+00 5.453215e+00
[652] 5.668435e+00 6.960334e-01 2.662848e+00 9.592391e-01 4.481034e+00 2.929720e+00 5.013520e+00
[659] 4.731550e+00 8.468101e-01 3.941650e+00 1.477099e+00 4.936667e+00 3.834839e+00 2.590955e+00
[666] 1.493791e-01 9.781791e-01 2.767602e+00 5.172309e-01 2.810497e+00 6.832171e-01 3.972907e-02
[673] 8.885315e-01 8.300376e-01 3.773665e+00 2.371663e+00 1.160090e+00 3.174146e+00 3.680189e+00
[680] 3.320099e+00 2.449533e+00 2.884932e+00 3.391211e+00 3.718976e+00 1.251816e+00 3.421848e+00
[687] 2.427284e+00 9.843263e-01 7.366310e-02 3.144816e+00 3.684582e-01 2.302063e+00 1.984908e+00
[694] 6.069621e-01 2.668871e+00 3.595623e+00 1.916137e+00 2.979657e-01 3.612630e+00 1.756826e+00
[701] 1.573795e+00 4.881981e-01 2.157729e+00 2.170762e+00 1.272589e+00 1.626731e+00 2.904487e+00
[708] 9.540655e-01 5.677208e-01 2.679540e+00 8.136376e-01 3.821122e-01 1.032910e-01 3.509096e-02
[715] 2.109339e+00 1.513390e+00 1.057534e-03 1.441758e+00 1.850729e+00 1.284264e+00 6.957361e-01
[722] 1.198289e+00 2.996634e-01 8.075679e-02 8.796695e-01 7.819635e-01 7.470575e-02 3.443024e-01

$PAR
  [1]  NA   1   1   1   2   5   3   6   8   8   8   8   8   8   8   7   7  17  17  17  17  17  17
 [24]  17  17  17  17  17  17  17  18  18  18  18  18  18  18  18  19  11  11  11  11  11  11  31
 [47]  31  31  31  31  31  46  46  46  46  40  39  52  52  41  41  41  41  41  47  47  47  47  47
 [70]  47  47  47  57  57  12  12  12  54  54  54  56  20  20  20  20  20  20  82  82  79  58  58
 [93]  58  58  58  60  88  89  89  89  89  98  97  97  97  21  21  21  21  21  96  96  32  14  14
[116]  14  14  14  91  91 103 102 102 102 102 119  92  92  92  92  92  92  92 127 127  42  42  42
[139]  42  42  42 104 113 143 143 111  50  50  50  50  50 128 128 128 128 128 128 147 147 147 158
[162] 158 158 129 129 129 129 130 130 130 131  43 152 152  67  67  67  67 144 142 142 142  15  83
[185]  83  83  83  68  68  68 126 126 100 100 148 116 168 168 168 134 134 122 197 197 197 117 117
[208]  23  23  23 132  93  93  93  93  34  34  34  34  34  34  76  84 204 204 204 208 208 211 229
[231] 123 206 206 137 137 137 137  44 212 212 213 213 213 213 213 213 213 207 207 207  94  94  94
[254]  94 138 138 138 118 118 238 238  36  36 241 241 241 241 241 153 153 135  69 200 200 200  85
[277]  85 262 262 188 188 188 188 280 161 161 201 201 195 284 284 284 216 216 216 216 216 216 216
[300] 216 139 139 139  71  71  71 181 181 242 242 242 224 224 224 248 248  77  77  86  86 121 217
[323] 309 309 214  87  87  87 198 198 271 271 271 271 331 331 331 331 243 243 243 251 251 249 249
[346] 249 339 234 234 234 234 258 315 348 318 274 165 165 165 329 250 232 184 184 184 275 275 275
[369] 257 257 257 361 269 269 244 244 244 293 293 293 293  62  62  62  62  62  62 294 209 189 173
[392]  51  51  51 375 375 363 363 363 285 171 167 352 366 199 199 199 372 372 372 397 397 239 295
[415] 252 252 252 176 176 176 176  24  24  24 376 376 376 395 395 282 301 425 418 418 388 388 388
[438] 388 316 316 321 321 347 355 355  72  72  72  72 179 313 382 382 182 276 276 276 276 404 287
[461] 287 287 183 383 383 383 296 406 452 452 172  26 302 344 266 451 149 149 149  38  38 227 477
[484] 477 110 110 379 379 196 196 335 431 289 369 369 235 390 398 398 420 420 310 259 392 392 311
[507] 311 483 460 373 373 210 210 210 307 307 333 334 334 334 385 491 478 374 374 374 267 336 336
[530] 408 408 409 402 402 400 303 303 303 439 472 472 370 370 446 524 524 236 500 297 411 411 435
[553] 228 228 240 240 240 283 283 283 278 393 308  27  27 481 220  73 512 512 493 493 467 484 544
[576] 562 436 346 424 553 324 324 286 476 476 476 357 298  45 327 533 548 529 529 525 362 304 304
[599] 432 432 462 597 413 585 599 599 430 430 430 441 556 403 389 596 444 444 534 169 593 593 245
[622] 504 561 561 561  28 511 511 170 602 190 479 351 314 314 314 105 105 573 621 639 154 194 194
[645] 640 640 604 322 125 485 526 554 386 486 486 581 557 449 162 515 537  95 658 658 658 540 663
[668] 579 579 550 539 552 590 590 226 518 518 637 457 246 246 608 634 488 187 453 559 559 559 396
[691] 617 260 417 417 572 641 641 549 442 230 605 614 517 497 686 683 306 437 690 620 665 160 591
[714] 647 703 715 629 538 215 445 445 625 625 720 387 337 438 709

$EXTANT
  [1] FALSE FALSE FALSE FALSE FALSE FALSE FALSE FALSE FALSE FALSE  TRUE FALSE FALSE  TRUE  TRUE
 [16] FALSE  TRUE FALSE FALSE FALSE FALSE FALSE  TRUE  TRUE FALSE  TRUE  TRUE  TRUE  TRUE  TRUE
 [31]  TRUE FALSE FALSE  TRUE FALSE FALSE FALSE  TRUE FALSE FALSE FALSE  TRUE  TRUE FALSE  TRUE
 [46] FALSE  TRUE FALSE FALSE  TRUE  TRUE FALSE FALSE FALSE FALSE FALSE  TRUE  TRUE FALSE FALSE
 [61] FALSE  TRUE FALSE  TRUE FALSE FALSE  TRUE  TRUE FALSE FALSE  TRUE  TRUE  TRUE  TRUE FALSE
 [76] FALSE FALSE FALSE FALSE FALSE FALSE FALSE  TRUE FALSE  TRUE  TRUE  TRUE FALSE FALSE FALSE
 [91] FALSE  TRUE  TRUE  TRUE  TRUE FALSE FALSE FALSE FALSE FALSE  TRUE FALSE FALSE FALSE  TRUE
[106] FALSE FALSE FALSE  TRUE FALSE FALSE FALSE FALSE FALSE FALSE FALSE  TRUE  TRUE FALSE FALSE
[121] FALSE  TRUE FALSE FALSE  TRUE  TRUE FALSE  TRUE FALSE  TRUE  TRUE FALSE  TRUE FALSE FALSE
[136] FALSE  TRUE FALSE  TRUE FALSE FALSE FALSE FALSE FALSE FALSE FALSE  TRUE FALSE  TRUE  TRUE
[151]  TRUE  TRUE  TRUE  TRUE  TRUE  TRUE  TRUE  TRUE  TRUE  TRUE  TRUE  TRUE  TRUE FALSE  TRUE
[166] FALSE  TRUE FALSE  TRUE  TRUE  TRUE  TRUE  TRUE  TRUE FALSE  TRUE  TRUE  TRUE FALSE FALSE
[181] FALSE FALSE  TRUE  TRUE  TRUE  TRUE  TRUE FALSE  TRUE  TRUE FALSE FALSE  TRUE  TRUE FALSE
[196]  TRUE FALSE FALSE FALSE FALSE  TRUE  TRUE FALSE  TRUE  TRUE  TRUE FALSE FALSE FALSE  TRUE
[211] FALSE  TRUE  TRUE  TRUE  TRUE  TRUE FALSE FALSE FALSE  TRUE FALSE FALSE FALSE FALSE  TRUE
[226]  TRUE  TRUE  TRUE  TRUE  TRUE FALSE  TRUE FALSE FALSE  TRUE  TRUE  TRUE FALSE FALSE  TRUE
[241]  TRUE FALSE  TRUE  TRUE  TRUE  TRUE  TRUE FALSE  TRUE FALSE  TRUE FALSE FALSE FALSE FALSE
[256] FALSE  TRUE  TRUE  TRUE FALSE  TRUE  TRUE FALSE FALSE  TRUE  TRUE FALSE  TRUE  TRUE  TRUE
[271] FALSE FALSE FALSE FALSE  TRUE FALSE  TRUE  TRUE  TRUE FALSE FALSE FALSE  TRUE  TRUE  TRUE
[286]  TRUE  TRUE  TRUE  TRUE FALSE  TRUE  TRUE FALSE  TRUE  TRUE FALSE  TRUE  TRUE  TRUE  TRUE
[301] FALSE FALSE  TRUE  TRUE  TRUE  TRUE  TRUE  TRUE  TRUE  TRUE  TRUE FALSE FALSE  TRUE  TRUE
[316]  TRUE FALSE  TRUE  TRUE  TRUE  TRUE FALSE FALSE  TRUE  TRUE  TRUE  TRUE  TRUE FALSE  TRUE
[331]  TRUE FALSE  TRUE  TRUE FALSE  TRUE  TRUE  TRUE  TRUE  TRUE FALSE  TRUE  TRUE  TRUE FALSE
[346]  TRUE FALSE  TRUE  TRUE FALSE  TRUE FALSE  TRUE  TRUE  TRUE FALSE  TRUE FALSE  TRUE  TRUE
[361] FALSE  TRUE FALSE FALSE  TRUE FALSE  TRUE FALSE  TRUE  TRUE  TRUE  TRUE FALSE  TRUE FALSE
[376]  TRUE  TRUE  TRUE  TRUE FALSE  TRUE  TRUE  TRUE FALSE FALSE  TRUE  TRUE  TRUE  TRUE  TRUE
[391] FALSE  TRUE FALSE  TRUE  TRUE  TRUE  TRUE  TRUE  TRUE  TRUE FALSE  TRUE  TRUE  TRUE  TRUE
[406]  TRUE  TRUE  TRUE  TRUE FALSE  TRUE  TRUE FALSE  TRUE FALSE FALSE  TRUE  TRUE  TRUE  TRUE
[421] FALSE FALSE  TRUE  TRUE  TRUE FALSE  TRUE FALSE  TRUE  TRUE  TRUE  TRUE FALSE  TRUE  TRUE
[436] FALSE  TRUE  TRUE  TRUE  TRUE  TRUE  TRUE  TRUE  TRUE  TRUE  TRUE  TRUE FALSE  TRUE  TRUE
[451]  TRUE  TRUE  TRUE  TRUE  TRUE  TRUE  TRUE  TRUE  TRUE  TRUE FALSE FALSE  TRUE  TRUE  TRUE
[466]  TRUE  TRUE  TRUE  TRUE  TRUE  TRUE  TRUE  TRUE FALSE  TRUE  TRUE FALSE  TRUE  TRUE FALSE
[481]  TRUE FALSE  TRUE  TRUE  TRUE  TRUE FALSE  TRUE  TRUE  TRUE FALSE  TRUE  TRUE FALSE  TRUE
[496] FALSE  TRUE  TRUE  TRUE  TRUE FALSE  TRUE  TRUE  TRUE  TRUE  TRUE  TRUE  TRUE  TRUE FALSE
[511]  TRUE  TRUE  TRUE  TRUE  TRUE  TRUE  TRUE  TRUE  TRUE  TRUE  TRUE  TRUE  TRUE  TRUE  TRUE
[526]  TRUE  TRUE  TRUE FALSE  TRUE  TRUE  TRUE FALSE  TRUE  TRUE  TRUE  TRUE FALSE  TRUE  TRUE
[541]  TRUE  TRUE  TRUE  TRUE  TRUE  TRUE FALSE  TRUE  TRUE  TRUE  TRUE  TRUE  TRUE FALSE FALSE
[556]  TRUE FALSE  TRUE  TRUE FALSE  TRUE  TRUE  TRUE  TRUE  TRUE  TRUE  TRUE  TRUE  TRUE  TRUE
[571]  TRUE  TRUE  TRUE FALSE FALSE  TRUE FALSE  TRUE  TRUE FALSE  TRUE  TRUE  TRUE  TRUE FALSE
[586]  TRUE  TRUE  TRUE  TRUE  TRUE  TRUE  TRUE  TRUE FALSE  TRUE  TRUE FALSE  TRUE  TRUE FALSE
[601]  TRUE  TRUE  TRUE  TRUE  TRUE  TRUE  TRUE  TRUE  TRUE  TRUE  TRUE  TRUE  TRUE  TRUE  TRUE
[616]  TRUE  TRUE  TRUE  TRUE  TRUE  TRUE  TRUE  TRUE  TRUE  TRUE  TRUE  TRUE  TRUE  TRUE  TRUE
[631]  TRUE  TRUE  TRUE  TRUE  TRUE FALSE FALSE  TRUE  TRUE  TRUE  TRUE  TRUE  TRUE  TRUE  TRUE
[646]  TRUE  TRUE  TRUE  TRUE  TRUE  TRUE  TRUE  TRUE  TRUE  TRUE  TRUE  TRUE  TRUE  TRUE  TRUE
[661]  TRUE  TRUE  TRUE  TRUE  TRUE  TRUE  TRUE FALSE  TRUE  TRUE  TRUE  TRUE  TRUE  TRUE  TRUE
[676] FALSE  TRUE FALSE FALSE  TRUE  TRUE FALSE  TRUE  TRUE  TRUE  TRUE  TRUE  TRUE  TRUE  TRUE
[691]  TRUE  TRUE  TRUE  TRUE  TRUE  TRUE  TRUE  TRUE FALSE  TRUE  TRUE  TRUE  TRUE  TRUE  TRUE
[706]  TRUE  TRUE  TRUE  TRUE  TRUE  TRUE  TRUE  TRUE  TRUE  TRUE  TRUE  TRUE  TRUE  TRUE  TRUE
[721]  TRUE  TRUE  TRUE  TRUE  TRUE  TRUE  TRUE  TRUE

