
Birth-death simulation object with 713 species and 500 extant species

Details for some species:

Extinction times (NA means extant)
[1] 44.84140 70.38805 33.44107 56.72851 49.16181 37.90982


Speciation times 
[1] 81.81786 77.80781 68.57710 64.29433 59.36210 51.17624


Species parents (NA for initial)
[1] NA  1  1  1  1  1


Species status (extinct or extant)
[1] "extinct" "extinct" "extinct" "extinct" "extinct" "extinct"


For more details on vector y, try sim$y, with y one of
TE TS PAR EXTANT



$TE
  [1] 44.84139944 70.38804794 33.44107195 56.72850967 49.16180732 37.90981794 56.97783504
  [8] 61.68194089 33.52946919 54.44462592 37.28973728 60.63141820 54.08556513 38.97416091
 [15] 11.53748537 42.13534493 12.62818162 36.86867630 42.40067813 40.04676952  4.41365322
 [22] 18.15996093 18.04197513          NA          NA 54.42186190          NA 18.56404136
 [29] 19.62207199 15.86259806          NA          NA 45.64757834          NA 24.80677523
 [36] 30.37247160 45.63683906 24.22566628 41.03413213          NA          NA          NA
 [43]          NA 18.48306857          NA 32.20334846 23.14046803 27.14152642          NA
 [50]          NA          NA 20.58986777 13.33944772 11.23859681  9.90883183          NA
 [57]          NA 10.32995767          NA 38.16250774          NA 17.25897620          NA
 [64] 23.65145933          NA 29.81264371 17.76797880 16.34203576          NA  8.09166092
 [71] 13.55115482          NA 19.48239232 23.93949535  9.71667799          NA 15.65225880
 [78]  3.36029197 22.03784964  1.84662549 29.95856999  2.50181408 17.77317370 10.16179700
 [85]  0.98259945          NA 12.38768739 12.26158024  7.50560226  9.25396850 13.59063676
 [92]  4.57003268 24.96322658          NA          NA  2.09224144          NA          NA
 [99] 12.66243020          NA          NA 17.72865352          NA 30.36745724 21.01973803
[106]          NA          NA          NA  6.18189563          NA          NA          NA
[113]  3.32964560          NA          NA  5.33943547          NA 21.18247931          NA
[120] 15.31429149          NA          NA 29.81232966          NA 28.21235801          NA
[127]          NA          NA          NA 15.49790700          NA          NA  3.25698165
[134]          NA          NA          NA          NA          NA          NA          NA
[141]          NA 13.91956423          NA  5.03285932 20.71668564          NA          NA
[148]          NA 17.63530380 22.23589666          NA          NA          NA          NA
[155]          NA 19.71855676          NA          NA          NA          NA          NA
[162]  1.72039035          NA          NA          NA          NA          NA  7.03124907
[169]          NA          NA 15.00647276          NA 12.40370038  9.49073421          NA
[176]  3.22027631 15.49222900 21.55598356 11.71103390  9.36172964          NA 17.28213022
[183]          NA          NA  2.35294188          NA          NA          NA          NA
[190]  2.42268007          NA          NA 22.14988697          NA  3.29669094          NA
[197]          NA          NA  9.62196817          NA          NA          NA  1.19428820
[204]  0.58119897          NA          NA 17.90383701          NA          NA 17.87604442
[211]  4.75863479          NA          NA  5.11967686          NA          NA          NA
[218] 23.43665234 21.02169348 13.61458989  5.88553360          NA          NA 16.21460161
[225]          NA  6.60677785          NA          NA  1.07002084 13.73968304  5.54209030
[232]          NA 12.04495385          NA          NA  2.53671127 12.56181720  5.44981922
[239]          NA 17.90859958          NA          NA          NA          NA 15.86481945
[246]  9.03988936  1.84846705          NA          NA 11.41058041          NA 17.92817475
[253]          NA          NA 11.85232921          NA  1.00066196          NA  4.20383556
[260]          NA          NA          NA          NA  3.35079530  8.98791951 18.07017349
[267]          NA  9.86470156          NA          NA          NA          NA          NA
[274]          NA          NA  7.91554909          NA  5.80492388 10.47419097          NA
[281]          NA 11.62525363          NA  3.85319089          NA          NA  6.81084813
[288]          NA          NA          NA          NA          NA          NA  0.07193369
[295]          NA          NA          NA  2.12093293          NA          NA          NA
[302]          NA          NA          NA          NA 21.84107378 13.89874819  4.34926072
[309]          NA          NA          NA  7.74791955          NA          NA          NA
[316] 18.75198748          NA          NA          NA  2.08734731  5.60842776          NA
[323]          NA  0.39464946          NA          NA          NA          NA          NA
[330]          NA          NA          NA          NA          NA          NA  9.47128600
[337]          NA          NA          NA 14.30722325          NA          NA          NA
[344]          NA 14.29938482          NA          NA          NA          NA  2.21863554
[351]          NA  2.77117662          NA          NA  7.86411912          NA          NA
[358]          NA          NA          NA          NA  9.49924979  3.02317533          NA
[365]          NA          NA 14.23378519          NA          NA          NA  1.80224851
[372]          NA          NA          NA          NA          NA  9.46303705          NA
[379]  7.08550883          NA          NA          NA          NA          NA          NA
[386]          NA          NA  1.87849060 10.12676105          NA          NA          NA
[393]          NA 13.87943433          NA          NA          NA          NA          NA
[400]          NA          NA          NA          NA  4.29615832 12.08609903          NA
[407]          NA          NA          NA          NA          NA  2.01277574          NA
[414]          NA          NA          NA          NA          NA          NA          NA
[421]          NA          NA          NA          NA          NA          NA          NA
[428]  5.56585066          NA  0.47449955          NA          NA          NA          NA
[435]          NA          NA          NA          NA          NA          NA          NA
[442]          NA          NA          NA          NA          NA  2.85097933  8.80874904
[449]          NA          NA          NA          NA          NA          NA          NA
[456]          NA          NA          NA          NA          NA          NA          NA
[463]  5.72693874          NA  9.18784627  2.03587747          NA  6.33562687          NA
[470]          NA          NA          NA          NA  3.31235165          NA          NA
[477]          NA          NA          NA          NA          NA          NA          NA
[484]          NA  3.65749606  1.87898345          NA 10.22098710  3.32391874          NA
[491]          NA          NA          NA          NA          NA  6.82763751          NA
[498]          NA  0.58089578          NA          NA          NA  6.47647994  8.40873255
[505]          NA  3.15329592          NA          NA          NA          NA          NA
[512]          NA          NA          NA          NA  3.16910587          NA  5.24921492
[519] 11.51169094          NA          NA          NA          NA  1.83193194          NA
[526]          NA          NA          NA  3.58154337  9.55943182          NA          NA
[533]  2.09154660          NA          NA  4.68241404  8.11857748          NA          NA
[540]          NA          NA          NA          NA          NA  0.39801152          NA
[547]  2.40467810          NA          NA          NA          NA          NA          NA
[554]          NA  1.74297706          NA          NA          NA          NA          NA
[561]  1.22934244          NA          NA          NA          NA          NA          NA
[568]          NA          NA          NA          NA          NA  0.31628071          NA
[575]          NA          NA          NA          NA  2.47973633          NA          NA
[582]          NA          NA  2.69336943          NA          NA          NA  6.45604394
[589]          NA          NA  0.40648545          NA          NA          NA          NA
[596]          NA  5.80483038          NA          NA          NA          NA          NA
[603]          NA          NA          NA  1.60949368          NA          NA          NA
[610]          NA          NA          NA  1.77556113          NA          NA          NA
[617]          NA          NA  1.92008718          NA          NA          NA          NA
[624]          NA          NA          NA          NA          NA          NA          NA
[631]          NA          NA  2.99194303          NA          NA          NA          NA
[638]          NA          NA          NA          NA          NA          NA          NA
[645]          NA          NA          NA          NA          NA          NA          NA
[652]          NA  2.81282397          NA          NA          NA          NA          NA
[659]          NA          NA          NA          NA          NA          NA          NA
[666]          NA          NA          NA          NA          NA          NA          NA
[673]          NA          NA          NA          NA          NA          NA          NA
[680]          NA          NA          NA          NA          NA          NA          NA
[687]          NA          NA          NA          NA          NA          NA          NA
[694]          NA          NA          NA          NA          NA          NA          NA
[701]          NA          NA          NA          NA          NA          NA          NA
[708]          NA          NA          NA          NA          NA          NA

$TS
  [1] 81.81785550 77.80780924 68.57709505 64.29433062 59.36209960 51.17624149 72.04413441
  [8] 68.45627718 63.20702942 59.67460445 65.53040180 64.06325198 57.28300697 54.23679245
 [15] 49.97094812 46.92307829 44.46507338 43.57243742 66.60896881 51.09710034 45.04295242
 [22] 47.88699295 38.98753495 38.74764734 60.87936593 58.53027942 44.60014826 42.84247736
 [29] 50.38229713 40.54518817 29.35257798 25.29535521 56.85192236 53.77034828 52.49773057
 [36] 51.02392577 49.04148036 41.54951504 44.25493013  0.08259855 31.97012160 27.56698351
 [43] 41.77577541 41.43035564 38.74442591 41.38062428 32.23290313 43.09973180 40.25233607
 [50] 16.42214918 39.07097096 34.11846005 30.63846460 28.03188959 27.10588629  6.96177176
 [57] 40.59818759 26.80183220 43.64238747 40.59840160 25.61271126 39.19661042 27.84971932
 [64] 24.37121984  0.80306247 43.42340533 39.74415778 39.12822716 33.60574912 38.50611053
 [71] 21.87211131 21.64091483 34.22593075 24.40648300 39.09813726 33.30919479 20.53448807
 [78] 38.48450146 39.59424791 32.63248262 31.04784917 27.65415875 19.80908158 18.63284360
 [85] 18.62702537  6.09069268 27.07881502 22.51394033 19.31700007 35.01995530 30.67722375
 [92] 35.37461651 31.59146288 27.04663099 21.27937867 31.12271472 25.72386725 30.27372419
 [99] 17.39450339 11.87918034 31.97013263 29.51244141 18.11999775 34.38201590 31.30716013
[106] 21.31307349 27.97181999 17.40458802 15.00439213 13.92484265 11.50376152  8.00641684
[113]  3.42713616 31.31057596 28.97543377 16.66136064 10.90328066 28.94136490  3.63618568
[120] 24.04614974 17.80574849 34.34663397 33.31541667 32.40648394 32.21326126  3.71659257
[127] 26.46616413 30.97897533 25.39068749 20.69454008 20.51468041 19.37495980 12.37321498
[134]  8.42898856  6.13904404  2.68749388  6.38410564  4.08567872 10.39775448  5.40382904
[141]  5.09467540 22.72392181 22.64533439 28.65654175 30.03273106 22.73710960 11.03040986
[148]  7.22066536 30.58621570 28.36030485 24.74626645 24.63154380  6.88317818 30.20486733
[155] 29.67152961 28.11852930 26.93255028 25.54541170 25.42241180 26.31685036 14.25451598
[162] 12.56206698  7.32233967 25.69477745 12.01399029  5.97922293 28.79783202 13.76112299
[169] 26.85023595 22.43885027 25.96374882 22.54867508 21.73066135 15.43843291 28.23484527
[176] 18.37834759 23.47754843 22.45754662 14.99393807 14.49385730  3.17671872 27.77366544
[183] 27.35851233  3.44279273 21.15889836 28.74920716 19.21142981  7.02504998 26.81264255
[190] 13.90234395  4.07687993 28.39015191 26.79770206 22.38879912  5.20326548 22.15558441
[197] 24.96396966 20.89362363 13.02635053  7.10863392  1.27298797 27.23031280 26.48756999
[204] 19.86483111  8.75012157  6.49568644 24.65985891 20.31377554 11.01862178 26.42060536
[211] 18.68511661 12.57096708 11.42633604  8.24744369 27.01688205 11.76401530  4.88804850
[218] 27.12641968 21.88504971 21.53649456 15.18612975  2.85767300 19.51142625 18.32191668
[225]  1.16366305 24.37012532 19.71435615  3.56285532  1.70959975 23.24664916  6.62787070
[232]  2.19378553 26.71684074 25.26969994  6.23193791 23.26317367 17.16740577 12.81431847
[239]  2.55975140 17.99645132 11.06674655 23.27707624 22.30196999 16.75268653 24.73038751
[246] 20.28169232  9.52850193 23.08150285 21.54997696 20.34291361  0.28511538 24.42460871
[253] 19.14723443 18.15089404 14.21712655 19.47814264  1.83318268  0.48148750 17.97679714
[260]  9.81252770  6.54392231  4.65013133 21.37251404 20.17985831 18.74348602 18.92232152
[267] 10.67095666 13.15170500  7.26767256 23.40030066  4.84880613  2.03505153 19.89948589
[274]  7.98286583  6.03916407 19.06132042  8.74131244 19.31001614 15.11985218  4.50179984
[281] 18.58321731 14.09700836 10.61581042 21.41023439 20.55869303 19.23100563 14.62375956
[288]  6.17732907  5.05276743  3.02963326  6.30430530  3.14498076 21.72010370 12.98229880
[295] 11.95566147  2.48727434 20.35800714 19.80482988 13.22928974 11.14574686  9.36988345
[302]  7.94847932  7.19796589  1.45491893  0.45145362 22.08417112 21.55726936 17.56865826
[309] 14.48676203 11.23398854  5.96752243 21.15293343 20.78251756  7.61067819 21.09505462
[316] 20.48090778 15.67395358  6.05069383 19.40411471 16.43321328  6.59519505 20.97106833
[323] 13.98038850 13.80678794 11.54139618  3.97491822 16.32980082 12.06125318 10.21260553
[330]  0.58382558 16.03863857 13.89811697 12.82732743  4.30367119  0.22537540 18.93764586
[337] 13.80285980 10.86643963 19.02222645 18.46158986  7.95571408  6.04055166  2.76876544
[344]  0.27432681 15.24313150 12.14554841 18.79540292 15.95849093  4.64178155  5.25928645
[351]  9.37284678  8.34076010  1.65511924 18.05620655 17.61549881 16.11778364 14.57722238
[358]  9.43798882  7.95844784  1.41297562 15.70583610 15.02071335 17.06816823 12.37686971
[365]  9.97607617 14.58201935 14.57947909 12.45179045  9.93409698  5.01349134  3.51100130
[372]  6.37595880  3.94781943  6.82505948  3.11776678 11.30429506 10.64216219  2.99536321
[379]  8.41569958 14.39797068  9.62476272 16.65790281 13.53243927 11.49327711 15.42300496
[386]  7.21365984  2.16707959  1.93433824 11.97407194  9.38686027 11.42769778 16.07242101
[393] 13.13796575 14.98974217 12.81216691  1.96309835  1.09268005  7.86336568  5.48615252
[400]  3.33306940 15.84037940 15.39901520  7.86497307  6.05009666 15.69663102  2.80668978
[407] 14.76602953  9.71161749  7.36603989  2.80541610 17.30128843 16.48955941 14.62534956
[414] 13.50819595  9.21354959 15.91151250 12.39000094 10.64088065 10.76092036 17.01346100
[421] 13.64321401 13.76717707 10.60296657  4.61341809 16.02732170 14.15079607 13.22892821
[428]  6.58643836  3.58283482  2.52954393 16.65607776 13.48036185 14.09547279 15.36979916
[435] 10.90748610 12.93334373  8.16770778 13.60910669 11.96512859 12.14441454 10.83973686
[442]  9.54541995  5.08622531  5.01105147  3.01731033 12.19445018 14.89008690 10.74486934
[449]  5.70818660  0.73977797 12.50120001  2.86357840  2.45567516  2.02176078  1.11716525
[456] 15.52045463  2.63391796  8.04143452  6.37108454  8.07568841  4.27266095  1.34729985
[463]  6.23224908  2.80203756 12.09622164 11.91122384 10.79810416 13.88987597 12.08050202
[470] 11.81540630 10.84861668  7.47980998  6.42013492  7.67606166  6.61367175  2.47727902
[477] 12.12092862  8.75896634 11.95597591  9.73535336  8.11972921 10.95918394 10.03605938
[484] 13.99686542  9.31460836  3.59349425  1.46408042 13.86945676 13.55801430 14.05213458
[491] 12.21035273  4.50320197  0.04830829  9.43808499  7.76102099  6.99629518  6.65278550
[498] 13.41036180  0.78930093  5.76088218  2.44912699 13.80419144  7.43875378 10.52322756
[505]  6.54097965  5.48842330  2.22496902 10.82405294  7.78788465 12.21445332  7.34787276
[512]  1.87828162  8.83911472  7.05727253 12.55335811 11.33870513  7.26216606 12.34340686
[519] 11.73311443  2.98840812  1.99836556 10.48526677  6.76741390  6.01354311  1.33261011
[526] 11.32104157  4.36133414  4.29437525  5.29232582 11.90578912  4.67308337  0.90754974
[533]  8.09391470  9.61969084  5.81496683 10.55624710  8.62126436  2.31664450  7.77176484
[540]  1.46190070  0.83521407  9.18752541  7.19194140  2.63352543  5.03070368  4.85501410
[547]  8.27551013  1.67556645  1.71472157  2.91111137  8.55390544  0.09875367  8.64250990
[554]  8.64349463  6.72417688  5.20916578  4.44865928  8.94722121  6.69262101  5.82509435
[561]  1.72736792  2.33090803  2.05383474  1.31812026  0.21545869  5.02696279  1.63892916
[568]  3.00316882  7.32764736  4.60992473  0.08583965  0.27016398  2.74065791  6.47655478
[575]  8.82495545  4.87223104  4.59968765  6.30522034  9.08281241  2.19223706  6.83471464
[582]  6.05490894  0.51071660  4.83784887  4.47137165  4.09484116  3.30789789  9.05074839
[589]  4.39817354  2.43498878  2.63623683  5.12164291  8.33036857  6.24452054  3.73977948
[596]  5.74931140  6.97007341  8.50456084  8.36079099  7.10757030  1.95128041  2.01744496
[603]  5.89196226  6.83433996  2.27157746  5.85298737  2.72301869  1.13810293  2.85526307
[610]  0.82718879  4.61988597  0.73623533  5.71448131  0.22245059  6.43591935  3.54266822
[617]  6.51825875  2.10295791  5.93142450  0.20268753  3.95770984  0.36813222  5.57494453
[624]  4.43207902  3.98270107  0.12355437  1.22908944  0.46571782  6.35373159  2.57882852
[631]  5.44992266  0.25418564  3.56710542  0.97637546  1.50450318  2.37208500  4.51653888
[638]  1.52769687  6.18336721  4.94176946  3.06005952  0.40067936  3.55015324  1.79100141
[645]  2.09938891  0.76627695  4.41311333  2.24317551  5.00523434  3.60292374  1.31872557
[652]  0.35418534  5.09717755  4.23587630  2.45362638  2.00945585  4.74652793  1.41113491
[659]  4.07795719  4.19801859  0.44729944  3.09965840  3.31965607  4.11224439  4.46732766
[666]  2.90752076  3.87772591  4.21316238  4.65598051  4.44514186  2.03543003  1.34673188
[673]  2.41070312  3.73652939  3.30814370  0.14564047  0.41932355  2.02281390  3.64696119
[680]  4.30264005  4.19909144  3.47565488  1.72475094  1.60620438  2.65238383  0.29242953
[687]  2.64985720  0.50325062  0.24181544  2.62829690  0.72917192  0.54356425  3.00013412
[694]  1.15878688  0.80858117  0.15487711  0.05908046  0.19813490  0.80982188  1.47161711
[701]  2.12674597  2.62545940  0.70179989  1.81048659  1.19174502  1.07605124  0.20715334
[708]  0.16617001  1.02904362  1.42874292  0.36390944  1.30856510  0.93079243

$PAR
  [1]  NA   1   1   1   1   1   2   7   7   7   3   3   3   3   3   3   3   3   8  19  19  11  11
 [24]  11   9   9   9   9  25  25  25  25  10   5   5  33  33  14  34  34  35  35   6   6   6  20
 [47]  36  15  15  15  21  21  21  21  21  21  27  27  17  17  17  59  59  59  59  18  28  28  28
 [70]  43  43  43  38  38  44  44  44  46  57  57  57  57  57  57  57  57  30  30  30  49  49  67
 [93]  67  67  67  79  79  62  62  75  51  51  51  23  23  23  24  24  24  24  24  45  45  70  70
[116]  70  70  78  78  92  90 104 104 104 122 122  73  52  69  69  69  69  69  69  69  69  76  76
[139]  80  80  80 124 124 125 101 101 101 101  41  41  41  41  41  93  93  93  93  93  93 114 114
[162] 114 114 105  96  96 128 128  91  91  53  53  53  53 149 149  98  98  98  98  98 154 154 154
[185] 145 155 155 155  31  31  31 115 115 115 115 118 167 167 186 186 186 192 192 192 192 192 150
[208] 175 175  54 107 107  63  63  82  82  82  42  42  42  42  42 183 183 183 202 202 202 202  87
[231]  94  94 215 215 157 169 169 169 189  58  58 233 233 233 203 203 203 127 127 127 127 210 210
[254] 210 160 171  97 164  61  61  61  61 158 158 158 159 159 129  32 234 234 234 197 197 197 151
[277] 151 207 152 152 252 226 226 177 177 270 242 242 242 242 236 236 146 146 146 146 142 143 143
[300] 143 143 143 143 143 143 172 172 172 172 172 172  88 170 170 194 194 243 196 173 173 293  72
[323]  72  72  72  72 307 249 249 249 220 220 284 284 263 106 106 106  95  95  95  95  95  95 312
[346] 312 315 315 315 322 313 285 285 131 131 131 131 131 131 297 250 250 208 208 246 264 273 273
[369] 273 273 273 204 204 298 298 227 227 223 132 278 278 286 286 286 187 187 187 253 276 276 339
[392] 211 211  85  85  85  85 281 281 281 176 176 176 176 254 254 103 354 354 354 259 121 121 121
[415] 121 308 308 308 108  99  99 411 411 411 237 237 420 420 420 420 382 382 431 412 412  50  50
[438] 327 327 356 356 356 356 356 392 331 425 425 425 425 348 348 348 348 416 401 401 361 361 317
[461] 317 456 434 434 221 221 279 362 179 447 407 407 407 413 413 413 287 287 366 366 357 180 180
[484] 309 309 380 380 255 255 433 433 490 490 484 484 323 323 110 110 190 190 332 332 468 468 324
[507] 324 502 502 337 168 438 383 383 432 432 299 427 268 393 393 436 333 333 333 212 212 212 162
[530] 451 451 368 518 510 491 446 446 446 346 346 440 477 477 477 328 328 165 165 479 466 100 100
[553] 470 391 213 516 516 300 300 147 147 209 209 209 482 435 435 471 508 467 467 419 418 283 423
[576] 423 423 536 522 139 329 329 329 480 480 494 494 358 390 390 301 542 558 513 575 478 277 553
[599] 598 134 599 593 437 533 460 274 359 359 341 302 398 509 495 495 511 511 569 569 269 148 303
[622] 543 600 600 600 600 188 188  56  56 153 374 497 261 505 617 574 574 473 473 137 372 459 291
[645] 639 639 135 135  86  86 318 342 524 606 606 560 535 535 613 449 631 653 289 566 370 649 640
[668] 576 531 531 349 611 570 492 585 557 670 624 647 589 589 654 654 668 664 138 659 659 667 643
[691] 643 616 184 181 375 375 378 550 452 406 343 591 239 430 636 507 678 678 683 548 540 304 201

$EXTANT
  [1] FALSE FALSE FALSE FALSE FALSE FALSE FALSE FALSE FALSE FALSE FALSE FALSE FALSE FALSE FALSE
 [16] FALSE FALSE FALSE FALSE FALSE FALSE FALSE FALSE  TRUE  TRUE FALSE  TRUE FALSE FALSE FALSE
 [31]  TRUE  TRUE FALSE  TRUE FALSE FALSE FALSE FALSE FALSE  TRUE  TRUE  TRUE  TRUE FALSE  TRUE
 [46] FALSE FALSE FALSE  TRUE  TRUE  TRUE FALSE FALSE FALSE FALSE  TRUE  TRUE FALSE  TRUE FALSE
 [61]  TRUE FALSE  TRUE FALSE  TRUE FALSE FALSE FALSE  TRUE FALSE FALSE  TRUE FALSE FALSE FALSE
 [76]  TRUE FALSE FALSE FALSE FALSE FALSE FALSE FALSE FALSE FALSE  TRUE FALSE FALSE FALSE FALSE
 [91] FALSE FALSE FALSE  TRUE  TRUE FALSE  TRUE  TRUE FALSE  TRUE  TRUE FALSE  TRUE FALSE FALSE
[106]  TRUE  TRUE  TRUE FALSE  TRUE  TRUE  TRUE FALSE  TRUE  TRUE FALSE  TRUE FALSE  TRUE FALSE
[121]  TRUE  TRUE FALSE  TRUE FALSE  TRUE  TRUE  TRUE  TRUE FALSE  TRUE  TRUE FALSE  TRUE  TRUE
[136]  TRUE  TRUE  TRUE  TRUE  TRUE  TRUE FALSE  TRUE FALSE FALSE  TRUE  TRUE  TRUE FALSE FALSE
[151]  TRUE  TRUE  TRUE  TRUE  TRUE FALSE  TRUE  TRUE  TRUE  TRUE  TRUE FALSE  TRUE  TRUE  TRUE
[166]  TRUE  TRUE FALSE  TRUE  TRUE FALSE  TRUE FALSE FALSE  TRUE FALSE FALSE FALSE FALSE FALSE
[181]  TRUE FALSE  TRUE  TRUE FALSE  TRUE  TRUE  TRUE  TRUE FALSE  TRUE  TRUE FALSE  TRUE FALSE
[196]  TRUE  TRUE  TRUE FALSE  TRUE  TRUE  TRUE FALSE FALSE  TRUE  TRUE FALSE  TRUE  TRUE FALSE
[211] FALSE  TRUE  TRUE FALSE  TRUE  TRUE  TRUE FALSE FALSE FALSE FALSE  TRUE  TRUE FALSE  TRUE
[226] FALSE  TRUE  TRUE FALSE FALSE FALSE  TRUE FALSE  TRUE  TRUE FALSE FALSE FALSE  TRUE FALSE
[241]  TRUE  TRUE  TRUE  TRUE FALSE FALSE FALSE  TRUE  TRUE FALSE  TRUE FALSE  TRUE  TRUE FALSE
[256]  TRUE FALSE  TRUE FALSE  TRUE  TRUE  TRUE  TRUE FALSE FALSE FALSE  TRUE FALSE  TRUE  TRUE
[271]  TRUE  TRUE  TRUE  TRUE  TRUE FALSE  TRUE FALSE FALSE  TRUE  TRUE FALSE  TRUE FALSE  TRUE
[286]  TRUE FALSE  TRUE  TRUE  TRUE  TRUE  TRUE  TRUE FALSE  TRUE  TRUE  TRUE FALSE  TRUE  TRUE
[301]  TRUE  TRUE  TRUE  TRUE  TRUE FALSE FALSE FALSE  TRUE  TRUE  TRUE FALSE  TRUE  TRUE  TRUE
[316] FALSE  TRUE  TRUE  TRUE FALSE FALSE  TRUE  TRUE FALSE  TRUE  TRUE  TRUE  TRUE  TRUE  TRUE
[331]  TRUE  TRUE  TRUE  TRUE  TRUE FALSE  TRUE  TRUE  TRUE FALSE  TRUE  TRUE  TRUE  TRUE FALSE
[346]  TRUE  TRUE  TRUE  TRUE FALSE  TRUE FALSE  TRUE  TRUE FALSE  TRUE  TRUE  TRUE  TRUE  TRUE
[361]  TRUE FALSE FALSE  TRUE  TRUE  TRUE FALSE  TRUE  TRUE  TRUE FALSE  TRUE  TRUE  TRUE  TRUE
[376]  TRUE FALSE  TRUE FALSE  TRUE  TRUE  TRUE  TRUE  TRUE  TRUE  TRUE  TRUE FALSE FALSE  TRUE
[391]  TRUE  TRUE  TRUE FALSE  TRUE  TRUE  TRUE  TRUE  TRUE  TRUE  TRUE  TRUE  TRUE FALSE FALSE
[406]  TRUE  TRUE  TRUE  TRUE  TRUE  TRUE FALSE  TRUE  TRUE  TRUE  TRUE  TRUE  TRUE  TRUE  TRUE
[421]  TRUE  TRUE  TRUE  TRUE  TRUE  TRUE  TRUE FALSE  TRUE FALSE  TRUE  TRUE  TRUE  TRUE  TRUE
[436]  TRUE  TRUE  TRUE  TRUE  TRUE  TRUE  TRUE  TRUE  TRUE  TRUE  TRUE FALSE FALSE  TRUE  TRUE
[451]  TRUE  TRUE  TRUE  TRUE  TRUE  TRUE  TRUE  TRUE  TRUE  TRUE  TRUE  TRUE FALSE  TRUE FALSE
[466] FALSE  TRUE FALSE  TRUE  TRUE  TRUE  TRUE  TRUE FALSE  TRUE  TRUE  TRUE  TRUE  TRUE  TRUE
[481]  TRUE  TRUE  TRUE  TRUE FALSE FALSE  TRUE FALSE FALSE  TRUE  TRUE  TRUE  TRUE  TRUE  TRUE
[496] FALSE  TRUE  TRUE FALSE  TRUE  TRUE  TRUE FALSE FALSE  TRUE FALSE  TRUE  TRUE  TRUE  TRUE
[511]  TRUE  TRUE  TRUE  TRUE  TRUE FALSE  TRUE FALSE FALSE  TRUE  TRUE  TRUE  TRUE FALSE  TRUE
[526]  TRUE  TRUE  TRUE FALSE FALSE  TRUE  TRUE FALSE  TRUE  TRUE FALSE FALSE  TRUE  TRUE  TRUE
[541]  TRUE  TRUE  TRUE  TRUE FALSE  TRUE FALSE  TRUE  TRUE  TRUE  TRUE  TRUE  TRUE  TRUE FALSE
[556]  TRUE  TRUE  TRUE  TRUE  TRUE FALSE  TRUE  TRUE  TRUE  TRUE  TRUE  TRUE  TRUE  TRUE  TRUE
[571]  TRUE  TRUE FALSE  TRUE  TRUE  TRUE  TRUE  TRUE FALSE  TRUE  TRUE  TRUE  TRUE FALSE  TRUE
[586]  TRUE  TRUE FALSE  TRUE  TRUE FALSE  TRUE  TRUE  TRUE  TRUE  TRUE FALSE  TRUE  TRUE  TRUE
[601]  TRUE  TRUE  TRUE  TRUE  TRUE FALSE  TRUE  TRUE  TRUE  TRUE  TRUE  TRUE FALSE  TRUE  TRUE
[616]  TRUE  TRUE  TRUE FALSE  TRUE  TRUE  TRUE  TRUE  TRUE  TRUE  TRUE  TRUE  TRUE  TRUE  TRUE
[631]  TRUE  TRUE FALSE  TRUE  TRUE  TRUE  TRUE  TRUE  TRUE  TRUE  TRUE  TRUE  TRUE  TRUE  TRUE
[646]  TRUE  TRUE  TRUE  TRUE  TRUE  TRUE  TRUE FALSE  TRUE  TRUE  TRUE  TRUE  TRUE  TRUE  TRUE
[661]  TRUE  TRUE  TRUE  TRUE  TRUE  TRUE  TRUE  TRUE  TRUE  TRUE  TRUE  TRUE  TRUE  TRUE  TRUE
[676]  TRUE  TRUE  TRUE  TRUE  TRUE  TRUE  TRUE  TRUE  TRUE  TRUE  TRUE  TRUE  TRUE  TRUE  TRUE
[691]  TRUE  TRUE  TRUE  TRUE  TRUE  TRUE  TRUE  TRUE  TRUE  TRUE  TRUE  TRUE  TRUE  TRUE  TRUE
[706]  TRUE  TRUE  TRUE  TRUE  TRUE  TRUE  TRUE  TRUE

