
Birth-death simulation object with 748 species and 500 extant species

Details for some species:

Extinction times (NA means extant)
[1] 56.017403 40.723560  3.816444 47.880246 44.659140 16.246918


Speciation times 
[1] 82.81825 77.83342 70.34903 61.98547 61.95713 70.21118


Species parents (NA for initial)
[1] NA  1  1  1  1  2


Species status (extinct or extant)
[1] "extinct" "extinct" "extinct" "extinct" "extinct" "extinct"


For more details on vector y, try sim$y, with y one of
TE TS PAR EXTANT



$TE
  [1] 56.01740306 40.72355957  3.81644369 47.88024563 44.65914044 16.24691836 32.18118574
  [8]  2.16214894 19.76899415 20.21162221 45.13882685  9.14812970 39.97420519 42.38815008
 [15] 19.01199369          NA  0.89983533  7.15674001          NA 42.33684006          NA
 [22]          NA 27.09958178          NA 11.42414184          NA          NA 20.12125733
 [29]          NA 10.05745843 18.90762045          NA          NA 35.30957975  9.50300023
 [36]          NA          NA 32.74226632 44.51158783 36.46564537 47.64737773 24.15140703
 [43]  4.41468616          NA          NA 47.81908037 44.53718732 40.65286916          NA
 [50] 27.89348256 36.34959787 23.93729375  7.20131445          NA 30.93165308          NA
 [57] 30.57853743          NA          NA  5.01480952          NA 10.88959042 18.57925741
 [64]          NA 37.49403789 28.79094363          NA 14.35607550  1.56988247 14.54598687
 [71]          NA          NA  2.51061262          NA          NA 43.01078788  9.46596371
 [78] 12.73332255          NA 34.41151433 13.24829060 25.76548144 23.39073011 23.25095065
 [85]          NA          NA          NA 18.85991125          NA          NA 25.37607376
 [92] 11.25889590          NA 19.79586125 20.55896287 18.27268771          NA          NA
 [99]          NA          NA  8.40097757          NA 38.46163103 11.20130043          NA
[106]  7.36438867          NA 18.31872664          NA 18.16999846          NA  3.53032771
[113]  3.47507098 16.89487790  1.78997439          NA          NA 35.94601671          NA
[120]          NA  3.47370006 17.90600158  0.09132134  3.70711253 27.07338404 18.26035206
[127]          NA 24.92295750          NA  1.51470485 21.29471174          NA 13.81398914
[134]          NA          NA 30.32565909          NA 22.94288852 11.83441046 26.50142711
[141]          NA 24.58850516 17.58080169          NA 20.24181937 18.73475896          NA
[148]          NA 19.84376570  7.21648501  7.47661820          NA          NA  9.30526826
[155] 23.37462520          NA 24.76770452          NA          NA  9.61045929 12.59292558
[162]          NA 30.27928821  7.28307906          NA          NA          NA          NA
[169] 26.42010355 24.32179722 30.47369059  4.19051219  4.16197682 13.45939094 13.25431095
[176]          NA          NA 18.66354519 11.19719489 20.79083960 16.07523640 17.48225552
[183]          NA          NA          NA 19.26209538          NA 14.36061784          NA
[190]          NA          NA          NA          NA  5.23640987          NA          NA
[197]          NA 22.43930968          NA          NA          NA  2.06192319          NA
[204]          NA 21.81898278          NA 10.05534083          NA          NA  6.62925197
[211]          NA 12.40649535  8.28043588  7.02681079 14.62533441  9.46613461  5.32225235
[218]          NA          NA 10.15069874          NA  1.13953131          NA  3.29090437
[225]  6.36027032 19.26994582          NA  7.85539282  0.57571372          NA          NA
[232]          NA          NA          NA          NA          NA 19.85338518 10.40215378
[239]          NA          NA          NA  9.64554738          NA  7.19074009          NA
[246]  2.58437583 13.90650792 11.61138207          NA          NA 15.26769769          NA
[253] 11.95595011 18.49693682          NA          NA          NA          NA          NA
[260]  9.59346779          NA          NA          NA 12.31171907          NA  6.29245787
[267]  1.95032864  1.44372179          NA          NA          NA          NA          NA
[274]          NA 20.04704153          NA 17.16650862  8.19024221  3.51587750          NA
[281]  2.34493649          NA          NA          NA          NA          NA 16.83191654
[288]          NA          NA          NA          NA          NA          NA          NA
[295]          NA 10.08007280          NA          NA          NA          NA  2.17042427
[302]          NA          NA          NA          NA          NA  1.05589967  4.24146982
[309] 17.11921782  8.20430389          NA          NA  7.72120896          NA  1.00867808
[316]          NA          NA          NA 19.01598249          NA  9.48042182          NA
[323]          NA  5.02660751 12.83515026          NA  7.63985657          NA          NA
[330]  2.19853205          NA          NA          NA  5.77796425          NA 13.55050725
[337]          NA          NA          NA 10.04251250  4.64166982          NA          NA
[344] 19.86451314  7.07367985 16.17158228 15.93676627          NA          NA 13.05762135
[351]  4.52026476          NA          NA          NA          NA  7.33416736          NA
[358] 12.72723262 10.55460184          NA          NA          NA          NA          NA
[365]          NA 15.41968208 11.47016620          NA          NA  5.93889202          NA
[372]          NA          NA          NA          NA          NA          NA 10.65268756
[379]          NA          NA  3.45921714          NA  9.32708835  4.52792695  0.11514777
[386]          NA          NA  8.50179128          NA          NA          NA          NA
[393]          NA          NA          NA          NA  5.13013343  3.86283244          NA
[400]          NA          NA 11.69342764          NA          NA          NA          NA
[407]          NA          NA 13.44907053          NA          NA          NA          NA
[414]  6.56769934          NA  7.77499065          NA 10.13744124          NA  7.20236784
[421]          NA  1.22343877 13.51579164  9.39904164  4.38970690          NA          NA
[428]  7.72531828 15.73695690  9.63620470  3.09889977          NA          NA          NA
[435]          NA  3.23790467          NA          NA          NA          NA  0.19363363
[442]          NA          NA          NA          NA          NA          NA          NA
[449]          NA  2.97981268          NA          NA          NA          NA          NA
[456]  2.54083384  6.94740348 11.74883214  3.24222969          NA          NA  9.92155826
[463]          NA          NA          NA          NA          NA          NA  3.82646164
[470]          NA          NA          NA          NA          NA          NA  3.94041541
[477]          NA          NA          NA  4.97965416          NA  5.00138096          NA
[484]          NA  2.15867897          NA          NA          NA          NA          NA
[491]          NA          NA  4.95362848  7.89857006          NA          NA          NA
[498]          NA          NA          NA          NA          NA          NA  9.63346363
[505]          NA  9.18829658          NA  9.74645496          NA          NA          NA
[512]  0.39231359          NA          NA          NA          NA          NA  3.47435244
[519]          NA          NA          NA          NA          NA  2.19790660          NA
[526]          NA          NA          NA          NA          NA          NA          NA
[533]          NA          NA          NA  0.66519159          NA          NA          NA
[540]          NA          NA          NA          NA          NA          NA          NA
[547]          NA          NA          NA          NA          NA          NA          NA
[554]          NA          NA          NA          NA  7.28113237          NA  5.50370944
[561]          NA  2.92660014  1.73301076          NA  1.40503995          NA  0.08541257
[568]          NA          NA          NA          NA          NA          NA          NA
[575]          NA          NA          NA          NA  4.63800190          NA          NA
[582]          NA          NA  2.01072371          NA          NA          NA          NA
[589]          NA          NA          NA          NA          NA          NA          NA
[596]          NA          NA          NA          NA          NA          NA          NA
[603]          NA          NA          NA          NA          NA          NA          NA
[610]          NA          NA          NA          NA  3.09972527          NA          NA
[617]          NA          NA          NA          NA          NA          NA          NA
[624]          NA          NA          NA          NA          NA          NA          NA
[631]          NA          NA          NA          NA          NA          NA          NA
[638]          NA          NA          NA          NA          NA          NA          NA
[645]          NA          NA  1.33812138          NA          NA          NA          NA
[652]          NA          NA  1.71070534          NA          NA          NA          NA
[659]          NA          NA          NA          NA          NA  1.78285265          NA
[666]          NA          NA          NA          NA          NA  1.08780635          NA
[673]          NA  0.18494725  3.78471427          NA          NA          NA          NA
[680]          NA  3.22036621          NA          NA          NA          NA          NA
[687]          NA          NA          NA          NA          NA          NA          NA
[694]          NA          NA          NA          NA          NA          NA          NA
[701]          NA          NA  0.20666959          NA          NA          NA          NA
[708]          NA          NA          NA          NA          NA          NA          NA
[715]          NA          NA          NA          NA          NA          NA          NA
[722]          NA          NA          NA          NA          NA          NA          NA
[729]          NA          NA          NA          NA          NA          NA          NA
[736]          NA          NA          NA          NA          NA          NA          NA
[743]          NA          NA  0.10956987          NA          NA          NA

$TS
  [1] 82.81824529 77.83341625 70.34903194 61.98547239 61.95713228 70.21118454 60.79224610
  [8] 60.16151645 53.93577684 49.66441625 45.31233198 64.29044209 62.75430261 60.07180580
 [15] 51.14175747 44.03757147 14.47416029 11.32949377  3.86549039 60.76374975 50.56188190
 [22] 32.15002669 31.67273598 30.47110213 29.75550790 29.46546519 41.11820817 36.35695533
 [29] 34.51604712 24.03141255 23.60351651 21.95740936 15.84027582 58.15221001 53.60486796
 [36] 47.09988227 42.66195770 37.15621262 57.22186810 49.31355896 52.14020969 26.40878849
 [43] 22.08079319 18.42584953  7.38297826 54.86500019 50.69814772 46.92179562 51.68694740
 [50] 50.84080664 49.04846953 45.22783814 33.98713225 28.17278523 46.27985412 44.43311373
 [57] 37.78107510 27.20711906 25.99767282 25.60148692  2.51759034 38.47115404 30.96686338
 [64] 46.44399790 42.22715278 34.35472513 28.95814923 23.86879973 18.43072912 18.33833678
 [71] 10.14284708  5.30291336  4.00069975  0.17272669 34.54771738 48.67270578 45.86782056
 [78] 42.04359900 44.41855016 41.68266121 41.77731234 40.24124687 33.98985285 24.52356849
 [85] 24.11051590 10.97949094 45.80395071 25.65162511 22.86236654 15.48378706 32.90676671
 [92] 28.36176553 26.03486024 39.59533161 36.04239700 35.46953490 34.02821548 29.47769337
 [99] 13.05363490 12.01061651 11.54138750  2.54469786 43.67088824 35.34020954 25.44692818
[106] 33.82654819 31.92592703 20.80822558  8.66311689 27.47857084  0.16499027 22.84081848
[113] 21.97083387 19.76573448 37.69674689 28.58789231 11.35918431 41.17397874 28.68509855
[120] 24.76479920 20.69800950 19.79782649 18.15164359 16.87516942 36.42728834 21.11440456
[127] 19.02239910 38.81366763 37.00358382 32.51150348 29.20449789 20.37673196 37.00941136
[134] 25.85592034 33.52353850 32.71534083 29.37963488 27.62361496 31.71268682 33.08560274
[141] 33.22576298 31.26039829 28.27541200 27.68245144 24.92278782 23.92004117  4.62024932
[148] 36.32322724 29.56062401 35.81863376 18.01478345  5.94495750 32.60165774 28.30330974
[155] 27.39909853  7.48921063 27.40811739 25.90258872 24.02746197 18.59391973 13.57987018
[162] 11.65044520 33.86836479  8.63333945  8.31238865 17.01767379  5.91819366  2.35169805
[169] 33.80220771 33.62513537 33.15617155 27.77086726 25.53629806 25.78689619 18.69007521
[176] 12.67564697  7.98799985 31.39564602 29.88834122 26.09089816 21.52031837 21.02542853
[183] 14.79310143 13.46398510  5.24888226 27.91602704 32.74688360 31.97462024 15.13969499
[190]  2.94998025 28.81408546 18.46742479  1.42540133 28.00540243 21.15472970 19.98929063
[197] 14.45770532 31.36028204 30.52363719 29.38621334 29.02573204 20.40449385  4.27872519
[204]  4.00844403 28.43661012 18.91898706 14.26189942  5.55303939 28.11478573 30.59911495
[211] 26.32011521 27.79375833 23.60738934 21.60188469 23.73393687 11.58802755 11.53752645
[218]  3.27015161 28.72227545 22.44218799 25.05152933  3.91990854 18.65224064 14.63093990
[225]  8.42045644 22.78607687 20.35016166 18.15234227 12.98577543 12.44614466  4.28523100
[232]  2.03101586  0.75623495 20.51437307  8.34830837  6.79244831 27.84592563 23.20255081
[239] 17.62493457 16.37616976  7.73574697 19.67157821 17.27149182 10.71253783  1.61721657
[246] 23.69375052 18.94965844 15.69003860 13.96955175  3.92585472 28.40550560 26.63487119
[253] 23.71776600 19.56598478 16.06969483 25.34758333 22.12299668 13.61965760 13.19514635
[260] 22.12446084 17.07863562  4.10160250 16.58195995 12.40197162 26.07767807 21.75600503
[267] 19.31747881 12.82384373 10.41780194 25.66153346 14.98232289 14.67015058  9.90915198
[274]  3.71545291 23.25205291 24.75819913 26.09912844 25.82600489 25.17000375 12.42093163
[281]  3.38269053 19.68929864  9.30301067  2.51580328  0.59290370 26.23972425 25.21350932
[288] 13.39789926  1.91672864  6.21644216  2.88708788  0.56374092 17.99707542 23.78400146
[295] 23.49497905 21.19200271  6.36530024  1.66437942 12.85783774 18.75690272  4.55526802
[302]  9.30759273 16.74568698 23.38706905 11.26505733  7.01220315 12.31426400 11.17728096
[309] 25.17254196 16.59140448  2.91829191 18.83649440  9.24035867  0.39803460 20.60279478
[316] 11.59337189 24.48853590 22.62848757 21.44540809  1.03753290 21.60278377  7.01649989
[323]  2.09813409 21.95184009 20.93082771  2.50181917 22.52273690 20.72321490 22.65526368
[330] 12.91802356 11.06181490  3.04602626 15.43983228 14.82303410  8.70106256 16.12630813
[337] 14.55538511 10.97017372 15.51136057 13.78577896  9.39369079 22.68920593  8.33730985
[344] 22.98847916 12.34679180 19.82151228 17.94166241 17.48856297 15.22058037 15.04548718
[351] 14.72304833 12.73090272 12.03756248 16.29145739 13.47091693 19.31018563 11.13492689
[358] 14.23233798 20.77920900 11.08805611 18.58107055 14.67309169  9.00141006  6.67532743
[365]  7.53700479 16.90474657 14.27450803 13.24996747 14.11940710 18.27939707 14.84841825
[372] 10.90896553  9.76074636 19.81524660 18.16168399 10.64579558  9.55975628 20.23882215
[379] 19.07461701 17.02425148 17.22190030  8.63151303 15.55657622  8.87916783 13.49950671
[386] 18.24652861 16.01561255 11.11093350  5.36255029  3.61551107  1.62985911  0.90948710
[393] 13.75641353 10.39406886  5.61328742 19.10761772 11.54144055  5.32758770 11.03242561
[400]  4.00209935 13.04866440 15.60679090 16.41906341  2.99952184 14.80408371  9.36044406
[407] 11.72583786  1.77161033 16.31335419 14.05908281  7.51065256  4.44641083 14.31205160
[414]  7.07784948 11.80401586 11.21323777  1.61703194 17.15555035 10.67081995 10.10365191
[421]  4.06752647 17.49477704 18.33610643 14.10524778  8.68554922 16.33810921 14.55143825
[428]  8.71532431 16.77949037 14.23043827  8.34078229 10.81339027  0.37662312 11.66896024
[435] 11.44242750 16.70700650  4.77709946  3.18046028  4.86313013  0.81567368 12.27091816
[442]  3.16471424 11.92866393  9.08448785 12.94247898 12.29838017  8.76348058 15.88400777
[449]  2.53536790 12.48541277  5.53553104 12.05701887  7.24688461  2.64585140  1.36008351
[456] 14.85081419 14.04099083 11.87542229 11.72989278 11.30771222 10.34857337 14.48389083
[463] 11.36758048 10.30283420  9.95657324  1.25692892 11.36305681 13.15756514  4.73352368
[470] 10.99534816 14.18581368  1.88844542  4.86142405 14.65329679  7.97461461 10.18120945
[477]  4.97086866  4.46772443 13.00643534  9.13831238  6.61272347  9.62498897  8.89200479
[484] 13.86245437  8.17887179  7.72750768 10.87225645  9.65501437  6.96752507 10.24026529
[491] 10.93735897  8.56910982 13.53239994 13.04623866 10.76134802  5.47683825  9.49478244
[498]  8.63774011 13.49570305  3.34981395 13.23650687 11.96668555  5.90009358 13.41261280
[505]  6.06488702 12.50111938  5.28434336 10.04164909  9.48314921  5.04189161  2.15260991
[512] 12.01187969 12.58025850  4.45381295  6.81641651  1.66473097  3.31204759  4.42508186
[519]  0.04741458  1.28884886 11.01113842  6.04189289 10.61083480  7.83335061  6.45462402
[526]  2.26394812 11.06287388  7.45493457  6.62662642  4.71756801  2.75003512  7.78729190
[533]  5.66714685 12.27092139  2.48853318 10.54200592  9.91181114  2.01895861  7.56758250
[540]  9.98344596  1.14806121 10.41596367  0.53759348  2.07197314  2.38076913  1.95148254
[547]  1.71458612  0.36732857 10.46278243  0.95327036 10.54303823  6.62515866  6.22993155
[554]  6.10131310  2.09291446  6.95642753  9.17256764  7.99612096  7.34472180 11.20369185
[561]  4.76985376  3.21435980  7.53708215  4.64944625  7.57757752  3.73801900  2.38428844
[568]  7.36360757  9.91344550  1.56474467  9.17300273  8.12116608  4.62082569  7.92018943
[575]  8.77969131  8.19362479  5.62436920 10.15225843 10.52544783  0.39396831  0.23042442
[582]  8.78244239  3.38458004  9.87771111  2.10057293  0.07365339  4.88908607  5.26727567
[589]  3.50869715 10.11671781  7.88583861  4.60748227  4.06490668  7.51738816  4.37805220
[596]  0.05628664  3.44428373  9.35507907  1.67378826  9.09363143  8.29605007  2.44725713
[603]  4.19589763  1.74609212  8.33808697  5.16069605  4.98142180  3.26579965  0.31307518
[610]  8.78370804  6.09357181  4.70273088  2.39670486  7.33029496  6.32589940  3.76332384
[617]  7.70348566  1.39480787  2.12552442  7.51908443  3.60979864  7.64626819  2.55399359
[624]  1.45868932  6.40058177  5.55380825  5.05801135  7.50865913  5.07067249  0.90138389
[631]  5.46555502  1.64354098  1.43722148  7.63593770  5.03988204  1.33846671  0.86634063
[638]  0.13171046  2.81571641  7.81013125  4.53928078  2.79727046  0.34609932  5.35842506
[645]  2.51647415  6.11529701  3.52527369  0.84429418  3.38122866  5.51949085  3.39199961
[652]  2.66925498  0.42430274  2.73637721  0.85188253  2.16818265  3.87432981  3.41951262
[659]  6.29970806  3.62821098  3.60483297  0.34871174  5.19652255  6.57623057  0.92085559
[666]  0.51016084  4.47322954  3.62341697  1.58368776  2.24145921  4.42111661  2.34818317
[673]  4.31777216  0.56819619  5.44344563  5.08848829  5.24419941  1.68753052  4.72006010
[680]  4.62573565  4.63381804  3.63509012  0.45471591  2.60397424  4.07740651  3.09360618
[687]  0.05200801  2.33703276  1.46051142  0.99409832  3.70780933  1.51920945  1.49163311
[694]  0.61441513  2.66080695  4.31212134  1.58126203  1.04394588  0.93496655  0.20947896
[701]  0.40794236  0.48488471  3.20272661  3.92254120  2.48419485  2.03632228  2.42572673
[708]  0.35593548  2.99341418  2.14818016  1.19015143  0.45280560  2.06462087  1.88953338
[715]  0.28983909  2.32011142  2.94460805  1.21435743  0.74289289  0.31450891  0.18505457
[722]  0.58235599  1.80736890  0.20249350  0.39781089  1.05060554  1.55924869  0.64470627
[729]  1.02385983  0.85433865  0.25804769  0.91734637  0.20944420  0.48191697  1.07134870
[736]  1.50887203  1.03204238  0.03518890  1.04708101  0.06019520  0.74224012  0.53881854
[743]  0.22187001  0.52020926  0.75428983  0.99065671  0.27263855  0.03259807

$PAR
  [1]  NA   1   1   1   1   2   2   2   2   2   2   3   3   3   3   3   3   3   3   6   6   6   6
 [24]   6   6   6  12  12  12  12  12  12  12  13  13   5   7   7  20  20   8   8   8   8   8  14
 [47]  14  14  39  39  46   9   9   9  35  35  35  49  49  49  49  50  50  47  21  21  21  21  21
 [70]  21  21  21  21  21  10  40  40  40  51  51  36  36  36  36  36  36  48  64  64  64  55  77
 [93]  77  87  87  87  87  87  87  87  87  87  52  52  52  56  56  56  56  79  79  16  16  16  37
[116]  37  37  65  78  78  78  78  78  78  81  27  27  82  82  94  94  94 128 128  62  62  62  62
[139] 115  38 133 129 129 129 129 129 129  28  28 148 148 148  95  95  95 150  96  96 104 104 104
[162] 104  75  75  75  29  29  29  66  66  97  83  83  53  53  53 106 169 170 135 141 141 141 141
[185] 141 140  91 187 187 187 153 153 153 130 130 130 130  22  22  22  22  22  22  22 188 188 107
[208] 107  23 142  63 210 210 210 199 199 199 199  24  24  25  98  26  26 200 131 201 201 201 201
[231] 201 201  67 191 191 191 219 219 219 219 219 119 119 119 119 116 116 116 116 116 205  92  92
[254]  92  92 154 154 154 154 209 209 209 194 194 237 237 172 172 172 144 144 144 144 144 138 110
[277] 157 155  58  58  58 252 252 252 252  42  42 211 211 286 286 286 277 265  93  93  93  93  59
[300] 158 158 134 174 270 270 270  60  60 173 105 105 256 256 256 279 221 145 120 120 276 317 317
[323] 317  85  85  85  30  30 159 159 159 159  68  68 294 246 246 246 213 295 295 304 304 275 238
[346]  89 112 112 112 112 342 342 342 329 329 318 318 327 220 220 260 260  43  43  32 324 324 324
[369] 266 321 321 321 214 181 195 195 195 126 325 325 328 328 121 121 315 234 234 234 234 234 234
[392] 234 202 202 132 227 227 227 196 374 242 356 396 396 379 379 127 127 247 247 312 312 223 223
[415] 361 361 361 192  69  69  69  44  70 370 370 386 386 386 375 375 228 123 123 151 293 239 239
[438] 348 243 243 418 261 380 380 166 166 166 124 303 263 263 403 403 240 240 426 426 426 426 354
[461] 354 448 448  33  33 339  90 349 349 189 350 271 456 334 334 405 405 405 351 351 351 272 272
[484] 474 224 224 337 337 337 427  17 197 367 358 471 471 369 369 424 410 457 249 249 484 393 258
[507] 385 499 184 184 288 368 501 501 259 259 468  99  99 401 479 479 229 229 445 330 299 299 299
[530] 268 352 176 176 513 513 230 230 230 307 446 534 441 441 353 512 100 100 100 502 443 407 407
[553] 407 407 162 316 397 217 217 435 463 463 467 467 460 305 360 331 399 399 470 470 470  86 372
[576] 372 372 487 432 495 495 523 536 549 461 464 490 476 578  71 590 540 465 537 584 488 377 497
[599] 509 406 406 406 598 598 302 283 283 283 283 313 557 557 444 363 363 582 575 575 335 425 109
[622] 164 382 382 225 235 235 605 605 605 343 343 343 165 165 165 576 576 574 591 532 622 539 563
[645] 365 594 594 594 411 528 528 528 528  45  45 568 453 453 322 236 236 236 552 481 525 297 615
[668] 553 553 611 505 522 152 167 451 650 631 631 389 389 398 507 588 185 677 677 663 627 627 627
[691] 607 477 587 439 473 437 561 561 561 561 573 147 667 518 671 671 203 685 222 222 566 682 390
[714] 390 658 500 703 438 438 442 442 332 404 639 531 102 645 645 284 284 284 705 705 672 526 511
[737] 232 232 289 289 472 604 604 245 727 541 541 720

$EXTANT
  [1] FALSE FALSE FALSE FALSE FALSE FALSE FALSE FALSE FALSE FALSE FALSE FALSE FALSE FALSE FALSE
 [16]  TRUE FALSE FALSE  TRUE FALSE  TRUE  TRUE FALSE  TRUE FALSE  TRUE  TRUE FALSE  TRUE FALSE
 [31] FALSE  TRUE  TRUE FALSE FALSE  TRUE  TRUE FALSE FALSE FALSE FALSE FALSE FALSE  TRUE  TRUE
 [46] FALSE FALSE FALSE  TRUE FALSE FALSE FALSE FALSE  TRUE FALSE  TRUE FALSE  TRUE  TRUE FALSE
 [61]  TRUE FALSE FALSE  TRUE FALSE FALSE  TRUE FALSE FALSE FALSE  TRUE  TRUE FALSE  TRUE  TRUE
 [76] FALSE FALSE FALSE  TRUE FALSE FALSE FALSE FALSE FALSE  TRUE  TRUE  TRUE FALSE  TRUE  TRUE
 [91] FALSE FALSE  TRUE FALSE FALSE FALSE  TRUE  TRUE  TRUE  TRUE FALSE  TRUE FALSE FALSE  TRUE
[106] FALSE  TRUE FALSE  TRUE FALSE  TRUE FALSE FALSE FALSE FALSE  TRUE  TRUE FALSE  TRUE  TRUE
[121] FALSE FALSE FALSE FALSE FALSE FALSE  TRUE FALSE  TRUE FALSE FALSE  TRUE FALSE  TRUE  TRUE
[136] FALSE  TRUE FALSE FALSE FALSE  TRUE FALSE FALSE  TRUE FALSE FALSE  TRUE  TRUE FALSE FALSE
[151] FALSE  TRUE  TRUE FALSE FALSE  TRUE FALSE  TRUE  TRUE FALSE FALSE  TRUE FALSE FALSE  TRUE
[166]  TRUE  TRUE  TRUE FALSE FALSE FALSE FALSE FALSE FALSE FALSE  TRUE  TRUE FALSE FALSE FALSE
[181] FALSE FALSE  TRUE  TRUE  TRUE FALSE  TRUE FALSE  TRUE  TRUE  TRUE  TRUE  TRUE FALSE  TRUE
[196]  TRUE  TRUE FALSE  TRUE  TRUE  TRUE FALSE  TRUE  TRUE FALSE  TRUE FALSE  TRUE  TRUE FALSE
[211]  TRUE FALSE FALSE FALSE FALSE FALSE FALSE  TRUE  TRUE FALSE  TRUE FALSE  TRUE FALSE FALSE
[226] FALSE  TRUE FALSE FALSE  TRUE  TRUE  TRUE  TRUE  TRUE  TRUE  TRUE FALSE FALSE  TRUE  TRUE
[241]  TRUE FALSE  TRUE FALSE  TRUE FALSE FALSE FALSE  TRUE  TRUE FALSE  TRUE FALSE FALSE  TRUE
[256]  TRUE  TRUE  TRUE  TRUE FALSE  TRUE  TRUE  TRUE FALSE  TRUE FALSE FALSE FALSE  TRUE  TRUE
[271]  TRUE  TRUE  TRUE  TRUE FALSE  TRUE FALSE FALSE FALSE  TRUE FALSE  TRUE  TRUE  TRUE  TRUE
[286]  TRUE FALSE  TRUE  TRUE  TRUE  TRUE  TRUE  TRUE  TRUE  TRUE FALSE  TRUE  TRUE  TRUE  TRUE
[301] FALSE  TRUE  TRUE  TRUE  TRUE  TRUE FALSE FALSE FALSE FALSE  TRUE  TRUE FALSE  TRUE FALSE
[316]  TRUE  TRUE  TRUE FALSE  TRUE FALSE  TRUE  TRUE FALSE FALSE  TRUE FALSE  TRUE  TRUE FALSE
[331]  TRUE  TRUE  TRUE FALSE  TRUE FALSE  TRUE  TRUE  TRUE FALSE FALSE  TRUE  TRUE FALSE FALSE
[346] FALSE FALSE  TRUE  TRUE FALSE FALSE  TRUE  TRUE  TRUE  TRUE FALSE  TRUE FALSE FALSE  TRUE
[361]  TRUE  TRUE  TRUE  TRUE  TRUE FALSE FALSE  TRUE  TRUE FALSE  TRUE  TRUE  TRUE  TRUE  TRUE
[376]  TRUE  TRUE FALSE  TRUE  TRUE FALSE  TRUE FALSE FALSE FALSE  TRUE  TRUE FALSE  TRUE  TRUE
[391]  TRUE  TRUE  TRUE  TRUE  TRUE  TRUE FALSE FALSE  TRUE  TRUE  TRUE FALSE  TRUE  TRUE  TRUE
[406]  TRUE  TRUE  TRUE FALSE  TRUE  TRUE  TRUE  TRUE FALSE  TRUE FALSE  TRUE FALSE  TRUE FALSE
[421]  TRUE FALSE FALSE FALSE FALSE  TRUE  TRUE FALSE FALSE FALSE FALSE  TRUE  TRUE  TRUE  TRUE
[436] FALSE  TRUE  TRUE  TRUE  TRUE FALSE  TRUE  TRUE  TRUE  TRUE  TRUE  TRUE  TRUE  TRUE FALSE
[451]  TRUE  TRUE  TRUE  TRUE  TRUE FALSE FALSE FALSE FALSE  TRUE  TRUE FALSE  TRUE  TRUE  TRUE
[466]  TRUE  TRUE  TRUE FALSE  TRUE  TRUE  TRUE  TRUE  TRUE  TRUE FALSE  TRUE  TRUE  TRUE FALSE
[481]  TRUE FALSE  TRUE  TRUE FALSE  TRUE  TRUE  TRUE  TRUE  TRUE  TRUE  TRUE FALSE FALSE  TRUE
[496]  TRUE  TRUE  TRUE  TRUE  TRUE  TRUE  TRUE  TRUE FALSE  TRUE FALSE  TRUE FALSE  TRUE  TRUE
[511]  TRUE FALSE  TRUE  TRUE  TRUE  TRUE  TRUE FALSE  TRUE  TRUE  TRUE  TRUE  TRUE FALSE  TRUE
[526]  TRUE  TRUE  TRUE  TRUE  TRUE  TRUE  TRUE  TRUE  TRUE  TRUE FALSE  TRUE  TRUE  TRUE  TRUE
[541]  TRUE  TRUE  TRUE  TRUE  TRUE  TRUE  TRUE  TRUE  TRUE  TRUE  TRUE  TRUE  TRUE  TRUE  TRUE
[556]  TRUE  TRUE FALSE  TRUE FALSE  TRUE FALSE FALSE  TRUE FALSE  TRUE FALSE  TRUE  TRUE  TRUE
[571]  TRUE  TRUE  TRUE  TRUE  TRUE  TRUE  TRUE  TRUE FALSE  TRUE  TRUE  TRUE  TRUE FALSE  TRUE
[586]  TRUE  TRUE  TRUE  TRUE  TRUE  TRUE  TRUE  TRUE  TRUE  TRUE  TRUE  TRUE  TRUE  TRUE  TRUE
[601]  TRUE  TRUE  TRUE  TRUE  TRUE  TRUE  TRUE  TRUE  TRUE  TRUE  TRUE  TRUE  TRUE FALSE  TRUE
[616]  TRUE  TRUE  TRUE  TRUE  TRUE  TRUE  TRUE  TRUE  TRUE  TRUE  TRUE  TRUE  TRUE  TRUE  TRUE
[631]  TRUE  TRUE  TRUE  TRUE  TRUE  TRUE  TRUE  TRUE  TRUE  TRUE  TRUE  TRUE  TRUE  TRUE  TRUE
[646]  TRUE FALSE  TRUE  TRUE  TRUE  TRUE  TRUE  TRUE FALSE  TRUE  TRUE  TRUE  TRUE  TRUE  TRUE
[661]  TRUE  TRUE  TRUE FALSE  TRUE  TRUE  TRUE  TRUE  TRUE  TRUE FALSE  TRUE  TRUE FALSE FALSE
[676]  TRUE  TRUE  TRUE  TRUE  TRUE FALSE  TRUE  TRUE  TRUE  TRUE  TRUE  TRUE  TRUE  TRUE  TRUE
[691]  TRUE  TRUE  TRUE  TRUE  TRUE  TRUE  TRUE  TRUE  TRUE  TRUE  TRUE  TRUE FALSE  TRUE  TRUE
[706]  TRUE  TRUE  TRUE  TRUE  TRUE  TRUE  TRUE  TRUE  TRUE  TRUE  TRUE  TRUE  TRUE  TRUE  TRUE
[721]  TRUE  TRUE  TRUE  TRUE  TRUE  TRUE  TRUE  TRUE  TRUE  TRUE  TRUE  TRUE  TRUE  TRUE  TRUE
[736]  TRUE  TRUE  TRUE  TRUE  TRUE  TRUE  TRUE  TRUE  TRUE FALSE  TRUE  TRUE  TRUE

