
Birth-death simulation object with 722 species and 500 extant species

Details for some species:

Extinction times (NA means extant)
[1] 91.29960 27.74815 92.19425 91.17869 16.12475 52.13331


Speciation times 
[1] 101.60198 101.38947  99.15250  96.38909  81.16728  52.50963


Species parents (NA for initial)
[1] NA  1  1  2  2  2


Species status (extinct or extant)
[1] "extinct" "extinct" "extinct" "extinct" "extinct" "extinct"


For more details on vector y, try sim$y, with y one of
TE TS PAR EXTANT



$TE
  [1] 91.29960187 27.74814828 92.19424790 91.17868814 16.12474531 52.13331224  0.57422018
  [8] 20.04259491 32.87106612 20.48307547 43.99968662  8.07689545 23.73407876          NA
 [15]          NA 13.07190512 59.52911146 59.60023563          NA          NA 27.02294317
 [22] 58.61511193 55.23572956 40.96699764 33.88835470 38.75877075 24.67634600          NA
 [29] 60.21829066          NA 31.86377524          NA          NA 46.13542279          NA
 [36]          NA          NA          NA 59.17251034 62.78484221 64.18550189 33.83329093
 [43] 59.03221092 52.36930952 48.83576318 45.41451991 51.87729591  9.33459376  5.73842498
 [50]          NA 41.95899722 48.78838246  7.72894436 32.87654586 47.73194477 49.28114536
 [57] 50.45477958 10.48535092          NA  9.41253712 34.73301265 11.52193289 34.10967805
 [64] 28.36313889 39.07138179 18.63703176 39.47622343  1.81840263 22.19727591 12.04187170
 [71] 20.57262885 28.04127880 31.96857830 16.32203172          NA 14.76426573          NA
 [78] 16.62270662  2.52439380          NA 39.80175199 24.20549529          NA          NA
 [85] 14.62293311 26.27649798          NA          NA  9.68812503  0.03491030          NA
 [92] 39.75371915          NA 18.76450035 24.54520471  1.60591575 11.40310993          NA
 [99]          NA          NA  5.18860294          NA 17.43672261          NA          NA
[106] 19.41145351 33.92569106 11.76423370  2.97464675  3.98079045 17.92011871          NA
[113]          NA  6.43789113 29.60906138 15.59002321 24.46205829          NA  3.89970887
[120] 35.35592083  7.78554704          NA  3.64925874          NA 21.90282184          NA
[127]          NA          NA  5.66659803          NA 25.99668358          NA          NA
[134] 18.34235473          NA          NA          NA 20.33160114  0.86159887  6.17172495
[141]          NA          NA          NA          NA 12.46524649          NA          NA
[148]  7.74285168          NA          NA          NA 14.14611608  9.23082485  9.27730034
[155]          NA 20.45676085 12.69798848  4.40915043  6.99350354          NA          NA
[162] 22.48505197          NA          NA          NA          NA          NA          NA
[169]  8.41529939          NA  0.20811606  2.65215524          NA          NA          NA
[176]          NA  1.65093826  7.24011161          NA          NA          NA 18.92648203
[183]          NA          NA          NA 12.52937632  3.57778198          NA          NA
[190]  4.55813985 17.50136770          NA          NA  5.58935482          NA          NA
[197]          NA          NA          NA          NA 14.44481134          NA  2.16472945
[204]          NA          NA 23.99191816          NA 10.78546868          NA          NA
[211]          NA  0.15236246          NA  8.06895825          NA 18.35567294          NA
[218]          NA 11.52583725          NA          NA          NA          NA  4.56701103
[225]          NA 14.93524473          NA          NA          NA          NA 16.73220826
[232]          NA  6.32959418 12.91380029 15.95818366          NA          NA          NA
[239]          NA 12.79841214  1.50935432  2.24898019          NA 23.95741082          NA
[246]          NA          NA 14.47867471          NA          NA          NA          NA
[253]          NA          NA          NA          NA          NA          NA          NA
[260]          NA  7.81109020          NA 11.99227565          NA 11.65849707          NA
[267]          NA 17.54060354          NA  5.20372129          NA          NA          NA
[274]          NA          NA          NA          NA          NA 13.78241766          NA
[281]          NA          NA          NA 14.26416534          NA          NA          NA
[288]  5.66370151          NA          NA          NA          NA          NA  8.48060266
[295] 13.07159222          NA  7.82983811  0.75493446          NA  9.31742272          NA
[302]  8.20648198 13.17533846          NA          NA          NA          NA          NA
[309] 13.75191665          NA          NA          NA          NA          NA          NA
[316]          NA 16.36595969          NA 10.39103474          NA          NA          NA
[323]          NA          NA  4.88100929          NA          NA  7.83139527  7.81582355
[330]          NA          NA  0.80940326  3.86977461          NA  0.31855080          NA
[337]          NA  1.00627954          NA  7.79641875          NA          NA          NA
[344] 12.26036105          NA 10.04027173          NA          NA          NA          NA
[351]          NA 12.50040113          NA          NA          NA          NA  2.48060088
[358]  3.18198467          NA          NA          NA          NA          NA          NA
[365] 11.20465926          NA          NA          NA          NA  9.33467400  8.81351971
[372]          NA          NA          NA          NA          NA          NA          NA
[379]          NA  3.19004871 12.52457253          NA          NA          NA          NA
[386]          NA 11.96189103          NA  8.60908661          NA  1.38370397          NA
[393]          NA          NA          NA          NA  0.14291407  9.74399885          NA
[400]  0.08574966          NA          NA          NA 12.89713752  8.54355729          NA
[407]          NA          NA          NA          NA  7.51726977          NA          NA
[414]          NA  6.08825635          NA          NA  1.77270454          NA          NA
[421]          NA          NA 10.85176719          NA          NA          NA  1.85205629
[428]          NA          NA          NA          NA          NA          NA          NA
[435] 10.12042478          NA          NA  0.66315396          NA          NA          NA
[442]  0.01893642          NA 13.30072215          NA          NA          NA          NA
[449]  1.98036326          NA          NA          NA  2.76796675          NA          NA
[456]          NA          NA  5.57353760          NA  1.85525486  7.41704775          NA
[463]          NA          NA          NA          NA  1.57972934          NA  6.66049053
[470]          NA          NA          NA          NA          NA          NA  0.48657938
[477]          NA          NA 11.72766311          NA          NA          NA          NA
[484]          NA          NA          NA          NA          NA          NA          NA
[491]          NA  9.46294782          NA          NA          NA          NA          NA
[498]          NA          NA          NA          NA          NA  0.75258413          NA
[505]          NA          NA          NA  8.28490100          NA          NA          NA
[512]  7.35547450          NA          NA          NA          NA          NA  5.35079066
[519]          NA          NA          NA          NA          NA          NA          NA
[526]          NA          NA          NA          NA          NA          NA          NA
[533]          NA          NA          NA          NA          NA          NA          NA
[540]          NA          NA          NA          NA  5.65931607          NA          NA
[547]          NA          NA          NA          NA          NA          NA          NA
[554]  2.46206430          NA          NA          NA          NA          NA  1.68297324
[561]          NA          NA          NA          NA          NA          NA          NA
[568]          NA          NA          NA  1.31600605          NA          NA          NA
[575]          NA          NA          NA          NA          NA          NA          NA
[582]          NA          NA          NA          NA          NA  1.17810601          NA
[589]          NA          NA          NA          NA          NA          NA          NA
[596]          NA          NA  0.03763968  2.29233084          NA          NA          NA
[603]          NA          NA          NA          NA  0.18841248          NA          NA
[610]          NA          NA  1.81263348          NA          NA  1.20785349          NA
[617]          NA  1.05769419          NA          NA          NA  0.27830693          NA
[624]          NA          NA          NA  0.82502814          NA          NA          NA
[631]          NA  3.74596471  2.29449398          NA          NA          NA          NA
[638]          NA          NA          NA          NA          NA          NA          NA
[645]          NA          NA          NA          NA          NA          NA          NA
[652]          NA          NA          NA          NA  0.24378144          NA  0.16027965
[659]          NA          NA          NA          NA          NA          NA          NA
[666]          NA          NA          NA          NA  0.23677454          NA          NA
[673]          NA          NA          NA          NA          NA          NA          NA
[680]          NA          NA          NA          NA          NA          NA          NA
[687]          NA          NA          NA          NA          NA          NA          NA
[694]          NA          NA          NA          NA          NA          NA          NA
[701]          NA          NA          NA          NA          NA          NA          NA
[708]          NA          NA          NA          NA          NA          NA          NA
[715]          NA          NA          NA          NA          NA          NA          NA
[722]          NA

$TS
  [1] 101.60198360 101.38946878  99.15249924  96.38908978  81.16728394  52.50963316  33.08221125
  [8]  28.75821044  74.97039774  70.33170500  53.66701850  51.14042450  45.57331622  36.14710194
 [15]  31.65508799  21.74170913  74.74167302  72.27056408  66.41579767  49.60294869  71.73642934
 [22]  61.06710198  68.82892103  62.77956006  59.20860750  57.87236123  55.13681415  35.71342084
 [29]  66.17031560  43.43212753  42.79640426  30.65433585  26.35802610  64.41332560  62.80334537
 [36]  36.90656683   8.23466232   2.96457308  65.74576164  64.66324383  64.89760571  60.01805426
 [43]  64.45802907  60.61267076  49.79478866  59.90712004  53.00224636  29.10245145  10.78098202
 [50]  46.82426850  57.19811493  51.40697134  45.68915424  54.84805721  53.74354506  50.76460915
 [57]  56.52846703  46.46383174  45.45412664  43.00955369  39.70180783  47.79627137  42.92788955
 [64]  52.62293958  50.84848359  39.75569730  39.64982376  35.20374344  24.77914991  40.00481328
 [71]  38.06740249  28.97921653  37.24123799  19.65425126   8.60380878  39.97874020  31.22263907
 [78]  30.78483585  22.29439223   3.39938977  45.65670337  38.94278500  32.22607244  27.42391995
 [85]  37.01353365  30.38573854  29.18106752  17.82986870  30.61374401  14.19131846   7.96490903
 [92]  42.75448005  38.19327339  26.99016307  35.57636099  30.61586926  18.06288746   7.31501995
 [99]  26.31515089  21.01228368  24.37845591  23.76640167  21.94060298  12.10912016  10.48675251
[106]  40.63184411  40.26956590  39.94379373  38.19635597  34.86355507  33.95421399  16.12012012
[113]  12.30560061  35.65902375  33.10699309  35.16193644  29.98558059  24.44287266  22.29968882
[120]  38.52425862  30.65500267  11.15118015   9.85624936  33.51550689  31.52748722  23.30874936
[127]  21.46476902   9.64747068   8.67966516  33.94715716  29.56379122  16.90353948  15.18455156
[134]  36.82550503  20.98478005  14.76035557   1.38162025  29.19830691  33.61852123  32.39964655
[141]  27.89001029   5.85961530   3.57508239   2.80929329  29.45869616  26.88295533  20.00343239
[148]  12.62310701   9.03081155   5.03324783   2.80525192  31.27334000   9.53672539  18.49827034
[155]  16.31137482  27.81488533  16.55067231  15.06752671   7.71754824  20.96645987  29.86729268
[162]  29.09262373   8.74333330   3.98912755   5.09854144   3.06195202   1.39901566  19.48050704
[169]  13.35782340   4.81047561  31.67072511  11.77990187   8.93340283   7.74339057   7.16548211
[176]  25.42443373  25.21797048   8.81006688  23.77667936  21.67651684  19.38427958  19.33370878
[183]   8.20929577   7.68941111  27.53375842  18.70553113   4.20322947   3.61102686  25.91889167
[190]  21.84808953  20.55492414  30.33799470  29.39893366  24.86091126  29.53998792  27.19798492
[197]  16.86739213  18.45303858  14.97759442  10.02962718  23.33438657  29.30830690  18.90744402
[204]  17.69988261   6.64823481  25.22570840  17.99457107  26.59879170  22.34150616  21.18881213
[211]  28.21402802  14.71891419  13.84198640  12.04893246   4.15658536  22.20478034  23.90936307
[218]  22.98197876  15.88674972  13.61530545  12.70121654  23.29482809  15.77435481   7.64390677
[225]   6.71076592  28.98398792  25.57442757   7.71364778  20.83416400  20.55646854  22.86956265
[232]  22.61666246  21.22006800  15.07305953  18.91799335  11.19815370   9.42103167   6.78710019
[239]  20.53226139  24.78513323  18.69944975   4.72277954   1.62937420  25.07546219  12.29250176
[246]  11.84619076  20.23253597  25.12205418  25.07332977  15.89959182  14.47295290  21.53067265
[253]   2.00070832   0.32403901  24.63839556  22.88624836   3.43470227  20.84753610  20.32099586
[260]  19.62115533  16.46174180  13.01532013  12.72065973   9.44481488  23.42632403  13.12482795
[267]   7.02789553  22.05431739  14.88788711   6.03889076   5.87299464   4.48603512   3.40707454
[274]   8.69364485   3.22832120   1.94132430  13.00521165   6.55387111  18.20063803  22.75595677
[281]  23.07791601  15.64200625   5.48467193  24.07614927   6.99733020  16.69782143  15.62742834
[288]  15.15553342  12.43428859  13.65426666  12.46578693   8.35729778   7.56795391  19.16716501
[295]  15.85181293  20.64529349   9.56133598  20.42539260  20.21066451  18.41994886  15.60883853
[302]  15.50858786  14.83348129   2.57777406   4.91416865   0.54072547   2.87945891   1.05994968
[309]  21.14622873   9.26307986   2.50054495  19.25742647  18.51077783   0.34164858   5.31576108
[316]   2.89289617  21.93092228  19.16782519  18.05617412  13.16956293  18.90958404  11.27851596
[323]  11.23822152  10.80944919   8.27492288   5.60478383  19.11523273  16.35017427  14.31075575
[330]  11.75371432   4.16447684  20.18632736  14.13739648  11.01283964  13.51084006   6.46251868
[337]   7.44088424  18.30249555  19.55734201   9.68400030   4.28324926  10.73290978  13.14491108
[344]  19.47230839   5.43590242  15.27374345   0.03326693  17.68416424  13.09254242   9.01812473
[351]   4.63114469  17.56971574   0.37597671  17.05237849  10.56608682   9.65384297  15.51606300
[358]  18.77037586  10.24494249   9.35800436   8.54764709   4.48451487   8.98423873   2.83150116
[365]  18.70414525   8.91453152   1.34819597  13.81658405  14.37161012  16.28878446  13.71737447
[372]   3.23396766   0.27336373   0.54414054  14.66307519  16.75559825   8.42807706   5.88244028
[379]   4.28037680  14.39809202  17.49685884  16.94844731  15.96903919  11.22084752   9.02925706
[386]  16.10868867  16.05453044   0.67569530  15.61264464   0.57586306   8.87724696   3.87999489
[393]   0.04081496  16.09437015   6.58361527   5.43843718  13.88102318  14.32161551  13.36250358
[400]  12.12629284  10.42254260   6.06034985   0.95361405  14.90582134   9.63335424   1.72717018
[407]   2.84691321  13.27977715  15.14673845   1.00029332  15.65860972  12.31447745   7.84043001
[414]   4.57477218  12.63198153   8.61899186  12.70582247  12.27132957   7.71342098  14.45209929
[421]  13.22101579  11.59057019  11.24309102   6.17623494   3.79009736   1.21624055  13.05710765
[428]  11.48091915   7.42937544   5.41132227   4.86783873   2.66894248  13.35562453   5.64407633
[435]  11.30609293   7.28929324   3.22792431   5.89314070  10.84222584   5.16950113   1.65194007
[442]  12.92105847  10.96859393  14.04241955   8.76930783   5.52117655   2.21882510   0.35475330
[449]  13.81361418   3.62799277  10.30499241   1.56204126  11.44271824   2.54262846  10.64510775
[456]   6.30896528   3.73597504  11.11353152   5.24614165   2.02310960  12.57542664   3.55981391
[463]  10.72626064   3.35740510   0.66745817  12.05503280  10.47252519   4.14712825   7.66431424
[470]  10.12082796  10.98187448  10.30439314   8.35926282   2.33185228   4.10922600   3.16867595
[477]   2.25220428   0.07845193  12.25095920   8.29343755   3.19730623   1.75069207  11.12217856
[484]   8.40813668  12.32488638   3.04739387   0.32262050  12.19098431  11.67867627   5.82005131
[491]   5.47146584  10.11971064   7.63067589  11.34098021   9.89556565   6.77135321   3.80944935
[498]   8.29123931  10.22083391   1.75361405   5.09949443   5.58491922   3.81960041  11.31644921
[505]   1.93332663   8.92748614   6.37858689   9.94920654   2.63833456   4.92164277   3.42086161
[512]   8.48969341  10.73818454   7.47656113   4.25852424   4.03072389  10.17675703   7.41432883
[519]   7.10489821   4.27519502   1.16972200   0.03885877   7.10522321  10.68338638   8.54872366
[526]   3.74850222   0.50218974   7.02331434   3.84287029   2.74051302   8.16828071   7.73769310
[533]   2.97320034   2.66671582  10.48383079  10.10919753   1.00979319  10.15919316   4.60244512
[540]   2.08725046   8.06651159   5.86962786   3.46275615   6.38417529   0.27566352   2.50843082
[547]   5.15150887   1.87247002   5.63038291   2.39648003   0.07373238   7.46135906   5.76058810
[554]   9.52606935   1.38473182   8.87132690   6.70544660   0.37352848   8.64527255   5.65126746
[561]   7.43540454   2.58245231   0.67639398   7.71212180   0.85853010   6.09398068   1.11399210
[568]   3.98142786   2.11980154   1.53822283   2.68659587   2.39846271   8.37599593   4.62230302
[575]   6.98274038   7.53274759   0.65656560   7.46632911   5.72169648   4.48864268   7.10190425
[582]   2.57508066   0.60726699   0.16886452   1.77185758   0.27008836   1.30975471   5.31266735
[589]   6.72653566   5.36282136   2.35016592   1.04905582   7.45401642   4.64324892   4.42117524
[596]   2.87679740   1.88999695   3.44045033   3.17491520   0.04334938   6.25598095   5.86879639
[603]   3.08452487   0.20444615   5.68183078   4.26844913   0.78960934   6.11740888   5.98691904
[610]   3.47654551   1.59248225   1.81775167   1.29135530   0.53572930   6.23180923   3.07575633
[617]   6.96591098   2.70611781   1.69286593   1.90372023   0.96052646   5.99653829   6.30495785
[624]   6.48466094   2.82373198   1.77175352   1.62502251   1.05767906   3.26245291   2.86948924
[631]   1.07998594   5.67197120   4.62555056   1.05008940   2.51831688   4.08816256   2.88651978
[638]   2.07871502   5.28077976   4.02740483   3.30392557   3.14320097   2.43700989   0.99494423
[645]   3.27337719   1.69368504   3.67956368   0.61165288   4.52880722   2.86649864   0.92048540
[652]   3.71331520   0.51778073   4.01089886   3.37384814   1.66099533   1.63300718   2.48782102
[659]   3.93929984   3.21377981   3.08749430   4.45327242   2.61090002   1.71926079   1.84169341
[666]   1.81579397   3.80345965   1.72634210   2.57450230   1.42102004   3.85159323   1.36995469
[673]   2.23070781   2.21127354   1.54908421   2.56866427   2.60110589   0.42892856   2.94317276
[680]   1.89884455   3.07041221   2.19802418   0.13405733   3.12380758   1.43378393   0.71246340
[687]   2.26348019   1.26552931   1.68053774   1.34760648   1.77512572   2.54193338   1.31107914
[694]   1.22135588   1.21994220   1.44608163   1.42471525   1.00961843   1.90459801   2.20666866
[701]   2.34927459   0.84729406   0.84437634   2.14415691   0.40776041   1.24038768   0.68326851
[708]   0.46887321   1.57509042   0.09027377   1.40431381   0.44481696   1.12504336   1.12032012
[715]   0.87549242   0.26884729   0.24120925   0.56725361   0.39776544   0.34356659   0.37390353
[722]   0.12053107

$PAR
  [1]  NA   1   1   2   2   2   2   2   5   5   5   5   5   5   5   5   9   9   9   9  18  18  21
 [24]  21  21  21  21  21  10  10  10  10  10  23  19  19  19  19  29  29  39  39  40  43  34  35
 [47]  35  35  35  24  44  42  42  46  25  25  26  26  26  26  26  51  51  27  27  27  27  27  27
 [70]  54  54  64  12  12  12  20  20  20  20  20  62  62  50  50  58  58  58  58  53  53  53  13
 [93]  13  13  59  59  59  59  30  30  60  60  60  60  60  63  63  70  70  70  70  70  70  76  76
[116]  66  66  66  66  61 109 109 109  93  93  93  93  93  93  71  85  85  85  36  36  36  36 134
[139]  14  14  14  14  14  14  28  28  28  28  28  28  28 114 114  68  68 116 116 110 110 111 130
[162] 130 130 130 139 139 139 124 124 124   7 140 140 140 140  83  83  83 171 171 171 171 171 171
[185]  15  15  15  15 125 152 152  77  77  77  78  78  78 121 121 121  32  96  96  96  96  89  89
[208] 192 192 192 117 161 161 161 161 195 145 145 145 145 145 193 193 193 193 202 202 202  87  87
[231] 162   8 211 211 141 141 141 141 156 185 185 185 185  84  84  84 196 146 208 208 208  33  33
[254]  33  99  99  99 189 189 189 189 189 189 189 227 227 227 176 176 176 176 176 176 177 177 177
[277] 249 249 194  69 255 255 255 118 118 284 179 179 179 102 102 102 102 201 201 126 126 281 281
[300] 281 281 281 281 281 218 218 256 256 280 280 280 232 232 232 209 209  79  79  79 190  16 180
[323] 180 180 180 180 127 233 100 100 100 135 135 135 160 258 229 296 230 230 230 239 298 259 259
[346] 247 247 299 299 332 332 147 147 260 260 260 344 181 181 181 181 181 312 318 235 321 321 203
[369] 186 365 313 313 313 198 300  88  88  88  88 204 348 348 348 348 348 352 382 382 132 132 197
[392] 197 197 376 376 376 286 157 112 112 112 112 112 386 386 386 394 383 250 250 223 282 282 282
[415] 287 287 389 301 301 302 133 133 133 133 409 409 234 158 158 199 269 269 136 136 212 212 212
[438] 251 420 420 420 398 329  90  90  90  90 397 213 213 368 368 449 449 290 290 290 220 335 335
[461] 399 399 169 433 433 408 408 408 421 320 343 343 343 266 262 277 277 277 442 417 417 417 221
[484] 415 461 291 289 412 113 113 113 418 418 488 400 400 400 466 214 246 330 489 489 428 428 453
[507] 494 504 322 323 323 384 236 236 236 236 122 122 122 122 122 122 483 334 471 471 471 443 443
[530] 443  49 513 342 463 524 455 355 105 105 105 535 467 467 401 401 451 359 499 538 470 470 495
[553] 495 123 128 297 554 264 360 360 310 385 385 363 363 173 366 391 445 445 163 163 274 274 129
[576] 559  75 484 484 573 473 473 473 473 292 292 480 541  91  91 413 413 419 419 564 564 564 493
[599] 493 293 576 576 576 578 552 593 593 561  98  98 175 523 523 523 519 528 575 617 238 496 496
[622] 589 225 557 557 557 624 507 456 456 456 615 615 608 566 622 622 622 438 378 378 602 142 490
[645] 434 434 549 446 396 396 396 345 345 315 459 459 459 440 547 510 305 431 431 594 351 351 574
[668] 574 539 272 595 595 379 606 606 331 636 654 671 529 497 667 457 511 641 275 642 661 603 681
[691] 533 637 630 630 364 663 663 304 582 692 658 572 477 673 700 704 569 540 638 709 675 570 694
[714] 694 567 308 621 715 607 577 583 719

$EXTANT
  [1] FALSE FALSE FALSE FALSE FALSE FALSE FALSE FALSE FALSE FALSE FALSE FALSE FALSE  TRUE  TRUE
 [16] FALSE FALSE FALSE  TRUE  TRUE FALSE FALSE FALSE FALSE FALSE FALSE FALSE  TRUE FALSE  TRUE
 [31] FALSE  TRUE  TRUE FALSE  TRUE  TRUE  TRUE  TRUE FALSE FALSE FALSE FALSE FALSE FALSE FALSE
 [46] FALSE FALSE FALSE FALSE  TRUE FALSE FALSE FALSE FALSE FALSE FALSE FALSE FALSE  TRUE FALSE
 [61] FALSE FALSE FALSE FALSE FALSE FALSE FALSE FALSE FALSE FALSE FALSE FALSE FALSE FALSE  TRUE
 [76] FALSE  TRUE FALSE FALSE  TRUE FALSE FALSE  TRUE  TRUE FALSE FALSE  TRUE  TRUE FALSE FALSE
 [91]  TRUE FALSE  TRUE FALSE FALSE FALSE FALSE  TRUE  TRUE  TRUE FALSE  TRUE FALSE  TRUE  TRUE
[106] FALSE FALSE FALSE FALSE FALSE FALSE  TRUE  TRUE FALSE FALSE FALSE FALSE  TRUE FALSE FALSE
[121] FALSE  TRUE FALSE  TRUE FALSE  TRUE  TRUE  TRUE FALSE  TRUE FALSE  TRUE  TRUE FALSE  TRUE
[136]  TRUE  TRUE FALSE FALSE FALSE  TRUE  TRUE  TRUE  TRUE FALSE  TRUE  TRUE FALSE  TRUE  TRUE
[151]  TRUE FALSE FALSE FALSE  TRUE FALSE FALSE FALSE FALSE  TRUE  TRUE FALSE  TRUE  TRUE  TRUE
[166]  TRUE  TRUE  TRUE FALSE  TRUE FALSE FALSE  TRUE  TRUE  TRUE  TRUE FALSE FALSE  TRUE  TRUE
[181]  TRUE FALSE  TRUE  TRUE  TRUE FALSE FALSE  TRUE  TRUE FALSE FALSE  TRUE  TRUE FALSE  TRUE
[196]  TRUE  TRUE  TRUE  TRUE  TRUE FALSE  TRUE FALSE  TRUE  TRUE FALSE  TRUE FALSE  TRUE  TRUE
[211]  TRUE FALSE  TRUE FALSE  TRUE FALSE  TRUE  TRUE FALSE  TRUE  TRUE  TRUE  TRUE FALSE  TRUE
[226] FALSE  TRUE  TRUE  TRUE  TRUE FALSE  TRUE FALSE FALSE FALSE  TRUE  TRUE  TRUE  TRUE FALSE
[241] FALSE FALSE  TRUE FALSE  TRUE  TRUE  TRUE FALSE  TRUE  TRUE  TRUE  TRUE  TRUE  TRUE  TRUE
[256]  TRUE  TRUE  TRUE  TRUE  TRUE FALSE  TRUE FALSE  TRUE FALSE  TRUE  TRUE FALSE  TRUE FALSE
[271]  TRUE  TRUE  TRUE  TRUE  TRUE  TRUE  TRUE  TRUE FALSE  TRUE  TRUE  TRUE  TRUE FALSE  TRUE
[286]  TRUE  TRUE FALSE  TRUE  TRUE  TRUE  TRUE  TRUE FALSE FALSE  TRUE FALSE FALSE  TRUE FALSE
[301]  TRUE FALSE FALSE  TRUE  TRUE  TRUE  TRUE  TRUE FALSE  TRUE  TRUE  TRUE  TRUE  TRUE  TRUE
[316]  TRUE FALSE  TRUE FALSE  TRUE  TRUE  TRUE  TRUE  TRUE FALSE  TRUE  TRUE FALSE FALSE  TRUE
[331]  TRUE FALSE FALSE  TRUE FALSE  TRUE  TRUE FALSE  TRUE FALSE  TRUE  TRUE  TRUE FALSE  TRUE
[346] FALSE  TRUE  TRUE  TRUE  TRUE  TRUE FALSE  TRUE  TRUE  TRUE  TRUE FALSE FALSE  TRUE  TRUE
[361]  TRUE  TRUE  TRUE  TRUE FALSE  TRUE  TRUE  TRUE  TRUE FALSE FALSE  TRUE  TRUE  TRUE  TRUE
[376]  TRUE  TRUE  TRUE  TRUE FALSE FALSE  TRUE  TRUE  TRUE  TRUE  TRUE FALSE  TRUE FALSE  TRUE
[391] FALSE  TRUE  TRUE  TRUE  TRUE  TRUE FALSE FALSE  TRUE FALSE  TRUE  TRUE  TRUE FALSE FALSE
[406]  TRUE  TRUE  TRUE  TRUE  TRUE FALSE  TRUE  TRUE  TRUE FALSE  TRUE  TRUE FALSE  TRUE  TRUE
[421]  TRUE  TRUE FALSE  TRUE  TRUE  TRUE FALSE  TRUE  TRUE  TRUE  TRUE  TRUE  TRUE  TRUE FALSE
[436]  TRUE  TRUE FALSE  TRUE  TRUE  TRUE FALSE  TRUE FALSE  TRUE  TRUE  TRUE  TRUE FALSE  TRUE
[451]  TRUE  TRUE FALSE  TRUE  TRUE  TRUE  TRUE FALSE  TRUE FALSE FALSE  TRUE  TRUE  TRUE  TRUE
[466]  TRUE FALSE  TRUE FALSE  TRUE  TRUE  TRUE  TRUE  TRUE  TRUE FALSE  TRUE  TRUE FALSE  TRUE
[481]  TRUE  TRUE  TRUE  TRUE  TRUE  TRUE  TRUE  TRUE  TRUE  TRUE  TRUE FALSE  TRUE  TRUE  TRUE
[496]  TRUE  TRUE  TRUE  TRUE  TRUE  TRUE  TRUE FALSE  TRUE  TRUE  TRUE  TRUE FALSE  TRUE  TRUE
[511]  TRUE FALSE  TRUE  TRUE  TRUE  TRUE  TRUE FALSE  TRUE  TRUE  TRUE  TRUE  TRUE  TRUE  TRUE
[526]  TRUE  TRUE  TRUE  TRUE  TRUE  TRUE  TRUE  TRUE  TRUE  TRUE  TRUE  TRUE  TRUE  TRUE  TRUE
[541]  TRUE  TRUE  TRUE FALSE  TRUE  TRUE  TRUE  TRUE  TRUE  TRUE  TRUE  TRUE  TRUE FALSE  TRUE
[556]  TRUE  TRUE  TRUE  TRUE FALSE  TRUE  TRUE  TRUE  TRUE  TRUE  TRUE  TRUE  TRUE  TRUE  TRUE
[571] FALSE  TRUE  TRUE  TRUE  TRUE  TRUE  TRUE  TRUE  TRUE  TRUE  TRUE  TRUE  TRUE  TRUE  TRUE
[586]  TRUE FALSE  TRUE  TRUE  TRUE  TRUE  TRUE  TRUE  TRUE  TRUE  TRUE  TRUE FALSE FALSE  TRUE
[601]  TRUE  TRUE  TRUE  TRUE  TRUE  TRUE FALSE  TRUE  TRUE  TRUE  TRUE FALSE  TRUE  TRUE FALSE
[616]  TRUE  TRUE FALSE  TRUE  TRUE  TRUE FALSE  TRUE  TRUE  TRUE  TRUE FALSE  TRUE  TRUE  TRUE
[631]  TRUE FALSE FALSE  TRUE  TRUE  TRUE  TRUE  TRUE  TRUE  TRUE  TRUE  TRUE  TRUE  TRUE  TRUE
[646]  TRUE  TRUE  TRUE  TRUE  TRUE  TRUE  TRUE  TRUE  TRUE  TRUE FALSE  TRUE FALSE  TRUE  TRUE
[661]  TRUE  TRUE  TRUE  TRUE  TRUE  TRUE  TRUE  TRUE  TRUE FALSE  TRUE  TRUE  TRUE  TRUE  TRUE
[676]  TRUE  TRUE  TRUE  TRUE  TRUE  TRUE  TRUE  TRUE  TRUE  TRUE  TRUE  TRUE  TRUE  TRUE  TRUE
[691]  TRUE  TRUE  TRUE  TRUE  TRUE  TRUE  TRUE  TRUE  TRUE  TRUE  TRUE  TRUE  TRUE  TRUE  TRUE
[706]  TRUE  TRUE  TRUE  TRUE  TRUE  TRUE  TRUE  TRUE  TRUE  TRUE  TRUE  TRUE  TRUE  TRUE  TRUE
[721]  TRUE  TRUE

