
Birth-death simulation object with 734 species and 500 extant species

Details for some species:

Extinction times (NA means extant)
[1] 60.44735 95.89119 67.19729 41.56594 60.38117       NA


Speciation times 
[1] 133.67005 120.86923  83.37366  70.78256 104.19413  73.24184


Species parents (NA for initial)
[1] NA  1  1  1  2  3


Species status (extinct or extant)
[1] "extinct" "extinct" "extinct" "extinct" "extinct" "extant" 


For more details on vector y, try sim$y, with y one of
TE TS PAR EXTANT



$TE
  [1] 60.44734929 95.89118964 67.19729146 41.56593673 60.38117335          NA          NA
  [8]          NA          NA          NA 65.22676791 44.42993938 42.77274241 24.66749769
 [15] 26.52801310          NA 43.43700304 53.32909015 34.63757185 30.11948792 37.23225423
 [22] 32.18203535          NA 57.64694167          NA 55.33562990 35.81021976 35.76285825
 [29] 38.99332346 43.70730178 26.00793157  7.01390160          NA 46.74147107 15.98397824
 [36] 15.51865746 31.36014219  6.94548633          NA 24.51790294          NA          NA
 [43] 46.54683828 54.47377077 16.08057366          NA 34.66576575 37.00005496          NA
 [50] 19.76864071          NA          NA          NA 32.99091777          NA          NA
 [57]          NA 12.05017239          NA  2.57925274  7.62770380          NA          NA
 [64] 31.23387642 40.18418706 29.92334280 20.26537633 38.35929300  7.48818389 24.71544717
 [71] 39.77310144          NA 11.04068580 29.99545397          NA 30.92396843          NA
 [78]          NA 32.61729504 36.81985360          NA 28.75361581 29.97217486          NA
 [85] 10.05044697          NA 36.01120484          NA          NA 24.38552481  6.08333351
 [92]          NA          NA 16.34170130 14.06253776 32.02716764  1.92916449 10.64486950
 [99]  1.65963729  8.64832421 12.07314422          NA          NA          NA  3.15378990
[106]          NA          NA          NA  8.79365088          NA          NA 19.80553380
[113] 23.20553727  5.56839151          NA  2.37586066          NA  3.42111487  9.25784572
[120]          NA          NA          NA 15.84866879          NA          NA          NA
[127]          NA 21.82774996          NA 20.24265854          NA  8.18188474          NA
[134]          NA 27.33693431          NA 14.60894100          NA          NA          NA
[141] 17.28097688 12.96041970  1.10461813          NA 33.08265377 28.93256751  0.48405704
[148]          NA          NA          NA          NA          NA  7.08908571 19.17027852
[155]  7.80917370          NA 24.39892181 12.23143260          NA          NA          NA
[162]          NA 18.55941760          NA          NA 17.71938586          NA 12.53379785
[169]  5.40560251  1.89993451          NA          NA          NA          NA          NA
[176]          NA          NA          NA          NA          NA          NA 18.61168546
[183]          NA          NA          NA          NA          NA 13.55714203          NA
[190] 10.02859465          NA 27.47472886          NA  1.36813825          NA 15.68827419
[197]          NA          NA          NA          NA          NA          NA  4.54289815
[204]          NA 17.72646940          NA          NA  3.88828016 10.93451597  9.62652583
[211]          NA  1.92027199          NA          NA          NA          NA 13.21309315
[218]          NA          NA          NA  3.38849340          NA  0.98910824          NA
[225]  8.81900888          NA          NA          NA          NA          NA          NA
[232] 13.04480397 17.94294731          NA 17.85894109          NA          NA          NA
[239] 15.83495028          NA  8.12882708          NA          NA          NA          NA
[246]          NA          NA          NA  6.77877809 15.02546969  3.20781849  4.27138953
[253]          NA  1.90004374          NA          NA          NA 13.28522723          NA
[260]          NA 11.62597610 15.65660043 15.27515160  3.74145916  1.17963010          NA
[267]  1.33946929          NA 14.73662011          NA          NA          NA          NA
[274]  3.14810333  3.86005120          NA 10.58275107          NA          NA 10.30926659
[281]          NA          NA          NA 19.41184766 18.71602407          NA 17.23232562
[288]          NA          NA          NA          NA  9.01106732  0.76284917 16.01852016
[295]  3.93226271  0.29887346          NA  2.05455574          NA          NA          NA
[302]          NA  0.08649887 10.25726745 11.20948104 10.04137887          NA          NA
[309]          NA          NA 14.36041738  7.80770692          NA          NA          NA
[316]          NA          NA          NA          NA 13.08075794          NA          NA
[323]          NA          NA 10.50638014  8.68223966          NA 14.54459196          NA
[330]          NA          NA          NA          NA          NA          NA 15.71407800
[337]  9.89641105          NA          NA          NA          NA          NA          NA
[344]          NA          NA 17.18673521  2.78862466          NA          NA          NA
[351]          NA  2.25894026  7.59604364          NA  9.98752937  8.97484279          NA
[358]          NA          NA          NA          NA          NA 16.16484751 10.29416387
[365]  8.76226830 10.00802588          NA          NA          NA  9.06811085          NA
[372]  1.82413346          NA          NA  0.58918828 18.23972932 18.25890622 13.69514952
[379]          NA          NA          NA          NA          NA          NA  9.20657846
[386]          NA 15.61622601          NA          NA          NA  1.40338905  0.91804861
[393]          NA 10.65382551          NA          NA          NA          NA          NA
[400]  4.07468269          NA          NA 13.40148359 13.69892306          NA          NA
[407]          NA          NA          NA          NA          NA  0.30865067          NA
[414]          NA          NA          NA  4.21020911  8.99866184          NA  0.63676049
[421]          NA          NA          NA          NA          NA          NA          NA
[428]          NA          NA          NA          NA          NA 16.09481788  4.19671435
[435]          NA          NA          NA  2.50518745 10.47045497          NA          NA
[442]          NA          NA  0.35648197          NA          NA          NA  4.46567807
[449]  7.86479255 10.63360865          NA 12.40423632          NA          NA  2.71890177
[456]          NA  5.53680973          NA          NA          NA          NA          NA
[463]          NA          NA          NA          NA 15.01290001          NA          NA
[470]  1.73788714          NA          NA  2.06709373          NA          NA          NA
[477]          NA  3.84878722          NA          NA  1.49061535          NA  5.82038132
[484]          NA 10.94090109          NA          NA          NA 12.31866262  2.87393590
[491]          NA          NA          NA          NA          NA          NA  0.18916487
[498]          NA  4.91469586          NA          NA          NA          NA          NA
[505]          NA          NA          NA          NA          NA          NA  4.77067479
[512]          NA          NA          NA          NA          NA          NA          NA
[519]          NA  6.84639955  7.75771264          NA          NA  3.45530729          NA
[526]          NA          NA          NA          NA          NA          NA          NA
[533]  7.97307366          NA          NA          NA          NA          NA          NA
[540]          NA          NA          NA          NA          NA          NA          NA
[547]          NA          NA          NA          NA  5.95233912  7.41955931          NA
[554]  5.01510275          NA          NA          NA          NA          NA          NA
[561]          NA          NA          NA  0.83174644          NA  5.15594523  0.75352492
[568]          NA          NA          NA          NA          NA          NA          NA
[575]  2.46046197          NA          NA          NA  1.50844716          NA          NA
[582]          NA          NA          NA          NA          NA  3.85986010          NA
[589]          NA          NA          NA          NA          NA  0.07556111          NA
[596]  1.77021692          NA          NA          NA          NA          NA          NA
[603]          NA          NA          NA          NA          NA          NA          NA
[610]          NA          NA          NA  2.83182157          NA          NA          NA
[617]          NA          NA          NA          NA          NA          NA          NA
[624]  1.13093044          NA          NA          NA          NA  4.40272637          NA
[631]          NA          NA          NA          NA  3.87929016          NA          NA
[638]  2.75809477          NA          NA          NA          NA          NA          NA
[645]          NA          NA          NA          NA          NA          NA          NA
[652]          NA          NA          NA          NA          NA          NA          NA
[659]          NA          NA          NA          NA          NA          NA  1.14966733
[666]          NA          NA          NA          NA          NA          NA          NA
[673]          NA          NA          NA          NA          NA  1.01728072          NA
[680]          NA          NA          NA          NA          NA          NA          NA
[687]          NA  2.52470043          NA          NA  2.75025203          NA          NA
[694]          NA          NA          NA          NA          NA          NA  3.08932446
[701]          NA          NA          NA          NA          NA          NA          NA
[708]  0.08299248          NA          NA          NA          NA          NA          NA
[715]          NA          NA          NA          NA          NA          NA          NA
[722]          NA          NA          NA          NA  1.16819244          NA          NA
[729]          NA          NA          NA          NA          NA          NA

$TS
  [1] 1.336701e+02 1.208692e+02 8.337366e+01 7.078256e+01 1.041941e+02 7.324184e+01 5.889687e+01
  [8] 3.025689e+01 1.205359e+01 1.260726e+00 6.892429e+01 6.767297e+01 6.545669e+01 6.157266e+01
 [15] 4.857555e+01 4.802753e+01 4.531886e+01 6.581019e+01 5.697778e+01 5.507300e+01 5.447025e+01
 [22] 5.336170e+01 5.520136e+01 6.495274e+01 5.508348e+01 5.776107e+01 5.734626e+01 5.428405e+01
 [29] 5.341072e+01 5.138391e+01 4.679421e+01 3.883615e+01 5.681262e+01 4.801655e+01 4.671015e+01
 [36] 3.644343e+01 3.513414e+01 2.922211e+01 2.810078e+01 2.754032e+01 2.264844e+01 1.387766e+00
 [43] 5.554814e+01 5.453166e+01 4.170595e+01 4.099982e+01 4.024744e+01 4.797060e+01 2.908749e+01
 [50] 2.692599e+01 2.390351e+01 2.976079e+00 1.958912e+00 4.763265e+01 3.447172e+01 3.312996e+01
 [57] 3.300236e+01 2.657624e+01 5.963175e-01 4.323303e+01 3.590260e+01 1.951162e+01 4.517318e+00
 [64] 4.027965e+01 4.714464e+01 3.867403e+01 4.928952e+01 4.722437e+01 4.388489e+01 4.168160e+01
 [71] 4.001281e+01 3.251896e+01 4.166236e+01 3.537261e+01 1.161482e+01 4.709459e+01 3.821969e+01
 [78] 3.689181e+01 4.247092e+01 4.200451e+01 4.694406e+01 4.503998e+01 4.265099e+01 3.154725e+01
 [85] 2.773748e+01 2.435513e+01 4.465359e+01 3.919308e+01 2.941094e+01 4.393790e+01 2.652091e+01
 [92] 3.791370e+01 3.342548e+01 3.103102e+01 1.956743e+01 3.204128e+01 3.943726e+01 3.857750e+01
 [99] 2.359269e+01 3.362060e+01 2.746517e+01 2.531108e+01 2.893623e+01 3.448964e+01 2.219057e+01
[106] 1.656262e+01 1.641844e+01 3.498648e+01 3.400325e+01 3.841436e+01 3.839277e+01 3.618578e+01
[113] 3.452985e+01 2.216385e+01 1.204867e+01 1.084599e+01 3.568382e+01 2.831447e+01 2.151181e+01
[120] 1.714160e+01 3.827122e+01 3.053340e+01 2.371086e+01 2.279374e+01 1.363473e+01 3.244137e+01
[127] 2.719555e+01 2.619259e+01 2.543342e+01 3.213345e+01 3.066202e+01 2.827888e+01 2.427774e+01
[134] 2.530010e+01 2.889280e+01 1.894096e+01 1.778383e+01 1.437391e+01 1.242545e+01 8.452695e-01
[141] 3.738951e+01 1.819482e+01 1.341876e+01 7.947052e+00 3.500268e+01 2.933095e+01 2.881567e+01
[148] 2.014555e+01 1.737679e+01 1.757772e+00 3.245595e+01 1.702085e+01 3.147859e+01 2.707518e+01
[155] 2.503354e+01 3.260288e+01 2.577654e+01 2.124914e+01 2.114650e+01 1.969148e+01 1.430072e+01
[162] 2.917122e+01 2.814548e+01 1.443023e+01 6.120078e+00 3.310596e+01 2.269917e+01 2.025883e+01
[169] 1.624965e+01 2.355467e+01 2.745023e+01 2.053864e+01 2.938081e+00 3.219101e+01 2.760428e+01
[176] 2.733910e+01 4.521462e+00 2.442230e+00 3.056177e+01 1.621019e+01 1.282949e+01 1.902420e+01
[183] 9.979171e+00 1.282275e+01 5.547411e-01 8.962717e+00 3.325108e+00 2.280168e+01 3.211836e+01
[190] 2.506512e+01 3.914694e+00 2.842457e+01 2.479791e+01 2.889878e+01 2.870903e+01 1.758125e+01
[197] 1.315927e+01 3.015420e+01 2.175867e+01 1.871350e+01 1.623445e+01 3.070616e-01 1.725577e+01
[204] 1.275492e+01 2.859119e+01 2.433769e+01 2.056462e+01 1.592023e+01 1.404126e+01 1.260968e+01
[211] 7.243213e+00 3.523089e+00 2.516584e+01 4.159710e+00 1.727324e+01 2.501755e+01 2.863265e+01
[218] 2.115076e+01 7.032263e+00 1.921313e+01 1.637608e+01 4.809968e+00 2.829657e+01 2.101649e+01
[225] 1.571385e+01 1.171830e+01 1.148001e+01 1.114692e+01 1.612680e+00 2.895968e+01 2.693005e+01
[232] 2.165039e+01 1.858529e+01 8.543392e+00 2.660296e+01 2.264691e+01 1.372895e+01 8.785561e+00
[239] 1.696891e+01 3.516656e-01 2.641834e+01 2.576538e+01 6.348094e+00 1.766716e+00 1.527267e+01
[246] 6.478365e+00 6.262192e+00 2.053513e+00 1.831092e+01 1.732394e+01 1.155175e+01 1.838321e+01
[253] 1.583275e+01 1.966267e+01 2.235578e+01 2.122241e+01 7.359659e+00 2.114313e+01 9.833678e+00
[260] 6.211969e+00 1.512062e+01 2.667872e+01 2.458051e+01 3.938325e+00 1.905184e+01 5.488217e+00
[267] 2.573969e+01 2.058409e+01 1.479033e+01 1.220672e+01 3.767998e+00 1.444328e+00 3.552007e+00
[274] 2.174883e+01 1.753177e+01 6.493722e-01 2.498197e+01 1.276358e+00 1.064868e+00 1.946088e+01
[281] 1.726323e+01 1.639830e+01 2.641721e+01 2.442329e+01 1.957565e+01 1.938077e+01 1.791652e+01
[288] 2.544726e+01 2.472002e+01 2.285695e+01 2.221325e+01 1.933928e+01 8.259582e+00 2.522864e+01
[295] 2.184879e+01 1.765510e+01 2.456482e+01 1.269603e+01 1.189248e+01 8.720307e+00 2.107661e+01
[302] 1.405463e+01 2.174040e+01 1.729808e+01 1.646833e+01 1.256823e+01 3.525394e+00 5.292497e+00
[309] 2.280840e+01 7.120529e+00 1.692146e+01 1.282968e+01 1.167564e+01 9.961248e+00 4.966834e+00
[316] 1.725527e+00 1.357832e+01 9.324312e+00 2.289228e+01 2.286193e+01 2.432869e+01 1.584711e+01
[323] 5.503390e+00 2.434195e+01 1.131824e+01 1.137291e+01 9.660841e+00 1.603700e+01 6.146936e+00
[330] 6.012283e+00 4.580599e+00 6.148335e+00 4.876084e+00 1.508013e+00 2.287094e+01 1.711946e+01
[337] 1.693157e+01 1.899814e+01 5.208242e+00 4.220543e+00 2.237587e+01 1.346461e+01 1.269670e+01
[344] 5.000176e+00 4.968647e+00 2.108932e+01 1.329915e+01 6.138021e+00 5.811902e+00 4.635425e+00
[351] 2.070397e+01 1.635777e+01 1.480746e+01 1.790904e+01 1.501357e+01 1.605378e+01 1.190402e+01
[358] 1.999947e+01 1.620101e+01 7.134901e+00 5.341986e+00 1.971068e+01 1.800380e+01 1.064810e+01
[365] 1.548773e+01 1.090846e+01 9.960537e+00 7.669133e+00 4.622946e+00 1.189709e+01 7.066171e-01
[372] 4.844759e+00 2.082827e+01 1.010478e+01 1.354204e+01 2.055268e+01 1.961724e+01 1.437423e+01
[379] 1.243934e+01 1.374769e+00 7.712957e-01 1.488012e+01 1.248281e+01 4.012592e+00 9.760330e+00
[386] 1.979210e+01 1.822895e+01 1.495895e+01 1.820743e+00 6.851252e-01 9.188865e+00 7.908401e+00
[393] 1.875174e+01 1.421122e+01 9.199323e+00 5.985668e+00 8.538296e-01 1.968009e+01 1.573312e+01
[400] 1.610052e+01 7.027501e+00 6.260644e+00 1.781570e+01 1.517321e+01 1.221047e+01 9.756772e+00
[407] 4.113448e+00 9.065028e+00 3.601218e+00 1.386345e+00 1.123761e+01 9.298783e+00 7.480366e+00
[414] 1.777100e+01 1.710473e+01 1.622963e+01 1.452369e+01 1.629412e+01 1.220807e+01 9.257765e+00
[421] 9.152899e+00 4.613535e+00 1.454517e+01 2.747298e+00 1.197634e+01 9.843217e+00 8.491839e+00
[428] 1.876682e+01 7.456771e+00 6.812175e+00 1.849294e+01 1.675696e+01 1.662486e+01 9.235749e+00
[435] 1.742971e+01 9.503466e-01 1.815836e+01 1.020559e+01 1.231112e+01 1.006605e+01 1.621189e+01
[442] 1.738226e+01 1.476842e+01 1.245928e+01 1.653213e+00 1.418503e+00 9.109633e-01 7.730164e+00
[449] 1.329136e+01 1.093033e+01 8.751652e-01 1.330742e+01 1.043697e+01 1.209397e-01 1.667772e+01
[456] 1.323409e+01 1.033622e+01 1.242866e+01 1.087743e+00 1.475821e+01 1.299740e+00 1.532428e+01
[463] 1.134947e+01 5.810697e+00 1.243094e+00 1.588869e+01 1.611486e+01 1.487781e+01 3.706427e+00
[470] 2.479617e+00 3.281320e+00 3.189181e+00 1.388830e+01 1.458571e+01 1.154177e+01 1.064579e+01
[477] 1.514235e+01 5.533633e+00 3.062540e-01 9.175371e+00 6.142855e+00 9.642188e+00 6.414471e+00
[484] 4.508860e-02 1.109826e+01 6.606548e+00 1.490922e+00 1.532801e+01 1.505376e+01 1.039277e+01
[491] 1.212502e+01 9.180765e+00 1.024833e+01 9.866055e+00 1.339663e+01 4.823224e+00 1.198689e+01
[498] 3.797805e+00 7.707034e+00 1.299276e+01 3.403035e+00 4.136016e+00 8.778358e+00 6.890782e-01
[505] 1.357960e+01 1.293198e+01 1.032267e+01 5.722794e+00 1.346591e+01 1.015931e+01 1.447966e+01
[512] 6.381544e+00 6.163092e+00 3.382648e+00 1.870195e+00 1.045553e+01 6.440432e+00 6.126080e+00
[519] 1.046645e+01 7.584861e+00 1.115817e+01 5.919766e+00 5.894318e+00 4.700537e+00 1.303147e+01
[526] 7.060234e+00 5.913382e-01 1.060849e+01 1.302382e+01 2.168270e+00 1.143915e+01 2.449417e+00
[533] 1.237600e+01 3.711728e+00 5.538549e+00 1.113917e+01 6.737286e+00 5.503267e+00 1.278910e+01
[540] 1.058843e+01 3.482726e+00 2.296209e+00 1.081155e+00 3.786348e+00 1.239369e+01 9.747912e+00
[547] 3.225064e+00 7.446773e+00 7.565892e+00 6.952843e+00 1.210922e+01 9.087278e+00 3.061474e+00
[554] 1.222985e+01 1.724152e+00 1.720541e+00 1.088875e+01 1.083167e+01 5.265002e+00 2.788651e+00
[561] 2.481935e+00 2.294842e+00 3.076671e-01 6.610382e+00 3.420986e+00 7.051256e+00 4.943246e+00
[568] 3.889642e+00 6.334605e+00 1.174949e+01 9.408610e+00 4.494119e+00 8.445338e+00 4.096020e+00
[575] 3.718515e+00 5.201825e+00 9.210113e+00 1.121555e+01 2.638126e+00 1.038042e+01 6.468643e+00
[582] 6.142878e+00 1.529481e+00 3.698730e+00 6.716354e-03 6.411691e+00 4.500957e+00 1.661848e+00
[589] 8.234236e-02 8.561107e+00 8.159737e+00 7.114037e+00 7.971282e+00 8.099032e+00 4.868971e+00
[596] 6.876232e+00 3.467942e+00 1.350491e+00 7.873492e-01 6.059596e+00 7.786628e+00 8.130329e+00
[603] 8.161141e+00 3.408355e+00 6.847339e+00 2.399679e+00 4.126803e+00 2.224771e+00 6.984001e+00
[610] 5.628148e+00 3.351781e+00 1.524900e+00 5.803294e+00 8.788950e+00 3.236747e+00 1.758709e+00
[617] 8.727987e+00 6.812677e+00 2.926837e+00 1.438988e+00 1.398115e+00 6.611794e+00 2.663446e+00
[624] 4.541261e+00 4.392724e+00 9.110089e+00 6.699481e+00 3.434411e+00 6.199019e+00 4.376598e+00
[631] 1.317561e-01 7.539316e+00 1.991988e+00 9.318488e-01 4.453592e+00 3.087413e+00 7.171928e+00
[638] 5.945508e+00 4.246212e+00 3.725798e+00 1.733464e+00 6.179074e+00 3.310373e+00 2.273043e+00
[645] 6.067085e-01 6.901660e+00 6.253735e+00 3.760736e+00 5.098010e+00 4.286581e+00 3.564606e+00
[652] 4.604956e+00 5.638165e+00 6.379074e+00 9.946651e-01 5.411897e+00 3.954315e+00 3.565990e+00
[659] 1.238616e+00 2.846332e+00 7.101965e-02 1.842935e+00 1.807038e+00 1.758918e+00 2.278590e+00
[666] 4.871238e+00 2.841474e+00 3.911996e-01 5.373234e+00 1.581703e+00 5.853846e+00 3.564091e-01
[673] 1.773471e+00 2.458439e+00 4.337755e+00 5.533258e+00 4.661233e+00 2.614132e+00 1.968482e+00
[680] 1.471900e+00 2.157003e+00 4.579407e+00 1.385784e+00 9.236576e-01 4.183557e+00 4.647261e+00
[687] 3.741478e+00 4.425683e+00 2.286485e-01 4.481084e+00 4.780550e+00 1.628283e+00 5.223909e-01
[694] 4.713197e+00 1.616197e-01 1.513720e+00 2.040978e+00 1.608199e+00 1.785479e+00 3.636906e+00
[701] 2.434452e+00 2.849046e+00 4.103148e+00 1.369092e+00 1.333426e+00 4.104846e+00 7.326892e-01
[708] 7.103335e-01 1.956495e+00 2.047996e+00 2.117841e+00 1.157979e+00 1.333093e+00 1.839901e+00
[715] 3.002231e+00 1.094906e+00 9.624514e-01 1.794306e+00 2.983406e+00 6.311417e-01 3.285626e+00
[722] 8.592285e-01 9.565921e-01 3.333373e-01 1.724252e+00 1.713230e+00 3.382322e-01 7.630894e-01
[729] 6.384728e-01 2.780697e-01 4.853968e-01 1.311924e+00 6.207238e-01 1.204449e+00

$PAR
  [1]  NA   1   1   1   2   3   6   6   6   6   4   4   4   4   4   4   4  12  12  12  12  12  18
 [24]  13  13  14  14  14  14  14  14  14   7   7   7   7   7   7   7   7   7   7  27  27  27  27
 [47]  27  19  33  33  33  33  33  43  23  23  23  23  23  25  25  25  25  20  21  28  29  22  30
 [70]  67  15  15  16  16  16  34  48  54  68  68  65  65  65  81  81  81  82  82  82  87  69  60
 [93]  60  60  60  83  79  79  45  70  70  70  73  46  46  46  46  64  64  97  97  97  97  97  97
[116]  97  88  32  32  32  66  66  98  98  98 110 110 110 110 111 111 111 111 121  77  77  77  77
[139]  77  77  92  92  92  92 141 141  78  78  78  78  36  36 112 112 112  61  61  61  61  61  61
[162] 117 117 117 117  74 108 108 108 113 104 104 104  55  55  55  55  55 109 109 109 100 100  93
[185]  93  56  56 166  57  57  57 156 156  72  72  72  72 151 151 126 126 126 174 174 130 130 130
[208] 189 189 189 189 189  84  84  94 131 179 179 122   8   8   8 198 198 198 198 198 198 198  89
[231]  89  89  89  89  38  38 162 162  49  49 230 230 230 230 103 103 103 103 194 194 147 195 195
[254] 205 118 118 118 223 223 223 132  39  39  39 175 175  40 101 101 171 171 171 176 127 127 127
[277] 154 231 231 262 262 262 235 235 235 235  58  91  91 241 241 241 241 283 283 283 157 242 242
[300] 242 267 267 288 288 288 288 129 102 134 134 213 155 155 216 216 216 277 193 289 289 297 297
[323] 297  86  86 324 324 206 321 321 321 133  51  51 123 123 123  99  99  99 319 319 335 290 290
[346] 309 309 309 309 309 188 188 188 124 124 167 167  41  41 236 236 341 341 341 255 291 105 295
[369] 295 199 199 303 232 119 256 218 218 218 218 218 218 159 301 301 224 373 373 373 373 373 351
[392] 351 268 268 268 268 268 207 207 172 172 172 168 148 148 148 148 160 160 160 398 398 398 254
[415] 254 254 254  62  62  62 286 286 292 220 265 265 265 182 338 338 428 428 428 428 393 393 233
[438] 431 252 249 387 142 437 437 437 437 437 354 414 414 414 435 435 435 442 442 149 304 215 281
[461] 281 203 203 415 152 239 433 106 106 106 282 282 221 352 352 352 169 169 201 441 441 180 180
[484] 180 359 359 359 467 467 356 208 208 466 466 322 322 399 399 488 462 462 245 477 477 355 355
[507] 388 382 468 468 353 460 460 460 460 417 417 511 164 138 394 302 302 302 237 125 505 317 342
[530] 342 347 456 525 525 529 500 500 500 506 506 506 181 181 184 539 539 204 343 383 383 444 379
[553] 379 458 139 545 533 533 419 419 419 419 419 491 491   9   9   9 115 497 497 357 570 570 313
[576]  75 251 475 475 227 463 463 411 578 578 228 558 528 528 540 516 516 453 490 490 493 493 493
[599] 493 438 510 374 440 183 314 314 367 494 426 259 259 259 406 546 327 482 571 571 412 412 412
[622] 420 420 434 434 395 395 395 391 492 626 614 503 503 590 234 573 573 573 293 293 603 591 591
[645] 602 594 593 144 392 392 392 601 448 499 368 549 257 211 211 637 637 360 219 219 550 596 596
[668] 537 627 517 512 654 247 402 260 642 513 329 329 348 165 396 396 396 523 671 610 535 535 266
[691] 656 656 361 344 344 567 372 496 694 177 625 650 340 340 214 407 384 657 191 271 687 651 273
[714] 307 212 541 541 565 611 187 643 643  52 173 619 667 679 662 244 698 334 446 598 713

$EXTANT
  [1] FALSE FALSE FALSE FALSE FALSE  TRUE  TRUE  TRUE  TRUE  TRUE FALSE FALSE FALSE FALSE FALSE
 [16]  TRUE FALSE FALSE FALSE FALSE FALSE FALSE  TRUE FALSE  TRUE FALSE FALSE FALSE FALSE FALSE
 [31] FALSE FALSE  TRUE FALSE FALSE FALSE FALSE FALSE  TRUE FALSE  TRUE  TRUE FALSE FALSE FALSE
 [46]  TRUE FALSE FALSE  TRUE FALSE  TRUE  TRUE  TRUE FALSE  TRUE  TRUE  TRUE FALSE  TRUE FALSE
 [61] FALSE  TRUE  TRUE FALSE FALSE FALSE FALSE FALSE FALSE FALSE FALSE  TRUE FALSE FALSE  TRUE
 [76] FALSE  TRUE  TRUE FALSE FALSE  TRUE FALSE FALSE  TRUE FALSE  TRUE FALSE  TRUE  TRUE FALSE
 [91] FALSE  TRUE  TRUE FALSE FALSE FALSE FALSE FALSE FALSE FALSE FALSE  TRUE  TRUE  TRUE FALSE
[106]  TRUE  TRUE  TRUE FALSE  TRUE  TRUE FALSE FALSE FALSE  TRUE FALSE  TRUE FALSE FALSE  TRUE
[121]  TRUE  TRUE FALSE  TRUE  TRUE  TRUE  TRUE FALSE  TRUE FALSE  TRUE FALSE  TRUE  TRUE FALSE
[136]  TRUE FALSE  TRUE  TRUE  TRUE FALSE FALSE FALSE  TRUE FALSE FALSE FALSE  TRUE  TRUE  TRUE
[151]  TRUE  TRUE FALSE FALSE FALSE  TRUE FALSE FALSE  TRUE  TRUE  TRUE  TRUE FALSE  TRUE  TRUE
[166] FALSE  TRUE FALSE FALSE FALSE  TRUE  TRUE  TRUE  TRUE  TRUE  TRUE  TRUE  TRUE  TRUE  TRUE
[181]  TRUE FALSE  TRUE  TRUE  TRUE  TRUE  TRUE FALSE  TRUE FALSE  TRUE FALSE  TRUE FALSE  TRUE
[196] FALSE  TRUE  TRUE  TRUE  TRUE  TRUE  TRUE FALSE  TRUE FALSE  TRUE  TRUE FALSE FALSE FALSE
[211]  TRUE FALSE  TRUE  TRUE  TRUE  TRUE FALSE  TRUE  TRUE  TRUE FALSE  TRUE FALSE  TRUE FALSE
[226]  TRUE  TRUE  TRUE  TRUE  TRUE  TRUE FALSE FALSE  TRUE FALSE  TRUE  TRUE  TRUE FALSE  TRUE
[241] FALSE  TRUE  TRUE  TRUE  TRUE  TRUE  TRUE  TRUE FALSE FALSE FALSE FALSE  TRUE FALSE  TRUE
[256]  TRUE  TRUE FALSE  TRUE  TRUE FALSE FALSE FALSE FALSE FALSE  TRUE FALSE  TRUE FALSE  TRUE
[271]  TRUE  TRUE  TRUE FALSE FALSE  TRUE FALSE  TRUE  TRUE FALSE  TRUE  TRUE  TRUE FALSE FALSE
[286]  TRUE FALSE  TRUE  TRUE  TRUE  TRUE FALSE FALSE FALSE FALSE FALSE  TRUE FALSE  TRUE  TRUE
[301]  TRUE  TRUE FALSE FALSE FALSE FALSE  TRUE  TRUE  TRUE  TRUE FALSE FALSE  TRUE  TRUE  TRUE
[316]  TRUE  TRUE  TRUE  TRUE FALSE  TRUE  TRUE  TRUE  TRUE FALSE FALSE  TRUE FALSE  TRUE  TRUE
[331]  TRUE  TRUE  TRUE  TRUE  TRUE FALSE FALSE  TRUE  TRUE  TRUE  TRUE  TRUE  TRUE  TRUE  TRUE
[346] FALSE FALSE  TRUE  TRUE  TRUE  TRUE FALSE FALSE  TRUE FALSE FALSE  TRUE  TRUE  TRUE  TRUE
[361]  TRUE  TRUE FALSE FALSE FALSE FALSE  TRUE  TRUE  TRUE FALSE  TRUE FALSE  TRUE  TRUE FALSE
[376] FALSE FALSE FALSE  TRUE  TRUE  TRUE  TRUE  TRUE  TRUE FALSE  TRUE FALSE  TRUE  TRUE  TRUE
[391] FALSE FALSE  TRUE FALSE  TRUE  TRUE  TRUE  TRUE  TRUE FALSE  TRUE  TRUE FALSE FALSE  TRUE
[406]  TRUE  TRUE  TRUE  TRUE  TRUE  TRUE FALSE  TRUE  TRUE  TRUE  TRUE FALSE FALSE  TRUE FALSE
[421]  TRUE  TRUE  TRUE  TRUE  TRUE  TRUE  TRUE  TRUE  TRUE  TRUE  TRUE  TRUE FALSE FALSE  TRUE
[436]  TRUE  TRUE FALSE FALSE  TRUE  TRUE  TRUE  TRUE FALSE  TRUE  TRUE  TRUE FALSE FALSE FALSE
[451]  TRUE FALSE  TRUE  TRUE FALSE  TRUE FALSE  TRUE  TRUE  TRUE  TRUE  TRUE  TRUE  TRUE  TRUE
[466]  TRUE FALSE  TRUE  TRUE FALSE  TRUE  TRUE FALSE  TRUE  TRUE  TRUE  TRUE FALSE  TRUE  TRUE
[481] FALSE  TRUE FALSE  TRUE FALSE  TRUE  TRUE  TRUE FALSE FALSE  TRUE  TRUE  TRUE  TRUE  TRUE
[496]  TRUE FALSE  TRUE FALSE  TRUE  TRUE  TRUE  TRUE  TRUE  TRUE  TRUE  TRUE  TRUE  TRUE  TRUE
[511] FALSE  TRUE  TRUE  TRUE  TRUE  TRUE  TRUE  TRUE  TRUE FALSE FALSE  TRUE  TRUE FALSE  TRUE
[526]  TRUE  TRUE  TRUE  TRUE  TRUE  TRUE  TRUE FALSE  TRUE  TRUE  TRUE  TRUE  TRUE  TRUE  TRUE
[541]  TRUE  TRUE  TRUE  TRUE  TRUE  TRUE  TRUE  TRUE  TRUE  TRUE FALSE FALSE  TRUE FALSE  TRUE
[556]  TRUE  TRUE  TRUE  TRUE  TRUE  TRUE  TRUE  TRUE FALSE  TRUE FALSE FALSE  TRUE  TRUE  TRUE
[571]  TRUE  TRUE  TRUE  TRUE FALSE  TRUE  TRUE  TRUE FALSE  TRUE  TRUE  TRUE  TRUE  TRUE  TRUE
[586]  TRUE FALSE  TRUE  TRUE  TRUE  TRUE  TRUE  TRUE FALSE  TRUE FALSE  TRUE  TRUE  TRUE  TRUE
[601]  TRUE  TRUE  TRUE  TRUE  TRUE  TRUE  TRUE  TRUE  TRUE  TRUE  TRUE  TRUE FALSE  TRUE  TRUE
[616]  TRUE  TRUE  TRUE  TRUE  TRUE  TRUE  TRUE  TRUE FALSE  TRUE  TRUE  TRUE  TRUE FALSE  TRUE
[631]  TRUE  TRUE  TRUE  TRUE FALSE  TRUE  TRUE FALSE  TRUE  TRUE  TRUE  TRUE  TRUE  TRUE  TRUE
[646]  TRUE  TRUE  TRUE  TRUE  TRUE  TRUE  TRUE  TRUE  TRUE  TRUE  TRUE  TRUE  TRUE  TRUE  TRUE
[661]  TRUE  TRUE  TRUE  TRUE FALSE  TRUE  TRUE  TRUE  TRUE  TRUE  TRUE  TRUE  TRUE  TRUE  TRUE
[676]  TRUE  TRUE FALSE  TRUE  TRUE  TRUE  TRUE  TRUE  TRUE  TRUE  TRUE  TRUE FALSE  TRUE  TRUE
[691] FALSE  TRUE  TRUE  TRUE  TRUE  TRUE  TRUE  TRUE  TRUE FALSE  TRUE  TRUE  TRUE  TRUE  TRUE
[706]  TRUE  TRUE FALSE  TRUE  TRUE  TRUE  TRUE  TRUE  TRUE  TRUE  TRUE  TRUE  TRUE  TRUE  TRUE
[721]  TRUE  TRUE  TRUE  TRUE  TRUE FALSE  TRUE  TRUE  TRUE  TRUE  TRUE  TRUE  TRUE  TRUE

