
Birth-death simulation object with 683 species and 500 extant species

Details for some species:

Extinction times (NA means extant)
[1]       NA 33.37418 40.28635       NA 20.29609       NA


Speciation times 
[1] 100.48167  65.41439  62.67419  38.57257  33.38923  20.81404


Species parents (NA for initial)
[1] NA  1  1  1  1  1


Species status (extinct or extant)
[1] "extant"  "extinct" "extinct" "extant"  "extinct" "extant" 


For more details on vector y, try sim$y, with y one of
TE TS PAR EXTANT



$TE
  [1]         NA 33.3741820 40.2863520         NA 20.2960884         NA 14.4586611 35.1336443
  [9]         NA 21.6087654         NA 53.0929782         NA         NA 31.2580429 38.9843303
 [17]         NA 32.1323082 47.8289612 33.9921098         NA         NA         NA 42.6847905
 [25] 25.1199374         NA 11.9638642         NA         NA         NA         NA 16.9702258
 [33]         NA 10.2353020 25.5141356         NA         NA 35.3699909 19.9217685         NA
 [41]         NA 19.4825606         NA 10.3406477         NA 32.8817256 38.1371319 27.8906057
 [49] 36.5636966         NA  9.4443575  6.3343215 31.6304803         NA         NA         NA
 [57] 16.3926250 41.3417556 26.5635330         NA         NA         NA         NA  6.7722669
 [65] 36.5816105         NA 27.2486937 21.9895799  8.3124971  8.0996466         NA         NA
 [73]         NA 29.3685837 33.4315524 27.9406199 12.7552804 34.9816784  5.3943678 37.4974294
 [81] 33.9686283         NA  8.9393604 30.4075552 31.3062314         NA         NA         NA
 [89] 32.2416857  3.5509190         NA         NA  9.1476513         NA         NA         NA
 [97] 37.6204784  1.2719826         NA  8.3666670 22.6198189 16.7762585 12.8856238         NA
[105] 21.1898176  1.4444352         NA         NA         NA         NA         NA         NA
[113]         NA 13.9315391         NA         NA 22.5905871 29.6365534         NA         NA
[121] 17.5716238 13.3448521         NA         NA         NA         NA 14.9451611  6.5732079
[129]         NA         NA 27.2448437         NA 21.1293451         NA         NA 25.2014291
[137] 29.4736600 17.2588868         NA         NA 14.6734106         NA 11.3648095         NA
[145]         NA 19.2825552 22.1285343  5.2188618 28.8338868         NA         NA         NA
[153]         NA         NA         NA 20.0416501         NA 25.6736342         NA         NA
[161] 10.2676406 10.8397467         NA         NA         NA         NA         NA         NA
[169]  7.6772104         NA         NA         NA 11.2378966         NA  8.9345819         NA
[177]         NA         NA         NA 16.5800977 17.0077392         NA 14.6395797         NA
[185]         NA         NA         NA         NA  3.2419691         NA 25.2614465         NA
[193] 21.1249934         NA         NA         NA         NA 18.5585758         NA  5.1934380
[201] 24.2013775         NA         NA 12.1728519  5.3816513         NA         NA         NA
[209]         NA         NA 11.9334364 15.0724206         NA         NA         NA         NA
[217]         NA         NA         NA         NA         NA  2.6226490         NA         NA
[225]         NA 14.9327143 13.4414326 20.4172959  4.2334383         NA         NA         NA
[233]         NA         NA         NA         NA         NA  0.2347814 20.2977797         NA
[241]  8.4772581         NA 18.5946711         NA 19.9869538 16.9493961  6.9699692         NA
[249]         NA  7.1286286         NA  1.3705318         NA         NA         NA         NA
[257]         NA 18.4698947 10.6048060         NA         NA         NA  8.0887075  5.7278250
[265]         NA  5.8496385         NA         NA         NA 14.4506015         NA         NA
[273]         NA         NA         NA 15.8021661         NA         NA         NA         NA
[281] 14.7293544  6.6196810         NA         NA         NA         NA         NA         NA
[289]         NA         NA         NA         NA         NA         NA         NA         NA
[297]         NA 15.3879282         NA         NA  1.1589749         NA  6.9059751         NA
[305]         NA         NA         NA         NA 18.6693942         NA  0.4730022         NA
[313]         NA         NA 14.7577232         NA 17.5689083         NA         NA         NA
[321]         NA         NA  9.0708686         NA         NA         NA         NA         NA
[329] 10.2179080         NA         NA         NA         NA         NA         NA         NA
[337]         NA  7.8943781         NA         NA         NA 11.7172079  3.3260615         NA
[345]         NA         NA         NA         NA 11.6993919         NA         NA         NA
[353]         NA         NA         NA         NA         NA 13.6084994         NA  3.3709659
[361]         NA         NA         NA  7.4831855         NA         NA         NA 16.4529580
[369]         NA  6.4261584         NA         NA  7.6308698         NA  4.7450263         NA
[377]         NA         NA         NA         NA  7.4246042  4.9514730  1.7897510         NA
[385]         NA         NA 11.5026192         NA         NA         NA         NA         NA
[393]         NA         NA         NA         NA         NA         NA         NA         NA
[401]         NA         NA         NA         NA         NA         NA  0.8231673         NA
[409]         NA         NA         NA  7.0419139         NA         NA         NA         NA
[417]  1.9768033         NA 10.6662244         NA         NA         NA         NA         NA
[425]         NA 10.9647756         NA         NA         NA         NA         NA 10.4335109
[433]         NA  4.4480805         NA         NA         NA         NA         NA         NA
[441]         NA         NA         NA         NA         NA         NA  1.3037107         NA
[449]         NA         NA         NA         NA         NA         NA         NA         NA
[457]         NA         NA         NA         NA         NA         NA         NA         NA
[465]  5.9725669         NA         NA         NA         NA  3.3463511         NA         NA
[473]         NA         NA         NA         NA  3.8863314         NA  3.5723492         NA
[481]         NA         NA         NA         NA         NA         NA         NA         NA
[489]  1.3731292         NA         NA  3.0737564         NA         NA         NA         NA
[497]         NA         NA         NA         NA         NA         NA         NA         NA
[505]  0.9551910         NA         NA         NA         NA         NA  3.4596444  7.9744612
[513]         NA         NA  1.3440587         NA         NA         NA  0.6227442         NA
[521]         NA         NA         NA         NA         NA  5.1908429         NA  0.4559118
[529]         NA         NA  5.7389248         NA         NA  2.7088038         NA         NA
[537]         NA         NA         NA         NA         NA         NA  3.9813985         NA
[545]  4.9325504         NA         NA  5.1914535  4.0069132         NA         NA         NA
[553]  0.7469366         NA         NA         NA         NA         NA         NA  3.8752979
[561]         NA         NA         NA         NA         NA         NA         NA         NA
[569]         NA         NA         NA         NA         NA         NA         NA  5.0903150
[577]         NA         NA         NA         NA         NA         NA         NA  3.5015038
[585]         NA         NA         NA         NA         NA         NA         NA         NA
[593]         NA         NA         NA         NA         NA         NA  1.7805225         NA
[601]         NA         NA         NA         NA         NA         NA         NA         NA
[609]         NA         NA         NA         NA         NA         NA  4.6606529         NA
[617]         NA         NA         NA  0.2891455         NA         NA  4.7143486         NA
[625]         NA         NA         NA         NA         NA         NA         NA         NA
[633]         NA         NA         NA         NA         NA         NA         NA         NA
[641]  1.3393474         NA         NA         NA         NA         NA         NA         NA
[649]  3.2124733         NA         NA  2.8272067         NA         NA         NA         NA
[657]         NA         NA         NA         NA         NA         NA         NA         NA
[665]         NA         NA         NA         NA         NA         NA         NA         NA
[673]         NA         NA         NA         NA         NA         NA         NA         NA
[681]         NA         NA         NA

$TS
  [1] 100.48167102  65.41438999  62.67419052  38.57257045  33.38923183  20.81404005  18.35443645
  [8]  61.67984203  57.12006167  38.52778972  37.46229648  58.67078305  54.30793125  50.07883410
 [15]  45.34174345  43.52441842  52.28018201  51.53525200  51.35887719  50.53370171  34.13594360
 [22]  12.00113749   4.12412947  50.75329480  30.70309735  26.53320736  25.65062648  24.45927572
 [29]  12.58996612   4.65335198  51.00925102  42.25655755  36.42666889  36.30219383  31.07605285
 [36]  17.26724826  16.90839262  51.41573680  46.70758442  40.98059212  43.99946012  38.48073689
 [43]  33.95153065  25.74539458  11.63951542  46.00032771  48.47040955  42.59464724  39.53393300
 [50]  46.84605652  44.09085530  21.06958711  46.32545737  33.19766858  32.06750643  18.46654537
 [57]  18.09080292  42.97841517  32.70172613  26.70502929  44.89807298  37.80989204  42.88587932
 [64]  38.22945434  43.79152955  36.39000134  33.03685933  30.23626351  24.62742261  23.43868826
 [71]  22.64546530   5.38357846  42.09630395  39.65085467  34.96074021  28.76817968  14.62789299
 [78]  37.17162837  10.70697534  43.15112670  42.02392798  33.45951182  14.21594731  37.35296805
 [85]  34.18073594  28.58582916  24.22215331  19.96601412  40.77213619  20.40855466  19.72557301
 [92]  13.96348436   9.81489045  19.32105008  11.18499924   4.61222298  38.19940843  16.43624071
 [99]   3.55556418  22.86184544  37.06468799  28.18078412  27.60778254  33.04616188  32.70871879
[106]  26.23218917  23.60039375  13.60512203   6.65275109   3.58517438   0.51066880  34.40574129
[113]  29.97569642  18.90698757   7.95406049   0.31839434  35.65267966  30.93562112  32.49069009
[120]  19.92826849  35.39529544  28.95698727  19.54513114  19.41077228  27.40236338  26.04809419
[127]  32.19586853  33.70602654  28.76685041  18.67615178  32.94279038  33.10934978  23.20663811
[134]  22.73128150   6.99656393  31.34547367  30.72085071  21.05937223   7.37921847  24.77728807
[141]  24.20422731  15.68690710  14.19085690   8.27091703  26.22697667  24.13751861  29.50880823
[148]  20.77340204  31.21461904  12.78715960  11.59829526   8.60778242  26.05251650  19.05828703
[155]   4.41221988  29.42932814  29.46787491  27.13547814  26.91935880  28.08501089  24.03225353
[162]  12.94549805   5.35256706  16.68686626   2.11819911   1.96711490  15.17338303  20.41203737
[169]   7.74594147   7.04608476   0.48491627  26.32780119  26.82159952  19.73813762  19.37602407
[176]  12.15742462   9.88981266   9.33594525  28.16200560  25.64622354  21.90585599  22.54300294
[183]  22.00351393  13.60959847  12.19371593  10.65789793  20.31393820  13.81584454  13.04117699
[190]   2.53497111  27.20999215  26.10419956  24.29542584  20.56474300  12.32482396   7.44204821
[197]   7.88211973  25.92395891  19.26474401  18.72726266  25.05800760  13.57636834  12.56423130
[204]  24.23509941  15.84879186   3.29168128  17.30934204   7.09058071   3.79509834   1.30604486
[211]  20.87462342  19.26385725  14.23051415   8.54133624   8.33334978   6.64672554  11.19434875
[218]   7.21193833   3.24414452   1.49500075  11.10387977  23.91703844  23.48818394  21.00860012
[225]  20.49849484  19.52583835  22.79583417  22.74069839  21.97277016  11.07617936   6.81416978
[232]  15.69770928  10.71761335   8.76785843  15.11063500   9.10814825   4.62177279   1.70659685
[239]  23.62513452  18.17485312  14.70706044  20.74367107  20.59200830   5.87824623  22.68992573
[246]  20.20225206  22.07612534  19.66874515  23.33138220  18.73270589   9.54658330  20.93967483
[253]  14.19981317   0.27633777  16.74187353  15.70201050   8.64308367  19.41322008  18.25626128
[260]  18.16068480  16.46735420   2.88622062  18.14455695  10.22439416   9.09708360   8.47056000
[267]  22.17916279  20.48123002  19.57957368  15.14623484  12.89743964   7.51696376   4.68270115
[274]   0.43039747   2.79552011  15.89790807  10.97155704  11.87796483  11.39587090   7.98334984
[281]  21.26817733  11.95101281  17.28220772  15.12771149  20.63438246  13.83769759  13.58111128
[288]   6.10529901   3.98100399   5.92348201  17.16222457  16.28516172  15.03794603  20.46444435
[295]  16.77457106   5.86455664   5.09818517  20.37823280  14.23399639   9.63425391   7.35924636
[302]   7.07657642  17.28155111  13.95905055  12.20218044  10.95807580  10.49314765   4.93979269
[309]  19.55788204  18.71202275  13.59023916   4.58953717   4.86450280  18.91457705  18.85099234
[316]   6.84357348  17.67670104  18.40893764   7.53991207   1.54929703   3.27861832   1.86173709
[323]  16.29373247  11.95871160   8.28149655   6.69686789  18.69346667  19.31787706  14.72897942
[330]  11.35570160   6.77878603   4.35760495  16.74827620  14.08030766  12.66105529   9.79686572
[337]   5.16591081  16.63068243  10.25383938   2.84313050   2.70539553  18.08205270  15.27567684
[344]   7.10723660   0.41216780  18.04207106  18.81627171  18.10318475  16.88356369   8.84228797
[351]   4.31541953   3.09142911  10.93907714  12.36481654  12.00849551  16.38680142   4.46725298
[358]  13.82843126   8.08518880   7.43390934   4.51558994   3.42929682   3.37907657   9.82848159
[365]   6.68250325  15.91264174   9.04246046  16.82533060  11.78987165  16.08492039   6.61845707
[372]   4.22541105  10.54618880  11.72893989  17.16491585  16.93571177  14.84876189   7.13769129
[379]   5.06675943   0.46848916  14.84217006   9.01231496   7.24690552   4.89748878  13.58288182
[386]  12.94880217  16.78724265   9.82374669   9.04862218   8.96865063   4.07070076  13.25207193
[393]   9.72393127   6.46593566  13.25061926  11.45420203   1.64877924   0.29084824   0.11397579
[400]  10.55921946   8.13618442   3.20948415   1.31843639   5.54206486  14.19210332  11.23613005
[407]   1.77414348  16.10752809  15.36320707   3.07725697  12.90088877   7.60712562   4.98887750
[414]   6.82256269   5.87049927   2.07948691  14.59661178   3.94317197  13.00099786   2.06740254
[421]  11.80873130   2.70330851  14.45085719   3.33211637   2.53841928  14.62465842  12.15618929
[428]  11.66487406   8.38624757   3.98667288   0.40563832  10.90890370  12.27173291  11.16079678
[435]   6.64836090   9.14401244  12.86345056   7.32146525  12.00750444  10.75905304   3.13611236
[442]  13.93979367  13.50440734   5.80951075   5.40507522   0.76296870  11.81723267   1.88752320
[449]   8.74360041  12.94403737   7.63039821   2.83639028  10.74913246   6.98925831   0.49158523
[456]  12.20468785   9.64845690   9.79271672   6.99061382   9.18922013   5.49262438   1.69518162
[463]  11.32458911  12.39020990   9.44405949   4.90073821  12.70391806   2.36585457   1.12955677
[470]   7.42112826   6.89611280   3.99224023   2.43878504   8.11804325   6.26673022   5.32351833
[477]   7.79889359  11.34251639   9.82203960   4.87575419   4.56645405   0.88612638   0.30773618
[484]   7.31365274   2.23856666   5.57951886   1.08865884   8.63577753  11.36610006   5.03198415
[491]   2.46293695  10.96447105   5.06392989   3.91739684   3.44283660   5.01499191  10.34556962
[498]   9.56466163   7.94013244   9.73474183   7.24382603   0.08170147   4.43647618   1.94028342
[505]   8.99773486   7.17302188   9.81397471   5.46329305   0.16968732  11.63434125   9.14694507
[512]   8.55126946   8.46975539   5.36057307   5.15234764   1.46021960   8.96605980   6.95100785
[519]   0.69593879   8.08686794   2.52424169   8.15974574   3.58364243   5.15796716   2.17803733
[526]   5.51621853   4.75221677   6.18115784   4.36650929   3.46191657   9.93426282   4.55683997
[533]   8.43086118   5.41986846   4.86061154   1.73504827   6.92271840   3.69525380   8.96229603
[540]   8.28710919   2.71268684   6.74235664   5.62117624   0.65205971   9.43182562   1.23631536
[547]   5.85630507   8.75055440   7.41676235   1.74396645   5.41738029   2.80764256   2.32843750
[554]   0.32428991   6.73572387   4.22055458   3.98619555   6.86067773   4.33386877   9.05981219
[561]   7.20129643   8.28715061   8.72827833   0.47705395   7.09869128   4.20815712   1.95269854
[568]   2.17832123   2.46256845   7.59946120   4.30175756   2.55434773   6.40500947   2.96826474
[575]   0.49215423   5.55469910   4.89212011   8.28199119   4.34295515   6.61025554   6.94635927
[582]   7.45455029   7.88272383   7.03282533   1.64047610   4.17480628   2.41891262   3.22919416
[589]   6.82730224   5.24795537   1.64157870   0.13428061   0.05160180   4.69534187   1.55088214
[596]   0.02266353   4.43500608   4.54873654   6.19946819   0.21324056   4.67448384   0.32326755
[603]   6.03495911   2.74794124   0.23487341   4.94326296   3.15995527   6.05353311   2.29394925
[610]   2.40783674   5.26947827   0.05262939   4.28574419   1.18969018   5.61488778   4.19755598
[617]   6.28574406   5.32677575   3.95648234   4.42572832   3.68683316   6.28540835   5.71550726
[624]   1.03808044   0.40303285   5.54479477   0.80372304   1.69378445   1.30205312   5.19807518
[631]   0.35053197   0.40580865   5.18701380   3.93580685   2.82427928   5.01522708   4.92564206
[638]   4.34384471   2.90400022   2.50970207   1.40296212   0.70404717   2.78070246   2.32635580
[645]   2.03245316   2.36297740   3.04832644   0.85796133   4.27281418   2.98880241   2.26581400
[652]   3.18870725   2.70034825   1.83084995   2.18109326   2.00645846   3.35266477   2.06505177
[659]   1.70060754   0.71592663   0.27644985   2.67715733   1.71087909   2.12247850   2.13577639
[666]   1.80129700   1.23961446   2.77385647   0.69130127   0.47892909   0.22113564   1.33962003
[673]   1.88107331   1.96758358   2.11952229   0.22783995   1.14946405   1.37509934   0.55759318
[680]   0.45964627   0.61045401   0.19579834   0.35903152

$PAR
  [1]  NA   1   1   1   1   1   1   2   2   2   2   3   3   3   3   3   8   8   9   9   9   9   9
 [24]  13  13  13  13  13  13  13  17  17  17  17  17  17  17  18  18  18  38  38  31  31  31  24
 [47]  20  20  20  14  14  14  50  50  50  50  50  39  39  39  53  46  15  15  61  61  61  61  61
 [70]  61  61  61  51  51  51  51  51  41  41  16  16  63  63  48  48  32  32  32  73  73  73  73
 [93]  73  40  40  40  49   4   4  10  42  42  42  64  64  64  64  64  62  62  62  11  11  11  11
[116]  11  78 101  33  33  66  66  66  34 117 117 121  75 112 112  85  21  43  43  43 128 128 128
[139] 128  82  82  82  82  82   5   5  54  54 132 132 132 132 104 104 104  67 105  59  59 119 119
[162] 119 119  55  55  55 113 157 157 157 157 156 122 122 122 129  86  86 102 102 102 179 179 179
[185] 179 179 160 160 160 160 103 103 125 125 125 125 159 173 173 173  60  26 172 106 106 106 145
[208] 145 145 145 192 192 153 153 153 153 126 126 126 126  44  27  27 180 180 180 140 140 140 140
[231] 140  69  69  69  28  28  28  28 204 204 204  87  87  87 141 141 146 146 222 222 222 107 107
[254] 107 223 223 223  70  70 249 249 249 100 100 100 100 228 134 134 134 134 134 134 134  71 182
[277] 182 267 247 247 183 229 224 224 252 211   6   6   6 148 242 242 242 285 285 285 285 243 194
[300] 194 194 194 225 225 225 225 225 225 268 268 268 294 168  90 187 187  88 120 120 120 174 248
[323] 269 269 269 269 309 258 124 124 124 124 175  94  94  94  94 328 328 328 199 212 154 314 314
[346] 114 315 315 347 347 347 347 250 200 200 310 310 327 327 327 327 327 327  56 318 240 263 342
[369] 342 346 346 207 283 303  36  36  36  36  36  36 291 291 291 291 376 376  37  37  37  37  37
[392] 295 295 295 164 164 164 164 164 338 338 261 261  98 356 356 356 292 292 292 366 366 366 205
[415] 205 256 232 232 142 142 409 167 284 284 235 293 293 293 293 377 377 329 423 423 423 299 213
[438] 213  83 253 253 405 143 334 334 334  92 304 188 184 108 108 311 311 311 385 385 287 202 443
[461] 443 392 189 419 450 450 271 271 437 150 150 150 150 467 467 467 335  29  29  29 203 203 464
[484] 354 354 195 195 433 456 456 456 305 305 305 305 185 176 176 176 355 355 355 439 439 282 278
[507] 421 369 369 374 374 374 374 374 374 374  45  45  45 510 510 489 489 330 330 478 478 463 463
[530] 406 217 217  95  95  95  95 221 221 277 306 307 497 497 497 339 339 264 177 177 388 457 251
[553] 251 178 460 460 460 436 236 265 265 560 390 390 517 517 517 539 350 234 234 234 548 449 152
[576] 214 214 266 513 215 562 144 401 474 280 115 499 197 451 570 319 319 319 272 582 196 549 301
[599] 438 438 484 484 383 501 501 218 218 561 344 454 518 581 537 316 326 326 435 371 371 394 394
[622] 617 617 617 288 290 244 296 626 461  72 163 611 337 515 490 636 636 413 577 313 535  96  96
[645] 312 598 361 597 620 620 155 332 559 351 556 556 616 619 619 657 657 402 410 647 452 635 635
[668] 552 190 521 491 610 468 553 655 675 674 585 585 220 677 677 670

$EXTANT
  [1]  TRUE FALSE FALSE  TRUE FALSE  TRUE FALSE FALSE  TRUE FALSE  TRUE FALSE  TRUE  TRUE FALSE
 [16] FALSE  TRUE FALSE FALSE FALSE  TRUE  TRUE  TRUE FALSE FALSE  TRUE FALSE  TRUE  TRUE  TRUE
 [31]  TRUE FALSE  TRUE FALSE FALSE  TRUE  TRUE FALSE FALSE  TRUE  TRUE FALSE  TRUE FALSE  TRUE
 [46] FALSE FALSE FALSE FALSE  TRUE FALSE FALSE FALSE  TRUE  TRUE  TRUE FALSE FALSE FALSE  TRUE
 [61]  TRUE  TRUE  TRUE FALSE FALSE  TRUE FALSE FALSE FALSE FALSE  TRUE  TRUE  TRUE FALSE FALSE
 [76] FALSE FALSE FALSE FALSE FALSE FALSE  TRUE FALSE FALSE FALSE  TRUE  TRUE  TRUE FALSE FALSE
 [91]  TRUE  TRUE FALSE  TRUE  TRUE  TRUE FALSE FALSE  TRUE FALSE FALSE FALSE FALSE  TRUE FALSE
[106] FALSE  TRUE  TRUE  TRUE  TRUE  TRUE  TRUE  TRUE FALSE  TRUE  TRUE FALSE FALSE  TRUE  TRUE
[121] FALSE FALSE  TRUE  TRUE  TRUE  TRUE FALSE FALSE  TRUE  TRUE FALSE  TRUE FALSE  TRUE  TRUE
[136] FALSE FALSE FALSE  TRUE  TRUE FALSE  TRUE FALSE  TRUE  TRUE FALSE FALSE FALSE FALSE  TRUE
[151]  TRUE  TRUE  TRUE  TRUE  TRUE FALSE  TRUE FALSE  TRUE  TRUE FALSE FALSE  TRUE  TRUE  TRUE
[166]  TRUE  TRUE  TRUE FALSE  TRUE  TRUE  TRUE FALSE  TRUE FALSE  TRUE  TRUE  TRUE  TRUE FALSE
[181] FALSE  TRUE FALSE  TRUE  TRUE  TRUE  TRUE  TRUE FALSE  TRUE FALSE  TRUE FALSE  TRUE  TRUE
[196]  TRUE  TRUE FALSE  TRUE FALSE FALSE  TRUE  TRUE FALSE FALSE  TRUE  TRUE  TRUE  TRUE  TRUE
[211] FALSE FALSE  TRUE  TRUE  TRUE  TRUE  TRUE  TRUE  TRUE  TRUE  TRUE FALSE  TRUE  TRUE  TRUE
[226] FALSE FALSE FALSE FALSE  TRUE  TRUE  TRUE  TRUE  TRUE  TRUE  TRUE  TRUE FALSE FALSE  TRUE
[241] FALSE  TRUE FALSE  TRUE FALSE FALSE FALSE  TRUE  TRUE FALSE  TRUE FALSE  TRUE  TRUE  TRUE
[256]  TRUE  TRUE FALSE FALSE  TRUE  TRUE  TRUE FALSE FALSE  TRUE FALSE  TRUE  TRUE  TRUE FALSE
[271]  TRUE  TRUE  TRUE  TRUE  TRUE FALSE  TRUE  TRUE  TRUE  TRUE FALSE FALSE  TRUE  TRUE  TRUE
[286]  TRUE  TRUE  TRUE  TRUE  TRUE  TRUE  TRUE  TRUE  TRUE  TRUE  TRUE  TRUE FALSE  TRUE  TRUE
[301] FALSE  TRUE FALSE  TRUE  TRUE  TRUE  TRUE  TRUE FALSE  TRUE FALSE  TRUE  TRUE  TRUE FALSE
[316]  TRUE FALSE  TRUE  TRUE  TRUE  TRUE  TRUE FALSE  TRUE  TRUE  TRUE  TRUE  TRUE FALSE  TRUE
[331]  TRUE  TRUE  TRUE  TRUE  TRUE  TRUE  TRUE FALSE  TRUE  TRUE  TRUE FALSE FALSE  TRUE  TRUE
[346]  TRUE  TRUE  TRUE FALSE  TRUE  TRUE  TRUE  TRUE  TRUE  TRUE  TRUE  TRUE FALSE  TRUE FALSE
[361]  TRUE  TRUE  TRUE FALSE  TRUE  TRUE  TRUE FALSE  TRUE FALSE  TRUE  TRUE FALSE  TRUE FALSE
[376]  TRUE  TRUE  TRUE  TRUE  TRUE FALSE FALSE FALSE  TRUE  TRUE  TRUE FALSE  TRUE  TRUE  TRUE
[391]  TRUE  TRUE  TRUE  TRUE  TRUE  TRUE  TRUE  TRUE  TRUE  TRUE  TRUE  TRUE  TRUE  TRUE  TRUE
[406]  TRUE FALSE  TRUE  TRUE  TRUE  TRUE FALSE  TRUE  TRUE  TRUE  TRUE FALSE  TRUE FALSE  TRUE
[421]  TRUE  TRUE  TRUE  TRUE  TRUE FALSE  TRUE  TRUE  TRUE  TRUE  TRUE FALSE  TRUE FALSE  TRUE
[436]  TRUE  TRUE  TRUE  TRUE  TRUE  TRUE  TRUE  TRUE  TRUE  TRUE  TRUE FALSE  TRUE  TRUE  TRUE
[451]  TRUE  TRUE  TRUE  TRUE  TRUE  TRUE  TRUE  TRUE  TRUE  TRUE  TRUE  TRUE  TRUE  TRUE FALSE
[466]  TRUE  TRUE  TRUE  TRUE FALSE  TRUE  TRUE  TRUE  TRUE  TRUE  TRUE FALSE  TRUE FALSE  TRUE
[481]  TRUE  TRUE  TRUE  TRUE  TRUE  TRUE  TRUE  TRUE FALSE  TRUE  TRUE FALSE  TRUE  TRUE  TRUE
[496]  TRUE  TRUE  TRUE  TRUE  TRUE  TRUE  TRUE  TRUE  TRUE FALSE  TRUE  TRUE  TRUE  TRUE  TRUE
[511] FALSE FALSE  TRUE  TRUE FALSE  TRUE  TRUE  TRUE FALSE  TRUE  TRUE  TRUE  TRUE  TRUE  TRUE
[526] FALSE  TRUE FALSE  TRUE  TRUE FALSE  TRUE  TRUE FALSE  TRUE  TRUE  TRUE  TRUE  TRUE  TRUE
[541]  TRUE  TRUE FALSE  TRUE FALSE  TRUE  TRUE FALSE FALSE  TRUE  TRUE  TRUE FALSE  TRUE  TRUE
[556]  TRUE  TRUE  TRUE  TRUE FALSE  TRUE  TRUE  TRUE  TRUE  TRUE  TRUE  TRUE  TRUE  TRUE  TRUE
[571]  TRUE  TRUE  TRUE  TRUE  TRUE FALSE  TRUE  TRUE  TRUE  TRUE  TRUE  TRUE  TRUE FALSE  TRUE
[586]  TRUE  TRUE  TRUE  TRUE  TRUE  TRUE  TRUE  TRUE  TRUE  TRUE  TRUE  TRUE  TRUE FALSE  TRUE
[601]  TRUE  TRUE  TRUE  TRUE  TRUE  TRUE  TRUE  TRUE  TRUE  TRUE  TRUE  TRUE  TRUE  TRUE FALSE
[616]  TRUE  TRUE  TRUE  TRUE FALSE  TRUE  TRUE FALSE  TRUE  TRUE  TRUE  TRUE  TRUE  TRUE  TRUE
[631]  TRUE  TRUE  TRUE  TRUE  TRUE  TRUE  TRUE  TRUE  TRUE  TRUE FALSE  TRUE  TRUE  TRUE  TRUE
[646]  TRUE  TRUE  TRUE FALSE  TRUE  TRUE FALSE  TRUE  TRUE  TRUE  TRUE  TRUE  TRUE  TRUE  TRUE
[661]  TRUE  TRUE  TRUE  TRUE  TRUE  TRUE  TRUE  TRUE  TRUE  TRUE  TRUE  TRUE  TRUE  TRUE  TRUE
[676]  TRUE  TRUE  TRUE  TRUE  TRUE  TRUE  TRUE  TRUE

