
Birth-death simulation object with 725 species and 500 extant species

Details for some species:

Extinction times (NA means extant)
[1] 65.24402 39.57077       NA 34.24987 48.38327 37.76444


Speciation times 
[1] 80.24446 79.48790 78.71975 77.49863 72.53620 65.54166


Species parents (NA for initial)
[1] NA  1  1  2  2  2


Species status (extinct or extant)
[1] "extinct" "extinct" "extant"  "extinct" "extinct" "extinct"


For more details on vector y, try sim$y, with y one of
TE TS PAR EXTANT



$TE
  [1] 65.24401527 39.57077010          NA 34.24987054 48.38326796 37.76444131 51.12485213
  [8] 26.27231396          NA          NA 10.05720306          NA  4.03001495          NA
 [15] 39.43570855 32.31013622          NA 45.04092229 27.23100997          NA  6.02861426
 [22]          NA 40.85878253 16.12106340 34.30521573  3.28363723  8.60370085  6.93906782
 [29]          NA 12.32138023          NA 43.28985759 11.57478887          NA 13.63441815
 [36] 18.19662017          NA          NA          NA 40.82974911 41.48453875 26.76972043
 [43]          NA          NA          NA  2.01787600  5.31773001 40.23533707          NA
 [50]          NA          NA 39.02149595 30.03313821          NA          NA          NA
 [57]  4.29239138          NA 41.70894810          NA 23.09568425 39.39132324          NA
 [64]  2.86366368          NA          NA          NA          NA 13.64221675 38.95946658
 [71]          NA 15.98023469 26.72513681  5.99319039          NA          NA  5.13377526
 [78] 18.35494772 29.38528598          NA          NA          NA          NA 10.43758663
 [85]          NA  0.04080367 30.55919043 27.33704055          NA          NA 27.67495844
 [92]          NA 27.41422799          NA 34.16322210          NA          NA          NA
 [99]          NA 13.66447841          NA          NA 15.58457043 30.69896194          NA
[106]  8.75818439          NA  3.92888373  5.51707439          NA          NA          NA
[113]  9.83867012  4.65054327          NA  8.13962518  3.21543470          NA  0.82115430
[120]          NA 29.26899870 20.62390300 22.63779117 23.16587065  6.03274721          NA
[127]  2.78412625          NA  2.29207684          NA 23.78140728 15.88153481 21.51325477
[134]          NA 14.74663339          NA 31.77236014          NA          NA          NA
[141] 22.76462593  1.28236707          NA          NA 12.34221353          NA          NA
[148]  1.88832436          NA          NA          NA          NA          NA          NA
[155]  5.60833753          NA          NA  2.87169730          NA 34.59206960 24.80024046
[162] 11.27189134          NA 20.08439603 22.10187074 15.64999804 10.73880684          NA
[169]          NA 24.57340185 19.19793039          NA          NA          NA          NA
[176]          NA          NA  5.56749033          NA  9.69697108  6.24475934          NA
[183]          NA  9.66646668          NA 16.51313519          NA          NA          NA
[190]          NA          NA          NA          NA          NA          NA 17.39393353
[197]          NA  7.40055818 17.79388150          NA  8.62603762 15.89293225          NA
[204]          NA          NA 16.15610597          NA          NA          NA          NA
[211]          NA  3.12026496 12.28401571          NA          NA  2.81739634          NA
[218]  6.12866491          NA          NA          NA          NA          NA 21.23999403
[225]          NA 27.35106019 20.62922583 20.36235381 15.35516213  6.19012793          NA
[232]          NA 21.94078451          NA          NA  4.66198050  4.05401429          NA
[239] 21.24854503          NA          NA          NA          NA  7.93864010  7.17424973
[246]  0.46229893          NA 20.15930512          NA          NA          NA          NA
[253]          NA          NA          NA          NA  4.64131343  2.08803914          NA
[260]  9.39643674  5.78432072          NA          NA          NA          NA          NA
[267]  0.09782473 15.77644208          NA          NA          NA          NA 20.43030705
[274]          NA          NA 11.22593608          NA          NA  3.82246294 24.30468059
[281] 24.32532249          NA          NA  9.88655309          NA          NA          NA
[288]          NA 16.45420965 14.40753941          NA  9.72253554          NA          NA
[295]          NA  3.61821017          NA          NA          NA          NA          NA
[302]          NA  3.42153414 10.17888556          NA          NA          NA          NA
[309]  9.96487581 16.48390311  5.05090619          NA          NA 11.39480373          NA
[316]  5.63176241          NA 16.36791902  7.51545819          NA          NA          NA
[323]  5.69532604          NA 16.16950589  6.78970628          NA          NA          NA
[330]          NA          NA          NA          NA  6.37044090          NA  1.26520306
[337]          NA  3.69105247          NA          NA  8.88248699          NA          NA
[344]  1.48942921  1.99918188          NA          NA          NA          NA  5.23223987
[351]  6.11048527  0.37391843          NA          NA          NA  7.47815464  8.81497160
[358]          NA          NA          NA          NA          NA          NA          NA
[365]          NA          NA          NA          NA          NA  3.91855964          NA
[372]          NA          NA          NA          NA          NA  9.85546992          NA
[379]          NA          NA          NA          NA  5.18779539          NA          NA
[386]          NA  3.93589394          NA          NA 10.29534657          NA          NA
[393]  3.40213143  3.12105832          NA  8.78728704          NA          NA          NA
[400]          NA          NA          NA 12.26419443          NA          NA          NA
[407]          NA  8.51638889  3.89963623          NA  3.68530892  2.63429201  4.61732136
[414]          NA          NA          NA          NA          NA          NA          NA
[421]          NA          NA  3.78857460          NA 10.09360713          NA  1.76780321
[428]          NA          NA          NA          NA          NA          NA          NA
[435] 11.78979544  3.15186927          NA          NA          NA          NA          NA
[442]          NA          NA          NA          NA          NA          NA          NA
[449]  4.13527931          NA          NA          NA          NA  1.60990036          NA
[456]          NA          NA          NA          NA  0.06540598          NA          NA
[463]          NA          NA          NA  1.04128710          NA  5.02944198          NA
[470]          NA          NA          NA  6.88265586          NA          NA  2.26431483
[477]          NA          NA          NA          NA          NA          NA          NA
[484]  3.98960409          NA          NA  6.60438424          NA          NA          NA
[491]          NA          NA          NA          NA          NA          NA          NA
[498]          NA          NA          NA  8.93528157          NA          NA  8.24654405
[505]          NA  9.34432304          NA          NA          NA          NA          NA
[512]  4.73106394          NA          NA  3.63805427          NA  4.71737545          NA
[519]          NA          NA  6.74903450          NA          NA          NA          NA
[526]  3.83847793  3.75259297          NA          NA  0.28860018          NA          NA
[533]          NA          NA          NA          NA          NA  9.19802714          NA
[540]          NA          NA          NA          NA          NA  1.53335882          NA
[547]          NA  0.76226044          NA          NA  5.26262731          NA          NA
[554]          NA          NA          NA  7.17998855          NA  2.59415123          NA
[561]          NA          NA          NA  1.40012680          NA          NA          NA
[568]          NA          NA          NA          NA          NA  3.92968481          NA
[575]  0.48030176          NA  6.34414410          NA          NA          NA          NA
[582]  4.30224072          NA          NA          NA          NA          NA          NA
[589]          NA          NA          NA          NA  1.01952226          NA          NA
[596]          NA          NA          NA          NA  1.55577426          NA          NA
[603]          NA  3.89741738          NA  6.47476223          NA          NA          NA
[610]          NA          NA          NA  3.90534101          NA          NA          NA
[617]          NA  4.08322297  6.97111091  3.03789134  0.97799487          NA  1.54335218
[624]          NA          NA          NA          NA          NA          NA          NA
[631]          NA  1.15842648          NA  3.47733127          NA          NA          NA
[638]          NA          NA          NA          NA          NA          NA          NA
[645]          NA          NA          NA          NA          NA          NA          NA
[652]          NA          NA          NA          NA  0.46159692          NA          NA
[659]          NA          NA          NA          NA          NA          NA          NA
[666]          NA          NA          NA          NA          NA          NA          NA
[673]          NA  2.21586178          NA          NA          NA          NA          NA
[680]  0.18326466          NA          NA          NA          NA          NA  2.28237093
[687]          NA          NA          NA          NA          NA  1.63429455          NA
[694]          NA          NA          NA          NA          NA          NA          NA
[701]          NA          NA          NA          NA          NA          NA          NA
[708]          NA          NA          NA          NA          NA          NA          NA
[715]          NA          NA          NA          NA          NA          NA          NA
[722]          NA          NA          NA          NA

$TS
  [1] 80.244456820 79.487898730 78.719746748 77.498630991 72.536202085 65.541659597 56.906385136
  [8] 40.119910613 37.384314188 36.029170455 34.778872833 28.577889047  9.340176781  3.451284746
 [15] 64.975100503 47.495960199 70.421738339 65.729451001 35.276663411 31.049309611 25.071582766
 [22]  0.020909860 63.150692289 52.746658414 48.333250288 42.175082329 60.088515806 62.869521854
 [29] 50.779591985 45.775589203 44.291719101 61.020673829 28.824953233 27.361549215 25.617425764
 [36] 18.807503624 11.008458026  6.983395796 51.737656695 48.014399878 47.582785373 45.486870605
 [43] 49.874106174 32.589095155 12.465831726 47.855323079 46.824762396 46.371119923 36.612457870
 [50] 27.226965293 21.492636516 46.886518923 44.053399409 28.109313227 24.457357792 12.218706045
 [57]  7.150636397  3.269703978 43.218957326 35.652279175 29.362523395 46.489625716 27.630334529
 [64] 21.549950973 20.512859020 16.074015554  7.297097661  1.729250412 41.349375414 43.728800604
 [71] 42.089611717 34.721435119 29.033714609 20.559923055 15.395505785  4.967845709 47.270726735
 [78] 35.978351779 33.317109291 14.379239481 40.256523284 33.502140621 29.371219113 24.868118999
 [85] 14.651328525  5.623307321 35.314659761 31.732042642 40.099685045 37.779376714 36.200668337
 [92] 30.664599934 29.808462863 12.338071221 40.519286743 41.073789649 30.918118691 30.913440809
 [99] 28.781548343 27.089416012 13.186608554  6.294324436 33.807897193 31.067231635 14.964623454
[106] 12.380305024 37.871251361 22.725032109 38.248904952 38.130964051 34.627367049 18.801038597
[113] 17.482349017 14.611895477 11.818976478 11.539229432 39.436434625 30.202022455 14.940382801
[120]  7.271282054 34.100892679 28.000448500 31.432494875 30.913848835 21.415448027 17.500725371
[127] 13.641328594  1.868960696  9.117024660 36.527460100 30.702347322 27.455301512 23.730137119
[134] 17.119514378 17.010959973 14.846424893 36.148652193 23.265859447 11.158958087 35.058661768
[141] 26.069586943 15.236039838  7.509920761  4.530053773 20.746234249 16.790018234  9.169295667
[148] 12.380781701 29.281186988 24.967861534 14.953484475  6.652972145 34.432928942 31.756570854
[155] 35.644616563 30.428864768 25.177226103  9.886361528  7.515071318 35.674523051 25.906285663
[162] 19.325974949  1.263264933 28.011081176 24.443702126 16.162531755 15.348701465  8.036146215
[169] 30.967936990 28.936474234 22.393131702 15.078633325  8.526112935 23.551757170 18.967242085
[176] 31.222526466 25.024804256 22.644691502 18.643630760 13.722127599 10.818325401  5.153779689
[183] 32.291765118 25.071386265 11.422772350 22.109444070 21.107078058 17.241086698  8.816155129
[190]  3.535183537  1.157673447 29.805820203 21.562720440  8.703730959 28.368032609 23.827575312
[197]  5.267003165 21.058449152 18.052982891 17.022658748 12.758635495 31.476711507 29.655184527
[204] 27.502073691 20.781199501 20.742190892 14.556848320 29.423431888 13.315178868 14.627440264
[211]  6.310170601  4.731634329 26.225811211 24.540080954 16.882363421 28.836841685 24.855754025
[218] 26.320687350  8.204359268  8.007622548 19.952144483  3.892788424  2.319762822 21.896234109
[225] 11.942515853 29.543549870 27.082696520 25.811393862 17.664311994  7.119480111  3.199486658
[232] 28.186541488 21.954260747 15.250400318 11.025537047  8.244851835  4.627988239  1.427541392
[239] 21.547391000  9.554159838  4.869968064 25.413906070 27.806145883 16.991739321 14.672726567
[246]  8.981882511  8.173496111 22.095026333 12.364680997 12.764872961 25.525193570  4.017927314
[253] 16.784964816  4.977541238  4.030404708  0.404359975 14.619108224 27.948629535 14.196181284
[260] 11.553446895 23.229449322 14.015367258  2.293200190 20.695653361 11.189511436  6.662031612
[267]  2.776242489 23.949685457 23.032961280  9.242072410  3.870164619  0.865937706 25.741797449
[274] 16.591576933  4.373216964 21.289471215 26.921995991  6.884585094 21.052849502 26.785828295
[281] 26.208778076 21.746035010 15.356977695 25.515537085 17.168556951 14.638042409 14.056524603
[288]  2.572668235 25.121364293 22.181102717  5.614917348 21.107714613 10.150367244  9.245741230
[295]  7.041235817 24.297581242 19.651687133  9.711280006 12.364456221 21.186926592 20.115487009
[302]  3.656281350  9.786354365 21.022826341 17.058612360  1.762547424  0.310304631  5.988827518
[309] 23.442139072 22.583896880 20.612311852 10.227870769 16.598080681 22.471200965 12.566425272
[316]  7.972592821  4.481489949 19.195763910 17.217231062  9.850911698  6.648839803 17.896818235
[323] 17.357442668 15.725250842 21.446942336 20.947727210 19.565856123 19.553967098 14.549571777
[330]  8.751208482  2.323004443  0.388430904  9.249710409  7.325471154  1.715998965 17.015619995
[337]  9.781357760 13.616738838  6.591269092 18.225699248 17.087808347 17.027948092 20.885633370
[344] 14.402936213 11.466085650 16.676472368 14.035676706 10.515708562  9.198623090  9.849612001
[351] 14.012063280 12.416868665 10.739699363 10.105035422 11.517122594  8.081960400 12.768775353
[358]  5.641581955 17.396510456  4.151886608  6.438898803 18.975193016 18.430968272 14.810312592
[365]  6.307503559  3.182971251 13.520655525  2.881527123 13.644948803  7.464747463 14.906461939
[372]  7.046945801  6.977666177  7.129283976  6.302758097 14.740599471 12.596019072 10.843985624
[379]  3.697005809 12.922558885  3.616026732  4.948521276 12.953656753 12.175575220 10.472199428
[386] 15.567352981 12.258456858  8.466950738  3.412886010 16.200854792  7.786015143 16.138960660
[393]  8.976667939  3.762816001  1.776900339 11.911300043  8.137136340  7.681172913  3.224453247
[400]  1.145230956 13.576002888  9.190822749 14.649632415  6.209342797 15.439360384  9.079653454
[407]  1.594197632 16.858776863 10.951085896 15.965444684 15.368830433 13.299580745 15.234054662
[414] 13.183432718  6.905340600  3.499080498  2.012252583 16.286615174 10.487056928  1.570443762
[421]  0.470764260 15.055312212 15.743331811 11.790853640 10.939022730  0.225427932 13.865424622
[428]  6.179446629  0.857152710  9.247415095  8.129492728  7.402004079 15.008404840 13.406376303
[435] 12.552759033  3.975702310  7.705238867  3.693385947  3.206832230  3.899793236 10.881788753
[442]  3.115120668  0.179506082 12.767026086 10.877170439 10.378465087  7.245685573  6.281826422
[449]  4.749350478  4.115755914 10.154303531 10.133370640  7.535425131  6.513034302  5.822187090
[456]  3.689916440 12.573116834 10.548310462  7.723672039  3.643629246 13.860591218  9.332264654
[463]  2.968220838 11.086290899  4.393127040  3.531690805  0.570810858  7.946620446  7.745344696
[470]  5.065955702  2.458325984 11.002567352  9.760855978  7.841612648  1.429476882 13.648648901
[477]  4.227258225 11.845553324 11.606816540 11.428121228  9.907155658  8.207958208 12.392350274
[484]  8.876679560  3.084414780  8.839698502 13.725760582  1.134265304 13.086872256  7.214321318
[491]  3.613933666  7.136587015  9.532868223  5.105736581 13.135971709  7.540068494 11.599223680
[498]  7.305484560 11.971516076 11.090033703  9.992143243  8.688237352  0.009585267  9.384161145
[505]  0.042485743 12.903182226  8.523037261  7.437145439  5.155577843  9.090289883  8.455074226
[512] 11.771672892  5.117024582  9.460107817  8.580393467 10.763808963  7.472708060  3.635482721
[519]  4.633408702  3.900355433 11.537765132  8.260738442  7.490086026  0.468018102  4.315949060
[526] 11.333748058  6.912414903  6.346052436  5.478585702 11.448253319 11.586220717  9.590189822
[533]  0.611988088  5.549185355  7.912860038  6.805970422  0.406155815 11.028936889  8.034071452
[540] 10.732956662  5.035644989  4.652800719  3.992062875  9.633974922 10.348820916 11.011090863
[547]  3.001108925  5.228739790  9.283499132  6.263283948 10.163013220  5.774043600  8.018952845
[554]  6.496882783  7.304168878 10.308085562  8.498095116  6.694053964  3.802259260  0.021534463
[561] 10.043695598  8.283101449  6.036870179  1.956775895  0.105667061  7.009270532  2.511094530
[568]  8.626968755  9.582600397  9.147886873  3.772163145  8.134067303  4.223795440  6.689847097
[575]  7.108654851  7.130935486  7.965810622  7.353119219  3.898567492  5.174309970  6.767008772
[582]  8.651356292  3.182710563  2.530254149  2.906321338  8.799032553  7.611092048  8.469490213
[589]  5.787900556  2.394756745  6.053560425  7.258965764  4.276520532  4.030014264  3.853338870
[596]  2.600701834  6.522337426  8.452496594  3.743780788  4.605486092  7.042370879  8.459879257
[603]  1.193235380  5.699100034  4.166796791  8.175988893  1.123775472  3.220963850  4.982851865
[610]  3.629280751  0.162097252  3.035686370  4.740097182  5.150648342  0.229963869  7.380867209
[617]  7.932681675  6.189707166  7.852247450  6.800157833  2.987904630  1.053423115  2.665047480
[624]  0.240416101  3.030298658  7.339495044  0.067769977  7.033408492  1.471338433  1.263966503
[631]  6.854117936  7.402597424  6.518654904  5.706895878  3.559896052  4.834693554  1.666900521
[638]  6.022080025  3.524723887  2.639601832  4.423104499  4.908936066  6.992306023  3.625347238
[645]  3.608517415  1.899999213  1.213442459  3.153578144  5.939066723  2.251850309  1.994725152
[652]  0.724791198  4.050579291  5.058540438  0.200367253  1.952768881  5.809576483  0.817929506
[659]  4.194163166  6.148702724  5.156566200  2.549321823  4.928551554  3.943855531  2.618251080
[666]  2.671361990  1.061025642  5.123259458  0.370448249  1.362608280  0.293445503  2.624451604
[673]  3.784067958  3.143159199  3.745334986  3.069885046  3.589308072  1.189889313  2.016677672
[680]  0.676526082  4.162451703  2.430310160  4.149501614  4.822953943  0.945652456  4.468841504
[687]  4.364637821  4.282764868  2.731679820  2.134775344  2.433185532  1.735308819  1.489930215
[694]  3.581095078  1.015727386  3.044298128  2.605070276  1.543005065  2.455517685  0.025963084
[701]  1.670108668  2.751710802  0.942570128  2.319396649  3.388332217  2.774899058  0.587620926
[708]  3.159729914  0.252844364  0.249224919  0.534380697  1.820512526  1.164014964  2.266523960
[715]  2.470894034  0.457263705  1.089822940  1.577595993  0.271757942  0.204345305  0.339766418
[722]  0.713234302  0.697172087  0.199190582  0.183337688

$PAR
  [1]  NA   1   1   2   2   2   2   3   3   3   3   3   3   3   4   4   5   5  17  17  17  17  18
 [24]  18   6   6  15  23  23  23  23  28  28  28  28  28  28  28  32  32  32  32  27  27  27  24
 [47]  24  24  24  24  24  39  39  39  39  39  39  39  29  29  29  43  43  43  43  43  43  43  40
 [70]  46  46  46  46  46  46  46  16  16  16  77  47  47  47  47  47  47  30  30  42  42  42  42
 [93]  42  31  53  70  26  26  26  26  26  26  71  71  71  71  69  69  96  96  96  96  96  96  96
[116]  96  95  81  81  81   8   8  89  89  89  89  89  89 117 109 109 109 109 109 109 109 110 110
[139] 110 107 107 107 107 107  90  90  90   9  49  49  49  49 130 130  10  10  10  10  10  78  78
[162]  60  60 155 155 155 155 155 140 140 140 140 140  11  11  72  72  72  72 111 111 111 153 153
[185] 153  82  82  82  82  82  82  79  44  44 183 183 183 154 154 154 154  88 123 123 176 176 176
[208]  20  20 169 169 169 124  98  98 131 131 156 156 156 118 118 118 192 192 203 203 203 203 203
[231] 203 208 208 208 208 208 208 208  83  83  83  61 149 149 149 216 216  33  33  99  12  12 195
[254] 195 195 195 232  54  54  54 122 258 258 243 243 243 243  63  63  63  63  63 204 204 204 132
[277]  34  50 100 277 277 277 277 228  35  35  35 251 284 284 242 157 157  21  21 184 177 177 150
[300]  84  84 217 214  55  55  55  55 296 268 133 138 138 261 269 269 269 269 108 108 108 178 290
[323] 290 290 186 186 282 282 282 282 282 282 193 193 193  64  64 125 125 276 276 276 300 300 300
[346] 187 198 198 198 279 326 326 326 326 343 343 205 205 264 264 311  65  65 301 301 301 221 297
[369] 327 327 328 328 328 362 362 175 175 175 112 179 179 363 340 340 322 229 126 359 359 323 323
[392] 188 188 188 188 319 319 319 134 134 341 341 305 305 200 200 200 336 336 135 244 244 408 408
[415] 146 146 253 346 346 346 346 313 274 274 274 274 418 418 418 392  66 410 423 423 423 423 386
[438]  75  75 411 283 283 283 167 167 413 413 172 172 172 422 422 422 422 422 433 105 151 119 371
[461] 136 136 136 364 364 364 364 376 376 376 376 245 245 245  85 403 286 207 207 207 207 329 344
[484] 344 344  80 259 287 347 347 347 351 427 427 487 487 127 127 338 401 401 401 401 434 434 209
[507] 209 209 209 412 101 489 380 357 444 377 457 457  45 483 148 148 249 249 299 387  56  56  56
[530] 384 225 225 225 478 479 479 479 497 531 116 345 530 480 526 139 464 464 235 546 546 472 472
[553] 409 409 441 181 516 516 353 353 458 458 348 348 348 385 385 545 556 556 556 551 451 452 354
[576] 561 481 481 158 320 337 544 544 544 493 514 514 462 462 333 270 349 570 570 570 570 510 246
[599] 393 484 486 189 586 194 568 515 173 507 588 602 602 598 562 219 247 572 539 316 468 617 617
[622] 617 391 469 459 437 398 587 587 587 496 143 523 578 578 626 626 498 498 498 555  67 447 490
[645] 490 374 374 372 566 643  38  38 415 278 631 536 574 266 339 633 633 554 211 365 550 404 563
[668] 638 358  86 291 534 197 197 548 548 580 580 661 661 182 182 494 609  76 382 642 519 686 525
[691] 688 477 605 683 653 255 255 252 543 579 271 595 673 675 599 302 639 416 389 608 583 648 676
[714] 696 463 584 691 704 651 637 718 630 630 658 723

$EXTANT
  [1] FALSE FALSE  TRUE FALSE FALSE FALSE FALSE FALSE  TRUE  TRUE FALSE  TRUE FALSE  TRUE FALSE
 [16] FALSE  TRUE FALSE FALSE  TRUE FALSE  TRUE FALSE FALSE FALSE FALSE FALSE FALSE  TRUE FALSE
 [31]  TRUE FALSE FALSE  TRUE FALSE FALSE  TRUE  TRUE  TRUE FALSE FALSE FALSE  TRUE  TRUE  TRUE
 [46] FALSE FALSE FALSE  TRUE  TRUE  TRUE FALSE FALSE  TRUE  TRUE  TRUE FALSE  TRUE FALSE  TRUE
 [61] FALSE FALSE  TRUE FALSE  TRUE  TRUE  TRUE  TRUE FALSE FALSE  TRUE FALSE FALSE FALSE  TRUE
 [76]  TRUE FALSE FALSE FALSE  TRUE  TRUE  TRUE  TRUE FALSE  TRUE FALSE FALSE FALSE  TRUE  TRUE
 [91] FALSE  TRUE FALSE  TRUE FALSE  TRUE  TRUE  TRUE  TRUE FALSE  TRUE  TRUE FALSE FALSE  TRUE
[106] FALSE  TRUE FALSE FALSE  TRUE  TRUE  TRUE FALSE FALSE  TRUE FALSE FALSE  TRUE FALSE  TRUE
[121] FALSE FALSE FALSE FALSE FALSE  TRUE FALSE  TRUE FALSE  TRUE FALSE FALSE FALSE  TRUE FALSE
[136]  TRUE FALSE  TRUE  TRUE  TRUE FALSE FALSE  TRUE  TRUE FALSE  TRUE  TRUE FALSE  TRUE  TRUE
[151]  TRUE  TRUE  TRUE  TRUE FALSE  TRUE  TRUE FALSE  TRUE FALSE FALSE FALSE  TRUE FALSE FALSE
[166] FALSE FALSE  TRUE  TRUE FALSE FALSE  TRUE  TRUE  TRUE  TRUE  TRUE  TRUE FALSE  TRUE FALSE
[181] FALSE  TRUE  TRUE FALSE  TRUE FALSE  TRUE  TRUE  TRUE  TRUE  TRUE  TRUE  TRUE  TRUE  TRUE
[196] FALSE  TRUE FALSE FALSE  TRUE FALSE FALSE  TRUE  TRUE  TRUE FALSE  TRUE  TRUE  TRUE  TRUE
[211]  TRUE FALSE FALSE  TRUE  TRUE FALSE  TRUE FALSE  TRUE  TRUE  TRUE  TRUE  TRUE FALSE  TRUE
[226] FALSE FALSE FALSE FALSE FALSE  TRUE  TRUE FALSE  TRUE  TRUE FALSE FALSE  TRUE FALSE  TRUE
[241]  TRUE  TRUE  TRUE FALSE FALSE FALSE  TRUE FALSE  TRUE  TRUE  TRUE  TRUE  TRUE  TRUE  TRUE
[256]  TRUE FALSE FALSE  TRUE FALSE FALSE  TRUE  TRUE  TRUE  TRUE  TRUE FALSE FALSE  TRUE  TRUE
[271]  TRUE  TRUE FALSE  TRUE  TRUE FALSE  TRUE  TRUE FALSE FALSE FALSE  TRUE  TRUE FALSE  TRUE
[286]  TRUE  TRUE  TRUE FALSE FALSE  TRUE FALSE  TRUE  TRUE  TRUE FALSE  TRUE  TRUE  TRUE  TRUE
[301]  TRUE  TRUE FALSE FALSE  TRUE  TRUE  TRUE  TRUE FALSE FALSE FALSE  TRUE  TRUE FALSE  TRUE
[316] FALSE  TRUE FALSE FALSE  TRUE  TRUE  TRUE FALSE  TRUE FALSE FALSE  TRUE  TRUE  TRUE  TRUE
[331]  TRUE  TRUE  TRUE FALSE  TRUE FALSE  TRUE FALSE  TRUE  TRUE FALSE  TRUE  TRUE FALSE FALSE
[346]  TRUE  TRUE  TRUE  TRUE FALSE FALSE FALSE  TRUE  TRUE  TRUE FALSE FALSE  TRUE  TRUE  TRUE
[361]  TRUE  TRUE  TRUE  TRUE  TRUE  TRUE  TRUE  TRUE  TRUE FALSE  TRUE  TRUE  TRUE  TRUE  TRUE
[376]  TRUE FALSE  TRUE  TRUE  TRUE  TRUE  TRUE FALSE  TRUE  TRUE  TRUE FALSE  TRUE  TRUE FALSE
[391]  TRUE  TRUE FALSE FALSE  TRUE FALSE  TRUE  TRUE  TRUE  TRUE  TRUE  TRUE FALSE  TRUE  TRUE
[406]  TRUE  TRUE FALSE FALSE  TRUE FALSE FALSE FALSE  TRUE  TRUE  TRUE  TRUE  TRUE  TRUE  TRUE
[421]  TRUE  TRUE FALSE  TRUE FALSE  TRUE FALSE  TRUE  TRUE  TRUE  TRUE  TRUE  TRUE  TRUE FALSE
[436] FALSE  TRUE  TRUE  TRUE  TRUE  TRUE  TRUE  TRUE  TRUE  TRUE  TRUE  TRUE  TRUE FALSE  TRUE
[451]  TRUE  TRUE  TRUE FALSE  TRUE  TRUE  TRUE  TRUE  TRUE FALSE  TRUE  TRUE  TRUE  TRUE  TRUE
[466] FALSE  TRUE FALSE  TRUE  TRUE  TRUE  TRUE FALSE  TRUE  TRUE FALSE  TRUE  TRUE  TRUE  TRUE
[481]  TRUE  TRUE  TRUE FALSE  TRUE  TRUE FALSE  TRUE  TRUE  TRUE  TRUE  TRUE  TRUE  TRUE  TRUE
[496]  TRUE  TRUE  TRUE  TRUE  TRUE FALSE  TRUE  TRUE FALSE  TRUE FALSE  TRUE  TRUE  TRUE  TRUE
[511]  TRUE FALSE  TRUE  TRUE FALSE  TRUE FALSE  TRUE  TRUE  TRUE FALSE  TRUE  TRUE  TRUE  TRUE
[526] FALSE FALSE  TRUE  TRUE FALSE  TRUE  TRUE  TRUE  TRUE  TRUE  TRUE  TRUE FALSE  TRUE  TRUE
[541]  TRUE  TRUE  TRUE  TRUE FALSE  TRUE  TRUE FALSE  TRUE  TRUE FALSE  TRUE  TRUE  TRUE  TRUE
[556]  TRUE FALSE  TRUE FALSE  TRUE  TRUE  TRUE  TRUE FALSE  TRUE  TRUE  TRUE  TRUE  TRUE  TRUE
[571]  TRUE  TRUE FALSE  TRUE FALSE  TRUE FALSE  TRUE  TRUE  TRUE  TRUE FALSE  TRUE  TRUE  TRUE
[586]  TRUE  TRUE  TRUE  TRUE  TRUE  TRUE  TRUE FALSE  TRUE  TRUE  TRUE  TRUE  TRUE  TRUE FALSE
[601]  TRUE  TRUE  TRUE FALSE  TRUE FALSE  TRUE  TRUE  TRUE  TRUE  TRUE  TRUE FALSE  TRUE  TRUE
[616]  TRUE  TRUE FALSE FALSE FALSE FALSE  TRUE FALSE  TRUE  TRUE  TRUE  TRUE  TRUE  TRUE  TRUE
[631]  TRUE FALSE  TRUE FALSE  TRUE  TRUE  TRUE  TRUE  TRUE  TRUE  TRUE  TRUE  TRUE  TRUE  TRUE
[646]  TRUE  TRUE  TRUE  TRUE  TRUE  TRUE  TRUE  TRUE  TRUE  TRUE FALSE  TRUE  TRUE  TRUE  TRUE
[661]  TRUE  TRUE  TRUE  TRUE  TRUE  TRUE  TRUE  TRUE  TRUE  TRUE  TRUE  TRUE  TRUE FALSE  TRUE
[676]  TRUE  TRUE  TRUE  TRUE FALSE  TRUE  TRUE  TRUE  TRUE  TRUE FALSE  TRUE  TRUE  TRUE  TRUE
[691]  TRUE FALSE  TRUE  TRUE  TRUE  TRUE  TRUE  TRUE  TRUE  TRUE  TRUE  TRUE  TRUE  TRUE  TRUE
[706]  TRUE  TRUE  TRUE  TRUE  TRUE  TRUE  TRUE  TRUE  TRUE  TRUE  TRUE  TRUE  TRUE  TRUE  TRUE
[721]  TRUE  TRUE  TRUE  TRUE  TRUE

