
Birth-death simulation object with 691 species and 500 extant species

Details for some species:

Extinction times (NA means extant)
[1] 23.91799       NA 47.90539 48.41683       NA 13.60521


Speciation times 
[1] 127.92921  83.79547  68.84100  66.18742  58.22629  31.46534


Species parents (NA for initial)
[1] NA  1  1  1  1  1


Species status (extinct or extant)
[1] "extinct" "extant"  "extinct" "extinct" "extant"  "extinct"


For more details on vector y, try sim$y, with y one of
TE TS PAR EXTANT



$TE
  [1] 23.91799088          NA 47.90539225 48.41682991          NA 13.60520881 39.27012654
  [8] 74.29080348          NA          NA 29.46093158 35.01604449          NA 29.67665101
 [15] 24.41326116          NA  8.56173434 23.81642732 45.37647201 44.81958411 47.17821675
 [22] 48.95216988          NA  4.87686669 28.28886801          NA          NA          NA
 [29]          NA          NA  6.05301879          NA 35.15730891 38.24261374          NA
 [36]          NA          NA 35.69704264 39.71399567 52.13951331 40.66321239 21.91274679
 [43]          NA          NA 31.56858749 46.11746193          NA 33.27537636          NA
 [50] 23.58166548  9.37404820 39.33490191 21.70883551          NA  1.66104679          NA
 [57] 21.39459408 31.94542765          NA          NA          NA          NA          NA
 [64]          NA 22.10596661          NA          NA  2.20779844          NA          NA
 [71]          NA 25.04611194 28.58677833 36.73639009          NA          NA  0.56449983
 [78]          NA  6.46957460          NA 39.98575142 21.25297261 20.99416795          NA
 [85] 33.80037411 16.64600638          NA          NA          NA  7.60805029          NA
 [92]          NA 33.79701305          NA          NA          NA          NA  6.72722812
 [99]          NA          NA          NA          NA 13.52786926          NA          NA
[106]          NA  7.16655037 32.20371582 18.02418771 13.84881963          NA 23.18581695
[113]          NA          NA  4.10613127 17.03029731 24.71376616          NA          NA
[120]          NA          NA  4.20348669 33.48898942          NA          NA          NA
[127] 18.82774958          NA  8.63528884          NA  0.18218851          NA          NA
[134]  0.73901726          NA 28.16193097          NA 18.93822839 13.13290407          NA
[141]          NA 19.21317530          NA 14.75984059          NA 16.44767885 13.84327587
[148]          NA  7.42133143          NA          NA          NA          NA          NA
[155]          NA          NA 23.42351681          NA          NA 15.19037793 25.88578636
[162] 17.59626057          NA          NA          NA          NA  0.47502249          NA
[169] 14.42307455 22.38917486          NA          NA 14.94506000          NA 28.68714538
[176]  0.82855121          NA          NA          NA  5.31039900          NA 29.93682033
[183] 12.22151448 22.07294284          NA  3.12909069          NA  8.15436041          NA
[190]  2.96289098  7.40713132  2.29672122          NA 14.64967421          NA 16.69972954
[197]          NA 10.72360643  5.79869035          NA  7.46551285          NA          NA
[204]          NA          NA 11.14483189          NA          NA  2.32459134          NA
[211]          NA          NA  7.36636446          NA          NA          NA  4.50513970
[218] 14.66559164          NA          NA          NA          NA          NA          NA
[225]  3.88315045          NA 13.73579808          NA          NA 15.99032889          NA
[232]          NA          NA  1.28164227          NA 11.79899709          NA  1.03480415
[239]  6.39307232          NA          NA          NA          NA          NA          NA
[246]          NA          NA          NA  1.75864542          NA  0.06074413          NA
[253]  0.22575512          NA          NA          NA          NA  6.74347014          NA
[260]  9.35063147  1.14461254          NA          NA  0.27123204          NA          NA
[267]          NA  4.83155961  0.56093659          NA          NA          NA 12.09635621
[274]          NA          NA          NA          NA          NA          NA  8.96877631
[281]          NA  7.69695243          NA  4.63922126  7.49400495          NA  4.37404318
[288]          NA          NA  1.43975240  3.07044969          NA          NA          NA
[295]          NA  1.74669348          NA          NA          NA          NA          NA
[302]          NA          NA          NA          NA          NA  5.14042898          NA
[309]          NA  3.66020273  1.65495731  0.82560939          NA          NA          NA
[316]          NA          NA          NA          NA 19.78099950          NA          NA
[323]          NA          NA          NA  2.25062520          NA          NA 11.54226818
[330]          NA          NA  5.60539175          NA  8.24165819          NA          NA
[337]  5.86421945 14.36119302          NA          NA          NA          NA  1.30220975
[344]          NA          NA          NA          NA          NA          NA          NA
[351]  5.73120312 10.60614077          NA          NA          NA          NA          NA
[358]          NA  7.65482069          NA          NA          NA          NA          NA
[365]          NA          NA 11.39521162  8.33304562          NA          NA  2.26081474
[372]          NA          NA          NA          NA          NA  7.50907898          NA
[379]          NA 12.77026808  7.90834934          NA          NA  1.34798349          NA
[386]          NA          NA          NA          NA          NA          NA          NA
[393]          NA          NA          NA  9.24664803          NA          NA          NA
[400]          NA          NA  0.89558010          NA          NA          NA          NA
[407]          NA          NA          NA          NA          NA 13.60293266          NA
[414]  8.21136373  5.79091457          NA  7.17093226          NA  0.27044278  4.50890288
[421]          NA          NA          NA          NA          NA          NA          NA
[428]          NA          NA          NA          NA          NA  1.41764222          NA
[435]          NA          NA          NA          NA          NA          NA          NA
[442]          NA          NA          NA          NA          NA          NA          NA
[449]          NA          NA          NA          NA          NA          NA          NA
[456]          NA          NA          NA          NA  3.23805922          NA          NA
[463]          NA          NA          NA  1.03378322          NA          NA 11.92912175
[470]          NA          NA          NA          NA  3.14715298          NA          NA
[477]          NA 11.94210766  3.91115423          NA          NA          NA  9.40938132
[484]  9.98269669          NA          NA          NA          NA          NA          NA
[491]          NA          NA          NA          NA  8.74936816          NA          NA
[498]          NA          NA          NA          NA          NA          NA          NA
[505]          NA          NA          NA          NA          NA          NA          NA
[512] 10.89723717          NA  9.60275267  3.44881864          NA          NA  6.12142146
[519]          NA          NA          NA          NA          NA          NA          NA
[526]          NA  8.97041668          NA          NA          NA          NA          NA
[533]  7.38104978          NA          NA  0.44678556          NA          NA          NA
[540]          NA          NA          NA          NA          NA          NA          NA
[547]          NA          NA          NA  1.17193354          NA          NA  0.98178219
[554]          NA          NA          NA          NA          NA  3.07789057          NA
[561]          NA          NA          NA          NA          NA          NA          NA
[568]          NA          NA          NA  1.80148838  1.35102209  1.72228586          NA
[575]          NA          NA          NA          NA          NA          NA          NA
[582]          NA          NA  2.46977097  6.87180017          NA          NA          NA
[589]  1.70536228          NA          NA          NA          NA          NA          NA
[596]          NA          NA  4.06699476          NA          NA  0.21421370  5.42837750
[603]          NA          NA          NA          NA          NA          NA          NA
[610]          NA          NA          NA          NA          NA          NA          NA
[617]          NA          NA          NA          NA          NA  2.32844974          NA
[624]          NA          NA          NA  4.97652480          NA          NA          NA
[631]          NA          NA          NA          NA          NA          NA          NA
[638]          NA          NA          NA          NA          NA          NA          NA
[645]  0.30091519  0.08358030          NA          NA          NA          NA          NA
[652]          NA          NA          NA          NA          NA          NA          NA
[659]          NA          NA          NA          NA          NA          NA          NA
[666]          NA          NA          NA          NA          NA          NA          NA
[673]          NA          NA          NA          NA          NA          NA          NA
[680]          NA          NA          NA          NA          NA          NA          NA
[687]          NA          NA          NA          NA          NA

$TS
  [1] 1.279292e+02 8.379547e+01 6.884100e+01 6.618742e+01 5.822629e+01 3.146534e+01 7.809648e+01
  [8] 7.542731e+01 5.502605e+01 5.070409e+01 4.331547e+01 4.064989e+01 3.879772e+01 3.045621e+01
 [15] 2.621101e+01 2.518827e+01 8.686790e+00 6.080376e+01 5.572311e+01 5.108984e+01 5.022569e+01
 [22] 4.904442e+01 5.868013e+01 4.688720e+01 3.418636e+01 2.510450e+01 3.437504e+01 3.168154e+01
 [29] 2.940591e+01 1.757877e+01 9.094232e+00 7.580788e+00 5.708765e+01 4.081487e+01 9.574689e+00
 [36] 2.578640e+00 2.091160e+00 5.295377e+01 4.956288e+01 5.225793e+01 4.269140e+01 4.099797e+01
 [43] 4.085660e+01 3.549109e+00 4.844148e+01 4.774464e+01 4.311458e+01 3.833077e+01 4.552557e+01
 [50] 2.497042e+01 4.907031e+01 4.252962e+01 4.446126e+01 2.654648e+01 2.384028e+01 1.198898e+01
 [57] 3.806034e+01 3.620455e+01 3.834471e+01 2.431521e+01 2.150414e+01 1.593786e+01 1.102472e+01
 [64] 5.371837e+00 3.082647e+01 2.876787e+01 1.714180e+01 8.673119e+00 4.503976e+00 3.600812e+01
 [71] 3.458290e+01 4.253226e+01 4.241310e+01 3.874802e+01 1.817153e+01 1.607269e+01 1.501762e+01
 [78] 1.322547e+01 1.053202e+01 3.412537e+01 4.106937e+01 3.509369e+01 2.195912e+01 3.784357e+01
 [85] 3.582414e+01 3.500595e+01 3.158435e+01 2.752843e+01 2.425507e+01 2.413970e+01 2.004250e+01
 [92] 3.824341e+01 3.768455e+01 5.018481e+00 3.711639e+00 8.396598e-01 3.688480e+01 3.249748e+01
 [99] 3.038451e+01 2.150092e+01 1.492289e+01 3.358916e+01 1.742527e+01 1.046005e+01 2.463738e+00
[106] 1.070929e+00 3.703535e+01 3.489293e+01 3.313080e+01 2.968307e+01 2.651500e+01 3.174062e+01
[113] 2.360898e+01 1.186824e+01 1.849532e+01 2.956041e+01 2.911620e+01 2.704579e+01 2.414167e+01
[120] 6.438041e+00 6.053481e+00 3.522543e+01 3.456453e+01 2.829058e+01 1.019029e+01 5.627839e-01
[127] 2.690712e+01 2.449860e+01 1.914478e+01 1.318019e+01 5.633080e+00 3.479581e+01 3.297519e+01
[134] 2.714946e+01 3.145399e+01 2.904826e+01 2.523352e+01 2.197214e+01 2.758190e+01 5.431758e+00
[141] 3.078283e+01 2.966363e+01 2.198367e+01 1.828132e+01 3.441819e+00 2.059711e+01 3.285634e+01
[148] 3.199198e+01 1.466690e+01 1.196493e+01 8.507985e+00 4.459153e+00 1.348125e+01 8.218082e+00
[155] 5.323120e+00 2.548430e+01 2.681795e+01 2.348589e+01 1.288574e+01 2.176062e+01 2.641143e+01
[162] 1.921328e+01 8.554664e+00 2.502591e+01 2.353873e+01 2.103656e+01 1.019248e+01 9.001951e+00
[169] 2.243068e+01 2.948907e+01 5.947437e-02 2.409801e+01 1.931608e+01 1.406572e+01 3.131818e+01
[176] 2.067645e+01 2.428582e+01 2.743464e+01 2.577096e+01 1.781737e+01 5.305835e+00 3.009462e+01
[183] 1.829193e+01 2.266980e+01 1.733339e+01 1.372611e+01 1.102663e+01 9.487251e+00 1.346810e+00
[190] 2.846150e+01 2.836355e+01 2.538797e+01 1.905615e+01 1.657081e+01 8.231633e+00 2.644166e+01
[197] 7.917608e+00 1.804640e+01 1.446358e+01 1.996495e+01 1.187340e+01 9.441513e+00 6.898813e-02
[204] 2.452137e+01 2.141250e+01 1.868543e+01 1.693995e+01 1.645267e+01 2.635641e+01 1.646250e+01
[211] 7.451668e+00 2.194029e+01 2.094239e+01 5.970977e+00 2.587880e+01 2.475775e+01 2.224556e+01
[218] 1.586756e+01 8.627057e+00 6.500807e-01 5.297257e-01 2.359569e+01 1.882367e+01 6.657807e+00
[225] 6.341550e+00 2.450677e+01 2.259422e+01 1.888111e+01 2.797527e+00 2.627043e+01 2.274096e+01
[232] 8.007400e+00 7.978155e+00 7.214600e+00 2.378391e+01 2.362734e+01 9.181385e-01 2.289157e+01
[239] 1.200320e+01 2.400863e+01 1.192927e+01 1.159284e+01 1.067836e+01 2.104706e+01 1.125514e+01
[246] 9.145421e+00 2.353302e+01 2.303681e+01 1.399533e+01 1.248501e+01 1.331926e-01 2.128236e+01
[253] 4.844231e+00 1.628291e+01 1.525890e+01 6.762626e+00 1.042524e+01 1.500299e+01 1.250097e+01
[260] 1.270785e+01 2.226002e+00 1.409907e+01 9.745506e+00 7.614613e+00 1.315890e+00 2.250797e+01
[267] 2.272179e+01 1.265915e+01 1.147435e+01 6.805130e+00 1.525724e+01 2.017925e+01 1.313927e+01
[274] 3.298621e+00 1.808882e+01 4.678687e+00 2.209906e+01 8.775401e+00 3.979290e+00 1.020124e+01
[281] 1.716669e+00 1.706422e+01 2.243811e+01 2.042553e+01 1.921502e+01 1.483537e+01 8.616309e+00
[288] 7.196561e+00 1.247030e+01 2.161420e+01 2.042728e+01 1.764930e+01 1.662103e+01 4.927971e+00
[295] 1.385114e+01 5.307795e+00 1.341399e+01 8.304230e+00 7.489628e+00 2.813999e+00 2.045344e+00
[302] 1.088755e+00 1.743566e+01 5.172773e+00 2.259137e+00 2.011776e+01 1.564261e+01 1.867164e+01
[309] 1.489276e+01 2.145626e+01 1.692082e+01 4.128602e+00 6.196553e-01 1.566833e+01 1.570739e+01
[316] 8.765908e+00 1.651358e+01 1.236617e+01 1.037246e+01 1.994622e+01 1.612976e+01 1.112995e+01
[323] 9.982584e+00 8.552346e+00 1.136167e+00 2.458399e+00 1.411474e-01 5.494444e+00 1.240343e+01
[330] 1.070412e+01 2.690900e+00 2.061681e+01 2.754350e+00 1.741202e+01 1.096745e+01 4.072720e+00
[337] 1.046608e+01 1.586468e+01 1.207005e+01 8.860334e+00 1.768903e+01 6.793243e+00 1.662897e+01
[344] 1.397824e+01 1.644963e+01 1.660142e+01 1.539139e+01 1.492676e+01 1.156316e+01 1.460875e+01
[351] 1.018033e+01 1.871274e+01 1.006509e+01 1.811644e+01 1.255573e+01 7.442107e+00 1.870554e+01
[358] 1.536751e+01 1.466479e+01 9.372663e+00 9.038352e+00 2.129908e+00 1.422658e+01 9.268918e+00
[365] 1.255455e+01 1.859977e+01 1.398995e+01 1.108124e+01 1.300088e+00 4.364030e+00 1.446722e+01
[372] 1.269239e+01 1.049941e+01 1.034492e+01 4.199581e+00 2.557184e+00 1.112911e+01 5.805465e+00
[379] 1.037052e+01 1.662952e+01 1.442396e+01 1.045494e+01 1.377728e+01 1.244384e+01 9.263934e+00
[386] 1.193008e+01 4.895848e+00 7.886681e+00 7.805796e+00 1.431512e+01 1.241200e+01 1.412877e+01
[393] 9.783768e+00 2.923192e+00 8.126299e-01 1.327712e+01 7.860884e+00 1.590926e+00 7.912139e+00
[400] 6.543883e-01 1.520088e+01 6.578352e+00 3.399173e+00 1.466198e+01 1.138082e+01 2.861488e+00
[407] 6.485809e-01 2.853862e-01 5.686625e+00 1.260184e+00 4.655419e+00 1.554800e+01 1.485644e+01
[414] 1.351384e+01 9.257380e+00 1.525666e+01 1.248691e+01 1.016874e+01 1.185428e+01 7.254564e+00
[421] 2.742361e+00 2.447990e+00 1.346286e+00 1.492475e+01 4.896204e+00 8.532165e+00 5.964620e+00
[428] 4.416601e+00 8.635635e-01 1.069958e+01 5.740116e+00 9.549076e+00 6.556826e+00 4.028899e+00
[435] 7.102266e+00 1.685724e+00 1.339117e+01 7.963288e+00 5.397209e-03 6.027982e+00 3.976901e+00
[442] 3.948677e+00 6.864327e+00 1.385073e+01 8.720076e+00 7.355431e+00 1.318414e+01 1.178779e+01
[449] 1.032769e+01 7.270753e+00 7.883265e+00 2.272064e+00 1.323025e+01 6.774988e+00 7.530811e+00
[456] 6.857667e+00 3.657389e-01 7.633270e+00 5.639679e+00 6.483477e+00 1.169711e+01 1.022524e+01
[463] 3.590298e+00 1.643774e+00 9.758173e+00 1.027651e+01 7.313195e+00 3.792209e+00 1.206403e+01
[470] 7.718161e+00 1.242804e+01 2.792534e+00 1.148051e+01 6.917984e+00 4.484791e+00 1.139793e+01
[477] 5.855853e+00 1.284782e+01 1.279461e+01 2.736369e+00 6.623995e-01 4.357478e+00 1.036909e+01
[484] 1.111490e+01 9.768318e+00 1.412773e+00 4.562525e+00 2.662909e-03 1.138403e+01 8.209804e+00
[491] 3.616302e+00 3.165637e+00 6.392551e+00 5.463488e-01 1.084107e+01 1.168894e+01 1.149811e+01
[498] 2.571617e+00 1.485017e+00 1.232067e+00 1.061169e+01 9.753620e+00 9.809914e-01 7.584309e+00
[505] 6.454000e+00 5.978304e+00 5.729834e+00 5.681001e+00 4.916067e+00 9.124277e-01 1.238288e+00
[512] 1.137664e+01 2.298330e+00 9.624409e+00 9.013493e+00 3.858607e+00 1.059330e+01 9.835649e+00
[519] 3.269455e+00 9.764637e+00 1.002969e+01 8.233188e-02 8.899865e+00 7.369474e+00 4.012597e+00
[526] 6.864445e+00 9.086471e+00 1.017451e+01 9.917727e+00 4.629203e+00 1.262824e+00 3.793215e-01
[533] 8.093629e+00 5.289764e+00 7.519063e+00 2.629203e+00 2.932585e+00 2.786008e-01 6.086825e-01
[540] 3.690331e+00 1.194831e+00 9.128621e+00 3.525171e+00 1.000936e+01 9.644355e+00 4.195675e+00
[547] 3.098235e+00 3.628571e-01 6.269985e+00 5.684640e+00 9.697982e-01 6.818739e+00 5.964416e+00
[554] 1.730273e+00 3.173091e+00 7.700637e+00 3.374166e+00 9.323105e-02 9.259575e+00 3.865541e+00
[561] 3.876057e+00 2.182649e-01 9.114316e+00 1.221256e+00 3.888983e+00 2.017477e-01 8.450028e+00
[568] 8.122038e+00 6.461659e+00 7.315048e+00 3.505156e+00 5.100454e+00 5.487091e+00 6.820206e+00
[575] 2.311400e+00 6.590266e+00 2.759377e+00 3.160668e-01 8.398864e+00 6.129525e-01 5.524521e-01
[582] 5.507945e+00 4.359260e+00 5.230922e+00 7.408903e+00 7.672460e+00 7.412550e+00 7.888069e-01
[589] 7.717240e+00 6.538866e+00 1.393406e+00 6.154052e+00 5.517467e+00 5.573568e-01 5.002000e+00
[596] 6.550288e+00 7.182441e+00 4.892860e+00 3.153959e+00 2.829032e+00 5.403216e+00 7.325876e+00
[603] 6.083887e+00 8.845708e-01 4.518439e+00 2.806751e+00 2.283256e-01 2.742198e+00 3.940073e-01
[610] 3.156870e-01 1.242190e+00 2.067981e+00 1.935564e+00 4.110911e+00 2.031391e+00 6.804766e-01
[617] 3.329806e+00 7.977249e-02 3.880757e+00 5.519805e+00 9.834000e-01 3.569017e+00 3.509282e-01
[624] 4.181847e+00 3.179944e+00 4.594302e+00 5.399797e+00 4.090490e+00 3.002863e+00 1.832941e+00
[631] 1.253915e+00 5.216602e+00 5.131852e+00 2.258089e+00 3.720889e+00 2.001941e+00 2.506146e+00
[638] 2.796507e+00 1.429056e+00 2.968029e+00 1.353958e+00 1.988175e+00 2.996599e+00 3.864595e+00
[645] 2.287746e+00 4.373050e+00 2.030094e+00 1.968775e+00 3.562613e+00 3.114689e+00 3.021674e+00
[652] 3.971564e+00 1.091753e+00 5.966857e-01 2.363220e+00 3.129795e+00 2.075056e+00 1.503524e+00
[659] 2.515261e+00 3.470396e-01 2.199032e+00 1.944936e+00 1.808963e+00 5.237034e-01 1.420970e+00
[666] 5.476706e-01 1.279428e+00 1.746011e+00 2.160777e+00 1.135111e+00 2.127106e+00 6.374743e-01
[673] 1.203424e+00 1.051450e+00 8.273244e-01 1.739776e+00 1.336521e+00 1.817298e+00 7.613934e-02
[680] 9.837068e-01 8.035874e-01 1.492817e+00 1.032615e-01 1.226626e+00 2.711038e-01 3.343118e-01
[687] 1.217568e+00 5.031844e-01 2.726274e-01 4.876791e-01 2.320461e-03

$PAR
  [1]  NA   1   1   1   1   1   2   2   2   2   2   2   2   2   2   2   2   7   7   3   3   3  18
 [24]  18  18  18  23  23  23  23  23  23   5   5   5   5   5  33  33  19   9   9   9   9  38  38
 [47]  38  38  20  10  21  39  51  51  51  51  45  45  24  24  24  24  24  24  49  49  49  49  49
 [70]  53  53  11  47  47  47  47  47  47  47  72  73  73  42  43  43  43  43  43  43  43  43  12
 [93]  13  13  13  13  59  59  59  59  59  92  92  92  92  92  57  57  57  57  57  84  84  84 107
[116]  97  97  97  97  97  97  70  70  70  70  70 122 122 122 122 122  82  82  82  86  86  86  86
[139] 132 132  71  71  71  71  71  27  25  80  80  80  80  80 102 102 102 109 133 133 133 147  98
[162]  98  98 148 148 148 148 148  28  87  87   6   6   6 135 135  65 141 141 141 141  99  99 142
[185]  29  29  29  29  29 136  66  66  66  66  66 190 190 191 191 124 124 124 124 139 139 139 139
[208] 139  88  88  88 178 178 178 134 134 134 134 134 118 118  54  54  54  54 111 111 111 111 161
[231] 209 209 209 209 230 215 215 179 179 156 156 156 156 192 192 192 137 137 137 137  16  26  26
[254] 164 164 164 216 226 226  60  60 177 177 177 177  89 119 119 119 119  90 172 172 172 240 240
[277]  55  55  55 235 235 236 113 113 113 113 113 113 222 165 165 165 165 165 247 247 158 248 248
[300] 248 248 248 238 238 238 231 231 267 227 266 266 266 283 217 143 212 160 290 290  61  61  61
[323]  61  61  61 100 100 310 205 205 205 252 252 244 244 244 166 213 213 213 176 176 332 332 146
[346] 291 291 291 291 284 272 306  91 200 200 200 285 285 285 285 193 193 228 228 206 308 308 308
[369] 366 115  75  75 354 354 354 354 275 275 180 341 341 341 292 292 292  30  30 303 303 103 334
[392] 185  67 207 207 380 343 343 293 346 194 317 317 210 210 210 210 210 345 345 254  76  76  76
[415]  62 338 307 307 347 347 347 347 347 358 255 401 401 401 401  77  77 348 101 101 309 309 413
[438] 413 413 286 286 286 404 350 350 350 371 381 381 390 363 363 392 392 262 262 262 174 174 249
[461] 344 344 344 344 444 383 383 186 414 153 297 297 437 437 437  78  78 130 130 159 159 372 268
[484] 355 355 355 259 259 250 250 250 250 384 471 318 150 241 241 241 419 448 448 461 496 496 496
[507] 496 349 473 269 476 489 405 245 322 335 495 330 330 430 243 243 501 501 517 373 337 104 104
[530] 104 104 104 257 257 319 379 374 374 449 466 466 462 462 351 528 418 418 418 353 353 353 544
[553] 544 544 529 393 485 485 520 520 465 432 202 360 385 385 246 246 246 563 563 361 515 168 523
[576] 340 316 445  68 324 426 151 567 579 298 195 195 154 568 232 232 233 233 197 388 389 556 556
[599] 556 586 458  32  32  32 535 587 524 467 450 597 526 443 456 574 574 342 256 256 224 505 120
[622] 549 603 440 440 506 427 553 477 477 378 508 508 508 459 131 593 181 181 572 572 595 294 509
[645] 509 605 475 646 583 583 624 614 336 336 644 468 468 635 540 491 463 557 557 274 599 650 600
[668] 638 421 608 331  36 498 655 655 513  37 615 615 647 636 662 682 665 189 369 631 684 680 654
[691] 690

$EXTANT
  [1] FALSE  TRUE FALSE FALSE  TRUE FALSE FALSE FALSE  TRUE  TRUE FALSE FALSE  TRUE FALSE FALSE
 [16]  TRUE FALSE FALSE FALSE FALSE FALSE FALSE  TRUE FALSE FALSE  TRUE  TRUE  TRUE  TRUE  TRUE
 [31] FALSE  TRUE FALSE FALSE  TRUE  TRUE  TRUE FALSE FALSE FALSE FALSE FALSE  TRUE  TRUE FALSE
 [46] FALSE  TRUE FALSE  TRUE FALSE FALSE FALSE FALSE  TRUE FALSE  TRUE FALSE FALSE  TRUE  TRUE
 [61]  TRUE  TRUE  TRUE  TRUE FALSE  TRUE  TRUE FALSE  TRUE  TRUE  TRUE FALSE FALSE FALSE  TRUE
 [76]  TRUE FALSE  TRUE FALSE  TRUE FALSE FALSE FALSE  TRUE FALSE FALSE  TRUE  TRUE  TRUE FALSE
 [91]  TRUE  TRUE FALSE  TRUE  TRUE  TRUE  TRUE FALSE  TRUE  TRUE  TRUE  TRUE FALSE  TRUE  TRUE
[106]  TRUE FALSE FALSE FALSE FALSE  TRUE FALSE  TRUE  TRUE FALSE FALSE FALSE  TRUE  TRUE  TRUE
[121]  TRUE FALSE FALSE  TRUE  TRUE  TRUE FALSE  TRUE FALSE  TRUE FALSE  TRUE  TRUE FALSE  TRUE
[136] FALSE  TRUE FALSE FALSE  TRUE  TRUE FALSE  TRUE FALSE  TRUE FALSE FALSE  TRUE FALSE  TRUE
[151]  TRUE  TRUE  TRUE  TRUE  TRUE  TRUE FALSE  TRUE  TRUE FALSE FALSE FALSE  TRUE  TRUE  TRUE
[166]  TRUE FALSE  TRUE FALSE FALSE  TRUE  TRUE FALSE  TRUE FALSE FALSE  TRUE  TRUE  TRUE FALSE
[181]  TRUE FALSE FALSE FALSE  TRUE FALSE  TRUE FALSE  TRUE FALSE FALSE FALSE  TRUE FALSE  TRUE
[196] FALSE  TRUE FALSE FALSE  TRUE FALSE  TRUE  TRUE  TRUE  TRUE FALSE  TRUE  TRUE FALSE  TRUE
[211]  TRUE  TRUE FALSE  TRUE  TRUE  TRUE FALSE FALSE  TRUE  TRUE  TRUE  TRUE  TRUE  TRUE FALSE
[226]  TRUE FALSE  TRUE  TRUE FALSE  TRUE  TRUE  TRUE FALSE  TRUE FALSE  TRUE FALSE FALSE  TRUE
[241]  TRUE  TRUE  TRUE  TRUE  TRUE  TRUE  TRUE  TRUE FALSE  TRUE FALSE  TRUE FALSE  TRUE  TRUE
[256]  TRUE  TRUE FALSE  TRUE FALSE FALSE  TRUE  TRUE FALSE  TRUE  TRUE  TRUE FALSE FALSE  TRUE
[271]  TRUE  TRUE FALSE  TRUE  TRUE  TRUE  TRUE  TRUE  TRUE FALSE  TRUE FALSE  TRUE FALSE FALSE
[286]  TRUE FALSE  TRUE  TRUE FALSE FALSE  TRUE  TRUE  TRUE  TRUE FALSE  TRUE  TRUE  TRUE  TRUE
[301]  TRUE  TRUE  TRUE  TRUE  TRUE  TRUE FALSE  TRUE  TRUE FALSE FALSE FALSE  TRUE  TRUE  TRUE
[316]  TRUE  TRUE  TRUE  TRUE FALSE  TRUE  TRUE  TRUE  TRUE  TRUE FALSE  TRUE  TRUE FALSE  TRUE
[331]  TRUE FALSE  TRUE FALSE  TRUE  TRUE FALSE FALSE  TRUE  TRUE  TRUE  TRUE FALSE  TRUE  TRUE
[346]  TRUE  TRUE  TRUE  TRUE  TRUE FALSE FALSE  TRUE  TRUE  TRUE  TRUE  TRUE  TRUE FALSE  TRUE
[361]  TRUE  TRUE  TRUE  TRUE  TRUE  TRUE FALSE FALSE  TRUE  TRUE FALSE  TRUE  TRUE  TRUE  TRUE
[376]  TRUE FALSE  TRUE  TRUE FALSE FALSE  TRUE  TRUE FALSE  TRUE  TRUE  TRUE  TRUE  TRUE  TRUE
[391]  TRUE  TRUE  TRUE  TRUE  TRUE FALSE  TRUE  TRUE  TRUE  TRUE  TRUE FALSE  TRUE  TRUE  TRUE
[406]  TRUE  TRUE  TRUE  TRUE  TRUE  TRUE FALSE  TRUE FALSE FALSE  TRUE FALSE  TRUE FALSE FALSE
[421]  TRUE  TRUE  TRUE  TRUE  TRUE  TRUE  TRUE  TRUE  TRUE  TRUE  TRUE  TRUE FALSE  TRUE  TRUE
[436]  TRUE  TRUE  TRUE  TRUE  TRUE  TRUE  TRUE  TRUE  TRUE  TRUE  TRUE  TRUE  TRUE  TRUE  TRUE
[451]  TRUE  TRUE  TRUE  TRUE  TRUE  TRUE  TRUE  TRUE  TRUE FALSE  TRUE  TRUE  TRUE  TRUE  TRUE
[466] FALSE  TRUE  TRUE FALSE  TRUE  TRUE  TRUE  TRUE FALSE  TRUE  TRUE  TRUE FALSE FALSE  TRUE
[481]  TRUE  TRUE FALSE FALSE  TRUE  TRUE  TRUE  TRUE  TRUE  TRUE  TRUE  TRUE  TRUE  TRUE FALSE
[496]  TRUE  TRUE  TRUE  TRUE  TRUE  TRUE  TRUE  TRUE  TRUE  TRUE  TRUE  TRUE  TRUE  TRUE  TRUE
[511]  TRUE FALSE  TRUE FALSE FALSE  TRUE  TRUE FALSE  TRUE  TRUE  TRUE  TRUE  TRUE  TRUE  TRUE
[526]  TRUE FALSE  TRUE  TRUE  TRUE  TRUE  TRUE FALSE  TRUE  TRUE FALSE  TRUE  TRUE  TRUE  TRUE
[541]  TRUE  TRUE  TRUE  TRUE  TRUE  TRUE  TRUE  TRUE  TRUE FALSE  TRUE  TRUE FALSE  TRUE  TRUE
[556]  TRUE  TRUE  TRUE FALSE  TRUE  TRUE  TRUE  TRUE  TRUE  TRUE  TRUE  TRUE  TRUE  TRUE  TRUE
[571] FALSE FALSE FALSE  TRUE  TRUE  TRUE  TRUE  TRUE  TRUE  TRUE  TRUE  TRUE  TRUE FALSE FALSE
[586]  TRUE  TRUE  TRUE FALSE  TRUE  TRUE  TRUE  TRUE  TRUE  TRUE  TRUE  TRUE FALSE  TRUE  TRUE
[601] FALSE FALSE  TRUE  TRUE  TRUE  TRUE  TRUE  TRUE  TRUE  TRUE  TRUE  TRUE  TRUE  TRUE  TRUE
[616]  TRUE  TRUE  TRUE  TRUE  TRUE  TRUE FALSE  TRUE  TRUE  TRUE  TRUE FALSE  TRUE  TRUE  TRUE
[631]  TRUE  TRUE  TRUE  TRUE  TRUE  TRUE  TRUE  TRUE  TRUE  TRUE  TRUE  TRUE  TRUE  TRUE FALSE
[646] FALSE  TRUE  TRUE  TRUE  TRUE  TRUE  TRUE  TRUE  TRUE  TRUE  TRUE  TRUE  TRUE  TRUE  TRUE
[661]  TRUE  TRUE  TRUE  TRUE  TRUE  TRUE  TRUE  TRUE  TRUE  TRUE  TRUE  TRUE  TRUE  TRUE  TRUE
[676]  TRUE  TRUE  TRUE  TRUE  TRUE  TRUE  TRUE  TRUE  TRUE  TRUE  TRUE  TRUE  TRUE  TRUE  TRUE
[691]  TRUE

