
Birth-death simulation object with 698 species and 500 extant species

Details for some species:

Extinction times (NA means extant)
[1] 32.840454 69.167775        NA 59.984330  4.983645 19.802012


Speciation times 
[1] 79.67645 78.31331 74.09268 67.18377 62.77573 39.46044


Species parents (NA for initial)
[1] NA  1  1  1  1  1


Species status (extinct or extant)
[1] "extinct" "extinct" "extant"  "extinct" "extinct" "extinct"


For more details on vector y, try sim$y, with y one of
TE TS PAR EXTANT



$TE
  [1] 32.84045410 69.16777512          NA 59.98433021  4.98364471 19.80201236 30.32648438
  [8]          NA 41.19879535          NA 27.79463990  6.21315969          NA          NA
 [15]          NA          NA 28.41383093 33.91180262 27.02578934          NA 38.11909414
 [22] 16.88024730  7.34697420 20.57216922 20.06584808 34.63504609          NA 34.18829019
 [29] 19.69403694 24.55687391 20.71377254 35.12485279          NA          NA          NA
 [36]          NA  0.33103752          NA 23.49374542 32.51334894          NA          NA
 [43]          NA          NA          NA 33.46851182 33.14888396          NA 34.75206251
 [50] 36.67909008  7.67185526  6.26085291 20.17951004 42.26830548          NA          NA
 [57]  1.28516863 21.63016242  0.34800315  1.39551866  3.74790781          NA          NA
 [64]          NA 21.77752621 31.96228372 28.93921181          NA          NA  3.33100672
 [71]          NA  3.95663343 31.29372189          NA 10.32177068          NA          NA
 [78]          NA 35.89504213          NA          NA          NA 16.81587158          NA
 [85]          NA  9.88300646          NA 14.68002391  1.84823049  5.32949597          NA
 [92]          NA          NA 22.17188328 13.04062105 35.08822573 15.83123758  0.92529849
 [99]          NA          NA  8.85286012          NA          NA          NA          NA
[106]  8.11698034  7.63696650          NA 26.91303889          NA 28.16202227  6.49341893
[113]          NA          NA 15.71301268          NA 13.78100739  8.43266400          NA
[120]          NA          NA          NA 28.38772231 20.10560771 19.26317538          NA
[127]          NA 28.22701205  8.60630616 14.74034093          NA          NA          NA
[134]          NA          NA          NA 18.81220401  8.31224598          NA          NA
[141]          NA          NA  4.56449020          NA          NA  2.92675946          NA
[148]          NA          NA          NA          NA          NA          NA 22.65949108
[155]  7.23885452 11.70033669          NA          NA          NA          NA 17.77023052
[162] 14.50205028          NA          NA          NA  4.78825654 14.67232970  8.70726173
[169] 10.07764881 12.91589513          NA          NA          NA 25.17436698 13.58708102
[176]          NA          NA          NA  7.42656109 23.96100186  1.91803311          NA
[183] 14.58231862  5.58463311          NA          NA          NA          NA          NA
[190] 22.75993902          NA  4.91261152  3.12110832 25.35606293  0.20929700 15.30194447
[197]          NA 17.74751178          NA  7.84399221          NA          NA  8.15761712
[204] 23.81352186          NA 12.51809545  9.21694866          NA 17.16017944          NA
[211]  9.51304512 12.80701845 24.64569024 17.74411828          NA          NA          NA
[218]          NA  2.00622357 10.92763098 13.40668008          NA          NA  9.01144291
[225]  1.73236192  2.46244826          NA 14.04285244 21.46764973          NA 14.59713358
[232]          NA          NA          NA  2.79532124  7.84271974          NA 13.51435864
[239]          NA          NA          NA          NA  7.81950289          NA  2.09530067
[246]          NA          NA          NA  1.76986605  1.27106779          NA          NA
[253]  8.84323942          NA  0.32205521  4.36719789          NA  8.95088735          NA
[260]          NA  2.32577968          NA          NA  3.84839975          NA          NA
[267]          NA          NA          NA  6.72360637          NA          NA          NA
[274]  7.00872874          NA          NA 10.05818519          NA          NA          NA
[281]          NA          NA 16.94562701 12.43699308          NA          NA 13.71241271
[288]          NA 14.82923173          NA  2.55443615          NA          NA          NA
[295]          NA  8.56195769          NA          NA          NA          NA  3.28771842
[302]  3.73682259          NA          NA  5.44732777  5.62329804          NA          NA
[309]          NA          NA          NA 10.85937912          NA          NA          NA
[316]          NA          NA  6.12176260          NA  4.86110587          NA          NA
[323]          NA          NA          NA          NA  0.09626878  2.77059052          NA
[330]          NA          NA          NA          NA          NA  1.19195770          NA
[337]          NA          NA          NA          NA 14.42996195 14.20510862          NA
[344]          NA          NA          NA          NA          NA 13.42293991          NA
[351]          NA          NA          NA          NA          NA          NA          NA
[358]          NA          NA          NA          NA          NA          NA          NA
[365]          NA          NA          NA  8.92272149          NA          NA          NA
[372]          NA          NA          NA          NA 15.66614262          NA          NA
[379]          NA          NA          NA          NA          NA 11.77544983          NA
[386]          NA          NA          NA          NA          NA          NA          NA
[393]          NA          NA          NA          NA 16.17746674          NA          NA
[400]  3.90275543          NA 10.59424534          NA          NA          NA          NA
[407]          NA  6.72809101  4.06805753 11.46854687  3.53206619          NA          NA
[414]          NA          NA          NA  7.08149623          NA          NA          NA
[421]          NA          NA          NA          NA          NA          NA          NA
[428]          NA          NA          NA          NA  7.64946335          NA          NA
[435]          NA          NA          NA          NA          NA          NA          NA
[442]          NA          NA          NA  0.38921817          NA  4.59635931          NA
[449]  6.24777933          NA  2.22694713          NA          NA          NA          NA
[456]  1.25244181          NA          NA          NA          NA          NA  2.92970834
[463]          NA          NA          NA          NA          NA          NA          NA
[470]          NA  4.42549438          NA          NA          NA          NA          NA
[477]          NA  7.16843545          NA          NA          NA          NA          NA
[484]  3.54531257          NA          NA          NA          NA          NA          NA
[491]          NA  1.18906787          NA          NA          NA  2.90037109          NA
[498]          NA          NA          NA          NA          NA          NA          NA
[505]          NA          NA          NA          NA  0.24244686          NA          NA
[512]          NA          NA          NA          NA          NA          NA          NA
[519]          NA          NA          NA  6.56580272          NA          NA          NA
[526]          NA          NA          NA          NA  1.78910004          NA          NA
[533]          NA          NA          NA  2.00536805          NA          NA          NA
[540]          NA          NA  3.81876759          NA          NA          NA          NA
[547]  2.16993668  1.68753569          NA  2.24595807          NA          NA          NA
[554]  3.96835894          NA          NA          NA          NA          NA          NA
[561]          NA          NA  2.62209253          NA  3.90723055          NA          NA
[568]          NA          NA          NA          NA          NA          NA          NA
[575]          NA          NA          NA          NA          NA          NA          NA
[582]          NA          NA          NA          NA          NA  3.75623834  1.08387094
[589]          NA          NA          NA          NA          NA          NA          NA
[596]          NA          NA          NA          NA          NA          NA          NA
[603]          NA          NA          NA          NA          NA          NA          NA
[610]  0.46035055          NA          NA          NA          NA          NA          NA
[617]          NA          NA          NA          NA          NA          NA  1.55046828
[624]          NA          NA          NA          NA          NA          NA  5.06286881
[631]  2.00306609  3.36457336          NA          NA          NA          NA          NA
[638]          NA          NA          NA          NA          NA          NA          NA
[645]          NA          NA          NA          NA          NA          NA          NA
[652]          NA          NA          NA          NA          NA  2.54323523          NA
[659]          NA          NA          NA          NA          NA          NA          NA
[666]          NA          NA  1.91590070          NA          NA          NA          NA
[673]          NA          NA          NA          NA          NA  2.18605487          NA
[680]          NA          NA          NA          NA          NA          NA          NA
[687]          NA          NA          NA          NA          NA          NA          NA
[694]          NA          NA          NA          NA          NA

$TS
  [1] 79.67644594 78.31331494 74.09267914 67.18376890 62.77573142 39.46043985 58.14605613
  [8] 54.70184765 48.98569309 38.83204532 30.99787452 19.15570049 13.17723966  6.52858067
 [15]  2.67190991  0.26668512 60.66405812 39.93035255 36.23610205 20.02137237 60.55956381
 [22] 34.09453158 59.31192910 38.34175926 54.10771066 51.37152928 50.56272176 42.42505437
 [29] 31.49536416 26.61663802 53.25614100 51.92542486 46.16440144 40.98202017 47.01330382
 [36] 35.85815982 12.08611674 48.62187973 42.99236791 33.07197988 29.17350702 27.39742977
 [43] 26.12042479 26.03800178 21.19092318 52.80539853 33.56799304 37.15445419 49.61224660
 [50] 40.04059000 35.26409904 28.30901372 40.02220057 43.40486741 12.33616828  6.79164060
 [57] 40.65489596 33.32284630 28.67014023 26.02307828 15.96057308 15.55924070  5.32075975
 [64] 45.90761538 45.30376308 44.75885402 42.75113396 39.00149824 33.95401638 18.05653001
 [71] 16.49997102 42.91203549 32.65017271 18.08923056 16.91057303  9.67451114  8.87426158
 [78] 45.14021704 40.78907646 25.98490824 25.91871301 35.54796141 19.28253043  3.47716029
 [85] 38.97304132 29.12521955 42.76047314 20.24630052 19.66771221 18.78840439 12.59128801
 [92]  2.88853453 41.94812961 33.86936994 40.46923986 37.77836451 23.14331878  7.91934551
 [99]  7.77670569 40.00022660 35.09510199 35.24786994 22.95609098 19.17533443 15.59690165
[106] 33.54566671 25.13910873 31.62406250 37.57391841 31.46262130 29.61385385 27.45559242
[113] 16.32684741  8.70913134 25.91734366  8.84658867 31.76552503 24.33045110 18.01350269
[120]  5.93939306 32.88745268 27.05042180 35.14376528 31.00412281 30.13501060 31.90327073
[127] 20.20164295 32.24542430 35.85389569 21.07195875 18.16160150 13.13166194  1.74855981
[134] 35.48327614 34.65170228 25.37854229 23.39006851 22.19033543 20.13442581  2.29903790
[141] 30.50184660 14.08770454  5.30079666  5.13467196  0.63839668 30.61564817  5.04458048
[148] 21.98543388 21.92371792 21.49144007 12.21306716 28.67265952 26.42287333 26.35961794
[155] 22.81561788 11.87197919 11.49665971  0.05917725 32.69472016 28.34355634 30.48009937
[162] 21.43480176 17.67184700  5.97995318  1.53584461 31.99335064 28.32245073 19.59674477
[169] 31.32158125 30.67196217 26.88082875  8.53875820 31.42328514 25.46019801 22.85130872
[176] 19.30780798 27.02212361 11.43228580  9.65408165 29.84082951 29.69902537 24.09397227
[183] 24.13673948 23.23670177 19.72056872 24.84533938 13.76262604  8.21905908  1.44315771
[190] 26.02103763 14.49879572 14.17031793 13.41494721 28.80991747 23.57778943 18.35795163
[197] 28.74936050 23.21742196 21.92931508 19.81381178 16.52903916  6.07473751 30.09132342
[204] 27.69526291 26.02037081 17.00518653 12.53487994 21.06720486 22.38121281 21.64703077
[211] 17.87992579 12.83586466 25.32803857 19.89456573 19.52686249  5.33762107 10.27929414
[218]  5.86272669  3.68067060 11.22227399 22.90329632  8.29019080  5.01756628 14.11124928
[225]  8.32465864  8.23230280  3.41395257 25.63817013 23.63510115 18.48545525 16.32949706
[232] 11.34018404 28.11168664 21.00552136  8.11911364 15.34324556  2.50715044 16.44129714
[239]  9.31593670 12.05844371  1.01367037 23.49975965 21.72911994 15.41115150 10.32108161
[246] 23.96108442 22.77556973 21.83116614  5.26622472 10.05552692  0.61239429 21.46490238
[253] 14.79124135 13.69564675 12.63735452  5.28378454  5.84285163 23.24335501 22.89258924
[260] 18.41559187 15.68015605  6.58414389  5.84976021  4.55201173  3.23649045  0.16879349
[267] 25.37086495  3.55590678  5.50986944 15.94998717 21.56626129  7.93802665  5.92996239
[274] 19.93351286 14.33938790  2.87573444 18.89643787 15.38150741 14.30014535  9.54917609
[281] 17.36133969 22.25808149 21.68215779 18.87676053  5.96063159  2.16188327 19.10411324
[288] 17.98364517 23.36921663 12.94036074 10.62538424 21.19616098 17.71599996 19.59178222
[295]  1.52414552 17.84454052 17.51744620 14.50825549 13.85352007  0.27593321 15.21390797
[302] 11.46381084 10.19144899 17.89792975 16.89972480 13.56413462 18.91658426  5.07519402
[309]  8.76374493 17.35062298 13.71567307 12.20879090 11.57180211  9.43584881  3.90379049
[316] 14.26685994 13.97887666 12.49678219  3.99022606 18.94586395  6.19986117 18.68742450
[323] 16.51654163 15.78736643 15.55180097 13.87246813 12.55663498  6.78870015  5.88698425
[330]  7.30160977  6.83019344 19.31438771 18.57202122 14.48576146 12.43539556 17.51532237
[337] 15.83738829  7.88535866  5.58074910  0.97041599 19.00465164 14.60145390 10.54700902
[344]  6.06379761  1.77186118  4.65667110  4.64302039 14.43385850 14.30513212 12.91871983
[351]  7.58672947 19.40511028 19.23175286 14.57333881  6.43134965 17.12258031  7.69575466
[358] 10.97832189  4.65514335  4.15010822 14.65182250  9.48759778  4.98132193 15.54288013
[365]  6.71066979  1.60122849  1.43856843 11.40969659  3.71738930 11.53175116  9.47607458
[372]  6.61734987  2.93400731 14.90566307  9.23068532 15.69146868 12.19889029 12.40899457
[379] 11.69374826  9.19487653  4.25028880  1.53196674 12.44411508 18.46052945 12.14948856
[386] 11.64652014  9.88462772  8.87693017 17.48930488 15.26587750 11.88777050  8.06823961
[393]  6.90724151  3.21282160 13.99722396  8.03988004 17.27926471 13.42065110 15.18650317
[400] 14.87818353  4.25153934 11.88241347  2.30960612  0.04098921 12.09611265  4.78720377
[407]  1.28632159  9.79543381  9.52748288 13.88985143  8.07499868  1.80762709 12.23478082
[414] 14.91490768  0.74289563  9.83186653 13.58252622 13.22420416 12.32332560  9.79474268
[421]  7.05849290  4.97200179  2.23713204  7.51018276 15.52783966  8.22073103  7.48460790
[428]  5.70503591  9.40551903  8.71781743  8.51286434 10.64265209  0.69106239  5.93048455
[435]  4.53794162  4.15043099 11.87699191 12.74902558  3.17123840 14.45381374  3.77472030
[442]  3.41974662 14.23079323 13.22188049  8.62572176  9.01999959  8.38037282  3.37346991
[449]  7.31259085  0.98265764 10.10103290  2.43468155 11.64283470  9.99150815  9.88746258
[456]  9.02098015  8.04955799  1.09614005  9.79076327  0.80120473 12.83136727  8.31642995
[463] 11.68074847 11.64951112  1.31366660 12.13094526  7.42989902 10.36600538  5.57719737
[470]  4.27837995 10.51128984 10.35739473  0.90700126  3.12877526  5.79204197  3.88352487
[477] 12.86450796  9.24811978  2.16370973  8.19378098  3.23205218  6.44447964  3.85438716
[484]  9.16480937  0.37821107  8.56269256  9.96739523  6.56874873  4.70329504 11.69385705
[491] 10.15980006  2.93736277  2.45149459  5.03968160  3.93511080  3.04807449  2.09104276
[498]  8.37750567  4.26954574  3.84413193 10.89689591 10.45703425  8.49463751  2.34367830
[505]  3.16551782  1.35739394 11.81224536  7.37705436  6.10489533  9.64053794  5.47405863
[512]  1.78264351 11.13242701 10.09963088  1.90734673 11.62001682  7.08149646  3.83984228
[519]  2.55166705  9.10972719  8.68258359  8.22549469  7.79111804  9.81914325  2.21022384
[526]  8.36748523  9.93114696  3.33199958  2.01620657  2.53095000  6.56479197  5.57783942
[533]  5.53214737  4.24828114  5.03445861  2.81126902  4.81500806  4.52912167  4.83598684
[540]  1.31452404  9.01698774  8.26537647  4.50429531  8.75421121  9.45868311  7.06368720
[547]  2.42365591  4.89084537  3.91208639  7.56832380  4.48333984  2.09994039  8.37356204
[554]  7.86723736  0.79278185  7.83825972  2.35680019  1.98362390  7.61901337  5.10601581
[561]  3.69853545  2.77184415  3.45742084  7.63403003  5.34285776  7.48472579  3.19556527
[568]  5.62043379  4.22964853  6.88625997  1.95126861  8.85708473  7.17306115  1.65832727
[575]  0.82492489  2.70899737  8.79969462  5.73031471  1.09147209  6.49145953  0.94914567
[582]  6.85890521  5.63813488  2.83752586  3.62874302  2.97484858  6.84846523  1.86219435
[589]  0.42699995  4.87944024  4.08690892  3.89541864  5.85331435  5.84331398  4.29246456
[596]  7.87613979  8.02111517  3.72219174  6.74743178  6.29676324  5.99786411  3.43875118
[603]  5.69149825  4.23889792  3.59354290  3.38880771  5.34553816  3.73119177  1.31343227
[610]  0.85265204  4.64142369  5.02846908  1.22023513  5.19344407  1.12094786  5.61024812
[617]  3.52281006  5.35452184  2.81883448  4.63522685  1.18232807  4.22550024  3.42680325
[624]  3.58443135  4.01933592  1.86012524  4.76689662  2.52087054  1.81148612  5.12923822
[631]  2.49550714  4.96908558  4.91197323  3.80096053  4.80272898  2.24319802  0.64810884
[638]  4.69190882  3.16120909  3.55290912  3.37367390  0.14584491  1.82553789  4.10835990
[645]  3.61258726  3.94859264  2.60417292  1.75471840  3.81700353  3.13629323  3.78089008
[652]  0.50974136  3.61964082  1.27610793  1.71421238  2.02225198  3.12307997  0.93279310
[659]  1.80666179  1.41653633  1.64287052  3.00453219  2.94616144  1.45792286  1.81629398
[666]  2.79436363  0.47457110  2.65507277  0.68595415  2.49685187  0.13379658  2.64558432
[673]  1.97398389  1.67807383  2.10175972  0.13925860  0.10950384  3.11128915  0.32869655
[680]  0.31395845  0.37567675  1.16417960  0.09268860  1.15603219  2.47265764  0.24628328
[687]  0.01257583  0.55518865  0.07293669  0.17560332  0.32467930  1.31103539  0.27475995
[694]  0.74237627  0.78833712  0.29650527  0.34729730  0.31060720

$PAR
  [1]  NA   1   1   1   1   1   3   3   3   3   3   3   3   3   3   3   4   5   5   5  17  17  21
 [24]  21  23  23  23  23  23  23   7   7   7   7   8   8   8  25  25  25  25  25  25  25  25  31
 [47]  31  26  27  27  27  27  49  38  38  38  35  35  35  35  35  35  35  33  33  33  33  33  33
 [70]  33  33  64  64  64  64  64  64  65  65  65  65  78  78  78  66  39  72  72  72  87  87  87
 [93]  67  67  28  93  93  93  93  34  34  57  57  57  57  95  95  53   6  68  68  68  68  68  85
[116]  85  10  10  10  10  24  24 109 109 109  48  48  19  36  36  36  36  36 129 129  82  82  82
[139]  82  82 134 134 134 134 134  51 102 101 101 101 101  22  22  22  69  69  69  69  58  58 121
[162] 121 121 121 121 159 159 159  73 128 166 166 126 117 117 117 108 108 108  29  29  29 110 110
[185] 110 173 173 173 173 169 169 169 169  11 170 170 146 146 146 146 146 146 141 141 141 141 141
[208] 161 125 125 203 203 181 181 181 181  41  41  41  86 197 197 197 152 152 152 152  59  59 160
[231] 160 160 167 167  52 233 233 112 112 122 177 171 171 171 171 153 153 153 153  43  43  44  44
[254]  44  44  44  60 205 205 205 205 205 205 205 205 205  80  80  81 115 136 136 267 107 107 186
[277] 118 118 118 118 183 182 182 182 182 182 246 246 195 195 195 289 258 184 103 221 221 221 221
[300] 259 155 155 155 247 247 247 209 282 138 199 199 199 199 149 149 248 248 248 248 283 210 271
[323] 271 271 271 271 271 271 271 150 150 252 252 252 252 162 162 292 292  45 130 208 208 208 208
[346] 234 234 274 274 274 274 214 200 185 185  89  89 294 294 294 215 352 352 176 176 176 176 353
[369] 353 104 104 104 104  12  12 320 320 307 307 307 307 307 277  90  90  90  90  90 322 322 322
[392] 333 333 333 230 230 384 260 131  70  70 119 288 304 211 293 293 163 163 297 297 297 336 389
[415] 389 281 356  75  75  71  71  71 113  61 337 337 337 337 261 261 261 105  62 325 425 425 278
[438] 236 390 301 301 414 374 374 374 361 361 361 354 354 298 191 334 334 440 348 348 348 279 316
[461] 443 443 224 224 142 395 395 317 317 317 299 299 299 187 311 311 306 398 398 193 193 418 418
[484]  13  13 477 438 438 438 255 255 255 255  91  91 327 327 335 335 378  55  55  55 413 385 385
[507] 466 466 466 405 405  37 240 240 240 437 437 507 507 463 463 463 463 464 386 453 516 516 516
[530] 313 370 370 157 302 178 178 513 513 358 358 501 432 291 343 471 502 502 217 217 303 303 303
[553] 451 514 514 454 454 455 387 387 416 524 420  76  76 179 362 371 545 429 429 478 478 520 541
[576] 388  77  77 572 309 544 430 430 430 521 521 172 172 172 447 526 225 542 226 188 411 396 396
[599] 597  98  98  98 523  99 357 559 566 427 508 573 546 393  56 599 365 580 355 509 509 164 434
[622] 218 593 594 257 257 475 578 583 568 339 532 565 216  63 560 308 147 494 223 223 633 548 537
[645] 537 359 347 611 360 319 315 315 476 651 598 369 585 585 653 653 605 624 268  84 602 442 442
[668] 227 606 641 641 448 448 448 528 481 481 639 474  92 562 576 672 647 530 670 685 636 626 665
[691] 574 660 613 615 241 460 695 681

$EXTANT
  [1] FALSE FALSE  TRUE FALSE FALSE FALSE FALSE  TRUE FALSE  TRUE FALSE FALSE  TRUE  TRUE  TRUE
 [16]  TRUE FALSE FALSE FALSE  TRUE FALSE FALSE FALSE FALSE FALSE FALSE  TRUE FALSE FALSE FALSE
 [31] FALSE FALSE  TRUE  TRUE  TRUE  TRUE FALSE  TRUE FALSE FALSE  TRUE  TRUE  TRUE  TRUE  TRUE
 [46] FALSE FALSE  TRUE FALSE FALSE FALSE FALSE FALSE FALSE  TRUE  TRUE FALSE FALSE FALSE FALSE
 [61] FALSE  TRUE  TRUE  TRUE FALSE FALSE FALSE  TRUE  TRUE FALSE  TRUE FALSE FALSE  TRUE FALSE
 [76]  TRUE  TRUE  TRUE FALSE  TRUE  TRUE  TRUE FALSE  TRUE  TRUE FALSE  TRUE FALSE FALSE FALSE
 [91]  TRUE  TRUE  TRUE FALSE FALSE FALSE FALSE FALSE  TRUE  TRUE FALSE  TRUE  TRUE  TRUE  TRUE
[106] FALSE FALSE  TRUE FALSE  TRUE FALSE FALSE  TRUE  TRUE FALSE  TRUE FALSE FALSE  TRUE  TRUE
[121]  TRUE  TRUE FALSE FALSE FALSE  TRUE  TRUE FALSE FALSE FALSE  TRUE  TRUE  TRUE  TRUE  TRUE
[136]  TRUE FALSE FALSE  TRUE  TRUE  TRUE  TRUE FALSE  TRUE  TRUE FALSE  TRUE  TRUE  TRUE  TRUE
[151]  TRUE  TRUE  TRUE FALSE FALSE FALSE  TRUE  TRUE  TRUE  TRUE FALSE FALSE  TRUE  TRUE  TRUE
[166] FALSE FALSE FALSE FALSE FALSE  TRUE  TRUE  TRUE FALSE FALSE  TRUE  TRUE  TRUE FALSE FALSE
[181] FALSE  TRUE FALSE FALSE  TRUE  TRUE  TRUE  TRUE  TRUE FALSE  TRUE FALSE FALSE FALSE FALSE
[196] FALSE  TRUE FALSE  TRUE FALSE  TRUE  TRUE FALSE FALSE  TRUE FALSE FALSE  TRUE FALSE  TRUE
[211] FALSE FALSE FALSE FALSE  TRUE  TRUE  TRUE  TRUE FALSE FALSE FALSE  TRUE  TRUE FALSE FALSE
[226] FALSE  TRUE FALSE FALSE  TRUE FALSE  TRUE  TRUE  TRUE FALSE FALSE  TRUE FALSE  TRUE  TRUE
[241]  TRUE  TRUE FALSE  TRUE FALSE  TRUE  TRUE  TRUE FALSE FALSE  TRUE  TRUE FALSE  TRUE FALSE
[256] FALSE  TRUE FALSE  TRUE  TRUE FALSE  TRUE  TRUE FALSE  TRUE  TRUE  TRUE  TRUE  TRUE FALSE
[271]  TRUE  TRUE  TRUE FALSE  TRUE  TRUE FALSE  TRUE  TRUE  TRUE  TRUE  TRUE FALSE FALSE  TRUE
[286]  TRUE FALSE  TRUE FALSE  TRUE FALSE  TRUE  TRUE  TRUE  TRUE FALSE  TRUE  TRUE  TRUE  TRUE
[301] FALSE FALSE  TRUE  TRUE FALSE FALSE  TRUE  TRUE  TRUE  TRUE  TRUE FALSE  TRUE  TRUE  TRUE
[316]  TRUE  TRUE FALSE  TRUE FALSE  TRUE  TRUE  TRUE  TRUE  TRUE  TRUE FALSE FALSE  TRUE  TRUE
[331]  TRUE  TRUE  TRUE  TRUE FALSE  TRUE  TRUE  TRUE  TRUE  TRUE FALSE FALSE  TRUE  TRUE  TRUE
[346]  TRUE  TRUE  TRUE FALSE  TRUE  TRUE  TRUE  TRUE  TRUE  TRUE  TRUE  TRUE  TRUE  TRUE  TRUE
[361]  TRUE  TRUE  TRUE  TRUE  TRUE  TRUE  TRUE FALSE  TRUE  TRUE  TRUE  TRUE  TRUE  TRUE  TRUE
[376] FALSE  TRUE  TRUE  TRUE  TRUE  TRUE  TRUE  TRUE FALSE  TRUE  TRUE  TRUE  TRUE  TRUE  TRUE
[391]  TRUE  TRUE  TRUE  TRUE  TRUE  TRUE FALSE  TRUE  TRUE FALSE  TRUE FALSE  TRUE  TRUE  TRUE
[406]  TRUE  TRUE FALSE FALSE FALSE FALSE  TRUE  TRUE  TRUE  TRUE  TRUE FALSE  TRUE  TRUE  TRUE
[421]  TRUE  TRUE  TRUE  TRUE  TRUE  TRUE  TRUE  TRUE  TRUE  TRUE  TRUE FALSE  TRUE  TRUE  TRUE
[436]  TRUE  TRUE  TRUE  TRUE  TRUE  TRUE  TRUE  TRUE  TRUE FALSE  TRUE FALSE  TRUE FALSE  TRUE
[451] FALSE  TRUE  TRUE  TRUE  TRUE FALSE  TRUE  TRUE  TRUE  TRUE  TRUE FALSE  TRUE  TRUE  TRUE
[466]  TRUE  TRUE  TRUE  TRUE  TRUE FALSE  TRUE  TRUE  TRUE  TRUE  TRUE  TRUE FALSE  TRUE  TRUE
[481]  TRUE  TRUE  TRUE FALSE  TRUE  TRUE  TRUE  TRUE  TRUE  TRUE  TRUE FALSE  TRUE  TRUE  TRUE
[496] FALSE  TRUE  TRUE  TRUE  TRUE  TRUE  TRUE  TRUE  TRUE  TRUE  TRUE  TRUE  TRUE FALSE  TRUE
[511]  TRUE  TRUE  TRUE  TRUE  TRUE  TRUE  TRUE  TRUE  TRUE  TRUE  TRUE FALSE  TRUE  TRUE  TRUE
[526]  TRUE  TRUE  TRUE  TRUE FALSE  TRUE  TRUE  TRUE  TRUE  TRUE FALSE  TRUE  TRUE  TRUE  TRUE
[541]  TRUE FALSE  TRUE  TRUE  TRUE  TRUE FALSE FALSE  TRUE FALSE  TRUE  TRUE  TRUE FALSE  TRUE
[556]  TRUE  TRUE  TRUE  TRUE  TRUE  TRUE  TRUE FALSE  TRUE FALSE  TRUE  TRUE  TRUE  TRUE  TRUE
[571]  TRUE  TRUE  TRUE  TRUE  TRUE  TRUE  TRUE  TRUE  TRUE  TRUE  TRUE  TRUE  TRUE  TRUE  TRUE
[586]  TRUE FALSE FALSE  TRUE  TRUE  TRUE  TRUE  TRUE  TRUE  TRUE  TRUE  TRUE  TRUE  TRUE  TRUE
[601]  TRUE  TRUE  TRUE  TRUE  TRUE  TRUE  TRUE  TRUE  TRUE FALSE  TRUE  TRUE  TRUE  TRUE  TRUE
[616]  TRUE  TRUE  TRUE  TRUE  TRUE  TRUE  TRUE FALSE  TRUE  TRUE  TRUE  TRUE  TRUE  TRUE FALSE
[631] FALSE FALSE  TRUE  TRUE  TRUE  TRUE  TRUE  TRUE  TRUE  TRUE  TRUE  TRUE  TRUE  TRUE  TRUE
[646]  TRUE  TRUE  TRUE  TRUE  TRUE  TRUE  TRUE  TRUE  TRUE  TRUE  TRUE FALSE  TRUE  TRUE  TRUE
[661]  TRUE  TRUE  TRUE  TRUE  TRUE  TRUE  TRUE FALSE  TRUE  TRUE  TRUE  TRUE  TRUE  TRUE  TRUE
[676]  TRUE  TRUE FALSE  TRUE  TRUE  TRUE  TRUE  TRUE  TRUE  TRUE  TRUE  TRUE  TRUE  TRUE  TRUE
[691]  TRUE  TRUE  TRUE  TRUE  TRUE  TRUE  TRUE  TRUE

