
Birth-death simulation object with 707 species and 500 extant species

Details for some species:

Extinction times (NA means extant)
[1] 62.55273 31.84316 72.80987       NA 57.19635 41.03891


Speciation times 
[1] 99.39850 92.00821 86.18961 83.68218 82.51750 72.53747


Species parents (NA for initial)
[1] NA  1  1  1  1  1


Species status (extinct or extant)
[1] "extinct" "extinct" "extinct" "extant"  "extinct" "extinct"


For more details on vector y, try sim$y, with y one of
TE TS PAR EXTANT



$TE
  [1] 62.55272611 31.84316413 72.80986951          NA 57.19634949 41.03890501 60.72382135
  [8] 47.47769789 83.50860525 58.84712445 13.98375118 29.73218557          NA 57.00630096
 [15]          NA 44.90709946          NA  4.28318659 21.53435619          NA          NA
 [22]          NA 15.18100155          NA 43.71041364  4.60402677          NA          NA
 [29] 10.19591212 65.59286648 20.97538044 58.04148838 13.01522793 22.22844234  1.30950873
 [36] 23.40185435          NA          NA          NA 47.84932211 11.43864678          NA
 [43] 23.54635477 37.54358702 31.74433228 27.92315815 33.35420290          NA 31.29283058
 [50] 26.65675621          NA 21.99225110 31.51551894 37.80101968 42.39322229  4.83133551
 [57]          NA          NA          NA          NA 22.68228547          NA          NA
 [64] 39.65756254          NA          NA  9.48152896  6.62949596          NA 13.26285438
 [71] 45.77021676 27.57286819 16.48240102  8.67191849          NA          NA 19.13771941
 [78]          NA          NA 33.29861519 45.84142151          NA 45.59828065 33.15700939
 [85] 23.82417225 13.79339671          NA          NA          NA 34.18547954 22.27367552
 [92] 16.07826719          NA          NA 24.53065487          NA 15.66886015  8.00615826
 [99] 22.13516928 17.06345076          NA  6.08006742 22.80505763  3.52883177          NA
[106] 29.87127982 24.64433854          NA 23.27128166          NA          NA 28.69111243
[113]  5.09295462          NA 11.36569410          NA 31.89232532 16.36179151          NA
[120] 27.88917406          NA          NA          NA 15.71100037 16.11302907          NA
[127]          NA          NA 21.43071012          NA          NA          NA 13.91428820
[134]          NA          NA  0.70499600          NA          NA          NA          NA
[141]          NA 20.12391181  7.60561093          NA          NA  4.36152470          NA
[148]          NA 11.12117493          NA          NA          NA          NA          NA
[155]          NA          NA          NA  1.80522815  4.01104055          NA          NA
[162]          NA          NA 30.24275953          NA          NA  4.07080693          NA
[169]          NA  0.58068720          NA          NA          NA          NA          NA
[176]          NA          NA 22.85363136 12.17303172 15.14401669          NA  3.86837203
[183]          NA          NA          NA          NA          NA          NA  1.81087053
[190] 12.37133576          NA  4.71468010          NA          NA          NA          NA
[197]          NA          NA 16.77349604          NA  1.56284935          NA  2.05664019
[204]          NA          NA  6.47355061          NA          NA 15.19664599          NA
[211]          NA          NA          NA          NA          NA  5.14054491 17.58499616
[218]          NA          NA          NA          NA          NA          NA  6.85942006
[225]          NA          NA 24.81733612 15.22347886 12.25363009          NA          NA
[232] 22.65527900          NA 22.16207106          NA  6.90344798          NA 15.95210470
[239] 20.50011331          NA          NA          NA          NA          NA          NA
[246]          NA  2.10865205          NA          NA 10.36206956  2.43695667          NA
[253]          NA          NA 14.89060446          NA          NA          NA 14.77807239
[260]          NA 14.85897225          NA          NA 16.22394505 19.10597627 10.19993254
[267] 13.09540344          NA 22.50899755  3.11587283  4.26307705  2.25443621 15.52913199
[274]          NA          NA          NA          NA          NA          NA          NA
[281]          NA  4.05954839          NA  0.29973411          NA          NA          NA
[288]  4.32307306          NA          NA          NA          NA          NA          NA
[295]          NA          NA 19.02603603          NA          NA          NA          NA
[302]          NA          NA          NA          NA  4.72705898  0.08370288          NA
[309]          NA          NA          NA          NA          NA          NA          NA
[316]          NA          NA 13.78327092 14.00345379          NA          NA          NA
[323]          NA          NA  4.98376314          NA          NA          NA          NA
[330]          NA  5.40393924          NA 16.98138427          NA          NA          NA
[337]  7.71676580          NA          NA  2.27706009  4.66374804  4.99931549          NA
[344]          NA          NA 14.02477163          NA          NA          NA          NA
[351]  3.09884915  0.43725192          NA          NA          NA          NA 18.77090545
[358]          NA          NA          NA  1.12816786          NA          NA 11.03052079
[365]  0.75919190          NA          NA          NA          NA 11.42042894  2.35358821
[372]          NA          NA          NA          NA  6.24044312  6.89410944          NA
[379]          NA          NA          NA          NA          NA          NA          NA
[386]  8.80119964          NA          NA          NA          NA          NA          NA
[393] 12.38662633          NA  0.76742883          NA          NA          NA 11.99089739
[400] 14.05655417          NA          NA  6.81167928          NA          NA          NA
[407]          NA 12.14401793  2.85826491          NA          NA          NA          NA
[414]          NA          NA          NA          NA          NA          NA          NA
[421]          NA          NA          NA          NA          NA          NA          NA
[428]          NA          NA          NA          NA          NA  3.63537155  6.64436996
[435]          NA          NA  8.86470535  7.75133106          NA          NA  9.28892392
[442]          NA          NA  1.16515469          NA          NA  5.16042343          NA
[449]          NA  1.37617983          NA          NA  3.39549158          NA 14.95773939
[456]          NA          NA          NA  5.00094577          NA          NA          NA
[463]          NA  7.84886036          NA          NA          NA          NA 13.85968200
[470]          NA          NA          NA          NA          NA          NA  7.82112602
[477]          NA          NA          NA  8.08316504  6.16279951          NA          NA
[484]          NA          NA  2.29265451  3.42690762          NA          NA          NA
[491]          NA          NA          NA 11.00589676          NA          NA          NA
[498]          NA          NA          NA          NA          NA  4.26923498          NA
[505]          NA          NA          NA          NA          NA  2.58329595          NA
[512]          NA          NA          NA          NA          NA  6.24331939          NA
[519]          NA          NA          NA  2.44611731          NA          NA          NA
[526]          NA          NA          NA          NA  0.25340012          NA          NA
[533]          NA          NA          NA          NA          NA          NA          NA
[540]          NA          NA          NA          NA          NA  2.07456040          NA
[547]          NA          NA          NA          NA          NA          NA  6.81745678
[554]  3.80958919          NA          NA          NA          NA          NA          NA
[561]          NA          NA          NA          NA          NA          NA  1.88051545
[568]          NA          NA          NA          NA          NA          NA          NA
[575]          NA  3.22683975          NA          NA          NA          NA          NA
[582]          NA          NA          NA  4.44962576  2.08823266          NA          NA
[589]          NA          NA          NA          NA          NA          NA          NA
[596]  0.30580219          NA          NA          NA          NA          NA          NA
[603]  0.21866334          NA          NA          NA          NA          NA          NA
[610]          NA          NA          NA          NA  1.14521042          NA          NA
[617]          NA          NA  2.28750430          NA          NA          NA  3.33110120
[624]  5.10520542          NA          NA          NA          NA  3.32721396          NA
[631]          NA          NA          NA          NA  0.92161274          NA  2.17999557
[638]          NA          NA          NA          NA          NA          NA          NA
[645]          NA          NA          NA  1.47675204          NA          NA          NA
[652]          NA          NA  2.53465944  1.63871445          NA          NA          NA
[659]          NA          NA          NA          NA          NA          NA          NA
[666]          NA  2.97054061  2.00192986          NA          NA          NA          NA
[673]          NA          NA          NA          NA          NA          NA          NA
[680]          NA          NA          NA          NA          NA          NA          NA
[687]          NA          NA          NA          NA          NA          NA          NA
[694]          NA          NA          NA          NA          NA          NA          NA
[701]          NA          NA          NA          NA          NA          NA          NA

$TS
  [1] 99.39850242 92.00821475 86.18960633 83.68218366 82.51749561 72.53746979 66.90220597
  [8] 63.35534405 88.35984701 72.03816563 57.58183204 49.69863511 38.72601072 58.96808254
 [15] 49.49229926 49.15129920 38.06097769 24.88387685 22.86896062 21.92580249  1.01424860
 [22] 81.06719307 58.44486328 54.80749620 44.01242180 29.47513944 26.05184562  4.99714923
 [29] 64.69556169 68.21453187 60.30460740 66.45209617 63.30058670 41.30191950 36.42293012
 [36] 31.27322533 27.37213682 12.04815950 11.41636424 53.53492877 55.63295743 47.08158114
 [43] 38.33015748 48.15573526 47.67803620 47.03252667 35.77894509 26.81289773 58.37837679
 [50] 28.12450046 15.94167145 46.25355245 45.98165593 44.73070756 47.50479254 42.12785326
 [57] 20.41539962 15.06904409 55.44857000 43.62977536 23.40333838 16.81926397  0.27677047
 [64] 43.50745981 24.60787873 24.12871449 21.33697360 17.76395715 11.72241332 49.26639784
 [71] 48.61513708 30.28559136 39.13251318 12.51237517  4.68120316 45.53258024 30.98622167
 [78] 29.85911958 13.93760923 47.99232043 45.97391052 44.53810468 47.38954672 41.95814374
 [85] 41.42307250 40.81208533 29.94011098 20.10043010 19.92547461 44.52889407 28.86303026
 [92] 25.04344411 39.75753103 31.52413992 28.89711181 27.19192714 43.02925096 40.72003256
 [99] 32.15864723 23.45101617  1.85706215 34.77050236 24.75905740 17.08239841 13.81114704
[106] 32.10249026 31.71209567 24.60100240 37.87745050 36.49518177 11.84834583 38.87993957
[113] 37.79354081 28.38522497 36.84911720 24.24831030 36.16924504 35.90812048 24.84130786
[120] 39.46507704 14.32256392  9.12906588  0.18940523 36.55784152 36.88635901 18.64727185
[127] 18.57460240 18.14665549 32.90605884  1.95643312 36.66367825 28.05467715 26.87703020
[134] 30.87040287 20.46204334 18.96116661  8.07431562 22.46150936 26.72273627 23.06682053
[141] 16.47496075 33.27361301 12.68218193 35.29611288 23.00760833  6.93237348  5.99699922
[148] 34.20768515 23.01985417 19.60098537  2.81267490  2.54401575 34.89372194 19.67197948
[155] 17.71865416 16.97659887 35.05203354 31.59062176 24.26369899 21.23469674 15.77164929
[162]  1.74811845  0.17593973 33.62891036 23.77063227 16.09026969 10.91752115  9.57972447
[169]  4.73589593  2.52282619 31.51082682 30.72818570  7.99473497  4.66992469  0.21150124
[176] 27.71026517 19.45709008 24.22183624 13.30577723 24.09047651 26.63163768 31.38019893
[183] 27.17027161 25.76954423 28.59849351 18.03180563  2.00515374 31.14100240 23.11817036
[190] 16.19128930 10.84437043  6.72764797  3.16832841  0.69344344 22.81448020 16.93339903
[197] 10.67969939  8.44126703 19.97324960 19.78429954 17.13639795  5.64588514  5.03910850
[204] 30.21785303 25.93140055 11.55065717  0.27946071 30.12871700 22.90000810 12.80799666
[211]  0.71119804  0.09042792 22.48900794 19.09653143  8.31094116  5.66180642 28.68254215
[218] 22.69688790 18.21655445 13.43070516 14.58000686  4.81753969 27.53374720 26.10560953
[225] 19.77814287 28.88737382 27.13537963 21.51055006 18.57093681 16.74078542  9.29925283
[232] 26.49546852 24.29122167 25.86661594 13.18497273 10.56101109  7.11438601 25.59367924
[239] 24.29731235 23.17578028 13.36094369 13.21284560 10.33077407 27.81054918 23.19415597
[246] 20.35954138  9.48505693  9.27651051 17.79305359 16.06185023  5.33562360  1.12131613
[253] 24.29656252 23.43359333 19.69107644 19.19879587 25.03058920 27.21392112 16.51633912
[260] 21.80006884 18.50552342 14.02457913  4.62256873 26.94044183 19.36825330 22.64394208
[267] 14.39459916  7.82452014 25.88481967 23.88871429 25.80285879  9.71992638 24.01524885
[274]  0.15600123 15.12780222  5.30022237  9.50995305 18.53413350  9.50355159  2.61633343
[281] 16.58107343 15.96162978  8.94944432  7.64519402 23.63758453 12.63424730 17.46323818
[288]  6.76580318 18.49224271 18.42695985  9.61369996  2.12925231  0.81102964  9.07482847
[295] 23.19915227  1.36549318 21.26409511 17.90810141 13.83269158  6.03039268  1.95182465
[302] 24.00774311  3.03907661  4.20542535 17.76042507 14.83896481  7.74486763 15.67339039
[309] 22.69402129 18.00381379 23.87541267  4.30545383 21.05985645 15.71845895 23.44178808
[316] 10.96718519 22.42781492 18.45664305 15.33017478 12.72873148  0.24038625 16.97463224
[323] 14.02228077  1.55488509  6.49472179  0.32334105 15.88119264  2.61672142 16.29514127
[330] 11.41552527  7.81701116 11.18180988 21.27168091  9.61632003 15.38984029 13.12274041
[337] 20.67687794  6.27073176  4.05185932 18.59048534  5.68024733 13.96303742 22.56245498
[344] 15.46761378 14.00657683 20.51352969  4.80086909  1.64355704  8.58125084  5.27131069
[351]  3.41991831 16.50341635 16.19343805 14.04133653  7.44738286  5.14796424 21.52217042
[358] 10.57774145  5.08907202  3.31398166  2.47128613  0.71158055 20.71420607 20.33799332
[365] 20.64474423  9.81021582  7.33643577  3.59285819  0.71412036 17.04662620  6.02621170
[372] 14.12275336 19.83583060 16.46197248 15.43524744 14.62486993  9.84944443 11.77807268
[379] 15.12725847  3.39880109 17.16606240 13.51351277  3.30050619  9.50508781 14.20201028
[386] 18.59880904  4.78862614  9.07930203  8.10945254 10.69907692  8.59834467  5.74677508
[393] 18.59323892  1.15184662 12.23611366  7.87991991  7.00357697 10.05781988 15.26007623
[400] 15.10458596 15.27847090  5.35521916 16.73855438 12.36286580 12.12468759  0.89424241
[407] 15.42079089 16.56933081  8.85568162  7.84623373 15.37772981 17.64489593  9.57433163
[414] 11.89664717  0.22818378 12.65192499  8.95707305  4.70304415  0.07691321  9.10167626
[421]  9.10048824 14.05088143  6.30314138  1.45869494 16.07099489 11.75728618  8.41964139
[428] 16.10653772 12.46800914  9.73269399 13.76078347  1.76676011 16.36024015  7.50684826
[435] 13.19870967  3.24822699 13.03824955 11.62681145 15.71783196  4.86146803 14.91913668
[442] 11.36124265 10.00098855  1.87445612  1.31400111  1.17332984 14.92726548  9.13131040
[449]  0.68486434 13.49350336 15.88422901 15.98923068  9.98302745 13.36740657 15.65564305
[456] 10.40243180  6.71190498  3.51492469 12.58640955  5.15407290  8.48917139  5.77328080
[463]  3.31866564 13.57200375 15.02887686 15.17351191  9.15521980  2.72358796 14.57476945
[470] 13.08276382  9.04925549 14.11079787 12.42932082  5.10387174  1.02492245 13.63473174
[477] 11.19188115  7.17096987  5.96254388  9.18320026  8.31647804 13.34599549  7.56348819
[484]  0.56689358  3.23231537  7.88850941 12.14681542  7.80991078  2.74487197  7.26409027
[491]  5.02972299  0.12803563  0.96181377 13.16066843  3.93086761  2.17500474  0.44468116
[498]  9.17945845  3.36109030 10.57361488 12.34787367 12.44691665 11.20501197  1.07022855
[505] 10.13181512 11.64047888  4.42857932  2.71556399 13.05985564  9.75755700  6.35131795
[512]  1.09726171  7.16394230  4.88673763 10.60979199 12.32602290 12.54465708  8.21516309
[519] 12.10026988 11.59543940 11.45482188 10.68135961  7.30181329  5.44289790  4.13798243
[526]  0.67380751 11.18294184 10.44140662  5.72192254  1.89665958  1.98849998  4.72948499
[533] 11.70896251  8.43321321  7.37033276  5.81063990  0.81812073  8.40859019  7.74238863
[540]  7.48269747  7.13645136  2.76975107  9.49751279  2.37498111  4.37965412  1.45095825
[547] 10.31631464  2.14284043  5.38753421  6.80603100  8.63579735  3.26769850  9.85083265
[554]  8.85418580  7.77495784  2.91670954  0.34139818  0.78080264  6.13544934  2.53857103
[561]  4.70293010 10.18237008  9.49532764  2.39230064  1.99021334  7.61805531  6.00866453
[568]  4.11264304  4.76691460  4.56784169  0.65263803  5.90540473  2.08159942  4.66648362
[575]  4.76525590  7.02159620  8.98925763  7.21051051  8.30962785  8.40657343  1.25859100
[582]  0.56614251  2.02055583  2.85624477  9.10449906  6.53517668  9.12969478  0.72374493
[589]  1.54941663  0.21436723  9.09148401  5.00698233  0.35561503  4.77843336  6.92995165
[596]  7.09912407  3.57910676  3.52256524  7.76258830  6.11809053  1.32704457  4.19398084
[603]  8.12592835  5.23145478  6.35157105  5.40506688  0.90733689  3.63506525  1.95775854
[610]  5.01122334  2.26434059  1.30198907  5.58951536  4.31888595  2.25985995  7.71338786
[617]  7.42488758  4.49184651  4.96030312  1.13966068  1.03387842  0.07842051  5.84803335
[624]  5.37500938  3.61924627  2.87683744  7.34976448  1.20730290  5.80228097  4.07714680
[631]  3.18083809  1.16177375  6.06768216  3.58245607  3.06498661  1.24772840  6.38995034
[638]  2.22209354  0.90260214  5.15650299  1.03344122  1.69635426  0.53033338  5.04549474
[645]  3.37656397  2.22709150  1.03535267  3.17007442  1.43788475  1.01491748  0.06538417
[652]  3.98155084  1.97359129  4.65049135  3.48653206  1.84897616  1.44724994  2.79415594
[659]  2.44585498  4.63660092  3.45154355  3.44733077  3.98530520  3.50311964  4.98218962
[666]  2.32994910  3.75844784  2.73992912  0.55216454  0.94832593  3.28282871  3.10540642
[673]  2.97196237  1.11922418  2.77821228  3.92672235  1.77485697  1.71735753  1.31291192
[680]  3.31779765  1.03788552  2.78377055  0.48158504  3.27045525  2.78417379  1.48073217
[687]  2.01378241  0.30500699  1.20221412  1.55439383  0.80898519  0.92645482  0.29234526
[694]  1.59787806  0.51168911  1.16563505  1.66663850  0.79429816  0.66797916  0.57290642
[701]  0.40742111  0.08305608  0.04570880  0.56930315  0.38922612  0.18036492  0.07864350

$PAR
  [1]  NA   1   1   1   1   1   1   1   2   2   2   2   2   4   4   4   4   4   4   4   4   5   5
 [24]  22  22  22  22  22   6  10  10   7  32  29  29  29  29  29  29   8  33  33  33  31  31  31
 [47]  31  31  14  23  23  49  49  49  11  11  11  11  41  41  41  41  59  24  24  24  24  24  24
 [70]  12  12  12  15  15  15  70  70  70  70  16  45  45  55  42  42  42  42  42  42  46  46  52
 [93]  76  76  76  76  54  54  82  82  82  90  60  60  60  97  97  97  56  56  56  84  85  85  34
[116]  34  86  86  86  98  98  98  93 120  73  73  73  73  13  13  43  43  17 109 113 113 113 125
[139] 115 115 115 131 131 110 110 110 110  35  35  35  35  35 117 118 118 118 144 144 144 144 144
[162] 144 144 157 157 157 157 157 157 157 153 153 153 153 153 102 102 148 148 129  99 106 107 107
[185] 158 158 158  94  94  94  94  94  94  94 171 171 171 171 182 182 182 182 182  36  77 134 134
[208] 172 172 172 172 172 204 204 204 204 208  87  87  87  78  78  26  26  26  95  95 226 226 226
[231] 226  91  91 185 185 185 185 114 114 114 114 114 114 132 132 132 132 132 244 244 244 244 176
[254] 176 176 176 223  37  37 258 258 258 258  96  96 183 183 183 227 264 133  48 139 139 181 181
[277] 224  27  27  27 205 205 205 205 269 271 184 184 257 257 257 257 257 119 103  65 108 108 108
[300] 108 108 239 253 233 159 116 116 180 273 273 270 270 311 311 165 165 285 285 285 285 285 315
[323] 254 254 295 295 245 245 240 240 240 189 140 140 149 149 209 195 195 218 218 309 266 343 343
[346] 213 213 213 138 138 138 317 317 317 317 317  20  20  20  20  20  20 260 228 333 160 160 160
[369] 160 363 365 346 135 135 135 135 135  57 246 246  88  88  88  89 373 225 225 150 150 177 177
[392] 177 256 256 214 136 136 126 386 393 340 340 127 127 127 127 229 261 289 289 318 290 290 219
[415] 186 310 310 310 310 298 298 249 305 305 155 155 412 287 381 104 156 156 196 196 230 230 403
[438] 281 408 141 374 374 433 329 329 329 353 353 353 190 428 425 425 250 282 282  51  51 451 451
[461] 327 161 439 308 455 344 344 344 411 401 401 399 275 379 379 447 306 306 306 221 121 385 385
[484] 385 472 354 262 323 323 345 345  79 299 105 431 431 431 454 454 241 482 242 242 242 435 235
[507] 235 235 336 336 336 336 470 470 437 320 143 416 286 459 459 517 429 429 429 429 502 502 516
[530] 395 405 519 414 414 414 414 111 378 378 378 378 426  69 533 506 506 520 520  39 442 503 477
[553] 527 527 527 527 527 332 316 316 167 191 191 191 191 390 390 390 522 515 515 500 456 547 562
[576] 505 443 553 377 366 291 168 277 384 543 543 231 231 467 448 587 587 122 585 294 471 471 577
[599] 417 283 283 409 554 554 391 349 534 427 538 580 580 580 215 215 215 579 518 518 603 603 389
[622] 137 488 307 307 307 539 539 616 616 566 483 617 535 627 627 523 578 541 237 237 595 457 586
[645] 586 605 605 511 423 338 559 147 462 202 202 202 202 606 402 356 356 356 610 592  28 665 514
[668] 594 418 263 570 570 570 618 663 652 652 495 495 368 645 499 383 671 631 193 303 556 658 542
[691] 152 544 666 531 530 677 162 324 324 296 696 650  21 449 700 700 688

$EXTANT
  [1] FALSE FALSE FALSE  TRUE FALSE FALSE FALSE FALSE FALSE FALSE FALSE FALSE  TRUE FALSE  TRUE
 [16] FALSE  TRUE FALSE FALSE  TRUE  TRUE  TRUE FALSE  TRUE FALSE FALSE  TRUE  TRUE FALSE FALSE
 [31] FALSE FALSE FALSE FALSE FALSE FALSE  TRUE  TRUE  TRUE FALSE FALSE  TRUE FALSE FALSE FALSE
 [46] FALSE FALSE  TRUE FALSE FALSE  TRUE FALSE FALSE FALSE FALSE FALSE  TRUE  TRUE  TRUE  TRUE
 [61] FALSE  TRUE  TRUE FALSE  TRUE  TRUE FALSE FALSE  TRUE FALSE FALSE FALSE FALSE FALSE  TRUE
 [76]  TRUE FALSE  TRUE  TRUE FALSE FALSE  TRUE FALSE FALSE FALSE FALSE  TRUE  TRUE  TRUE FALSE
 [91] FALSE FALSE  TRUE  TRUE FALSE  TRUE FALSE FALSE FALSE FALSE  TRUE FALSE FALSE FALSE  TRUE
[106] FALSE FALSE  TRUE FALSE  TRUE  TRUE FALSE FALSE  TRUE FALSE  TRUE FALSE FALSE  TRUE FALSE
[121]  TRUE  TRUE  TRUE FALSE FALSE  TRUE  TRUE  TRUE FALSE  TRUE  TRUE  TRUE FALSE  TRUE  TRUE
[136] FALSE  TRUE  TRUE  TRUE  TRUE  TRUE FALSE FALSE  TRUE  TRUE FALSE  TRUE  TRUE FALSE  TRUE
[151]  TRUE  TRUE  TRUE  TRUE  TRUE  TRUE  TRUE FALSE FALSE  TRUE  TRUE  TRUE  TRUE FALSE  TRUE
[166]  TRUE FALSE  TRUE  TRUE FALSE  TRUE  TRUE  TRUE  TRUE  TRUE  TRUE  TRUE FALSE FALSE FALSE
[181]  TRUE FALSE  TRUE  TRUE  TRUE  TRUE  TRUE  TRUE FALSE FALSE  TRUE FALSE  TRUE  TRUE  TRUE
[196]  TRUE  TRUE  TRUE FALSE  TRUE FALSE  TRUE FALSE  TRUE  TRUE FALSE  TRUE  TRUE FALSE  TRUE
[211]  TRUE  TRUE  TRUE  TRUE  TRUE FALSE FALSE  TRUE  TRUE  TRUE  TRUE  TRUE  TRUE FALSE  TRUE
[226]  TRUE FALSE FALSE FALSE  TRUE  TRUE FALSE  TRUE FALSE  TRUE FALSE  TRUE FALSE FALSE  TRUE
[241]  TRUE  TRUE  TRUE  TRUE  TRUE  TRUE FALSE  TRUE  TRUE FALSE FALSE  TRUE  TRUE  TRUE FALSE
[256]  TRUE  TRUE  TRUE FALSE  TRUE FALSE  TRUE  TRUE FALSE FALSE FALSE FALSE  TRUE FALSE FALSE
[271] FALSE FALSE FALSE  TRUE  TRUE  TRUE  TRUE  TRUE  TRUE  TRUE  TRUE FALSE  TRUE FALSE  TRUE
[286]  TRUE  TRUE FALSE  TRUE  TRUE  TRUE  TRUE  TRUE  TRUE  TRUE  TRUE FALSE  TRUE  TRUE  TRUE
[301]  TRUE  TRUE  TRUE  TRUE  TRUE FALSE FALSE  TRUE  TRUE  TRUE  TRUE  TRUE  TRUE  TRUE  TRUE
[316]  TRUE  TRUE FALSE FALSE  TRUE  TRUE  TRUE  TRUE  TRUE FALSE  TRUE  TRUE  TRUE  TRUE  TRUE
[331] FALSE  TRUE FALSE  TRUE  TRUE  TRUE FALSE  TRUE  TRUE FALSE FALSE FALSE  TRUE  TRUE  TRUE
[346] FALSE  TRUE  TRUE  TRUE  TRUE FALSE FALSE  TRUE  TRUE  TRUE  TRUE FALSE  TRUE  TRUE  TRUE
[361] FALSE  TRUE  TRUE FALSE FALSE  TRUE  TRUE  TRUE  TRUE FALSE FALSE  TRUE  TRUE  TRUE  TRUE
[376] FALSE FALSE  TRUE  TRUE  TRUE  TRUE  TRUE  TRUE  TRUE  TRUE FALSE  TRUE  TRUE  TRUE  TRUE
[391]  TRUE  TRUE FALSE  TRUE FALSE  TRUE  TRUE  TRUE FALSE FALSE  TRUE  TRUE FALSE  TRUE  TRUE
[406]  TRUE  TRUE FALSE FALSE  TRUE  TRUE  TRUE  TRUE  TRUE  TRUE  TRUE  TRUE  TRUE  TRUE  TRUE
[421]  TRUE  TRUE  TRUE  TRUE  TRUE  TRUE  TRUE  TRUE  TRUE  TRUE  TRUE  TRUE FALSE FALSE  TRUE
[436]  TRUE FALSE FALSE  TRUE  TRUE FALSE  TRUE  TRUE FALSE  TRUE  TRUE FALSE  TRUE  TRUE FALSE
[451]  TRUE  TRUE FALSE  TRUE FALSE  TRUE  TRUE  TRUE FALSE  TRUE  TRUE  TRUE  TRUE FALSE  TRUE
[466]  TRUE  TRUE  TRUE FALSE  TRUE  TRUE  TRUE  TRUE  TRUE  TRUE FALSE  TRUE  TRUE  TRUE FALSE
[481] FALSE  TRUE  TRUE  TRUE  TRUE FALSE FALSE  TRUE  TRUE  TRUE  TRUE  TRUE  TRUE FALSE  TRUE
[496]  TRUE  TRUE  TRUE  TRUE  TRUE  TRUE  TRUE FALSE  TRUE  TRUE  TRUE  TRUE  TRUE  TRUE FALSE
[511]  TRUE  TRUE  TRUE  TRUE  TRUE  TRUE FALSE  TRUE  TRUE  TRUE  TRUE FALSE  TRUE  TRUE  TRUE
[526]  TRUE  TRUE  TRUE  TRUE FALSE  TRUE  TRUE  TRUE  TRUE  TRUE  TRUE  TRUE  TRUE  TRUE  TRUE
[541]  TRUE  TRUE  TRUE  TRUE FALSE  TRUE  TRUE  TRUE  TRUE  TRUE  TRUE  TRUE FALSE FALSE  TRUE
[556]  TRUE  TRUE  TRUE  TRUE  TRUE  TRUE  TRUE  TRUE  TRUE  TRUE  TRUE FALSE  TRUE  TRUE  TRUE
[571]  TRUE  TRUE  TRUE  TRUE  TRUE FALSE  TRUE  TRUE  TRUE  TRUE  TRUE  TRUE  TRUE  TRUE FALSE
[586] FALSE  TRUE  TRUE  TRUE  TRUE  TRUE  TRUE  TRUE  TRUE  TRUE FALSE  TRUE  TRUE  TRUE  TRUE
[601]  TRUE  TRUE FALSE  TRUE  TRUE  TRUE  TRUE  TRUE  TRUE  TRUE  TRUE  TRUE  TRUE FALSE  TRUE
[616]  TRUE  TRUE  TRUE FALSE  TRUE  TRUE  TRUE FALSE FALSE  TRUE  TRUE  TRUE  TRUE FALSE  TRUE
[631]  TRUE  TRUE  TRUE  TRUE FALSE  TRUE FALSE  TRUE  TRUE  TRUE  TRUE  TRUE  TRUE  TRUE  TRUE
[646]  TRUE  TRUE FALSE  TRUE  TRUE  TRUE  TRUE  TRUE FALSE FALSE  TRUE  TRUE  TRUE  TRUE  TRUE
[661]  TRUE  TRUE  TRUE  TRUE  TRUE  TRUE FALSE FALSE  TRUE  TRUE  TRUE  TRUE  TRUE  TRUE  TRUE
[676]  TRUE  TRUE  TRUE  TRUE  TRUE  TRUE  TRUE  TRUE  TRUE  TRUE  TRUE  TRUE  TRUE  TRUE  TRUE
[691]  TRUE  TRUE  TRUE  TRUE  TRUE  TRUE  TRUE  TRUE  TRUE  TRUE  TRUE  TRUE  TRUE  TRUE  TRUE
[706]  TRUE  TRUE

