
Birth-death simulation object with 720 species and 500 extant species

Details for some species:

Extinction times (NA means extant)
[1]       NA 66.27485       NA 22.03169 18.62730       NA


Speciation times 
[1] 77.46046 74.08184 60.69531 57.30302 54.55149 50.39999


Species parents (NA for initial)
[1] NA  1  1  1  1  1


Species status (extinct or extant)
[1] "extant"  "extinct" "extant"  "extinct" "extinct" "extant" 


For more details on vector y, try sim$y, with y one of
TE TS PAR EXTANT



$TE
  [1]           NA 66.274853974           NA 22.031693084 18.627302482           NA 43.802196162
  [8]  7.450232929  9.224680228           NA 60.825376667 38.875803244 12.070995674 27.346342531
 [15] 34.230230755 18.312085667           NA           NA           NA  9.224397976           NA
 [22]           NA 51.054616143 63.607503141 10.685203423 41.642512947           NA           NA
 [29] 39.343398445           NA           NA           NA 22.790376601 17.663213894 10.777369950
 [36]           NA           NA           NA           NA  0.735940515           NA 19.926751619
 [43]           NA 24.856037486 21.660600800           NA 12.129960294  6.072536406           NA
 [50]  9.347406349 39.410523908           NA 27.951329534 48.595895277           NA  4.441273232
 [57] 33.294959284 26.898512224           NA 26.135060237  8.871279307 43.425093040           NA
 [64]           NA           NA 43.229352130 19.771300989 13.542893378           NA 15.132065512
 [71]           NA           NA           NA 17.671398452           NA           NA 27.745910212
 [78]  7.659282341 37.887614625 29.708473063 10.903599016 15.607758834 38.957202317           NA
 [85]           NA  6.530353712           NA           NA           NA 13.111293336           NA
 [92]           NA           NA 20.289620934 15.573570893           NA 15.363936994 23.155910584
 [99]  5.659756697           NA           NA           NA           NA           NA           NA
[106]           NA           NA           NA           NA 19.268501579           NA 41.542736471
[113] 19.898076048 17.620709425           NA           NA           NA 24.830656057  5.337224991
[120] 13.250855634 11.425379833  5.695350909           NA           NA           NA           NA
[127] 15.160319979  3.860573401  9.083577150           NA           NA           NA           NA
[134]           NA 25.453456841 12.679214777           NA           NA 16.547975284           NA
[141]           NA  4.718946752           NA           NA 13.489241921           NA           NA
[148]           NA           NA           NA           NA           NA 11.299648963 12.911951490
[155]           NA           NA 14.197134975  3.275580613           NA 11.820669222           NA
[162] 13.721427747           NA           NA  5.055357204           NA           NA           NA
[169]  0.851160495  1.777837658           NA 23.593740967 11.583127987 19.642317891           NA
[176]  1.619826010           NA           NA           NA           NA  9.497761453           NA
[183]  0.583995728           NA           NA 12.878805306  4.571738462 22.821130336  2.146604411
[190]           NA           NA           NA           NA           NA           NA           NA
[197]  3.729709826           NA  3.664836495           NA           NA  7.849558811           NA
[204]  2.503146934           NA 16.636638499 13.189554005  6.714726536           NA           NA
[211]  8.709480388 13.220242209 19.150662350 23.958374614  6.698215044           NA 21.910816091
[218]  5.071106878           NA  1.638781147 21.198191146  6.021053051           NA           NA
[225]           NA           NA           NA 22.216078264           NA           NA 18.128843990
[232]           NA           NA 22.343390617 16.168511899           NA           NA           NA
[239]           NA           NA           NA           NA  8.626694958  4.761145059           NA
[246]           NA           NA           NA 11.388732017           NA           NA 22.618814407
[253]  5.438832556  4.302368839           NA           NA           NA 10.356410498  0.582322955
[260]           NA  0.511970763           NA           NA 17.562225909  8.191638405  2.731491707
[267] 11.977256299           NA           NA           NA           NA  2.384561022  5.355234200
[274]  9.189741152           NA           NA           NA  0.864309107           NA  3.433024496
[281]           NA           NA           NA 15.235570093           NA           NA           NA
[288]  5.231115300  9.551972767           NA           NA 12.155305052  1.402114201           NA
[295]           NA           NA           NA           NA 16.585112867 14.622847567  8.815121052
[302]           NA           NA 11.913376882           NA  5.669441183           NA           NA
[309]           NA           NA  1.334014725           NA  9.986886250 10.505758893  0.185347774
[316]           NA           NA  3.345810216  0.671453341           NA           NA           NA
[323] 13.343553104           NA           NA  5.427450640  8.035288844           NA           NA
[330]           NA  0.035293799           NA           NA           NA 16.772781674  9.079010391
[337]           NA  8.065193554           NA           NA 17.776584701           NA  5.937757175
[344]  2.397429547           NA  7.658219428           NA 10.770092937           NA           NA
[351]           NA 18.075725295  1.562450094  3.077409793           NA           NA           NA
[358]           NA           NA  2.033573324           NA  8.138514496           NA           NA
[365]           NA           NA           NA  1.806906169           NA           NA  8.809499826
[372]           NA           NA  9.184206683           NA  8.432444392           NA           NA
[379]           NA 10.815062069           NA           NA           NA           NA           NA
[386]  5.014042587 13.748351514 12.144081889           NA           NA  8.447884407           NA
[393]           NA           NA           NA           NA           NA  7.321373829           NA
[400]           NA           NA           NA           NA           NA           NA           NA
[407]           NA           NA           NA           NA 10.300164108  1.150109566           NA
[414]  1.203299307           NA           NA  3.187257870           NA           NA           NA
[421]           NA           NA           NA           NA           NA           NA           NA
[428]  0.810810233           NA           NA  0.836461552           NA           NA           NA
[435]           NA           NA  3.769334784  4.384561622           NA           NA           NA
[442]           NA           NA           NA           NA           NA           NA           NA
[449]  8.817313728  2.200011409           NA           NA           NA           NA           NA
[456]           NA           NA           NA           NA           NA  1.957439905           NA
[463]           NA           NA           NA           NA           NA           NA           NA
[470]  8.504592617           NA  5.483296165           NA           NA           NA           NA
[477]           NA           NA           NA  0.441749105           NA  8.143963108           NA
[484]           NA           NA           NA           NA  3.109324811  3.990326183  0.317971642
[491]           NA           NA           NA           NA           NA           NA           NA
[498]           NA           NA           NA           NA           NA           NA           NA
[505]           NA           NA           NA           NA           NA           NA           NA
[512]           NA           NA           NA           NA           NA  3.589127396           NA
[519]  1.376514485           NA           NA           NA           NA           NA           NA
[526]           NA           NA           NA           NA           NA  0.666046070           NA
[533]           NA           NA  0.591494998           NA           NA  1.088620878           NA
[540]  5.907948953           NA           NA           NA           NA           NA  1.620545100
[547]           NA           NA           NA           NA           NA           NA           NA
[554]  1.152989972           NA           NA           NA           NA           NA  3.735828814
[561]           NA           NA  1.518434824  1.461077308           NA           NA           NA
[568]  4.177934947           NA           NA           NA  2.169657174           NA           NA
[575]  1.141492755           NA           NA           NA           NA           NA           NA
[582]           NA           NA           NA           NA           NA           NA           NA
[589]  1.656029944           NA           NA           NA           NA           NA           NA
[596]           NA           NA           NA           NA           NA           NA           NA
[603]           NA           NA           NA           NA           NA           NA           NA
[610]           NA           NA           NA           NA           NA           NA           NA
[617]           NA           NA           NA           NA  1.341265488           NA           NA
[624]           NA  1.780948639           NA  1.277756817  5.698284187  2.758586096  1.776046417
[631]           NA           NA           NA           NA           NA           NA           NA
[638]           NA           NA           NA           NA  3.785306560           NA           NA
[645]           NA           NA           NA           NA           NA           NA           NA
[652]           NA           NA           NA           NA           NA           NA           NA
[659]           NA           NA           NA           NA           NA           NA           NA
[666]  1.906552958           NA           NA           NA           NA           NA           NA
[673]           NA  0.386116472           NA           NA           NA           NA           NA
[680]           NA           NA           NA  0.004719093  0.225803846           NA           NA
[687]           NA           NA           NA           NA           NA           NA           NA
[694]           NA           NA           NA  0.343612617           NA           NA           NA
[701]           NA  0.520422752           NA           NA           NA           NA           NA
[708]           NA           NA           NA           NA           NA           NA           NA
[715]           NA           NA           NA           NA           NA           NA

$TS
  [1] 77.460459311 74.081843074 60.695305735 57.303019691 54.551494906 50.399990540 46.302323465
  [8] 12.542533403 10.056709334 67.852447785 67.746212524 47.761669834 37.526712069 36.281745579
 [15] 35.684194174 28.820352876 22.141210628 20.094425120 16.121110837  9.537998750  9.087676387
 [22]  7.732775962 67.506629968 67.289933819 65.784643600 54.931033069 59.768538364 55.926955407
 [29] 50.844569093 24.230722022  6.652675924 27.084676317 26.866288071 18.541270017 56.345220531
 [36] 36.008781779 53.783370727 34.653114477 26.910283525 26.288608733 12.738258533 54.986089091
 [43] 49.820014676 32.582619890 28.006349160 23.659820669 19.388180870 35.832834724 25.506739137
 [50] 24.732737904 54.200283369 53.934435291 53.593005726 53.307160099 52.190905887 39.012414422
 [57] 36.814539549 34.575293053 50.555309561 49.423569813 47.707520757 47.104450540 30.615303164
 [64] 22.240300520  0.392553463 51.655196524 43.418680398 21.322716140 20.378133605 16.073513530
 [71] 12.059085699  6.978315529  4.722777567 53.090742721 45.470290825 32.974042072 31.662576086
 [78] 30.983354286 42.544040612 34.653872054 33.338367717 29.042358484 43.148731583 33.556004301
 [85] 23.139678594 21.028564457 18.138550344  4.290168408 43.950255291 30.033690969 10.959345329
 [92]  8.304692252 30.637391482 30.152688942 29.016093246 28.237096175 26.969381218 39.206263842
 [99] 30.792760859 24.016056024 21.659743417 20.748448679 11.241043446  2.773592233  1.964127192
[106]  0.369955505 33.622265834 27.187172540 35.690748986 28.767870070 19.391279234 41.721572770
[113] 29.491078701 29.204557241 19.006006850 23.950549608  9.614830902 41.099736957 23.516451611
[120] 39.582079553 39.469088317 35.698586956 14.603063588 31.737998921 32.780827866 37.743916709
[127] 32.215080622 30.222125839 20.520838001  7.769443854 28.860774042  2.274633594  0.871203312
[134] 34.887373764 34.702060504 28.225544562 31.938318454 10.624115666 34.189434925 30.005157844
[141] 13.021741956 20.146610860  9.386896745  6.413296841 14.006424936  7.397860161  6.575620694
[148]  3.552158888 28.757027439 15.789402628  4.715401466  1.024914995 34.695710602 14.669262830
[155] 34.394369078 25.626398687 31.191761143 17.130117495 19.480745629 18.025313545 17.836612332
[162] 14.020935627  0.471506719 29.956796050 24.822060608 17.673618023 14.006080217  8.483327180
[169] 17.278935300 11.895529196 10.579155033 30.587533232 27.618239422 25.665729049 23.641361105
[176] 22.785070571 20.891038282 18.602785945 18.570679610 18.283018000 14.445976602 12.356266799
[183]  4.982634732  2.333033166 22.123734580 21.394200235 21.026514827 30.807713028 18.232792005
[190]  8.867773213 27.894041845 19.223194291 10.482851157  7.076879308  6.084124350 16.283330695
[197] 14.613364526  4.727846735  3.916418419  3.782376199  0.705949915 28.174892840  2.963288937
[204]  8.946869992 20.530651103 23.945983479 16.294010699  8.960752889 20.973854490 20.679717154
[211] 22.533883472 21.541555101 21.208075797 26.809605748 23.968420245 22.414126408 27.240240963
[218]  5.293917268 22.318822369 27.607135714 24.410641902 22.437036583  2.903255593  0.666654440
[225] 12.941497870 12.147592021  5.765232037 22.916555937 21.781494251 23.449266510 23.860178589
[232] 22.877633695 11.276705432 22.553055787 25.261869102 20.936582844 17.651277223  3.457909508
[239] 22.858343880  8.941719210  1.591835374 13.307091586 17.037413157  8.019727906  1.112526413
[246] 23.305244707  2.379888428 19.462636423 24.541149728 15.454280670  9.745984366 23.603334096
[253] 17.034023506 12.842484911 17.187208936 23.141910598 20.951472615 18.781078496 10.481567407
[260]  5.645496071 15.420105074  4.714400463  0.605276783 21.249553355 21.186394613 19.476829954
[267] 17.248266484 14.206700545  8.123093961 15.752575237  3.014589425  2.905000056  5.489278853
[274] 20.231303363  4.572021639  3.490835130  2.873386572  2.628090667 15.737564073 13.958792860
[281]  8.322281815  4.552668830 10.749906088 20.903150967  0.989123795 14.139504537 12.279357898
[288] 16.746041970 11.700306735 19.615215470 11.641785677 14.013955934  6.084592702 20.650534081
[295]  5.423449996  9.781521072 14.507577496 20.958217121 17.816046337 17.250367939 12.470161161
[302]  7.319004047  1.709538261 17.869306222 20.981153939 15.369863124 19.446034616 16.304963385
[309] 13.383260389  7.669009087 17.639820760 10.435520104 18.964284356 15.545540908 12.528817113
[316] 20.951492573 15.494976501 17.047927169  4.429386867  3.339435979  9.393962567  8.764920055
[323] 14.308943996 10.944302345 15.260530558 18.297336344 15.397388953  5.696957065 18.362258670
[330] 10.518027924  3.603972847 15.063276257  7.404097872 12.675681659 18.451754431 18.062714379
[337] 15.352618604 15.106299554  6.226934826  2.280942395 18.195732928 12.552737447 12.473568090
[344]  9.059641921  8.011703366 11.006275376  1.934183228 11.762609971  6.564059486  5.186482783
[351]  2.292763124 19.100628186 15.642567876  9.951660157  1.198474185  4.591033255 14.984401042
[358] 15.851086426  8.091397921  6.621258694 10.711815394 14.415822958  6.861139799  5.032177341
[365]  4.030856348 15.324439223 15.522340180 14.260147645  0.755143094  9.151576972 12.952471409
[372] 10.723777901  4.266244828 16.147195849  3.823669072 13.366906319 12.201361938 16.792800482
[379] 12.327905790 14.562214178 11.826641506  4.199694263 13.283667310  6.743740352 16.627214021
[386] 13.368782975 14.788901556 16.736408137 10.032614051 11.342028481 10.823501260  2.409527707
[393] 14.425899503 12.955277451 10.100980933  8.144075834  0.908046969 14.671043498  8.834119119
[400] 14.232364212 13.925047783  8.666199083 15.348867636 10.059098463  2.154389249 10.518723277
[407]  1.443219667  8.080375808  0.504125449  2.988640511 10.901603013  5.495210619  4.443259657
[414]  1.637777452 14.900121479 11.341155700 11.219771419 10.743090719 10.029772947  8.321081174
[421]  6.596988456  5.745999140  3.935782763  1.535976294  0.984693456  6.061439525 14.841026980
[428] 11.310394094 13.030521101 12.315241908 14.479325233 11.202163543 14.616950367 10.332253793
[435]  7.829062364  4.777375387  3.842565279  6.318173520  5.655886607  0.405072497 12.598134430
[442] 10.942579132  5.571073589  9.249497241  4.977799250 14.800104550 14.444487229  6.777514298
[449] 13.696258695 10.406521557  1.266920770 11.675559205  0.511570478  7.990634671  3.498703561
[456] 12.795517567  5.555902145  3.813809346  1.909165077 14.039315112  9.869546659  1.118081376
[463] 13.315388269 10.588907905  1.934980720  8.834828007  0.491107795 10.481666370 11.540737644
[470] 11.293381350 10.538161639  8.460834258  6.699592152  2.918342727 13.016197919  2.035079268
[477]  3.123439065  4.374965960  1.501205903  7.780416322  2.193823385 10.558423604  4.797441730
[484]  8.001345704  6.909925348  3.612380979  8.361832890  7.227209187  5.421862439  8.367147422
[491] 11.507844506  5.674148025  1.495264987  5.952240178  2.873796714  9.578914875  4.542058310
[498]  2.115596579  0.127918519  9.970243337  7.847728079 11.828894357  9.048563267  1.848343478
[505]  8.121118649  7.505687628  3.758463098  1.498048266  7.692162643  9.555721182  2.277831716
[512]  0.193159709  8.211457110  2.987173037  3.857274590  0.101506807  8.220957777  0.966425527
[519] 10.523851568  6.831719376 10.000831230  7.708765643  6.602190311  3.029824488  0.425230779
[526]  5.788929646 10.626635444  2.483734585  9.603615667  5.967153258  3.848847450  1.454214786
[533]  3.197651405  6.006940902  1.210719764  2.123152578  8.970978282  4.716410552  2.404542167
[540]  6.459495690  2.615498434  9.579763847  3.596131496  0.923702304  1.463109066 10.274086521
[547]  5.477929253  1.995770986  4.216506510  4.030301124  3.075398929  8.266294336  1.796491415
[554]  8.986251263  6.797261260  8.236395609  7.954194531  7.427723355  8.305972246  5.095109804
[561]  2.607909451  7.529749580  6.606710558  5.014886629  5.045463267  6.546882523  5.935553912
[568]  4.332740857  2.869202621  0.035871031  2.809994070  7.092101889  0.323026346  3.726232881
[575]  7.848239736  6.389840373  4.037041890  7.368784002  7.311331723  8.807566037  5.506797530
[582]  6.180517524  2.192491581  0.749361801  2.871367325  4.115494076  8.080200442  8.309801502
[589]  5.995468528  4.303225286  3.493312404  7.039531357  6.797252022  5.494759166  0.654460331
[596]  3.483891841  5.385387998  5.703926648  7.889713203  5.764297392  2.129928130  1.280809045
[603]  3.868343853  2.365555251  7.598421639  5.975732031  1.922943020  5.227443437  6.276494014
[610]  2.724675419  0.187517182  5.618116752  1.264285755  0.940448445  0.709473727  3.107589818
[617]  1.097593209  0.371966884  0.297939788  3.338594038  2.678935759  4.899944000  6.398279842
[624]  2.204502208  4.564542563  3.625873461  6.214166311  6.673961107  3.476929618  5.835365929
[631]  6.187695235  4.053703386  3.418388503  2.759144167  6.306566825  6.112616603  2.889759734
[638]  3.720691619  4.762470667  5.681047438  2.809055075  5.455383693  0.477680890  3.503771820
[645]  5.748946207  1.432066151  5.606292475  0.582792222  3.441477963  5.527552632  1.549610624
[652]  0.773916231  0.519697359  4.574362763  5.065256817  3.831242372  2.090833486  3.952473394
[659]  1.715064595  1.651490018  1.879598639  4.302744768  2.995387530  3.817333091  4.801687303
[666]  2.910871265  2.261529401  2.009999563  2.847336425  0.253654869  3.598413368  0.713334508
[673]  3.471282659  2.539140826  4.364599833  2.056297304  1.296990312  3.430111271  0.766562207
[680]  0.390782229  0.824875098  0.845798133  0.249034170  3.504872198  3.617005560  1.769702437
[687]  0.575711329  0.560270373  3.479266514  3.087514317  2.383177658  2.608280178  2.388274713
[694]  0.605877452  1.662989028  0.513930704  0.659779821  1.540902770  1.862408450  2.386041669
[701]  1.519195520  1.371122253  0.460787954  1.941268411  1.002675097  0.433290947  0.010610055
[708]  1.747532935  1.374500739  1.918802302  1.352567458  0.155636528  1.283425050  0.561655840
[715]  0.007613425  0.691644708  0.953413409  0.278864936  0.355289636  0.122629866

$PAR
  [1]  NA   1   1   1   1   1   1   1   1   2  10  10  10  10  10  10  10  10  10  10  10  10  11
 [24]  23  23  23  25  25   3   3   3  27  27  27   4   4  35  35  35  35  35  28  28  28  28  28
 [47]  28  42  42  42  26  26   5   5   5   5   5   5  51  51  52  52  52  52  52  37  37  37  37
 [70]  37  37  37  37  53  53  53  53  53  74  74  74  74  55  55  55  55  55  55  59  59  59  59
 [93]   6   6   6   6   6  43  43  43  43  43  43  43  43  43  60  60  61  61  61  75  75  75  75
[116]  89  89  67  67  83 118 120 120 121  98  56  56  56  56  56 126 126 126  13  14  14  36  36
[139]  48  48  48 122 122 122 109 109 109 109 134 134 134 134 135 153  38  38 139 139 107 107 107
[162] 107 107  84  81  81  76  76 125 125 125 137 137 137 137 137 137 137 137 137 137 137 137 137
[185] 124 124 124  77 157  78 188  99  99  99  99  93  93  93  93  93  93  63  63 128  94 140 140
[208] 140 164 113 114 114 114  82  82  82  95 131  16 110 110 110 149 149  96  96  96 136 136 202
[231] 191 173 220 217 108 108 108 108  32  32  39  40 156 156 156  49  49 235 165 165 165  50  50
[254]  50 249 100 100 100 100 100 215 116 116 206 231  46  46  46  46 175 175 175 119 230 230 230
[277] 230 230 246 256 256 256  85 232 232 239 239 176 176 211 211 222 222 219 219  64 185 229 101
[300] 101 101 101 101 212 186  68 264  86  86  86 187 187 305 305 305 209 209 298 298 298 316 316
[323] 257 236 284 177 102 102 294 294 294 205 205 129  69  69  69  69  69  69 142 142 142  18  18
[346] 290 290 159 159 248 248 307 307 307 307 111  47 192 192 192 115 178 178 178 178 179 329 329
[369] 329 326 180 180 180 189 189 336 336 160 161 166 166 166 237 169 267 267 318 243 243 378 378
[392] 378 388 388 308 308 308 196 196 374  19  19 358 358 358 150 150 270 270 279 353 353 353 353
[415] 314 367 367 367 367 367 367 367 367 367 367 317 250 250 261 327 306 306 337 337 337 403 403
[438] 366 366 366 325 325 325 332 357 415 415 415 446 446 446 398 433 197 123 380 297 297 297 431
[461] 181 393 368 368 368 400 400 280 309 309 309 309 463 463 141 141 475 394 394 225 225  41  41
[484] 334 441 441 342 342 342   8 315 315 315 182 182 379 379 379 379 287 287 377 377 377 170 170
[507] 502 502 452 390 390 416 428 428 233 233 103 103 417 417 432 432 432 432 324 442 391 418 372
[530] 372 372 361 527 138 464 171 482 519 519 406 330 193 468 468 259 312 312 546 404 389 389 419
[553] 521 500 500 296 296 251 117 117 117 529 542 542 510 321 321 321 321 321 143 444 444 370 344
[576] 503 503 554 554 208 204 240 240 190 466 399 322 281 420 420 420 552 552 552 552 513 269 408
[599] 244 244 484 484 557 557 130  22  22 605 562 558 558 333 146 146 146 578 578 302 302 579 572
[622] 592  72 485 363 555 593 448 448 384 473 473 421 421 349 566 144 635 609 339 195 426 534 606
[645] 494 494 526 600 645 328 640 640 492 439 260 412 295 597 597 655 564 183 183 445 622 483 483
[668] 436 198 198  73 151 654 625 282 413 675 590 590 382 577 365 365 531 375 375 375 200 331 276
[691] 596 633 620 616 551 203 637 541 692 528 392 481 481 583 583 583 601 657 668 548 708 660 651
[714] 698 424 709 152 163 706  65

$EXTANT
  [1]  TRUE FALSE  TRUE FALSE FALSE  TRUE FALSE FALSE FALSE  TRUE FALSE FALSE FALSE FALSE FALSE
 [16] FALSE  TRUE  TRUE  TRUE FALSE  TRUE  TRUE FALSE FALSE FALSE FALSE  TRUE  TRUE FALSE  TRUE
 [31]  TRUE  TRUE FALSE FALSE FALSE  TRUE  TRUE  TRUE  TRUE FALSE  TRUE FALSE  TRUE FALSE FALSE
 [46]  TRUE FALSE FALSE  TRUE FALSE FALSE  TRUE FALSE FALSE  TRUE FALSE FALSE FALSE  TRUE FALSE
 [61] FALSE FALSE  TRUE  TRUE  TRUE FALSE FALSE FALSE  TRUE FALSE  TRUE  TRUE  TRUE FALSE  TRUE
 [76]  TRUE FALSE FALSE FALSE FALSE FALSE FALSE FALSE  TRUE  TRUE FALSE  TRUE  TRUE  TRUE FALSE
 [91]  TRUE  TRUE  TRUE FALSE FALSE  TRUE FALSE FALSE FALSE  TRUE  TRUE  TRUE  TRUE  TRUE  TRUE
[106]  TRUE  TRUE  TRUE  TRUE FALSE  TRUE FALSE FALSE FALSE  TRUE  TRUE  TRUE FALSE FALSE FALSE
[121] FALSE FALSE  TRUE  TRUE  TRUE  TRUE FALSE FALSE FALSE  TRUE  TRUE  TRUE  TRUE  TRUE FALSE
[136] FALSE  TRUE  TRUE FALSE  TRUE  TRUE FALSE  TRUE  TRUE FALSE  TRUE  TRUE  TRUE  TRUE  TRUE
[151]  TRUE  TRUE FALSE FALSE  TRUE  TRUE FALSE FALSE  TRUE FALSE  TRUE FALSE  TRUE  TRUE FALSE
[166]  TRUE  TRUE  TRUE FALSE FALSE  TRUE FALSE FALSE FALSE  TRUE FALSE  TRUE  TRUE  TRUE  TRUE
[181] FALSE  TRUE FALSE  TRUE  TRUE FALSE FALSE FALSE FALSE  TRUE  TRUE  TRUE  TRUE  TRUE  TRUE
[196]  TRUE FALSE  TRUE FALSE  TRUE  TRUE FALSE  TRUE FALSE  TRUE FALSE FALSE FALSE  TRUE  TRUE
[211] FALSE FALSE FALSE FALSE FALSE  TRUE FALSE FALSE  TRUE FALSE FALSE FALSE  TRUE  TRUE  TRUE
[226]  TRUE  TRUE FALSE  TRUE  TRUE FALSE  TRUE  TRUE FALSE FALSE  TRUE  TRUE  TRUE  TRUE  TRUE
[241]  TRUE  TRUE FALSE FALSE  TRUE  TRUE  TRUE  TRUE FALSE  TRUE  TRUE FALSE FALSE FALSE  TRUE
[256]  TRUE  TRUE FALSE FALSE  TRUE FALSE  TRUE  TRUE FALSE FALSE FALSE FALSE  TRUE  TRUE  TRUE
[271]  TRUE FALSE FALSE FALSE  TRUE  TRUE  TRUE FALSE  TRUE FALSE  TRUE  TRUE  TRUE FALSE  TRUE
[286]  TRUE  TRUE FALSE FALSE  TRUE  TRUE FALSE FALSE  TRUE  TRUE  TRUE  TRUE  TRUE FALSE FALSE
[301] FALSE  TRUE  TRUE FALSE  TRUE FALSE  TRUE  TRUE  TRUE  TRUE FALSE  TRUE FALSE FALSE FALSE
[316]  TRUE  TRUE FALSE FALSE  TRUE  TRUE  TRUE FALSE  TRUE  TRUE FALSE FALSE  TRUE  TRUE  TRUE
[331] FALSE  TRUE  TRUE  TRUE FALSE FALSE  TRUE FALSE  TRUE  TRUE FALSE  TRUE FALSE FALSE  TRUE
[346] FALSE  TRUE FALSE  TRUE  TRUE  TRUE FALSE FALSE FALSE  TRUE  TRUE  TRUE  TRUE  TRUE FALSE
[361]  TRUE FALSE  TRUE  TRUE  TRUE  TRUE  TRUE FALSE  TRUE  TRUE FALSE  TRUE  TRUE FALSE  TRUE
[376] FALSE  TRUE  TRUE  TRUE FALSE  TRUE  TRUE  TRUE  TRUE  TRUE FALSE FALSE FALSE  TRUE  TRUE
[391] FALSE  TRUE  TRUE  TRUE  TRUE  TRUE  TRUE FALSE  TRUE  TRUE  TRUE  TRUE  TRUE  TRUE  TRUE
[406]  TRUE  TRUE  TRUE  TRUE  TRUE FALSE FALSE  TRUE FALSE  TRUE  TRUE FALSE  TRUE  TRUE  TRUE
[421]  TRUE  TRUE  TRUE  TRUE  TRUE  TRUE  TRUE FALSE  TRUE  TRUE FALSE  TRUE  TRUE  TRUE  TRUE
[436]  TRUE FALSE FALSE  TRUE  TRUE  TRUE  TRUE  TRUE  TRUE  TRUE  TRUE  TRUE  TRUE FALSE FALSE
[451]  TRUE  TRUE  TRUE  TRUE  TRUE  TRUE  TRUE  TRUE  TRUE  TRUE FALSE  TRUE  TRUE  TRUE  TRUE
[466]  TRUE  TRUE  TRUE  TRUE FALSE  TRUE FALSE  TRUE  TRUE  TRUE  TRUE  TRUE  TRUE  TRUE FALSE
[481]  TRUE FALSE  TRUE  TRUE  TRUE  TRUE  TRUE FALSE FALSE FALSE  TRUE  TRUE  TRUE  TRUE  TRUE
[496]  TRUE  TRUE  TRUE  TRUE  TRUE  TRUE  TRUE  TRUE  TRUE  TRUE  TRUE  TRUE  TRUE  TRUE  TRUE
[511]  TRUE  TRUE  TRUE  TRUE  TRUE  TRUE FALSE  TRUE FALSE  TRUE  TRUE  TRUE  TRUE  TRUE  TRUE
[526]  TRUE  TRUE  TRUE  TRUE  TRUE FALSE  TRUE  TRUE  TRUE FALSE  TRUE  TRUE FALSE  TRUE FALSE
[541]  TRUE  TRUE  TRUE  TRUE  TRUE FALSE  TRUE  TRUE  TRUE  TRUE  TRUE  TRUE  TRUE FALSE  TRUE
[556]  TRUE  TRUE  TRUE  TRUE FALSE  TRUE  TRUE FALSE FALSE  TRUE  TRUE  TRUE FALSE  TRUE  TRUE
[571]  TRUE FALSE  TRUE  TRUE FALSE  TRUE  TRUE  TRUE  TRUE  TRUE  TRUE  TRUE  TRUE  TRUE  TRUE
[586]  TRUE  TRUE  TRUE FALSE  TRUE  TRUE  TRUE  TRUE  TRUE  TRUE  TRUE  TRUE  TRUE  TRUE  TRUE
[601]  TRUE  TRUE  TRUE  TRUE  TRUE  TRUE  TRUE  TRUE  TRUE  TRUE  TRUE  TRUE  TRUE  TRUE  TRUE
[616]  TRUE  TRUE  TRUE  TRUE  TRUE FALSE  TRUE  TRUE  TRUE FALSE  TRUE FALSE FALSE FALSE FALSE
[631]  TRUE  TRUE  TRUE  TRUE  TRUE  TRUE  TRUE  TRUE  TRUE  TRUE  TRUE FALSE  TRUE  TRUE  TRUE
[646]  TRUE  TRUE  TRUE  TRUE  TRUE  TRUE  TRUE  TRUE  TRUE  TRUE  TRUE  TRUE  TRUE  TRUE  TRUE
[661]  TRUE  TRUE  TRUE  TRUE  TRUE FALSE  TRUE  TRUE  TRUE  TRUE  TRUE  TRUE  TRUE FALSE  TRUE
[676]  TRUE  TRUE  TRUE  TRUE  TRUE  TRUE  TRUE FALSE FALSE  TRUE  TRUE  TRUE  TRUE  TRUE  TRUE
[691]  TRUE  TRUE  TRUE  TRUE  TRUE  TRUE FALSE  TRUE  TRUE  TRUE  TRUE FALSE  TRUE  TRUE  TRUE
[706]  TRUE  TRUE  TRUE  TRUE  TRUE  TRUE  TRUE  TRUE  TRUE  TRUE  TRUE  TRUE  TRUE  TRUE  TRUE

