
Birth-death simulation object with 735 species and 500 extant species

Details for some species:

Extinction times (NA means extant)
[1] 18.63719 63.15819 14.32992 56.20273       NA       NA


Speciation times 
[1] 86.25447 68.64886 67.34587 63.69284 60.33833 55.96137


Species parents (NA for initial)
[1] NA  1  1  1  1  1


Species status (extinct or extant)
[1] "extinct" "extinct" "extinct" "extinct" "extant"  "extant" 


For more details on vector y, try sim$y, with y one of
TE TS PAR EXTANT



$TE
  [1] 18.63718518 63.15819452 14.32992008 56.20272923          NA          NA 43.59031419
  [8] 41.96154954 22.11525774          NA 49.61313438 39.36324080          NA          NA
 [15] 24.83240885          NA 12.67980370  9.76065962          NA 26.63625895          NA
 [22]          NA 31.49453364 10.50273557  2.00467378          NA          NA 40.22974241
 [29]          NA 21.40946221 15.10264026  9.06454822          NA          NA 26.03365604
 [36]          NA          NA  9.01929910 12.67631204          NA 21.99478516 18.64971758
 [43] 27.63308842          NA 15.10377352          NA          NA 28.29166424 28.40527775
 [50] 28.51280475          NA          NA 31.76061651  8.87535753          NA          NA
 [57] 28.72441135 14.51577289          NA          NA          NA          NA 41.87948758
 [64]  3.48659182 37.84446660 24.94852782          NA 24.01917022          NA          NA
 [71]          NA          NA 30.32983812 16.76868982 19.95421721 35.61461781 15.43981221
 [78] 12.14326901 15.08811557          NA          NA          NA          NA          NA
 [85] 42.55631795          NA          NA          NA  1.62449684          NA          NA
 [92] 11.40260201 23.83700631          NA          NA  8.69320397 34.64857758          NA
 [99] 31.88730655          NA          NA 41.08941320 25.93345359          NA 10.60426506
[106]  3.47536109 33.78874869 14.74716671 32.96916253 38.24280350          NA  2.43236578
[113] 12.71130032  0.73461323  9.57552957          NA          NA          NA          NA
[120] 33.54704092 30.06243110 34.11103207  9.50885516          NA 16.28047013  5.07723179
[127]          NA 21.56483677 34.02368194          NA 11.68550506          NA          NA
[134]          NA          NA          NA          NA 26.39656038  6.39286776          NA
[141]  6.74200892          NA 22.33926057 12.41758511          NA  0.55640411 25.01259658
[148] 18.95740872 13.10374518  8.78554969 17.12678550          NA 14.36059266  6.69084407
[155]          NA          NA          NA 32.29689709 14.18936473 27.04809437 11.97583037
[162] 12.05891182          NA          NA  2.52749981          NA          NA          NA
[169]  2.00587545          NA 19.95867289 14.64145491          NA          NA          NA
[176]          NA          NA          NA  1.31605871          NA          NA 22.67167923
[183]  1.99932018          NA  6.43693405 17.29159997 22.73802162  2.49865304 10.72194966
[190]  2.43002958  5.56405392          NA          NA  0.82310691          NA 24.63335556
[197] 14.65005089          NA  4.75689616  4.26233371          NA          NA 20.20235489
[204] 14.93066751          NA 23.79855966          NA  5.97426837 16.11749958          NA
[211]          NA  9.80691232          NA 10.05299159  6.25794803          NA          NA
[218]          NA          NA 11.86342687          NA          NA          NA 18.48595999
[225]          NA  2.50670015 10.55567145  3.15522437 13.29607706 12.43097643          NA
[232] 16.17114673          NA          NA  4.37449130          NA  9.82041289  4.48623540
[239]  0.62260344          NA 11.40534004  4.78902798          NA          NA          NA
[246] 10.67077621          NA 10.03362172 12.07394963 12.37853633 18.50665164          NA
[253]  8.92112465          NA          NA          NA  9.44892949          NA          NA
[260] 12.19577600  1.81087865          NA          NA          NA          NA 20.40191616
[267]  8.38193455          NA          NA          NA 21.17651380 14.51523885 13.12834781
[274]          NA 14.28944794          NA          NA  5.78081712          NA          NA
[281]          NA  9.19735110 10.50048748          NA          NA 18.38494910          NA
[288] 23.51054550 18.12073827          NA          NA  5.05404457 10.38468057          NA
[295]          NA          NA          NA          NA          NA 17.09619721  3.36953454
[302]          NA          NA          NA          NA  0.09299782          NA          NA
[309]          NA          NA          NA          NA          NA 10.20872921          NA
[316]          NA          NA          NA          NA          NA          NA          NA
[323]          NA          NA          NA  1.37687881          NA          NA          NA
[330]          NA 11.62108772          NA          NA          NA          NA  1.93691150
[337]          NA          NA          NA          NA          NA          NA 13.14585414
[344]  8.77723006          NA          NA          NA          NA  8.52218136          NA
[351]          NA          NA          NA 11.70083958  9.39109327          NA          NA
[358]          NA  2.78539090          NA          NA 11.40609879          NA          NA
[365]  0.94929319          NA  7.38242415  4.33421038  9.45345484          NA  6.94059902
[372]          NA          NA 12.62624258          NA  5.12879732          NA          NA
[379]          NA          NA          NA          NA          NA          NA  5.94244357
[386]          NA          NA          NA  9.11399549  9.45417019          NA          NA
[393]          NA          NA          NA          NA          NA          NA          NA
[400]          NA  2.12782930          NA          NA          NA          NA 14.01350463
[407]  0.31584155          NA          NA          NA          NA          NA          NA
[414]          NA          NA          NA          NA  3.11706622          NA          NA
[421]          NA          NA          NA          NA          NA          NA          NA
[428]          NA  1.69876625          NA          NA          NA          NA          NA
[435]  5.70537945          NA          NA          NA          NA          NA          NA
[442]          NA          NA          NA 13.20964048          NA          NA  6.77845241
[449]          NA          NA          NA          NA          NA          NA          NA
[456]          NA          NA          NA 11.25574543  2.54384099  1.61537056          NA
[463]  5.27982189          NA          NA          NA  6.70401571  9.34189757  2.53301807
[470]          NA          NA          NA          NA 11.30898593          NA          NA
[477]          NA          NA          NA          NA  1.70335847          NA  6.96615129
[484]          NA  3.62901695          NA          NA          NA          NA          NA
[491]          NA          NA  0.06661747          NA          NA  0.40544294          NA
[498]  0.93313641          NA          NA          NA          NA  0.30126049          NA
[505]  4.16449092          NA  4.62220201  3.32765910          NA          NA          NA
[512]          NA          NA          NA          NA          NA          NA  0.19154642
[519]  5.88332369          NA          NA          NA          NA          NA          NA
[526]          NA  5.50960701          NA          NA          NA  2.52598418  4.89424102
[533]  6.42392095          NA  6.82510666          NA          NA          NA  0.73913621
[540]          NA          NA  1.37693734  5.67095435  3.24564991          NA          NA
[547]          NA          NA          NA          NA  0.95255762          NA          NA
[554]          NA  4.05759471          NA  6.42551306  0.90537203          NA          NA
[561]          NA          NA  1.97683507          NA  0.99915631          NA          NA
[568]  2.15751263          NA  4.20460682          NA  5.70244304          NA          NA
[575]          NA          NA          NA          NA          NA          NA          NA
[582]          NA          NA  0.36647856          NA          NA          NA          NA
[589]          NA          NA          NA          NA          NA          NA          NA
[596]          NA  3.34921640          NA          NA          NA          NA          NA
[603]          NA          NA          NA          NA          NA          NA          NA
[610]          NA          NA  6.17430379          NA          NA          NA          NA
[617]          NA          NA          NA          NA          NA          NA          NA
[624]          NA          NA          NA          NA          NA          NA          NA
[631]          NA          NA          NA          NA          NA          NA          NA
[638]          NA          NA          NA          NA          NA          NA          NA
[645]          NA          NA          NA          NA          NA          NA          NA
[652]          NA          NA  0.51982201          NA          NA          NA  2.44540785
[659]          NA          NA  3.61730137          NA          NA          NA          NA
[666]          NA          NA          NA          NA          NA          NA          NA
[673]          NA  0.60735359          NA          NA          NA          NA          NA
[680]          NA          NA          NA          NA          NA          NA          NA
[687]  1.51350190          NA          NA  0.95177728          NA          NA          NA
[694]          NA          NA          NA          NA          NA          NA          NA
[701]          NA          NA          NA          NA          NA          NA          NA
[708]          NA          NA          NA          NA          NA          NA          NA
[715]          NA          NA          NA          NA          NA          NA          NA
[722]          NA          NA          NA          NA          NA          NA          NA
[729]          NA          NA          NA          NA          NA          NA          NA

$TS
  [1] 86.254470486 68.648855247 67.345871142 63.692840771 60.338330061 55.961372318 47.597085921
  [8] 45.596696990 40.323612712 32.994839395 63.511970829 59.775692098 53.779826964 48.605565600
 [15] 42.880743513 41.483526485 17.155321702 15.496866883 56.250167642 55.699910167 58.900022984
 [22] 57.796354166 54.967378884 47.223339302 32.094818892  5.065260082  0.601598438 49.042026741
 [29] 29.065288189 27.847623837 16.959851689 10.268775027  3.131385919 54.498474810 36.364484363
 [36] 31.395383327 15.519319884 13.299841318 46.836136364 13.497418547 46.741050125 41.092746586
 [43] 35.810831275 35.373000933 30.329473948 24.692032698  0.934756035 38.800534730 48.302837315
 [50] 37.767991658 36.345070560 36.335720384 33.035910727 31.708214699 49.946958868 42.309038535
 [57] 37.948731895 29.684710292 29.553005462 23.873683125  4.496453260 48.831305247 45.720085286
 [64] 37.537623969 40.282664626 37.789900053 36.179531954 30.925207084 20.984803003 20.011958522
 [71] 11.598252503  0.856699113 46.255888277 42.226353483 48.425212939 41.393532499 39.679743189
 [78] 21.047939889 17.953024975 16.875586952 13.597008852 29.676271227 18.394244068  1.938669195
 [85] 43.360584392 32.124473299 28.899469168 27.602639843 25.396451309 20.749481518 42.923468826
 [92] 34.811329625 26.074076436 32.925578795 28.328989228 27.488369762 42.332565065 37.581438420
 [99] 36.680152558 32.905358630 29.180891020 44.524356331 34.453471079 32.585084735 25.754808983
[106] 29.217864502 42.052560132 39.139929028 35.799353021 38.768473266 21.880116257 18.505274611
[113] 31.266796021 37.225193390 26.209722023 24.683021262 24.175784487 18.400172956  8.416514883
[120] 39.827412159 37.645034117 34.837438221 23.441340010 36.723840800 31.983360406 16.969779787
[127] 37.350474398 33.307900656 35.033614227 12.476781108 32.878754879 19.067230136 13.123485306
[134] 12.837500712  9.102104725 18.299548038 12.626167995 29.320483144 16.500590362 14.793433149
[141] 14.066620766  4.091190723 28.177113839 19.692704798  6.521299546  3.682520813 36.006444075
[148] 25.811004225 24.653697327 34.606971977 24.219140861  7.842127108 34.110894135 13.471245028
[155]  4.011781209 28.774493214 32.451867822 35.480178694 35.090664539 27.602876584 24.378335521
[162] 14.171006529  6.154884304  1.973724873 21.110552911 15.908425998 33.426636492 11.728831510
[169] 29.993023592 28.532539442 23.005751407 19.962621535 15.919733893 28.913151438  6.361344484
[176]  4.899806229  1.737478775 13.791381933 18.335579382 15.102026811 13.856737390 28.213273989
[183] 12.182682134 14.883090071  9.768940764 31.902146659 25.168029027 25.027391814 19.285384819
[190] 18.849631372 12.041429110  9.210539941  5.789660025  3.019681788 12.397519663 30.916193632
[197] 19.709127594 10.961408832  6.325144798 28.684162762 21.776706273 13.823858426 29.177002384
[204] 25.194323430  8.507170002 24.958413346 23.661084096 29.706959826 26.849409387 17.660057850
[211] 23.531528379 14.258237478 14.655794997 10.083435036 25.964420661 25.023128421 11.361906895
[218]  5.202101314 28.008479153 17.317256382 13.390375282  9.898494732  7.782563030 28.115302182
[225] 27.991575961  6.812943442 25.425913832 24.681011564 22.660380407 22.362283095 24.907719481
[232] 19.376868883 11.005070776 25.141381078 23.070235600 22.487421057 12.021383532  9.942477097
[239]  8.159920857  2.933054719 25.345143259 10.664406562 22.886579157 14.067137953 13.557505295
[246] 13.021664433 11.981374095 22.433966670 20.456393067 19.097601412 18.527153981 26.680815720
[253] 13.453471136 11.145084251  2.349710812  2.009765653 25.287813398 19.520413533 25.931810357
[260] 21.032632811 25.048927876 13.641354253  9.852460663  5.650100380  1.365728693 25.418417779
[267] 14.698246158 10.068142561  7.795602561  2.603998928 24.752762997 24.051598324 14.650621428
[274] 11.997843827 20.442236950 17.777182903 14.244102668  7.846260290  5.364069231 14.710600873
[281] 19.405175678 13.572538921 20.607319574  3.701924913 11.410476317 19.105475731  5.296008336
[288] 24.625847129 20.283755598 10.576781625 22.220680083 10.583783102 10.558664250 16.587023125
[295] 14.268528955  6.297587018 20.920361377 17.222715261 12.476697978 18.981318743 17.509495532
[302] 17.365168208  0.705617785 21.416042614 14.169130101 10.583277023 14.985482696 14.658749949
[309]  7.500785803  6.011693864 19.082595419 21.415031652 14.242797213 21.801963093  5.786591660
[316] 11.825919190 16.209734612 15.244492957 18.177699802 15.439386519  5.493217026  3.849463196
[323] 19.861081502 20.680089441 19.899548573 19.469315075 18.496312080 12.802663213 16.952272176
[330]  1.672934492 18.287440225  7.759822587  7.303488989 19.427762061 10.483353481  5.028715286
[337]  2.641110167  0.497051599  5.892058366  2.428011629 13.714896751 20.419326307 17.786091779
[344] 17.546458152 11.110794480 18.124510182  6.531170739  0.343018842  9.614353561  7.786847189
[351]  6.992707669  5.463236964 14.711643455 14.531408224 14.369215618  8.198242543  5.826148793
[358] 15.345579127  5.775802935 15.262164740 12.250136911 11.598600364  7.718416401  2.554513891
[365]  1.436981587 16.404915593 14.105716166 13.873287577 12.805288986 10.127900512 15.189891206
[372] 13.948336355  1.994652709 15.579155289 11.863230062  8.876867814  2.845178739 12.077761504
[379] 17.664318429 13.422085550 11.025724062 10.940293660  4.102009134  2.161908705 15.807154760
[386] 15.265821088 14.250165240  9.984681952 15.315056148 15.088173324 14.383774707 13.995219337
[393]  7.885158028  0.037794643 12.294485946  7.817303832  7.366164956  3.215760966 14.586489916
[400] 15.903253952  6.611721302 13.659869014  6.292115186  9.637911779  6.326916556 16.443294306
[407] 16.811034209 12.412308827  6.691097496  4.682818456 16.144981510  1.111128858 16.478562296
[414] 11.905637176 11.121027629  3.044881580 11.566518975 14.309358570  2.156613164  0.646754442
[421] 11.568958604 11.311055058  0.914337542 14.972534399 13.923016549 12.050696388  6.874907859
[428]  6.344837174  5.120767699 12.089362356 10.547378038  0.373073596 13.371419769  7.001023830
[435]  9.904477936 10.867914506  8.223656132 11.722436522  4.740440075  8.999799022  6.153931191
[442]  8.493061880  4.775608792  9.304297931 15.075855375 14.219624500  9.175944593  6.945592593
[449]  8.605991474 15.020176610 14.106083077  7.231220396  6.804922886  5.029054780  1.707634220
[456]  4.844189869  3.368872442 12.946100552 11.317528205  7.048859859 14.254659910  3.370397662
[463] 14.321898483 13.944829613  5.637496848  0.642317495 14.170137700 12.522760168 13.775100973
[470]  9.661749811  5.813073092 10.921925559 13.435158372 13.624865806 12.933131290  0.725732732
[477]  8.257466969  9.965560942 11.072853937  3.894283270  8.060874463  9.543389369 13.386090901
[484] 13.072497775  8.027441437 12.755567943  8.519487236  7.230911080  3.442801441  1.667160941
[491] 11.025406322  3.571777600  7.551979874  3.346311506  4.809604835  5.419947272  3.230875364
[498]  1.922435692  0.184398229 10.195246392  7.497397201  5.295618178  3.775730421  2.664612033
[505] 12.589373712  5.703658790  9.308695104  5.396182853 11.866905477  8.092608715  8.853603343
[512] 10.370329230  9.453591292  8.823735532  4.916565060  2.351627910  7.191435717 12.417854697
[519]  8.250044903  1.322373675 11.703944393 11.430565003  1.859274339  4.776967338  1.633824867
[526] 12.645765586 10.443828936  7.229680053 10.437715766  3.166200887  9.979129962  8.939159705
[533]  7.969691809  4.586089662  9.524165070  2.031994668  8.235362084  1.578205331  9.851196807
[540]  2.156788585  8.369883551  7.335136977 10.771689701 10.335455921  8.385704197  7.094026585
[547] 11.001900367 10.294204063  4.771068076  2.347217768  8.788341379 11.043526254 11.478190397
[554]  7.709384699  8.931286439  8.134608475  7.828454974  3.838068915  9.726994956  9.167282720
[561]  6.002955631  0.633472911  4.993615868 10.135353866  1.117964990 10.776778889  5.323584906
[568]  3.386449834  8.850610934  5.678526050  1.208584982  8.438808944  3.220034738  2.114985556
[575]  4.918745295  9.371579065  3.683975073  4.408832803  3.895848599  9.297529333  8.993894323
[582]  4.950042473  7.335844626  2.852799816  2.081812101  2.229237471  9.105206195  7.806710487
[589]  1.140801578  8.101347353  9.333473752  5.498438798  4.467319774  8.226080978  3.799380457
[596]  9.570914380  4.784569441  4.186350869  0.127789553  4.450504638  4.378899032  8.430835568
[603]  5.260520405  4.007214722  9.022560575  6.252211401  4.231925052  8.298546780  4.708173937
[610]  5.788503037  2.290971152  8.597396603  4.758085929  7.079434279  8.477615725  8.141317693
[617]  7.877851129  6.102392368  5.442488438  7.213589724  2.092341770  5.913108462  3.252565867
[624]  3.123384717  1.221753710  0.872986920  6.827391966  7.969206594  2.211395715  5.856919266
[631]  1.307337517  4.528675816  7.999316119  2.135057687  3.130283049  1.046737061  1.848204326
[638]  4.243373466  7.648987659  5.850997454  6.146161510  4.806863004  3.330094762  7.406594130
[645]  6.623331416  4.010571493  0.955096488  0.445362543  0.185521856  0.612895173  2.247702340
[652]  5.518824700  3.022850708  7.007418087  6.971809628  5.470430457  0.078922403  3.673193454
[659]  3.429141983  4.937102984  5.611073200  4.430765521  5.775159674  6.399628158  1.984576653
[666]  2.793154474  0.022704499  2.902661698  5.930592990  2.664818781  3.628972082  2.432253316
[673]  2.838924981  1.469804710  0.773377171  5.718726958  3.370213263  3.624832137  3.318349174
[680]  3.181040574  3.525120581  1.453825676  4.731408509  0.836886640  3.530892018  0.005471973
[687]  4.019857441  3.418087534  2.723851011  1.407049273  2.874730638  1.553619147  2.424084081
[694]  2.165686093  1.548308761  0.780519837  2.609090132  1.993353558  3.402778058  2.066543286
[701]  1.063854336  2.652915809  0.310518539  0.478861965  1.428488331  0.888054414  2.901682702
[708]  1.154534937  3.130892739  0.313267775  0.048826391  2.093424432  0.897544532  1.473320403
[715]  0.123228195  0.367498445  1.390021102  1.735647327  1.149541551  0.529125085  2.287657920
[722]  0.600591403  1.664789715  0.464330908  1.614358101  1.453703166  0.264102840  0.690724032
[729]  1.354642884  0.266428820  1.381120479  0.287538128  0.808811792  0.007517736  0.236923991

$PAR
  [1]  NA   1   1   1   1   1   1   1   1   1   3   3   3   3   3   3   3   3  11  11   5   5   5
 [24]   5   5   5   5  12  21  21  21  21  21  22  22  22  22  22  19  19   6   6   6   6   6   6
 [47]   6  20  23  23  23  23  23  23  34  34  34  34  34  34  34  13  13  13  55  55  55  55  55
 [70]  55  55  55  28  28  62  62  62  62  62  62  62  14  14  14  75  75  75  75  75  75  49  24
 [93]  24  39  39  39  41  41  41  41  41  73  73  91  91  15  97  97  97  56  56  56  74 107  16
[116]  16  16  16  16  76  76  77  77 108 108 108  48  57  50  98  64  64  64  64  64 127 127 114
[139] 114 114 114 114 124 124 124 124  99  51  51  52  52  52  67  67  67 147  43 109  44  44  44
[162]  44  44  44 159 159  92  92 150 150 150 150 153  10  10  10  10  94 100 100 100 131 131 104
[185] 104 157 157 157 157 157 157 157 157 157  86  25  25  25  25  54  54  54  36  36  36 113 113
[208]  68  68  45 169 169 208 208  58  82  82  82  59  59  59  59  59 138 106 106 101  29  29  29
[231] 174 174 174  87  87  87  87  87  87  87 156 156 200 170 170 170 170  95 219 219 219 225 225
[254] 225 225 225  30  88  96  96 252 252 252 252 252 115 115 215 259 259 148 105 105 227 266  89
[277]  89  89  89 241 257 257 234 261 216 231 231  46  46  46 116 116 116 228 228 228 149 161 117
[300] 272 207 207 207 211 123 123 235 235 243 243 236 248 248 230 291 314 201 201 312 312 165 165
[323]  78 260 260 260 260 260  69  69 297 297 297  90  90  90  90  90 324 324 249 275 342  70  70
[346] 325 325 325 323 323 323 323 197 258 258 258 258 334 281 311 311 311 132 132 132 190 190 190
[369] 190 190 112 112 327 118 118 118 118  83 179 179 179 179 179 179 136 136 136 136 319 276 276
[392] 276 276 276 379 379 379 379 210 344 301 302 302 298 298 126 329 329 329 329  80  80 407 407
[415] 407 407 139 366 366 366 317 317 317 411 411 411 411 411 411 173 173 173 166 166 385  37  37
[438] 320 320 358 358 386 386 360 318 318 371 371 180 390 450 450 450 450 450 424 424 184 140 140
[461] 353 353 213 273 399 399 391 355 463 463 463 418 212 461 461 387 277 313 446 446 305 451 367
[484] 367 367 244 141 141 392 372 464 464 425 425 368 181 202 202 202 178 178 469 469 341 262 262
[507]  81 245  40  40 154 253 253 380 380 380 221 433 433 433  38  38 133 134 134 328 328 328 486
[530] 486 505 505 130 130 299 408 395 395 361 361 183 430 426 191 274 247 509 509 375 375 316 168
[553]  71 421 417 417 417 417 553 553 553 553 522 217 217 422 254 415 552 552 552 233 233 547 382
[576] 472 472 566 566 543 543 242 306 290 431 335 529 529 529 370 388 388 531 478 478 238 222 222
[599] 222 263 539 559 470 470 404 596 576 591 507 560 560 135 135 605 440 581 581 532 555 569 569
[622] 514 551 551 449 487 615 602 602 119 119 541 477 477 537 537 594 437 633 628 278 152 152 396
[645] 396 350 350 332 363 501 397 583 542 333 452 528 517 546 460 654 655 627 226 453 645 145 145
[668] 664 175 163 441 441 618 669 669 622 193 610 315 663 506 264 619 619 279 279 502  26  26 454
[691] 582 660 176 456 456 439 683 632 600 662 578 142 155 604 480 480 284 577 146 671 681 462 643
[714] 623 623 635 691 673 673 670 693 629 634 585 700 665 177 455 538 692 714 726 717 589 722

$EXTANT
  [1] FALSE FALSE FALSE FALSE  TRUE  TRUE FALSE FALSE FALSE  TRUE FALSE FALSE  TRUE  TRUE FALSE
 [16]  TRUE FALSE FALSE  TRUE FALSE  TRUE  TRUE FALSE FALSE FALSE  TRUE  TRUE FALSE  TRUE FALSE
 [31] FALSE FALSE  TRUE  TRUE FALSE  TRUE  TRUE FALSE FALSE  TRUE FALSE FALSE FALSE  TRUE FALSE
 [46]  TRUE  TRUE FALSE FALSE FALSE  TRUE  TRUE FALSE FALSE  TRUE  TRUE FALSE FALSE  TRUE  TRUE
 [61]  TRUE  TRUE FALSE FALSE FALSE FALSE  TRUE FALSE  TRUE  TRUE  TRUE  TRUE FALSE FALSE FALSE
 [76] FALSE FALSE FALSE FALSE  TRUE  TRUE  TRUE  TRUE  TRUE FALSE  TRUE  TRUE  TRUE FALSE  TRUE
 [91]  TRUE FALSE FALSE  TRUE  TRUE FALSE FALSE  TRUE FALSE  TRUE  TRUE FALSE FALSE  TRUE FALSE
[106] FALSE FALSE FALSE FALSE FALSE  TRUE FALSE FALSE FALSE FALSE  TRUE  TRUE  TRUE  TRUE FALSE
[121] FALSE FALSE FALSE  TRUE FALSE FALSE  TRUE FALSE FALSE  TRUE FALSE  TRUE  TRUE  TRUE  TRUE
[136]  TRUE  TRUE FALSE FALSE  TRUE FALSE  TRUE FALSE FALSE  TRUE FALSE FALSE FALSE FALSE FALSE
[151] FALSE  TRUE FALSE FALSE  TRUE  TRUE  TRUE FALSE FALSE FALSE FALSE FALSE  TRUE  TRUE FALSE
[166]  TRUE  TRUE  TRUE FALSE  TRUE FALSE FALSE  TRUE  TRUE  TRUE  TRUE  TRUE  TRUE FALSE  TRUE
[181]  TRUE FALSE FALSE  TRUE FALSE FALSE FALSE FALSE FALSE FALSE FALSE  TRUE  TRUE FALSE  TRUE
[196] FALSE FALSE  TRUE FALSE FALSE  TRUE  TRUE FALSE FALSE  TRUE FALSE  TRUE FALSE FALSE  TRUE
[211]  TRUE FALSE  TRUE FALSE FALSE  TRUE  TRUE  TRUE  TRUE FALSE  TRUE  TRUE  TRUE FALSE  TRUE
[226] FALSE FALSE FALSE FALSE FALSE  TRUE FALSE  TRUE  TRUE FALSE  TRUE FALSE FALSE FALSE  TRUE
[241] FALSE FALSE  TRUE  TRUE  TRUE FALSE  TRUE FALSE FALSE FALSE FALSE  TRUE FALSE  TRUE  TRUE
[256]  TRUE FALSE  TRUE  TRUE FALSE FALSE  TRUE  TRUE  TRUE  TRUE FALSE FALSE  TRUE  TRUE  TRUE
[271] FALSE FALSE FALSE  TRUE FALSE  TRUE  TRUE FALSE  TRUE  TRUE  TRUE FALSE FALSE  TRUE  TRUE
[286] FALSE  TRUE FALSE FALSE  TRUE  TRUE FALSE FALSE  TRUE  TRUE  TRUE  TRUE  TRUE  TRUE FALSE
[301] FALSE  TRUE  TRUE  TRUE  TRUE FALSE  TRUE  TRUE  TRUE  TRUE  TRUE  TRUE  TRUE FALSE  TRUE
[316]  TRUE  TRUE  TRUE  TRUE  TRUE  TRUE  TRUE  TRUE  TRUE  TRUE FALSE  TRUE  TRUE  TRUE  TRUE
[331] FALSE  TRUE  TRUE  TRUE  TRUE FALSE  TRUE  TRUE  TRUE  TRUE  TRUE  TRUE FALSE FALSE  TRUE
[346]  TRUE  TRUE  TRUE FALSE  TRUE  TRUE  TRUE  TRUE FALSE FALSE  TRUE  TRUE  TRUE FALSE  TRUE
[361]  TRUE FALSE  TRUE  TRUE FALSE  TRUE FALSE FALSE FALSE  TRUE FALSE  TRUE  TRUE FALSE  TRUE
[376] FALSE  TRUE  TRUE  TRUE  TRUE  TRUE  TRUE  TRUE  TRUE FALSE  TRUE  TRUE  TRUE FALSE FALSE
[391]  TRUE  TRUE  TRUE  TRUE  TRUE  TRUE  TRUE  TRUE  TRUE  TRUE FALSE  TRUE  TRUE  TRUE  TRUE
[406] FALSE FALSE  TRUE  TRUE  TRUE  TRUE  TRUE  TRUE  TRUE  TRUE  TRUE  TRUE FALSE  TRUE  TRUE
[421]  TRUE  TRUE  TRUE  TRUE  TRUE  TRUE  TRUE  TRUE FALSE  TRUE  TRUE  TRUE  TRUE  TRUE FALSE
[436]  TRUE  TRUE  TRUE  TRUE  TRUE  TRUE  TRUE  TRUE  TRUE FALSE  TRUE  TRUE FALSE  TRUE  TRUE
[451]  TRUE  TRUE  TRUE  TRUE  TRUE  TRUE  TRUE  TRUE FALSE FALSE FALSE  TRUE FALSE  TRUE  TRUE
[466]  TRUE FALSE FALSE FALSE  TRUE  TRUE  TRUE  TRUE FALSE  TRUE  TRUE  TRUE  TRUE  TRUE  TRUE
[481] FALSE  TRUE FALSE  TRUE FALSE  TRUE  TRUE  TRUE  TRUE  TRUE  TRUE  TRUE FALSE  TRUE  TRUE
[496] FALSE  TRUE FALSE  TRUE  TRUE  TRUE  TRUE FALSE  TRUE FALSE  TRUE FALSE FALSE  TRUE  TRUE
[511]  TRUE  TRUE  TRUE  TRUE  TRUE  TRUE  TRUE FALSE FALSE  TRUE  TRUE  TRUE  TRUE  TRUE  TRUE
[526]  TRUE FALSE  TRUE  TRUE  TRUE FALSE FALSE FALSE  TRUE FALSE  TRUE  TRUE  TRUE FALSE  TRUE
[541]  TRUE FALSE FALSE FALSE  TRUE  TRUE  TRUE  TRUE  TRUE  TRUE FALSE  TRUE  TRUE  TRUE FALSE
[556]  TRUE FALSE FALSE  TRUE  TRUE  TRUE  TRUE FALSE  TRUE FALSE  TRUE  TRUE FALSE  TRUE FALSE
[571]  TRUE FALSE  TRUE  TRUE  TRUE  TRUE  TRUE  TRUE  TRUE  TRUE  TRUE  TRUE  TRUE FALSE  TRUE
[586]  TRUE  TRUE  TRUE  TRUE  TRUE  TRUE  TRUE  TRUE  TRUE  TRUE  TRUE FALSE  TRUE  TRUE  TRUE
[601]  TRUE  TRUE  TRUE  TRUE  TRUE  TRUE  TRUE  TRUE  TRUE  TRUE  TRUE FALSE  TRUE  TRUE  TRUE
[616]  TRUE  TRUE  TRUE  TRUE  TRUE  TRUE  TRUE  TRUE  TRUE  TRUE  TRUE  TRUE  TRUE  TRUE  TRUE
[631]  TRUE  TRUE  TRUE  TRUE  TRUE  TRUE  TRUE  TRUE  TRUE  TRUE  TRUE  TRUE  TRUE  TRUE  TRUE
[646]  TRUE  TRUE  TRUE  TRUE  TRUE  TRUE  TRUE  TRUE FALSE  TRUE  TRUE  TRUE FALSE  TRUE  TRUE
[661] FALSE  TRUE  TRUE  TRUE  TRUE  TRUE  TRUE  TRUE  TRUE  TRUE  TRUE  TRUE  TRUE FALSE  TRUE
[676]  TRUE  TRUE  TRUE  TRUE  TRUE  TRUE  TRUE  TRUE  TRUE  TRUE  TRUE FALSE  TRUE  TRUE FALSE
[691]  TRUE  TRUE  TRUE  TRUE  TRUE  TRUE  TRUE  TRUE  TRUE  TRUE  TRUE  TRUE  TRUE  TRUE  TRUE
[706]  TRUE  TRUE  TRUE  TRUE  TRUE  TRUE  TRUE  TRUE  TRUE  TRUE  TRUE  TRUE  TRUE  TRUE  TRUE
[721]  TRUE  TRUE  TRUE  TRUE  TRUE  TRUE  TRUE  TRUE  TRUE  TRUE  TRUE  TRUE  TRUE  TRUE  TRUE

