
Birth-death simulation object with 689 species and 500 extant species

Details for some species:

Extinction times (NA means extant)
[1] 63.28032 58.36057 44.71101       NA 28.91090 43.97431


Speciation times 
[1] 80.81571 78.36884 66.26077 65.12343 65.77071 57.55895


Species parents (NA for initial)
[1] NA  1  1  2  3  3


Species status (extinct or extant)
[1] "extinct" "extinct" "extinct" "extant"  "extinct" "extinct"


For more details on vector y, try sim$y, with y one of
TE TS PAR EXTANT



$TE
  [1] 63.2803194 58.3605716 44.7110101         NA 28.9109002 43.9743122         NA 28.7098617
  [9]         NA         NA 45.4332014 40.1717376 47.2393906         NA 12.4597140         NA
 [17]         NA         NA         NA  5.6099172         NA 19.0487626         NA 13.3668535
 [25]  7.3218486 10.7539361 25.6918064  3.3075258 19.9166598         NA         NA 18.0346252
 [33] 17.4565504         NA 23.1122756         NA  1.5105578         NA 37.5787393  5.3362403
 [41]         NA  7.1664103         NA 36.2460656 25.0545719 10.6775748 14.2003112 22.9633661
 [49] 14.7592776         NA         NA         NA         NA         NA         NA 30.1861092
 [57] 20.0971717 24.5422261 23.8451175  7.7123308 24.2194586 28.9251540         NA 42.4700445
 [65]  5.4329314 42.7069292         NA 21.1826138 22.5111872 33.4438316 11.6302744 18.2482528
 [73] 18.4179523  3.6919820         NA         NA         NA         NA         NA         NA
 [81]         NA         NA         NA 39.4717620 18.0992976         NA         NA  5.1327716
 [89]  9.4466932         NA         NA 14.1323783  1.8354830         NA         NA         NA
 [97]         NA         NA 29.4875705 33.8061371         NA         NA         NA         NA
[105]         NA         NA         NA         NA         NA 24.7371812         NA 22.5035331
[113]         NA         NA         NA         NA 31.7296901  6.5290997         NA         NA
[121]         NA 17.0254249         NA         NA         NA         NA         NA 29.1033958
[129]  6.3054671 21.3718163         NA  3.1324470         NA 21.9766726 14.4081645         NA
[137]         NA 20.2326812         NA         NA         NA         NA 20.4335196  7.2095677
[145]  2.7663897         NA         NA         NA 28.3363135         NA 22.9750322         NA
[153]  5.7581002         NA         NA         NA 26.0368961  4.7322062  8.4221249  5.7891915
[161]  7.9216502 12.9118645 23.6889897         NA         NA         NA         NA         NA
[169]  7.8015394         NA         NA         NA 13.6461280         NA 15.6762737         NA
[177] 11.1758721         NA  3.1979549  1.5583688         NA         NA 24.9433873         NA
[185] 16.8200740         NA         NA  0.3430721         NA         NA         NA 10.4923177
[193]         NA  7.1609483 25.9089550         NA         NA         NA 10.2323237 24.8312417
[201]         NA  9.3317830         NA  7.9374189         NA         NA 13.6257510         NA
[209]         NA 12.3905058         NA 13.8720730         NA         NA         NA 25.3947957
[217]  8.1983864  9.0476903         NA         NA         NA         NA         NA 10.6875046
[225]         NA  0.4956302         NA         NA  6.5253699         NA         NA         NA
[233]         NA 11.7533154  2.9251354         NA 10.3122708  3.8157679         NA         NA
[241]         NA         NA  7.7558027 14.3787777         NA         NA 24.8519418         NA
[249] 12.0789577         NA         NA  6.9811891         NA 12.1917853         NA         NA
[257]  4.9090053         NA         NA 14.7034881         NA  7.2121035         NA         NA
[265] 19.3208507 14.7142939         NA         NA         NA  8.6127407         NA         NA
[273]         NA         NA  1.3820245         NA         NA         NA  6.6240720  0.3187216
[281]         NA         NA         NA  3.7358738         NA         NA         NA  8.0091467
[289]         NA         NA         NA         NA         NA         NA         NA         NA
[297]         NA         NA  3.9971423  8.9043003 11.5728224         NA  4.1980002 12.8586137
[305]         NA         NA         NA         NA         NA 12.5976688         NA  5.7697319
[313]         NA         NA 10.5877871 11.6421451  8.2881004         NA         NA         NA
[321]  6.3470828         NA         NA         NA         NA         NA  8.0304577         NA
[329]         NA 13.8247955         NA         NA         NA         NA  2.9930110         NA
[337]  0.8644058         NA         NA         NA         NA         NA         NA  6.2783449
[345]         NA         NA         NA  0.4588848         NA         NA         NA         NA
[353]         NA         NA         NA         NA 14.0659381  3.3530754  1.1034799         NA
[361]         NA         NA 15.5973684         NA         NA         NA  8.8896033         NA
[369]         NA         NA 10.1584967  9.2175604  7.9492870         NA         NA  2.7605303
[377]         NA  0.2141129         NA 11.9116878         NA         NA         NA         NA
[385]         NA         NA  8.9757559         NA         NA  4.2750237  3.4286716         NA
[393]         NA         NA         NA         NA         NA  6.1904916         NA         NA
[401] 13.9095097         NA  0.9126653         NA         NA         NA         NA         NA
[409]         NA         NA         NA         NA         NA  6.6466598         NA         NA
[417]  3.5059348         NA         NA         NA         NA         NA         NA         NA
[425]         NA         NA         NA         NA         NA         NA  1.2809691         NA
[433]         NA         NA         NA         NA         NA         NA 12.0874783         NA
[441] 11.9724580         NA         NA         NA         NA         NA         NA         NA
[449]         NA         NA 11.4765903         NA         NA         NA  3.5602632         NA
[457]  9.3411669         NA         NA         NA         NA         NA         NA         NA
[465]         NA         NA         NA         NA  5.3160928         NA 12.2189449         NA
[473]         NA         NA         NA         NA         NA         NA         NA         NA
[481]         NA         NA         NA         NA         NA         NA         NA         NA
[489]         NA         NA         NA  8.7858742         NA         NA         NA  3.2119318
[497]         NA         NA         NA         NA         NA         NA  2.8112716  0.7154992
[505]         NA  3.3207531         NA         NA         NA         NA         NA         NA
[513]         NA         NA         NA         NA         NA         NA         NA         NA
[521]         NA         NA         NA         NA         NA  6.6924819         NA         NA
[529]  0.7670029         NA  2.1869286  4.3959815         NA         NA  1.8302959         NA
[537]         NA         NA         NA         NA         NA         NA         NA         NA
[545]         NA         NA         NA         NA         NA         NA         NA         NA
[553]         NA         NA         NA         NA         NA         NA  4.4115258         NA
[561]         NA         NA         NA         NA         NA         NA         NA         NA
[569]  2.0909791  1.8390779         NA         NA         NA         NA         NA         NA
[577]         NA         NA  5.3665449         NA         NA         NA         NA         NA
[585]         NA         NA         NA         NA         NA         NA         NA         NA
[593]         NA         NA  4.1384214         NA         NA         NA         NA         NA
[601]         NA         NA         NA         NA  3.4384095         NA         NA         NA
[609]  0.6238650         NA         NA         NA         NA         NA         NA         NA
[617]         NA         NA         NA         NA         NA         NA         NA         NA
[625]         NA         NA         NA         NA         NA         NA         NA         NA
[633]         NA         NA         NA         NA         NA         NA         NA         NA
[641]         NA         NA         NA         NA         NA         NA         NA         NA
[649]         NA         NA         NA         NA         NA         NA         NA         NA
[657]         NA         NA         NA         NA         NA         NA         NA         NA
[665]         NA         NA         NA         NA         NA         NA         NA         NA
[673]         NA         NA         NA  0.9416073         NA         NA         NA         NA
[681]         NA         NA         NA         NA         NA         NA         NA         NA
[689]         NA

$TS
  [1] 80.81570758 78.36883776 66.26077241 65.12343455 65.77071204 57.55894948 51.96458440
  [8] 41.43683353 37.35096490 34.09368307 62.60066682 50.91827046 47.92262642 40.45747549
 [15] 40.05778733 27.55786332  7.55419101  1.10500843 54.84797596 46.74359925 51.19207421
 [22] 50.63105559 47.07505802 44.13429057 38.65732324 34.94168116 31.00894397 22.88267804
 [29] 21.78410286 14.54891564 40.84389689 40.64730866 35.54237324 10.21694154 30.30971184
 [36] 24.29088810 12.17131203 11.51531420 49.01162006 25.08241413 22.44176632 21.13299393
 [43] 48.54057544 48.19837548 47.59375939 40.60699746 32.37146833 26.50533683 23.74580368
 [50] 15.88265135 12.28569369  0.57574516 38.14006755 34.40120645 30.37514964 37.04475842
 [57] 36.14595408 32.96550094 32.70301688  8.92475387 46.70463560 46.27825864 45.51543521
 [64] 44.83692421 44.62722362 42.87430387  7.38857707 40.53063182 30.33732194 38.09467495
 [71] 32.23108664 41.84891348 20.23046892 18.29780074  5.29562738  2.13251127 42.60703403
 [78] 28.47727777 19.61005129 14.53036233 12.21330288 10.76522633 10.28865901 42.07312065
 [85] 40.91371176 30.08392272 15.11265901  8.78968376 40.23499142 38.15377995 34.35108389
 [92] 26.18388868 25.90208433 24.27414452 37.11109835 18.31267428  5.07178855 39.51967683
 [99] 39.50736390 38.57758825 25.70163890 34.88681458 30.72385000 30.82709672 20.29295580
[106] 10.63557172  8.07362769 27.48617653 19.62186022 39.18122730 28.39479501 28.88792747
[113] 16.08489384 14.99952090 13.98705841 10.15113664 32.34654845 27.21124711 29.19911389
[120] 28.71668353 10.24455921 27.14531012 23.99164747 17.49052512 11.76387667  3.00144272
[127]  0.42194290 30.18225849 25.62971802 22.21038545 11.95371398  8.68814563  2.39121739
[134] 23.50104862 18.37551783  2.74948419  0.12625455 26.12260019 26.10156593 21.25756317
[141] 18.52684201 29.83669621 29.82691186 32.36373306 26.46506227 14.83395120  7.03209784
[148]  2.71850218 34.22117150 31.13053444 30.23822472  6.75743616 29.53461491 24.17053176
[155] 23.82585989 17.79959194 32.22113390 31.40273478  9.85345965 31.77913529 27.38690107
[162] 29.85984770 23.73441363 30.57776958 25.26758186 17.59221382  9.53502928 30.21936530
[169] 19.47614803 27.46097784 31.03208613 15.10136322 30.53854450 25.03661034 15.97394256
[176] 15.58846017 13.73083184 17.73922993 17.19954025  5.42150608  4.48702011  3.40513151
[183] 30.30671308 24.76472055 20.01806618  9.75039277  6.13093002  4.67883319  0.49716949
[190]  0.20338108 12.01502191 23.29044748 16.70307450 28.73828618 28.73184769 27.18673539
[197] 16.86122177  5.14744983 28.97940586 28.14042969  2.15441213 25.11674335  6.79252191
[204] 26.80427888 22.94027027 29.40757065 27.56766942 27.18797115 22.74991608 15.91913238
[211] 15.49940965 16.09647155  4.42199245  1.79682840 20.57208896 26.52824201 11.76189344
[218] 28.26921351  8.74162100  3.95266239 27.65813923 24.96406148  5.66765799 25.47981065
[225] 21.83844244 21.41872553  9.36260436  9.19879762 20.22298489 12.18532433  5.24550103
[232] 25.47418260  3.38439539 22.70241403 19.36474581 18.94509992 23.67419801 13.71299745
[239] 10.86072670  6.16368009 19.44861658 15.62815974 19.23804942 17.15842588 26.49257053
[246] 15.00106647 25.46514650 22.12108113 19.65802721 13.53372926 11.42462341 17.46261183
[253] 17.17356306 16.81436762 11.90714091 18.48695321 22.35898085 17.28023063  9.90336451
[260] 17.45650679 14.81111807  9.73508418  9.71506479  7.81253650 24.49362299 20.29842300
[267] 12.29190010 20.63934139 19.07131515 14.67608835 24.94267596 18.14062211  9.96121892
[274] 23.29370201 21.23819310  6.63144457 20.26177186 13.00633065  9.40918699  6.68682717
[281]  2.80285030 22.85379820  0.82497274  5.66117141 21.26374696  6.49842952 12.14149148
[288] 12.68906695 18.94875515 13.32628825  6.93445513  2.15611073 16.95175643 15.84767116
[295] 17.97485623 16.08242753  2.18936166  0.13465864 18.56586618 17.00895880 20.43144436
[302] 17.40682190 17.39324219 16.28659962 14.20199805 11.30390290 11.14098157  2.72380970
[309]  1.18572576 17.93558426  9.90257019  7.25442228  6.21672420 21.86998185 21.20796481
[316] 18.66397289 12.61341793 11.20240552 10.31581707  5.95530137 20.48391370  1.61772961
[323] 12.55560806  1.76482310 19.98585116 19.51734885 15.71822852  8.04586362 11.12904616
[330] 18.44631116 12.82548618 10.29728871  8.32183297 13.70918150  3.29702790 14.04483327
[337]  6.50749336  9.54653775 17.99630830 17.49743626 14.91310001  4.63463231  4.23984946
[344] 18.40015821 17.17128317 14.24528282 12.32572829  6.69805748  0.92622052 16.02106265
[351]  2.87275249 10.81387154  1.40168221 13.71942498  3.59532200  2.01357012 19.05057840
[358] 16.42332822 15.52001878  4.50597455 16.25564662  9.27872616 17.08480502 16.84505755
[365]  6.98570281 15.36316322 11.80112437 13.10691455  6.62316160 13.47221568 11.20217289
[372] 16.51299002 14.74425380 14.00686896 16.85968720  7.37146859 15.60466340 14.90595507
[379]  7.07439868 14.14088166 12.84523739  2.07581302  2.06225749 16.98184479 12.09588352
[386]  3.21903056 17.21174219  2.02836118  2.90196702  9.73024755  7.68513982 16.88230382
[393]  5.99771533  5.06428595 13.07762426  1.37400110 11.83296811 12.53285370 11.10685716
[400] 14.78023153 16.68198080  0.86658261  5.04206292  3.94309747  3.11949312 16.50835505
[407]  9.61911364  4.01268186 16.81648766  9.59013778  4.32887371  4.23857131  2.50669295
[414] 15.20925254 11.07884975  9.15844204  7.42281884  4.12011213 14.10946931 11.39894979
[421] 12.83081355  4.67532338  3.34732942  2.76881630 13.47039133 13.25268894 10.30015746
[428] 14.91661733 12.23404084  7.94968107  3.65280624  4.47749492  8.67388445 10.51293274
[435]  4.66879623  1.45269988 12.88154938  4.46593974 13.47939393 11.88246806 14.21342967
[442] 12.69607097 11.82725570 11.12920060  7.37584414  2.41797392  5.95120489 10.31638451
[449]  8.91073800 12.54251803 12.74445344 10.05130076  8.20660058 13.30084705 12.51613388
[456]  7.32602729 13.46414925 12.97863795  1.37494044  9.99691434  3.15389245  2.53652994
[463]  1.41324615  1.70720065 13.17410837 10.09674070  6.61769660  3.95407145  7.37783802
[470]  0.57863161 13.27699076 12.49152824  7.67540304  9.05099762  8.42271267  7.32009479
[477]  6.12122571 10.48727907  9.62573029  3.41958460 11.31386346  5.35751620 11.64133926
[484]  6.32276271  5.04325172 11.00456703  4.56766790  5.81103644  3.39311165  9.99444209
[491]  4.20321502  9.36328782  8.24835455  2.38117015 10.61475685  3.44278425  7.38243107
[498]  3.70049643 11.24861149  8.73181578 10.07408978  9.92985007 10.44242342  7.18432127
[505]  4.76772008  6.01720157  3.97201463  2.66387781  5.33536321  3.93507838  7.82796829
[512]  9.43124265  6.19218316  1.84282878  6.13925392  3.34168068  6.33489420  1.17886519
[519]  9.95149045  8.07238874  5.97022452 10.11873821  9.48712179  0.22407485  9.40246434
[526]  9.03543912  0.37326044  0.33123861  4.63328392  7.10045794  2.96196089  9.92792638
[533]  6.43400107  8.39143028  5.96592881  4.29029254  0.73201333  7.82351528  3.00917701
[540]  7.52417799  6.73009833  4.71220272  5.66270840  5.31128983  5.55870407  5.87668028
[547]  2.99010856  7.96870060  5.13101190  2.43844436  0.01601371  2.24024831  7.79233211
[554]  9.12192606  8.86214600  0.19110737  4.15679141  2.39792768  7.94701219  8.68829057
[561]  8.12093804  6.81399072  3.18156707  1.35256988  6.26798305  7.57059647  0.58586459
[568]  4.70508876  6.26109156  8.24630915  6.75390277  7.85366072  5.42932618  4.29776060
[575]  6.05560324  1.65033515  1.01269965  5.70972374  7.45466196  0.64116158  8.31171700
[582]  5.79576061  2.79337544  2.10216529  6.28840222  4.43030041  7.19334015  0.38151920
[589]  7.63858860  2.15015346  3.72272323  3.36847035  7.22820770  3.86269181  7.30630092
[596]  7.15867049  1.74962973  5.86847489  7.66427786  4.21847639  4.63312339  1.33031583
[603]  0.30902015  0.73741325  3.86829147  7.27384198  2.24359433  0.06619751  2.67211274
[610]  2.56593159  4.13474491  1.15000996  5.75304899  5.52490184  6.33997512  3.11674577
[617]  3.35231289  6.56209329  4.97997506  5.50622112  5.91678098  5.63497086  1.66905440
[624]  1.75174125  4.77066294  0.23058279  3.96029781  0.84629723  4.37145913  1.41821044
[631]  0.45832527  4.68498550  4.57277456  3.48400225  3.55823060  2.37096794  3.15126166
[638]  0.28561582  1.28425624  3.17841593  2.18348148  0.98010668  1.68547296  1.14909214
[645]  0.30840679  2.25066529  4.64239067  4.72343932  0.36294757  2.97805533  1.87664912
[652]  3.03177759  2.34220413  3.91472177  3.26237066  1.50032667  4.27350293  1.07479281
[659]  2.74452623  0.06407506  2.34723254  4.05865547  3.62397463  1.48364998  2.62217857
[666]  1.91830356  3.44059012  1.00125002  1.41044296  2.52224916  1.89698168  1.08477611
[673]  2.43526203  2.14858359  0.13117109  1.14554372  0.63931431  0.05349642  0.08841210
[680]  1.82065862  0.04209705  1.18954425  0.07203646  0.38294975  0.61284862  0.05361456
[687]  0.97281326  0.68956084  0.40835920

$PAR
  [1]  NA   1   1   2   3   3   3   5   5   5   4   4   4   4   4   4   4   4  11  11   6   6  19
 [24]  19  19  19  19  19  19  19   7   7   7   7  21  21  21  21  22  22  22  22  39  39  39  39
 [47]  43  43  43  43  43  43  44  45  45  23  23  23  23  23  20  20  20  20  20  20  20  61  61
 [70]  62  62  63  63  63  63  63  65  65  65  65  65  65  65  24  24  24  24  77  72  72   8  85
 [93]  85  85  31  31  31  32  32  32  32  68  68  14  14  14  14  89  89  15  15  98  98  98  98
[116]  98  99 110  25  25  25  90  90  53  53  53  53   9   9   9   9   9   9  95  95  95  95  57
[139]  57  57  33  26  26 102 102 102 102 102  54  54  54  54  91  91  91  91  10  10  10  58  59
[162]  47  47 144 144 144 144  71  71 157 160 160 158 158 150 150 150 171 171 171 171 171 104 104
[185] 103 103 103 103 103 103 164 173 173  55  55  55  55  55 183 151 168  86  86 162 162 143 143
[208] 143 153 153 153 119 119 119 199 194 194 195 120 120  78  78  78 111 207  16  16  16 108 108
[231] 108 170 170 161 118 118 208 208 208 208 196 196 122 122 204 204 245 245 245 245 245 145 145
[254] 145 145  92 139 139 139  93 232 232 232 165 202 202  40 174 174 174 222 271 271 184 184 184
[277]  36  94  94  94  94 154 154 123 155 155 274 192 205 205 205 205  28  28 282 282 282 282 209
[300] 209 234 234 234 234  41  41  41  41  41 257 257 257 257 248 248 248 248 248 248 248 314 314
[323] 225 225  29 140 140 140 315  42  42  42  42 268 268 215 215 321 301 105 277 277 277 229 229
[346] 229 109 109 109  79  79 326 326 241 241 241 235 243 269 269 289 289 236 236 236 316 316 299
[369] 141 256 256 330 330 344  74 272 339 295 295 310 310 156 178 166 166 166 340 340 124 252 252
[392] 302 302 302 258 258 387 179 345 244 384 384 293 293 392 197 197 197 375 409 409 409 409 193
[415] 193 193 193 193 401 406 358 296 350 350 210 210  50 294 242 242 242 377 176 211 211 211 366
[438] 366 414  87 246 246 246 428 428 428 341 146 261 400 373 373 373  30  30  30 346 346 305 419
[461] 336 336 336 374 115 115 115 115 354 354 238 238 238 334 334 334 334 250 250 370 425 290 454
[484] 426 426 465 465 368 458 437 437 381 381 381 331 331 442 442 323 450 398 398 455 455 347  51
[507] 429 429  81  81 287 385 385 191 131 440 397 397 443 443 125 217 483 251 420 306 499 499 307
[530] 329 399 415 239  82  82  82  82 106 106 495 495 495 503 503 448 319 319 427  83  34 116 501
[553] 490 532 532 259 186 186 262 390 390 390 479 479 407 410 410 338 523 279 362 228 474 555 500
[576] 500 500 433 475 475 534 534 333 333 493 570 561 561 520 520 548 548 430 430 572 572 538 264
[599] 391 391 473 589 589 497 445 476 593 593 596 530 379 379 147 147 291 291 562 280 280 276 369
[622] 467 467 618 286 533 615 615 517 187 477 575 320 320 447 621 546 488 582 613 223 614 482 482
[645] 482 549 394 403 505 648 542 647 342 633 633 360 438 438 586 586 629 574 468 654 355 355 634
[668] 634 389 136 659 148 665 413 550 446 558 646 607 201 214 322 664 602 309 518 668 642 402

$EXTANT
  [1] FALSE FALSE FALSE  TRUE FALSE FALSE  TRUE FALSE  TRUE  TRUE FALSE FALSE FALSE  TRUE FALSE
 [16]  TRUE  TRUE  TRUE  TRUE FALSE  TRUE FALSE  TRUE FALSE FALSE FALSE FALSE FALSE FALSE  TRUE
 [31]  TRUE FALSE FALSE  TRUE FALSE  TRUE FALSE  TRUE FALSE FALSE  TRUE FALSE  TRUE FALSE FALSE
 [46] FALSE FALSE FALSE FALSE  TRUE  TRUE  TRUE  TRUE  TRUE  TRUE FALSE FALSE FALSE FALSE FALSE
 [61] FALSE FALSE  TRUE FALSE FALSE FALSE  TRUE FALSE FALSE FALSE FALSE FALSE FALSE FALSE  TRUE
 [76]  TRUE  TRUE  TRUE  TRUE  TRUE  TRUE  TRUE  TRUE FALSE FALSE  TRUE  TRUE FALSE FALSE  TRUE
 [91]  TRUE FALSE FALSE  TRUE  TRUE  TRUE  TRUE  TRUE FALSE FALSE  TRUE  TRUE  TRUE  TRUE  TRUE
[106]  TRUE  TRUE  TRUE  TRUE FALSE  TRUE FALSE  TRUE  TRUE  TRUE  TRUE FALSE FALSE  TRUE  TRUE
[121]  TRUE FALSE  TRUE  TRUE  TRUE  TRUE  TRUE FALSE FALSE FALSE  TRUE FALSE  TRUE FALSE FALSE
[136]  TRUE  TRUE FALSE  TRUE  TRUE  TRUE  TRUE FALSE FALSE FALSE  TRUE  TRUE  TRUE FALSE  TRUE
[151] FALSE  TRUE FALSE  TRUE  TRUE  TRUE FALSE FALSE FALSE FALSE FALSE FALSE FALSE  TRUE  TRUE
[166]  TRUE  TRUE  TRUE FALSE  TRUE  TRUE  TRUE FALSE  TRUE FALSE  TRUE FALSE  TRUE FALSE FALSE
[181]  TRUE  TRUE FALSE  TRUE FALSE  TRUE  TRUE FALSE  TRUE  TRUE  TRUE FALSE  TRUE FALSE FALSE
[196]  TRUE  TRUE  TRUE FALSE FALSE  TRUE FALSE  TRUE FALSE  TRUE  TRUE FALSE  TRUE  TRUE FALSE
[211]  TRUE FALSE  TRUE  TRUE  TRUE FALSE FALSE FALSE  TRUE  TRUE  TRUE  TRUE  TRUE FALSE  TRUE
[226] FALSE  TRUE  TRUE FALSE  TRUE  TRUE  TRUE  TRUE FALSE FALSE  TRUE FALSE FALSE  TRUE  TRUE
[241]  TRUE  TRUE FALSE FALSE  TRUE  TRUE FALSE  TRUE FALSE  TRUE  TRUE FALSE  TRUE FALSE  TRUE
[256]  TRUE FALSE  TRUE  TRUE FALSE  TRUE FALSE  TRUE  TRUE FALSE FALSE  TRUE  TRUE  TRUE FALSE
[271]  TRUE  TRUE  TRUE  TRUE FALSE  TRUE  TRUE  TRUE FALSE FALSE  TRUE  TRUE  TRUE FALSE  TRUE
[286]  TRUE  TRUE FALSE  TRUE  TRUE  TRUE  TRUE  TRUE  TRUE  TRUE  TRUE  TRUE  TRUE FALSE FALSE
[301] FALSE  TRUE FALSE FALSE  TRUE  TRUE  TRUE  TRUE  TRUE FALSE  TRUE FALSE  TRUE  TRUE FALSE
[316] FALSE FALSE  TRUE  TRUE  TRUE FALSE  TRUE  TRUE  TRUE  TRUE  TRUE FALSE  TRUE  TRUE FALSE
[331]  TRUE  TRUE  TRUE  TRUE FALSE  TRUE FALSE  TRUE  TRUE  TRUE  TRUE  TRUE  TRUE FALSE  TRUE
[346]  TRUE  TRUE FALSE  TRUE  TRUE  TRUE  TRUE  TRUE  TRUE  TRUE  TRUE FALSE FALSE FALSE  TRUE
[361]  TRUE  TRUE FALSE  TRUE  TRUE  TRUE FALSE  TRUE  TRUE  TRUE FALSE FALSE FALSE  TRUE  TRUE
[376] FALSE  TRUE FALSE  TRUE FALSE  TRUE  TRUE  TRUE  TRUE  TRUE  TRUE FALSE  TRUE  TRUE FALSE
[391] FALSE  TRUE  TRUE  TRUE  TRUE  TRUE  TRUE FALSE  TRUE  TRUE FALSE  TRUE FALSE  TRUE  TRUE
[406]  TRUE  TRUE  TRUE  TRUE  TRUE  TRUE  TRUE  TRUE FALSE  TRUE  TRUE FALSE  TRUE  TRUE  TRUE
[421]  TRUE  TRUE  TRUE  TRUE  TRUE  TRUE  TRUE  TRUE  TRUE  TRUE FALSE  TRUE  TRUE  TRUE  TRUE
[436]  TRUE  TRUE  TRUE FALSE  TRUE FALSE  TRUE  TRUE  TRUE  TRUE  TRUE  TRUE  TRUE  TRUE  TRUE
[451] FALSE  TRUE  TRUE  TRUE FALSE  TRUE FALSE  TRUE  TRUE  TRUE  TRUE  TRUE  TRUE  TRUE  TRUE
[466]  TRUE  TRUE  TRUE FALSE  TRUE FALSE  TRUE  TRUE  TRUE  TRUE  TRUE  TRUE  TRUE  TRUE  TRUE
[481]  TRUE  TRUE  TRUE  TRUE  TRUE  TRUE  TRUE  TRUE  TRUE  TRUE  TRUE FALSE  TRUE  TRUE  TRUE
[496] FALSE  TRUE  TRUE  TRUE  TRUE  TRUE  TRUE FALSE FALSE  TRUE FALSE  TRUE  TRUE  TRUE  TRUE
[511]  TRUE  TRUE  TRUE  TRUE  TRUE  TRUE  TRUE  TRUE  TRUE  TRUE  TRUE  TRUE  TRUE  TRUE  TRUE
[526] FALSE  TRUE  TRUE FALSE  TRUE FALSE FALSE  TRUE  TRUE FALSE  TRUE  TRUE  TRUE  TRUE  TRUE
[541]  TRUE  TRUE  TRUE  TRUE  TRUE  TRUE  TRUE  TRUE  TRUE  TRUE  TRUE  TRUE  TRUE  TRUE  TRUE
[556]  TRUE  TRUE  TRUE FALSE  TRUE  TRUE  TRUE  TRUE  TRUE  TRUE  TRUE  TRUE  TRUE FALSE FALSE
[571]  TRUE  TRUE  TRUE  TRUE  TRUE  TRUE  TRUE  TRUE FALSE  TRUE  TRUE  TRUE  TRUE  TRUE  TRUE
[586]  TRUE  TRUE  TRUE  TRUE  TRUE  TRUE  TRUE  TRUE  TRUE FALSE  TRUE  TRUE  TRUE  TRUE  TRUE
[601]  TRUE  TRUE  TRUE  TRUE FALSE  TRUE  TRUE  TRUE FALSE  TRUE  TRUE  TRUE  TRUE  TRUE  TRUE
[616]  TRUE  TRUE  TRUE  TRUE  TRUE  TRUE  TRUE  TRUE  TRUE  TRUE  TRUE  TRUE  TRUE  TRUE  TRUE
[631]  TRUE  TRUE  TRUE  TRUE  TRUE  TRUE  TRUE  TRUE  TRUE  TRUE  TRUE  TRUE  TRUE  TRUE  TRUE
[646]  TRUE  TRUE  TRUE  TRUE  TRUE  TRUE  TRUE  TRUE  TRUE  TRUE  TRUE  TRUE  TRUE  TRUE  TRUE
[661]  TRUE  TRUE  TRUE  TRUE  TRUE  TRUE  TRUE  TRUE  TRUE  TRUE  TRUE  TRUE  TRUE  TRUE  TRUE
[676] FALSE  TRUE  TRUE  TRUE  TRUE  TRUE  TRUE  TRUE  TRUE  TRUE  TRUE  TRUE  TRUE  TRUE

