
Birth-death simulation object with 702 species and 500 extant species

Details for some species:

Extinction times (NA means extant)
[1] 40.65701 48.95260 59.55574 26.03273 17.72493       NA


Speciation times 
[1] 77.75556 61.67532 59.79296 54.79480 52.07222 45.88921


Species parents (NA for initial)
[1] NA  1  1  1  1  1


Species status (extinct or extant)
[1] "extinct" "extinct" "extinct" "extinct" "extinct" "extant" 


For more details on vector y, try sim$y, with y one of
TE TS PAR EXTANT



$TE
  [1] 40.65700927 48.95260024 59.55573723 26.03273258 17.72493025          NA 55.05440408
  [8] 51.03677081 55.68436024  9.40653235 25.94802256  0.47716709 32.26292202 16.26581511
 [15] 19.56967758 22.17934026 37.67034866          NA          NA 14.33156738 31.83109037
 [22] 39.17158557 45.69070548 42.69674642 16.97191673          NA 15.23930612 48.55550355
 [29] 18.67882770 43.75842583 41.31131325 18.36699952 19.71682120          NA 12.43786836
 [36]          NA          NA          NA  9.02813158 14.02009659 42.80663527 21.34947266
 [43] 10.45998548          NA  9.97065350          NA 20.96755906 15.81624216 17.31616926
 [50]          NA          NA 27.89587653  0.29460003 22.36755797 20.61400374          NA
 [57]          NA  4.41191841 40.03070179 40.81917993          NA  6.69424621          NA
 [64] 37.06629109 30.77221188          NA          NA 36.05858554          NA 27.86350223
 [71]          NA          NA  9.38625454          NA          NA  3.60651062 20.53021217
 [78]          NA          NA          NA          NA          NA 10.30938800          NA
 [85]          NA 38.97133950  7.17870130 24.76347127  7.32528824          NA          NA
 [92]          NA          NA          NA          NA 28.59627451          NA  0.29484335
 [99]          NA          NA          NA 34.50428024 33.87181696 22.98729355          NA
[106] 37.54709065          NA          NA  4.67456688 16.15823590          NA          NA
[113]          NA 15.82369862          NA          NA  8.67527613 32.73637842 13.17801367
[120] 32.25073590  1.89976595          NA          NA          NA          NA 24.14357226
[127] 13.26122132  0.88212159          NA          NA          NA 12.73897958          NA
[134] 11.23096296          NA 13.57582232 25.41077994 13.07557854          NA          NA
[141]  7.17397710 20.16958657  7.81341507          NA          NA          NA          NA
[148]          NA          NA          NA 12.34341073  8.20069269 10.53999027          NA
[155] 21.44583666          NA 22.65904618          NA          NA          NA  7.79447379
[162]          NA          NA          NA          NA          NA          NA  6.80144502
[169]          NA          NA 27.74388854  7.98112232  3.57486956          NA          NA
[176]          NA 12.34435932 16.26866206          NA  0.57634176          NA          NA
[183]          NA          NA 18.19834762          NA          NA          NA  8.93948749
[190]          NA  9.95409822 18.99155607          NA          NA          NA          NA
[197] 24.15383993          NA  7.29609145  0.74709748          NA 20.72408627          NA
[204]          NA          NA          NA 20.68621653          NA 12.07427626          NA
[211]          NA          NA          NA          NA  3.60261062  6.17791717          NA
[218]          NA          NA          NA          NA          NA          NA          NA
[225] 15.36766437          NA 11.43777362          NA          NA          NA          NA
[232] 12.90290121          NA          NA          NA  2.05887620          NA          NA
[239]  8.17446006          NA 10.77338018          NA 16.28711827  1.73178897          NA
[246] 22.53585930 22.73195079          NA 11.07232265          NA  8.97519213          NA
[253]  1.49088951  5.21173308  1.67610860          NA  7.02465420  6.89741649          NA
[260]          NA  0.52910419          NA          NA          NA          NA          NA
[267]  1.62775289  9.02104297          NA  6.79874133 16.70089729  3.32256581 11.81056352
[274]  4.78432782  8.82431480 20.62926742          NA          NA 15.11724236          NA
[281]          NA          NA  6.18517073  9.94044816          NA          NA 17.39780133
[288]          NA          NA          NA          NA          NA          NA          NA
[295]          NA          NA 21.44930013          NA          NA 16.67906268          NA
[302]          NA          NA          NA          NA 15.16991392          NA          NA
[309]          NA  8.67151167          NA  4.35673201          NA  3.20739172          NA
[316]  7.94863161 12.43158458  8.20250879          NA          NA          NA          NA
[323] 21.04299918          NA          NA          NA          NA          NA          NA
[330]          NA          NA          NA          NA  0.58812640          NA          NA
[337]          NA          NA          NA  3.02987310          NA  1.40975679  6.73145688
[344]          NA          NA          NA          NA 14.39747610          NA          NA
[351]          NA          NA 18.89498555          NA          NA          NA          NA
[358]          NA          NA          NA          NA          NA          NA          NA
[365] 10.35836939          NA  6.84112906  2.04753790          NA          NA          NA
[372]  4.70520824          NA          NA          NA          NA          NA  1.20250404
[379]  4.58871793          NA 16.25936913          NA          NA          NA          NA
[386]          NA          NA          NA          NA          NA          NA 13.53897044
[393]          NA          NA  7.75627135  1.37378903  0.14256031 15.83219903 10.97603636
[400]          NA          NA          NA          NA          NA          NA          NA
[407]          NA          NA          NA          NA          NA          NA          NA
[414]          NA          NA          NA          NA  2.27164486          NA          NA
[421]          NA          NA          NA          NA  5.48088552          NA          NA
[428]          NA          NA  1.02034545          NA          NA          NA          NA
[435]          NA          NA  1.41894454          NA          NA          NA          NA
[442]          NA  3.68486024          NA          NA 12.70100133          NA          NA
[449]          NA          NA          NA          NA          NA          NA  9.22465685
[456]          NA          NA          NA          NA          NA          NA          NA
[463]          NA          NA          NA          NA          NA          NA          NA
[470]          NA          NA  4.80050686          NA          NA 10.39768743          NA
[477]          NA          NA          NA          NA          NA          NA          NA
[484]          NA          NA          NA          NA          NA          NA          NA
[491]          NA  0.06321262          NA          NA          NA          NA          NA
[498]          NA  7.28560033  5.13708119          NA          NA          NA          NA
[505]          NA          NA          NA          NA          NA          NA          NA
[512]          NA          NA          NA          NA          NA  8.45131164          NA
[519]          NA  6.65311285          NA          NA          NA          NA          NA
[526]          NA          NA          NA          NA          NA          NA          NA
[533]          NA          NA          NA          NA          NA          NA          NA
[540]          NA          NA          NA  3.60157064          NA          NA          NA
[547]          NA  0.04248523          NA          NA          NA          NA          NA
[554]  1.36277339  4.54148661          NA  5.46484783          NA          NA  1.98728434
[561]          NA          NA          NA          NA          NA          NA          NA
[568]          NA          NA          NA          NA          NA          NA          NA
[575]          NA          NA          NA  1.18940829          NA  0.65547780          NA
[582]          NA          NA          NA  4.23053103          NA  3.80079508          NA
[589]          NA  2.48094699          NA  4.33072154          NA          NA          NA
[596]          NA          NA          NA          NA          NA          NA  7.10578384
[603]          NA          NA          NA          NA  6.05623779  5.21065102          NA
[610]          NA          NA          NA          NA          NA          NA          NA
[617]          NA          NA          NA          NA          NA          NA          NA
[624]          NA          NA          NA  1.33037708          NA          NA          NA
[631]          NA          NA          NA          NA          NA  1.10100879          NA
[638]          NA          NA          NA          NA          NA          NA          NA
[645]          NA          NA          NA          NA          NA          NA          NA
[652]  4.77424199          NA          NA          NA          NA          NA          NA
[659]          NA          NA          NA          NA          NA          NA          NA
[666]          NA          NA          NA          NA          NA          NA          NA
[673]          NA          NA          NA          NA          NA          NA          NA
[680]          NA          NA          NA          NA          NA          NA          NA
[687]          NA          NA          NA          NA          NA          NA          NA
[694]          NA          NA          NA          NA          NA  0.64664192          NA
[701]          NA          NA

$TS
  [1] 77.75555969 61.67531690 59.79295996 54.79479627 52.07222446 45.88920787 59.35899500
  [8] 56.35117199 56.62990762 53.72302429 52.65183794 52.05940765 50.97604109 46.91791424
 [15] 28.37809287 27.22938511 39.45939697 16.55886593 10.49079558 48.82953776 44.72688480
 [22] 39.69257403 51.77688680 45.25628390 42.04252107 19.42832507 18.06144946 49.49194410
 [29] 45.83159501 44.37071014 42.73406545 38.58662851 37.59778216 36.24491096 35.76291151
 [36] 25.31699264 24.57208749 24.21929245 23.36470797 15.92737265 51.23815192 48.01643743
 [43] 41.33432504 36.58974944 24.68018304 40.65822346 38.99951171 31.52443480 29.39453963
 [50] 24.16535930 37.95914078 35.53775116 25.44944549 24.63405634 21.42990962 17.34632117
 [57] 40.98937207 30.30919835 45.57766935 42.99904165 44.01048775 42.02283585 41.67206891
 [64] 41.08308776 40.29159809 36.71786255 36.61436848 36.37267640 33.01579342 32.06135784
 [71] 35.17732392 28.30531481 25.35079686 20.63607693  7.37536318 41.03954061 34.69488096
 [78] 31.01494156 28.51117494 17.05270588 14.38902088  9.40012517 35.92152019 28.65374061
 [85]  6.52991143 39.12451704 33.87811199 32.99857031 31.74141390 28.73837136 22.56803817
 [92] 39.19666004 14.31572217  3.26534665 32.58228124 29.40574597  3.63704385  2.51433381
 [99]  2.10042764 35.30329256 31.14990308 38.42531944 38.01541036 30.78070934  8.84152246
[106] 38.57009218 33.23978402 28.00697080 26.31252348 37.33222350 36.38407431 35.43672512
[113] 31.03769403 17.27373438  0.49157537 32.62901106 24.23635772 32.79661996 25.32871487
[120] 35.12765609 34.95930690 19.07865047 17.74736299  2.84658488  2.29178375 34.95513794
[127] 22.36460005 25.66758498 13.49372853 22.39503776  7.93220160 25.37136047 35.52836734
[134] 28.47640156 26.20261057 17.98790095 28.28895506 20.84728123 19.77764768 31.16444235
[141] 14.72544911 32.11470862 13.72745629  3.95156827 26.01498937 11.88812947 10.83451965
[148]  9.71626905  9.15549075  8.30239710 33.65181157 30.59770237 15.16874901 31.41036603
[155] 23.57982303  4.72241630 30.17318695 21.74588022 14.01166310 30.85009257 21.38584375
[162] 18.97689572 18.76495643 17.29691751 19.69266800  3.00317256  1.14796891 26.53512093
[169] 17.98483166  0.89176414 29.41852418 24.64509557 15.11534537 31.16475896 22.00844001
[176] 29.96988838 16.21334561 21.11083660 10.32571281  7.55126996  2.03877612  1.04810322
[183] 16.19164373 21.51174829 19.90679877  8.47257163  7.52224975 29.68109822 29.41662493
[190] 28.06150064 21.42008002 20.36413427 14.53898042 22.81060101 20.13710209 18.64773544
[197] 26.53017547 19.53185598 15.92078816  6.35647428 30.56207454 25.34943224 20.49862152
[204] 17.87257288 15.97998192  6.01019737 21.69396252 10.93381059 28.75048727 25.88262930
[211] 28.90953775 18.17256038 15.17551774 12.96150577  9.71953369  6.91128826  4.35201932
[218]  3.85757049  2.44823510  0.95751313  6.80457052  4.14494184  3.11035603  1.66860889
[225] 23.16090910 18.73781731 20.26488797 22.05730912 10.72073601  3.20057010  1.48216370
[232] 28.14523894 18.82434001 13.47718888  8.93584078  8.32662263 23.96686450 15.29623431
[239] 16.78469323 14.27037522 22.63808658 25.58886813 20.61757871 13.93486095 17.39288732
[246] 23.63867545 23.06119165 18.59415488 26.31603967 14.74519942 12.46101039  8.35019159
[253]  7.20071161 24.45886205 12.22709461  7.69837166 16.21677657  8.41295188 15.61537599
[260] 12.65432899  6.13822604 24.83039092 20.71751256 18.82260369 18.86329810 14.68702034
[267]  7.37369214 23.23568634 17.81606226 24.86237100 24.29116956 23.25802064 21.39808371
[274] 12.30131346 19.23719650 22.20356816  7.97553148 21.52860421 21.02851889 17.39258492
[281] 20.84373435 11.97439673 18.02639832 14.49567943  5.22244320  1.51964729 20.73223428
[288] 11.61235456 15.29312662 13.87711264 21.33579872 19.61921899 12.10040725 10.33288970
[295] 14.56233709 10.46108340 22.93738370 11.78671441 19.93984722 17.88294038  5.68008754
[302] 21.04310617  9.64311663 20.01320288 21.96884612 19.54306094 13.50834719  8.45237064
[309] 21.24288856 18.35968680 11.44061895  7.23539431  2.79302636  9.04458295  6.02055636
[316] 21.66581307 13.75973613 16.99403947  3.66278465  2.24188622  0.91396359 16.31770107
[323] 21.11326488 20.05256124 18.19092829 12.26052759 14.28818392 12.72963585  8.36140680
[330] 20.17928394 13.97427574  5.42047272  1.36568104  1.04360675 16.33918027 15.62369191
[337] 10.35470497 16.68119859  1.44303219 13.38170708 12.11000177 11.01709083  9.88486536
[344]  6.57488792 12.77194826  0.79486771 17.64345968 16.76102572 14.92273826 11.64212576
[351]  8.61700034  4.23568887 19.49988955  3.54076320 14.34537767  2.57130940  8.10526729
[358] 19.00721717 16.88195731 18.35329980 17.73298119 10.56005227  4.11786777 18.80215531
[365] 15.57640644  8.35630502  9.83570212  8.20421429 14.28184974  7.14565119  2.97208908
[372] 12.29586380  7.42530850  0.33649288 11.19189661  8.32306465  5.08206049  3.61760507
[379] 15.10618876 10.51241435 16.68253302 16.10515890 13.04087205 11.10355094  9.78445367
[386]  0.98608734 13.59698618 11.75900903 17.18775542 10.48823685 13.56044279 16.30904847
[393]  9.21823025  5.94104585 16.64194396  6.13484373  7.05336819 17.96076444 17.63453042
[400]  8.91751642  2.27326827  7.38934477  5.35425258 13.33997201 12.93099072  5.55013462
[407] 11.39230121  7.70511528  3.90418385 17.56355700 11.10727007 10.02446602  3.30671597
[414]  8.66001511  4.55769468 17.19999970 14.41577555 13.76684336 12.51056419 11.72686759
[421]  6.21911920  0.44064801 15.20440817 10.57040251  7.04734980  2.32160911 13.75303086
[428] 10.05762682  7.74191272  6.28493775 10.05631544  9.31627301  8.71993675  5.77517080
[435]  9.28226356  8.47046218  2.16333473  1.27835431 16.60881423 12.98918048  8.43139962
[442]  7.94084165  5.00233228  4.80944986  2.10826319 15.32089990  6.74898834  0.77797920
[449] 10.94504333 10.90601316 10.16835409  8.37839556  8.20987442 14.11114025 14.44191769
[456] 13.60253724  6.54361659 15.32151953 10.06851072  9.51814651  1.03110363 11.44332369
[463]  5.80169841  5.04971585  3.88383656 14.39224210  7.01435919  6.89786727  6.27067789
[470] 10.50069461  6.20007946  9.39235069  0.75233642 14.04916719 11.41218941  9.10985960
[477]  7.71305022  5.62827101  3.91443955  1.98473324  6.38416927  3.22387485  0.40508592
[484]  4.37171067  4.22481477 10.46110101  1.58670729  0.94940513 12.84037419 10.70132063
[491]  6.15279614  9.18113513  7.05307550  1.78396178 11.60257094  4.06666474  4.91796161
[498]  4.47372797 13.01626820  7.51573474  5.52998766 13.32387569  7.87672224  6.76843701
[505]  0.95777242  2.55258418  5.66642493 13.29353806  7.35542871  3.62221037 10.50169684
[512] 12.63557617  3.42301172  2.92256821 10.80412793  4.39541758  9.94395786 10.77901024
[519]  6.88099202  8.55421876  4.07580353  9.63357455  2.50915742  1.28174383 10.85265806
[526]  0.78198114 10.55011479  4.13933791  9.84526010  7.86902191  2.28271679  1.74642757
[533]  7.54278166  1.97808460  6.81639601  2.87887255  7.03489189  8.55496948  8.26209112
[540]  7.62225817  1.78554099  1.36211853  7.05741480  5.68670912  5.64957817  1.98676604
[547] 10.67487324  9.86748809  7.75595949 10.02138225  9.03953049  2.36376615  2.08882416
[554]  8.27549995 10.36925821  2.88604813  8.76175037  3.56253367  3.69854179  2.68012844
[561]  0.55633949  8.61602405  7.94912315  0.49020245  9.56912930  5.41775053  5.00307940
[568]  4.52235396  7.38697616  9.33655568  3.46951237  2.00903910  7.72444766  6.80135776
[575]  2.64571224  8.72215812  1.75776462  7.84874402  8.82700128  8.69330402  5.11149433
[582]  2.57155866  5.09316777  2.77040385  5.69150064  8.81480824  5.26425012  3.33007917
[589]  8.46269784  7.69434862  5.02090178  8.78023919  6.81835802  0.99637352  0.38306558
[596]  5.43092494  5.97574000  5.58523883  6.41393398  3.78265843  6.68864135  7.23187834
[603]  0.23922501  7.78310819  5.71911071  2.62584609  7.66239380  7.63438915  7.12141333
[610]  4.07166905  8.25790043  5.87851311  3.67866463  7.72678204  0.84088354  4.28455235
[617]  4.02807225  2.63017431  0.36947291  2.51824343  5.47473926  2.61814280  3.59305569
[624]  6.60485202  0.12993102  0.15882447  6.41187613  0.66462644  6.85784613  1.68900227
[631]  6.40764125  7.36470632  5.43856070  3.24505637  1.84476569  2.92785657  3.27263971
[638]  6.25972787  4.73498666  0.30942697  3.94237300  5.63885910  1.21235224  1.06764679
[645]  2.79399463  6.39700415  4.70724739  3.44525490  6.22615171  0.01529590  5.41001926
[652]  5.40231259  1.84389759  3.05222350  1.50698451  0.21342288  2.99167173  3.33543087
[659]  2.71972414  1.05105101  1.48482917  2.83536995  1.63935412  0.47061193  4.04048095
[666]  3.55036712  0.57652753  3.80051310  1.71379236  1.89776224  3.43854898  1.60105012
[673]  2.61320970  0.41314440  2.95131937  2.13079419  3.34251878  3.38037898  3.32869952
[680]  3.27207727  2.12562239  1.16332743  0.49040596  1.77614045  0.19517696  1.48767159
[687]  2.91257446  0.01259169  1.30802443  1.67768403  2.79154038  0.75103580  2.46273081
[694]  1.87145295  0.94158849  1.18666086  0.70219018  0.89948474  0.65930572  0.96866914
[701]  0.02289275  0.18161914

$PAR
  [1]  NA   1   1   1   1   1   2   2   7   8   4   4   4   4   4   4  10  10  10  11  11  11   5
 [24]   5   5   5   5  12  12  12  12  12  12  12  12  12  12  12  12  12  23  23  13  13  20  42
 [47]  42  42  42  42  14  14  14  14  14  14   6   6  29  29  24  21  21  21  21  21  21  21  21
 [70]  21  61  61  61  61  61  60  25  25  25  62  62  62  63  63  63  43  43  43  76  76  76  57
 [93]  57  57  46  46  46  46  46  65  65  17  17  92  92  47  32  32  32 102 102 103  51  51  51
[116]  33  33 110 110  66  66  66  66  66  66  67  67  44  44 111 111  34  83  83  83  83  35  35
[139]  35  52 133 112 112 112 100 100 100 100 100 100  71  71  71 121 121 121 126  87  87 151 151
[162] 151 151 151 107 107 107  69  69  69  88 116  95  70  89  48  48 154 154 154 154 154 140 101
[185] 101 101 101 113 113 113 113 113 113  78  78  78 160 160 160 160 152 152 152 152 201 201  58
[208]  58 157 157 176 176 176 176 176 176 176 176 176 176 188 188 188 188 189 189  49 211 211 211
[231] 211  90  90  90  90  90  79  79 134 134  15  72  72  72 232 190 190 108  16 168 168 168 168
[254] 249 109 109 135 135 145 145 145 210 128 128 242 242 242 132 132  73  73  73  73  73 119  36
[277]  36 270 270 270 262 262 172  37  37  37 271 117  38  50 237 237 237 237 272 268 247 241  91
[300]  91  91 130 130 127 276 228 228 228 175 175 305 305 305 158 158 207 316 278 278 278 278 184
[323] 191 191 191 191 273 161 161 291 291 291 309 309 302 302 302 281 281 263 263 263 263 263  74
[346]  74 203 203 203 203 203 330 195 195 324 324 299 185 139 165 165 165 165 292 292 292 198 198
[369]  26  26  26 122 122 122 358 358 358 358 162 162 265 265 265 265 265 265 233 233 264 264 364
[392] 163 163 163 226 226 196 248 248 248 248 360 325 212 212 212 204 204 204 269 269 269 269 123
[415] 123 361 399 399 399 410 410 410 245 245 245 245 280 280 280 280  56  56  56  56 164 164 389
[438] 389  80  80  80  80  80 359 359 338 338 338 395 335 322 257 257 177 183 382 382 205 259 259
[461] 259 458 458 213 173 349 349 349 349 250 250 141 295 284 417 417 466 466 466 466 355 355 355
[484]  93  93 327 369 240 331 244 244 290 290 290 418 418 427 427 456 456 456 387 387 391 391 307
[507] 129 234 234 234 508 440 214 345 260 260 251 372 372 326 255 341 341 341 388 420 350 350 288
[530] 288 288 288 495 495 462 407 411 384 384 384 384 384 449 449 449 450 525 525 515 518 518 229
[553] 229 490 547 547 362 380 470 470  19 390 390 486 296 296 296 296 555 294 294 179 451 451 451
[576] 459 428 550 517 343 548 548 529 529 385 148 565 492 149 476 476 551 235 235 235 400 586 586
[599] 592 433 580 414 414 186 186 186 589 441 452 452 329 329 366 236 150 453 368 357 357 131 503
[622] 530 578 429 429 573 477 477 408 408 607 180 180 373 402 569 632 509 370 370 609 493 467 535
[645] 574 504 504 447 344 344 457 457 457 599 599 631 200 638 421 421 261 396 463 642 406 406 596
[668] 651 497 484 616 144 465 668 600 559  97 378 571 671 671 677 677 679 634 230 223 223 654 166
[691] 371 514 584 659 693 219 445 684 487 696 321 698

$EXTANT
  [1] FALSE FALSE FALSE FALSE FALSE  TRUE FALSE FALSE FALSE FALSE FALSE FALSE FALSE FALSE FALSE
 [16] FALSE FALSE  TRUE  TRUE FALSE FALSE FALSE FALSE FALSE FALSE  TRUE FALSE FALSE FALSE FALSE
 [31] FALSE FALSE FALSE  TRUE FALSE  TRUE  TRUE  TRUE FALSE FALSE FALSE FALSE FALSE  TRUE FALSE
 [46]  TRUE FALSE FALSE FALSE  TRUE  TRUE FALSE FALSE FALSE FALSE  TRUE  TRUE FALSE FALSE FALSE
 [61]  TRUE FALSE  TRUE FALSE FALSE  TRUE  TRUE FALSE  TRUE FALSE  TRUE  TRUE FALSE  TRUE  TRUE
 [76] FALSE FALSE  TRUE  TRUE  TRUE  TRUE  TRUE FALSE  TRUE  TRUE FALSE FALSE FALSE FALSE  TRUE
 [91]  TRUE  TRUE  TRUE  TRUE  TRUE FALSE  TRUE FALSE  TRUE  TRUE  TRUE FALSE FALSE FALSE  TRUE
[106] FALSE  TRUE  TRUE FALSE FALSE  TRUE  TRUE  TRUE FALSE  TRUE  TRUE FALSE FALSE FALSE FALSE
[121] FALSE  TRUE  TRUE  TRUE  TRUE FALSE FALSE FALSE  TRUE  TRUE  TRUE FALSE  TRUE FALSE  TRUE
[136] FALSE FALSE FALSE  TRUE  TRUE FALSE FALSE FALSE  TRUE  TRUE  TRUE  TRUE  TRUE  TRUE  TRUE
[151] FALSE FALSE FALSE  TRUE FALSE  TRUE FALSE  TRUE  TRUE  TRUE FALSE  TRUE  TRUE  TRUE  TRUE
[166]  TRUE  TRUE FALSE  TRUE  TRUE FALSE FALSE FALSE  TRUE  TRUE  TRUE FALSE FALSE  TRUE FALSE
[181]  TRUE  TRUE  TRUE  TRUE FALSE  TRUE  TRUE  TRUE FALSE  TRUE FALSE FALSE  TRUE  TRUE  TRUE
[196]  TRUE FALSE  TRUE FALSE FALSE  TRUE FALSE  TRUE  TRUE  TRUE  TRUE FALSE  TRUE FALSE  TRUE
[211]  TRUE  TRUE  TRUE  TRUE FALSE FALSE  TRUE  TRUE  TRUE  TRUE  TRUE  TRUE  TRUE  TRUE FALSE
[226]  TRUE FALSE  TRUE  TRUE  TRUE  TRUE FALSE  TRUE  TRUE  TRUE FALSE  TRUE  TRUE FALSE  TRUE
[241] FALSE  TRUE FALSE FALSE  TRUE FALSE FALSE  TRUE FALSE  TRUE FALSE  TRUE FALSE FALSE FALSE
[256]  TRUE FALSE FALSE  TRUE  TRUE FALSE  TRUE  TRUE  TRUE  TRUE  TRUE FALSE FALSE  TRUE FALSE
[271] FALSE FALSE FALSE FALSE FALSE FALSE  TRUE  TRUE FALSE  TRUE  TRUE  TRUE FALSE FALSE  TRUE
[286]  TRUE FALSE  TRUE  TRUE  TRUE  TRUE  TRUE  TRUE  TRUE  TRUE  TRUE FALSE  TRUE  TRUE FALSE
[301]  TRUE  TRUE  TRUE  TRUE  TRUE FALSE  TRUE  TRUE  TRUE FALSE  TRUE FALSE  TRUE FALSE  TRUE
[316] FALSE FALSE FALSE  TRUE  TRUE  TRUE  TRUE FALSE  TRUE  TRUE  TRUE  TRUE  TRUE  TRUE  TRUE
[331]  TRUE  TRUE  TRUE FALSE  TRUE  TRUE  TRUE  TRUE  TRUE FALSE  TRUE FALSE FALSE  TRUE  TRUE
[346]  TRUE  TRUE FALSE  TRUE  TRUE  TRUE  TRUE FALSE  TRUE  TRUE  TRUE  TRUE  TRUE  TRUE  TRUE
[361]  TRUE  TRUE  TRUE  TRUE FALSE  TRUE FALSE FALSE  TRUE  TRUE  TRUE FALSE  TRUE  TRUE  TRUE
[376]  TRUE  TRUE FALSE FALSE  TRUE FALSE  TRUE  TRUE  TRUE  TRUE  TRUE  TRUE  TRUE  TRUE  TRUE
[391]  TRUE FALSE  TRUE  TRUE FALSE FALSE FALSE FALSE FALSE  TRUE  TRUE  TRUE  TRUE  TRUE  TRUE
[406]  TRUE  TRUE  TRUE  TRUE  TRUE  TRUE  TRUE  TRUE  TRUE  TRUE  TRUE  TRUE FALSE  TRUE  TRUE
[421]  TRUE  TRUE  TRUE  TRUE FALSE  TRUE  TRUE  TRUE  TRUE FALSE  TRUE  TRUE  TRUE  TRUE  TRUE
[436]  TRUE FALSE  TRUE  TRUE  TRUE  TRUE  TRUE FALSE  TRUE  TRUE FALSE  TRUE  TRUE  TRUE  TRUE
[451]  TRUE  TRUE  TRUE  TRUE FALSE  TRUE  TRUE  TRUE  TRUE  TRUE  TRUE  TRUE  TRUE  TRUE  TRUE
[466]  TRUE  TRUE  TRUE  TRUE  TRUE  TRUE FALSE  TRUE  TRUE FALSE  TRUE  TRUE  TRUE  TRUE  TRUE
[481]  TRUE  TRUE  TRUE  TRUE  TRUE  TRUE  TRUE  TRUE  TRUE  TRUE  TRUE FALSE  TRUE  TRUE  TRUE
[496]  TRUE  TRUE  TRUE FALSE FALSE  TRUE  TRUE  TRUE  TRUE  TRUE  TRUE  TRUE  TRUE  TRUE  TRUE
[511]  TRUE  TRUE  TRUE  TRUE  TRUE  TRUE FALSE  TRUE  TRUE FALSE  TRUE  TRUE  TRUE  TRUE  TRUE
[526]  TRUE  TRUE  TRUE  TRUE  TRUE  TRUE  TRUE  TRUE  TRUE  TRUE  TRUE  TRUE  TRUE  TRUE  TRUE
[541]  TRUE  TRUE FALSE  TRUE  TRUE  TRUE  TRUE FALSE  TRUE  TRUE  TRUE  TRUE  TRUE FALSE FALSE
[556]  TRUE FALSE  TRUE  TRUE FALSE  TRUE  TRUE  TRUE  TRUE  TRUE  TRUE  TRUE  TRUE  TRUE  TRUE
[571]  TRUE  TRUE  TRUE  TRUE  TRUE  TRUE  TRUE FALSE  TRUE FALSE  TRUE  TRUE  TRUE  TRUE FALSE
[586]  TRUE FALSE  TRUE  TRUE FALSE  TRUE FALSE  TRUE  TRUE  TRUE  TRUE  TRUE  TRUE  TRUE  TRUE
[601]  TRUE FALSE  TRUE  TRUE  TRUE  TRUE FALSE FALSE  TRUE  TRUE  TRUE  TRUE  TRUE  TRUE  TRUE
[616]  TRUE  TRUE  TRUE  TRUE  TRUE  TRUE  TRUE  TRUE  TRUE  TRUE  TRUE FALSE  TRUE  TRUE  TRUE
[631]  TRUE  TRUE  TRUE  TRUE  TRUE FALSE  TRUE  TRUE  TRUE  TRUE  TRUE  TRUE  TRUE  TRUE  TRUE
[646]  TRUE  TRUE  TRUE  TRUE  TRUE  TRUE FALSE  TRUE  TRUE  TRUE  TRUE  TRUE  TRUE  TRUE  TRUE
[661]  TRUE  TRUE  TRUE  TRUE  TRUE  TRUE  TRUE  TRUE  TRUE  TRUE  TRUE  TRUE  TRUE  TRUE  TRUE
[676]  TRUE  TRUE  TRUE  TRUE  TRUE  TRUE  TRUE  TRUE  TRUE  TRUE  TRUE  TRUE  TRUE  TRUE  TRUE
[691]  TRUE  TRUE  TRUE  TRUE  TRUE  TRUE  TRUE  TRUE FALSE  TRUE  TRUE  TRUE

