
Birth-death simulation object with 705 species and 500 extant species

Details for some species:

Extinction times (NA means extant)
[1] 67.229293  5.209782 56.871765 46.486220 50.093404        NA


Speciation times 
[1] 90.70818 73.03834 67.72871 68.82852 57.34682 28.16662


Species parents (NA for initial)
[1] NA  1  1  2  2  2


Species status (extinct or extant)
[1] "extinct" "extinct" "extinct" "extinct" "extinct" "extant" 


For more details on vector y, try sim$y, with y one of
TE TS PAR EXTANT



$TE
  [1] 67.22929264  5.20978185 56.87176460 46.48621974 50.09340419          NA  7.05026156
  [8] 19.10348208 18.06499166 44.52092114 13.21652781          NA          NA 35.20806894
 [15] 26.76712659          NA          NA          NA          NA          NA 10.61948430
 [22] 21.23731136 30.21404544          NA 11.22701733 32.38098871 22.91810102 42.96369331
 [29]          NA          NA 36.08609498          NA          NA 33.87793188          NA
 [36] 23.31627162 18.55861463          NA 27.09822671          NA 16.92481719          NA
 [43]          NA          NA          NA          NA 39.11683432  5.39913175  2.64026928
 [50]          NA 24.78108105          NA          NA          NA 11.01739455          NA
 [57] 14.39682409          NA 27.84977849  2.66726128          NA          NA  7.83709190
 [64]          NA          NA 22.26590147  1.37304068          NA 37.57979823  4.68424086
 [71]  7.14118761 31.17253432 32.97007828          NA 16.37759956 13.44199377 25.63980435
 [78]  8.34787668          NA          NA          NA 26.10559834 16.84003737  7.16039655
 [85]          NA 15.72553113 20.38848663          NA 23.48572122          NA          NA
 [92] 13.54413618  1.94024180 14.13545866          NA 22.10306204          NA  6.19055254
 [99] 12.55846019          NA          NA  2.05608865          NA  2.80481485 21.31279321
[106] 13.78276583          NA          NA  0.81270919  2.39044797 29.47003682          NA
[113]  5.95957430          NA  2.94392860 17.52899013          NA  1.16879754          NA
[120]          NA          NA          NA          NA          NA          NA          NA
[127]          NA          NA  9.25601063          NA          NA          NA          NA
[134]          NA          NA 26.55991725          NA  6.48495626          NA 12.36607604
[141] 10.55045577          NA          NA          NA          NA          NA  6.41542211
[148] 20.14076196 21.78764217          NA 12.99272092          NA          NA 21.36290637
[155]          NA  2.15926690  1.76556474 15.88811862 16.82420545          NA          NA
[162]          NA          NA          NA          NA          NA 15.26294214  4.80953078
[169] 22.18139028  2.61746592 10.83345952  5.50949650          NA  4.76915102  8.99911259
[176] 14.09252683          NA          NA  3.81293744          NA          NA          NA
[183]          NA          NA          NA          NA 20.04586395          NA  1.36724493
[190]  1.00200607  1.23988140          NA  3.80168027          NA          NA  2.48465964
[197]          NA          NA  8.21830319 13.74553512  1.71224463          NA          NA
[204]          NA          NA          NA 20.75521936          NA          NA          NA
[211]          NA  2.06157209          NA          NA          NA 19.29178564          NA
[218]          NA 18.50303265 16.59117712  8.02934085  4.35840594          NA          NA
[225]          NA  3.99973176          NA          NA          NA          NA          NA
[232]          NA          NA  9.48638358          NA 22.36458543          NA          NA
[239] 14.60340569          NA  2.70361301          NA          NA  6.21210052          NA
[246]          NA          NA          NA          NA  0.92114026          NA          NA
[253] 11.61127500          NA  4.89464175          NA          NA          NA 13.11808571
[260]          NA  7.59173107          NA          NA 14.47976085 12.76832591 16.53773173
[267]          NA          NA 14.09172802          NA          NA          NA  7.98878859
[274]          NA 11.00184802          NA          NA          NA          NA  9.00669339
[281]          NA          NA  2.84275220          NA          NA          NA          NA
[288]          NA  4.52037829          NA 15.64345299 19.31685684          NA          NA
[295]          NA          NA 19.36349536          NA          NA          NA 20.18499807
[302] 12.29889381          NA          NA          NA  0.85489755          NA          NA
[309]          NA          NA          NA          NA          NA          NA          NA
[316] 13.24601481  2.01707928          NA          NA          NA 13.40445158          NA
[323]          NA  0.52936189          NA          NA          NA          NA          NA
[330]          NA 12.76069880  5.86801342          NA          NA 15.27215530          NA
[337]          NA  1.34177487  5.88526975  5.49489373 13.80771630  9.58033575          NA
[344]  9.81729134          NA          NA  6.57679486          NA          NA          NA
[351]          NA          NA          NA  3.29804386          NA          NA          NA
[358]          NA  9.12651084          NA          NA          NA          NA          NA
[365]          NA          NA          NA          NA          NA 13.70684835          NA
[372]          NA  9.43418100          NA          NA          NA  7.11625007          NA
[379]          NA          NA          NA          NA          NA          NA          NA
[386]  8.95870124          NA  3.61841418          NA          NA          NA          NA
[393]          NA  4.52156069          NA          NA  2.64935160          NA          NA
[400]          NA          NA          NA          NA          NA          NA          NA
[407]          NA          NA  6.52573830          NA          NA          NA          NA
[414]          NA  7.31021312  0.69522881          NA          NA  3.19320608  2.85460956
[421]  0.26716535          NA          NA  2.43703036          NA          NA          NA
[428]  8.11554500          NA          NA 11.06954954          NA          NA          NA
[435]          NA  5.27887651          NA          NA  8.19895624          NA  0.38858716
[442] 11.43220974  6.14781851          NA          NA          NA          NA  0.74234424
[449]          NA          NA          NA          NA          NA  9.96838800          NA
[456] 13.85718644          NA          NA          NA  0.48257674          NA          NA
[463]          NA          NA          NA  3.33158211          NA          NA          NA
[470]  5.45714410          NA  9.28995718          NA          NA 11.07876863  1.24965038
[477] 12.69726869          NA          NA          NA          NA  1.20258461  4.88149081
[484]          NA          NA          NA  4.04828298          NA          NA          NA
[491]          NA          NA          NA  1.96292328          NA          NA          NA
[498]          NA          NA          NA          NA          NA          NA          NA
[505]  2.01727174          NA          NA          NA          NA          NA          NA
[512]          NA          NA          NA          NA          NA          NA          NA
[519]          NA  1.25264017          NA          NA          NA          NA          NA
[526]          NA          NA  0.34103222          NA          NA          NA          NA
[533]          NA  2.99700442          NA          NA          NA          NA          NA
[540]          NA          NA          NA  2.20439196          NA          NA          NA
[547]  1.08724328          NA          NA          NA          NA  6.14028898          NA
[554]  9.03709283          NA          NA          NA          NA          NA          NA
[561]          NA          NA          NA          NA          NA          NA          NA
[568]          NA          NA          NA  0.01139967          NA          NA          NA
[575]  1.83785132          NA          NA          NA          NA          NA          NA
[582]          NA  5.69511690          NA          NA          NA          NA          NA
[589]          NA          NA          NA          NA          NA  0.73815686          NA
[596]          NA          NA  5.11684857          NA          NA          NA          NA
[603]          NA          NA          NA          NA          NA          NA          NA
[610]          NA          NA          NA          NA          NA          NA          NA
[617]  1.43323173          NA  0.61472422          NA          NA          NA          NA
[624]          NA          NA          NA          NA          NA          NA          NA
[631]          NA          NA  4.05744131          NA  0.63525677          NA  1.06416449
[638]          NA          NA          NA          NA          NA          NA          NA
[645]          NA          NA          NA          NA          NA          NA          NA
[652]          NA          NA          NA          NA          NA          NA          NA
[659]          NA          NA          NA          NA          NA          NA          NA
[666]          NA          NA          NA          NA          NA  0.49904845          NA
[673]          NA          NA          NA          NA          NA          NA          NA
[680]          NA          NA          NA          NA          NA          NA          NA
[687]          NA          NA          NA          NA          NA          NA          NA
[694]          NA          NA          NA          NA          NA          NA  0.16760220
[701]          NA          NA          NA          NA          NA

$TS
  [1] 90.70818294 73.03833911 67.72870925 68.82851787 57.34682001 28.16662364 14.47269804
  [8] 60.71344812 58.19074030 56.00391286 55.37802289 52.58774078 25.48167969 49.95770893
 [15] 33.47431765 19.42740079 31.29531344 14.57470182 49.95420864 45.42216297 42.50305677
 [22] 38.06148951 33.55462705 46.03370267 39.18352943 38.93036785 38.70756475 46.33250560
 [29] 41.45401465 40.97999902 39.26894038 24.55989978  2.63730985 41.35001738 34.02596195
 [36] 32.97776438 20.81509050 15.96561183 33.52062955 24.89624163 22.53691726 13.23623179
 [43] 12.06708866  0.22059404 41.22259574 25.06384983 39.15370403 32.67445481 10.28815080
 [50]  8.49956101 40.33270778 35.67040274 36.97430868 15.62129548 15.19725498  9.35463151
 [57] 40.17648279 37.81813578 37.24985527 32.85640515 32.21464046 31.89025014 20.51914721
 [64] 14.95550580  7.47168477 29.54822647 29.04185827 28.87116336 39.65054686 24.76061393
 [71] 20.86494586 38.44594593 34.92510979 32.41755091 24.76751757 20.93712845 38.62444146
 [78] 36.17807258 30.95628315 24.34441097 36.52586587 32.73860937 28.66740714 27.73392714
 [85]  4.77689369 29.63377777 30.34635246 11.31560086 27.82234085 11.57384812 32.53924458
 [92] 24.33666749 21.83713914 14.56084115 12.37708105 24.96901415 17.85407938 26.68440910
 [99] 19.82579768 19.22772609 11.07095452  9.36436926 30.53001727 31.77025205 27.93277807
[106] 21.65912789 16.85396275 11.32576007 10.81758019 32.03908964 30.52431401 16.03078723
[113] 15.36580817  6.76528157  6.31380377 26.76060649  8.33593263  7.23650750  1.93819890
[120] 28.26080725 26.67659830 16.10330737 15.04392706 31.16938972 28.14220138 15.20466292
[127] 15.17424303 12.84300212 10.74573112  2.02130413  1.50899182 27.20813293 15.67078542
[134]  2.73170546 30.31691027 29.58460680 26.36603918 13.80250413 20.03871535 15.64927042
[141] 30.06969503 22.46495131 12.35057594  8.13350560  4.00091335 15.59759667 11.70938526
[148] 25.76916236 23.68457714 18.28926125 13.24903796  2.24235766 23.08625050 25.43166378
[155] 20.93354223 18.58391770 29.64712630 27.73397571 26.67088640  8.88395895  7.82742930
[162] 24.61201331 24.21252594 21.59468572 20.12981892 17.97352729 26.47831587 26.41018028
[169] 26.31315568 17.47415168 17.38385782 28.43340932 26.63534355  7.21098027 22.96244584
[176] 15.41482014 13.78020373 26.17542410  8.85258882 25.42875321 24.23941062  7.02464324
[183]  3.36989422  3.35678817  2.94730341 27.02937579 26.57482079  2.37577887 25.84317806
[190] 19.37582365 27.11829149 26.38690093 18.06669546 10.08134650 22.58095499  7.66335124
[197]  1.48878780 14.82131171 12.52326977 26.55201823 19.00360737 17.34236571 14.17758261
[204] 13.77326596 12.97375290 19.62061809 22.27816034  8.81488048 25.85834465 23.52309085
[211] 10.40347147  4.58414833  1.45165151  0.55108604 23.76541388 23.46483390 25.49369275
[218] 20.27964252 26.00701855 24.26617684 13.82102022 11.85278411  4.60234839  0.99373744
[225] 23.86062585 18.96628566  9.28871486  9.20770216  5.78297426  4.03743103 23.62824500
[232]  5.50009262 23.41022700 17.73935640  7.99579169 24.95484362 17.24083664 20.26064662
[239] 24.30532118 22.62297550 18.31051725  9.76077484  0.54042618 14.31255370 13.00231909
[246]  4.69158887  1.05148130 22.25760861 17.00556806  9.79970816  6.47185138  4.98543476
[253] 23.92069367 22.60428651  7.76064245  6.91560431  6.40070718 23.53697409 14.99156754
[260] 12.61822833 11.11200624  5.86840503  2.77543434 20.33884164 13.64133104 19.66538793
[267]  0.17829411 22.67395605 15.23990162 11.61363785  0.43850638 18.18453203  9.57865226
[274]  4.46459077 22.81898042 21.05574656 11.91197134  5.21790488 15.74915956  9.29279629
[281]  7.60388608 23.38846773 23.01805682  4.34792750  2.69298596  2.43027647 14.77180130
[288] 13.34454706  7.08569381  2.79249582 22.70272490 23.08022728 23.00806292  2.05920152
[295] 15.42068339 12.13175672 20.71185646 12.86101134 12.79798825  0.72651624 22.44657180
[302] 20.23060567 13.31650399  9.94792163  2.17968910 16.06984827 12.46533119 11.40024379
[309] 11.07144375 21.85318739 20.91138355 19.64693905 16.39755901 11.19524949 10.64596430
[316] 17.72341202 12.20727523  7.27384821 14.50732989  1.33742690 14.59609676 16.41276202
[323] 12.13447063  1.98408425  6.99812590  0.42801785 14.58665360 19.54734315 16.74269292
[330] 14.99461706 14.92982422  6.49593029 17.79712340 11.67256229 17.77429419 17.26902653
[337] 11.90105574  4.56966575 11.81411395  7.02690678 15.54238201 13.20996173 12.63534485
[344] 19.18525617  2.47632845  0.93664125 16.56964932 16.35976803  8.33639334 13.29012998
[351]  6.73987963  4.37429876  3.60912615 15.58849270  6.58632021  5.47614771 11.53727716
[358]  5.28230400 18.70857800  3.50382587 17.27315934  6.07039989 12.16538858  6.06520098
[365]  4.59202257 16.06977301 10.51147706 17.65559215 15.60271012 15.12719327 13.51588431
[372]  5.17892200 17.24259235 15.61056343  2.97502273 14.52338588 12.78060685  1.07129152
[379] 16.00502512  2.50528927 13.86081523 13.63231040  9.92143679  3.05991887 14.55489106
[386] 14.47649310 11.80251920  9.78870438  0.98511090  0.52795991 15.00133123 16.49948772
[393] 13.06240137 12.06208173 10.54006121  5.74767272  4.93047175  1.35452068  3.96897089
[400] 15.07079348  5.09512602  3.30924149 10.20335664 12.58177049  0.22794718  4.69605525
[407]  2.12972130 10.60677444  6.56312900  2.88865788 15.41010585 15.21859756 14.84325503
[414]  9.19118576  8.85919939  7.16524615  3.67019576  1.55871803 16.00497886 14.46359929
[421] 13.30864538 10.52390923  7.99741900 13.85023995  0.31552362  4.44587068 14.04609802
[428] 15.25891290  8.56082940  3.53180072 15.59707898 12.28004231 11.51837102  5.83780039
[435]  4.02200748 14.89416275 14.73245126  1.67163014 12.43858699 11.61129874 14.28377863
[442] 12.74488229  8.70950571  4.76653669  2.40315301 11.59682395  7.68921181  2.82537656
[449]  2.60884002  5.06630339  3.14898447  1.43928024  0.45092124 12.63148887 13.16282836
[456] 14.18505250 12.62606333  5.16720880 12.09377903 11.81567021  2.28393068 12.26273218
[463]  8.27215430 10.35134041  7.52400730  6.58533345  4.96243688 13.75108831  8.43735681
[470]  8.15378250 14.00372386 13.38765669  3.70418804  3.10587168 12.92448847  6.54582476
[477] 12.99455976  4.77912744  3.77920769 12.98359064  7.03167812  7.08932007  6.42502051
[484]  0.13474972  1.27263760 13.02301068 11.58678796  5.72759903 11.51267094 11.02886963
[491]  8.15604397  2.97275465  8.07762631  3.56464871  4.05204387  9.78449942  5.48878497
[498]  2.74236985  1.75329460 11.22215411  8.18248647 10.61822992  0.50582261  5.87867898
[505]  5.32596046 12.29791620  7.50687679  2.78355819  5.86407718  3.58818101  9.97059215
[512]  9.10876962  7.06713820  0.47346300  2.72310395  2.01426038 10.39903921  3.82969540
[519]  1.93905660  7.55357821  4.72041765  7.42653174  5.97661558  6.56444468 10.62321254
[526]  9.19827972  7.18985009 10.04264357  8.48906229  1.53895726  9.10397493  1.14740007
[533] 10.08123336  8.70166280  2.08692794  0.04692536  8.66558451  1.46874895  1.30259048
[540]  0.86635918  1.06144179  0.05818710  6.09978962  3.22165317  4.70052764  4.04926076
[547]  3.46324009  2.99625579  2.67430142  6.43126373  7.53339699  7.00391371  2.19654481
[554] 10.00041737  7.51130790  6.00841923  5.16012165  1.60190941  9.32942362  2.41938488
[561]  2.93080308  0.80403539  9.36224602  6.10789502  5.79534539  0.78221242  8.09041010
[568]  6.32784914  2.02064627  6.08923912  5.75570709  5.27730572  3.93027982  3.63251147
[575]  3.48381419  2.57485901  6.39204240  6.97072233  5.57186530  5.64228598  0.97796194
[582]  3.68350860  7.50832693  6.71261737  5.13792733  5.21700467  1.88238348  3.31372748
[589]  6.33628672  4.63609054  7.33224212  2.22625618  6.34316834  4.05308495  5.32663892
[596]  1.65405282  1.60872628  5.38064078  4.97052243  0.54868405  6.16408355  1.58616350
[603]  6.53793484  3.75305532  2.62781234  6.93478504  6.19072913  3.52274538  6.45439310
[610]  6.73789810  4.26759521  2.52606385  6.93822436  6.63114531  3.76068413  1.59452771
[617]  5.73915528  1.98404672  6.63911294  5.76186218  1.56672853  2.79335808  3.43074187
[624]  5.89719348  3.83331758  3.08737785  4.73312980  6.42575537  1.31658409  5.50140214
[631]  1.18254701  0.73953854  4.24764612  4.95360116  4.84038774  0.03601361  3.71732880
[638]  2.57435253  4.48281597  3.36339754  3.23410426  1.36466832  2.07894273  0.10966791
[645]  3.21055167  3.75641524  0.55948200  3.63359252  5.32286451  0.04214328  4.84845924
[652]  0.92968157  2.82397512  5.10851413  5.07026676  0.06718294  4.23755100  3.08542790
[659]  1.51995300  1.86913628  0.48957205  2.22144768  4.78015522  2.50297814  1.79104528
[666]  3.28978890  1.50597877  3.60483078  2.50579788  2.23878394  2.22143692  3.70026243
[673]  2.50590190  1.28733352  0.62454202  3.14912273  0.71569074  0.44474791  0.18545057
[680]  0.07474392  1.25504025  1.23166601  0.41097944  0.26846838  2.07790087  1.82546261
[687]  3.11803471  0.53910076  0.90062141  0.37430659  1.76376888  2.36186672  2.47634159
[694]  0.69437866  1.65990998  0.78209794  2.21462008  1.79101243  0.41838897  1.39111129
[701]  0.80838026  1.13589525  0.23630448  0.56154104  0.09301932

$PAR
  [1]  NA   1   1   2   2   2   2   4   4   4   8   8   8   9   9   9  11  11  12  12  12  12  12
 [24]  14  14  14  14  19  19  19  19  19  19  24  24  24  24  24  20  20  20  20  20  20  21  21
 [47]  29  29  29  29  34  34  45  45  45  45  30  30  30  30  30  30  30  30  30  51  51  51  57
 [70]  57  57  31  25  25  25  25  26  27  27  27  77  77  22  58  58  59  53  53  81  81  78  78
 [93]  78  78  78  52  52  35  35  35  35  35  23  36  36  60  60  60  60  82  82  48  48  48  48
[116]  91  91  91  91  74  74  74  74  61  61  61  61  61  61  61  61 110 110 110  62  62  62  62
[139] 104 104  17 124 124 124 124  79  79 103 103 103 103 103  87 135 135 135 141 141 141 157 157
[162]  86  86  86  86  86  66  66  67  67  67  68  68  68  83 172 172 120 120   6   6   6   6   6
[185]   6 125 125 125  89 158  84  84  84  84 132 132 132 191 191 186 186 186 186 186 186 116  98
[208] 121 159 159 173 173 173 173 187 187 167 167 168 168 168 168 192 192 137 137 137 137 137 137
[231] 178 178 219 209 209 189 189 217 180 180 180 180 180  46  46  46  46  96  40  40  40  40  75
[254]  70  70  70  70 162 162 162 162 162 162  32  32  80  80 239 239 181 181 163 163 163 253 253
[277] 253 225 215 215 215 149 149 231 231 231 258 258 258 210 233 153 292 293 175 275 291 268 268
[300] 268 240 240 240 240 240 254 254 195 195  41 248 248 248 248 248 310 310 310 106 164 276 155
[323] 155 155 311 311  71  63  63  63  63 218 238 238 302 165 165 165 139 139  99  99  99 266 312
[346] 312 206 206 328  16  16  16  16 190 190 190 100 100 344 201 226 226 156 156 156 150 150 272
[369] 272 272 272 166 333 333 333 234 234 368 171 202 361 361 361 361 336 336 336 336 336 336 373
[392] 237 237 237 237 237 237 237 249 107 107 329 347 392 392 322 348 122 122 122 306 306 306 306
[415] 306 306 306 306 379 379 379 379 379 279 279 133 140  54  54  54 374 369 146 146 146 354 354
[438] 295 411 428 412 412 412 127 127 400 400 400 400 123 123 123 123 330 259 436 413 413 198 198
[461] 198 327  18 385 385 385 385 376 376   7 420 420 420 420 441 471 424 424 424 221 138 177 177
[484] 468 371 472 303 303 421 421 350 350  42 455 393 486 486 486 245 480 480 205 299 343 457 307
[507]  95 506 432 432 462 363 363 363 323 296 459 459 459  43 394 222 222 460 339 387 387 334 334
[530] 334 446 446 487 489 489 489 308 308 308 308  88 500 309 101 490 490 490 490 490 525 502 408
[553] 408 422 422 422 422 367 211 464 194 383 250 496 496 496 242 563 563 559 227 227 227 414 414
[576] 414 160 179 534 537 537 429 469 469 349 463 463 501 491 144 567 567 423 423 235 235 161 255
[599] 281 281 520 551 555 555 555 507 507  65 522 591 591 591 318 527 527 527 416 416 289 578 578
[622] 606 619 614 614 614 355 466 524 251 251 257 589 568 115 607 570 570 504 262 434 434 565 565
[645] 229 617 488 580 579 579 497 497 595 649 358 557 585 401 450 252 467 651 635 478  85 545 406
[668] 246 590 338 426 657 657 546 573 518 518 479 479 473 648 574 668 668 608 184 666 544 451 451
[691] 658 548 622 549  33 286 670 671 558 452 700 631 652 562 300

$EXTANT
  [1] FALSE FALSE FALSE FALSE FALSE  TRUE FALSE FALSE FALSE FALSE FALSE  TRUE  TRUE FALSE FALSE
 [16]  TRUE  TRUE  TRUE  TRUE  TRUE FALSE FALSE FALSE  TRUE FALSE FALSE FALSE FALSE  TRUE  TRUE
 [31] FALSE  TRUE  TRUE FALSE  TRUE FALSE FALSE  TRUE FALSE  TRUE FALSE  TRUE  TRUE  TRUE  TRUE
 [46]  TRUE FALSE FALSE FALSE  TRUE FALSE  TRUE  TRUE  TRUE FALSE  TRUE FALSE  TRUE FALSE FALSE
 [61]  TRUE  TRUE FALSE  TRUE  TRUE FALSE FALSE  TRUE FALSE FALSE FALSE FALSE FALSE  TRUE FALSE
 [76] FALSE FALSE FALSE  TRUE  TRUE  TRUE FALSE FALSE FALSE  TRUE FALSE FALSE  TRUE FALSE  TRUE
 [91]  TRUE FALSE FALSE FALSE  TRUE FALSE  TRUE FALSE FALSE  TRUE  TRUE FALSE  TRUE FALSE FALSE
[106] FALSE  TRUE  TRUE FALSE FALSE FALSE  TRUE FALSE  TRUE FALSE FALSE  TRUE FALSE  TRUE  TRUE
[121]  TRUE  TRUE  TRUE  TRUE  TRUE  TRUE  TRUE  TRUE FALSE  TRUE  TRUE  TRUE  TRUE  TRUE  TRUE
[136] FALSE  TRUE FALSE  TRUE FALSE FALSE  TRUE  TRUE  TRUE  TRUE  TRUE FALSE FALSE FALSE  TRUE
[151] FALSE  TRUE  TRUE FALSE  TRUE FALSE FALSE FALSE FALSE  TRUE  TRUE  TRUE  TRUE  TRUE  TRUE
[166]  TRUE FALSE FALSE FALSE FALSE FALSE FALSE  TRUE FALSE FALSE FALSE  TRUE  TRUE FALSE  TRUE
[181]  TRUE  TRUE  TRUE  TRUE  TRUE  TRUE FALSE  TRUE FALSE FALSE FALSE  TRUE FALSE  TRUE  TRUE
[196] FALSE  TRUE  TRUE FALSE FALSE FALSE  TRUE  TRUE  TRUE  TRUE  TRUE FALSE  TRUE  TRUE  TRUE
[211]  TRUE FALSE  TRUE  TRUE  TRUE FALSE  TRUE  TRUE FALSE FALSE FALSE FALSE  TRUE  TRUE  TRUE
[226] FALSE  TRUE  TRUE  TRUE  TRUE  TRUE  TRUE  TRUE FALSE  TRUE FALSE  TRUE  TRUE FALSE  TRUE
[241] FALSE  TRUE  TRUE FALSE  TRUE  TRUE  TRUE  TRUE  TRUE FALSE  TRUE  TRUE FALSE  TRUE FALSE
[256]  TRUE  TRUE  TRUE FALSE  TRUE FALSE  TRUE  TRUE FALSE FALSE FALSE  TRUE  TRUE FALSE  TRUE
[271]  TRUE  TRUE FALSE  TRUE FALSE  TRUE  TRUE  TRUE  TRUE FALSE  TRUE  TRUE FALSE  TRUE  TRUE
[286]  TRUE  TRUE  TRUE FALSE  TRUE FALSE FALSE  TRUE  TRUE  TRUE  TRUE FALSE  TRUE  TRUE  TRUE
[301] FALSE FALSE  TRUE  TRUE  TRUE FALSE  TRUE  TRUE  TRUE  TRUE  TRUE  TRUE  TRUE  TRUE  TRUE
[316] FALSE FALSE  TRUE  TRUE  TRUE FALSE  TRUE  TRUE FALSE  TRUE  TRUE  TRUE  TRUE  TRUE  TRUE
[331] FALSE FALSE  TRUE  TRUE FALSE  TRUE  TRUE FALSE FALSE FALSE FALSE FALSE  TRUE FALSE  TRUE
[346]  TRUE FALSE  TRUE  TRUE  TRUE  TRUE  TRUE  TRUE FALSE  TRUE  TRUE  TRUE  TRUE FALSE  TRUE
[361]  TRUE  TRUE  TRUE  TRUE  TRUE  TRUE  TRUE  TRUE  TRUE FALSE  TRUE  TRUE FALSE  TRUE  TRUE
[376]  TRUE FALSE  TRUE  TRUE  TRUE  TRUE  TRUE  TRUE  TRUE  TRUE FALSE  TRUE FALSE  TRUE  TRUE
[391]  TRUE  TRUE  TRUE FALSE  TRUE  TRUE FALSE  TRUE  TRUE  TRUE  TRUE  TRUE  TRUE  TRUE  TRUE
[406]  TRUE  TRUE  TRUE FALSE  TRUE  TRUE  TRUE  TRUE  TRUE FALSE FALSE  TRUE  TRUE FALSE FALSE
[421] FALSE  TRUE  TRUE FALSE  TRUE  TRUE  TRUE FALSE  TRUE  TRUE FALSE  TRUE  TRUE  TRUE  TRUE
[436] FALSE  TRUE  TRUE FALSE  TRUE FALSE FALSE FALSE  TRUE  TRUE  TRUE  TRUE FALSE  TRUE  TRUE
[451]  TRUE  TRUE  TRUE FALSE  TRUE FALSE  TRUE  TRUE  TRUE FALSE  TRUE  TRUE  TRUE  TRUE  TRUE
[466] FALSE  TRUE  TRUE  TRUE FALSE  TRUE FALSE  TRUE  TRUE FALSE FALSE FALSE  TRUE  TRUE  TRUE
[481]  TRUE FALSE FALSE  TRUE  TRUE  TRUE FALSE  TRUE  TRUE  TRUE  TRUE  TRUE  TRUE FALSE  TRUE
[496]  TRUE  TRUE  TRUE  TRUE  TRUE  TRUE  TRUE  TRUE  TRUE FALSE  TRUE  TRUE  TRUE  TRUE  TRUE
[511]  TRUE  TRUE  TRUE  TRUE  TRUE  TRUE  TRUE  TRUE  TRUE FALSE  TRUE  TRUE  TRUE  TRUE  TRUE
[526]  TRUE  TRUE FALSE  TRUE  TRUE  TRUE  TRUE  TRUE FALSE  TRUE  TRUE  TRUE  TRUE  TRUE  TRUE
[541]  TRUE  TRUE FALSE  TRUE  TRUE  TRUE FALSE  TRUE  TRUE  TRUE  TRUE FALSE  TRUE FALSE  TRUE
[556]  TRUE  TRUE  TRUE  TRUE  TRUE  TRUE  TRUE  TRUE  TRUE  TRUE  TRUE  TRUE  TRUE  TRUE  TRUE
[571] FALSE  TRUE  TRUE  TRUE FALSE  TRUE  TRUE  TRUE  TRUE  TRUE  TRUE  TRUE FALSE  TRUE  TRUE
[586]  TRUE  TRUE  TRUE  TRUE  TRUE  TRUE  TRUE  TRUE FALSE  TRUE  TRUE  TRUE FALSE  TRUE  TRUE
[601]  TRUE  TRUE  TRUE  TRUE  TRUE  TRUE  TRUE  TRUE  TRUE  TRUE  TRUE  TRUE  TRUE  TRUE  TRUE
[616]  TRUE FALSE  TRUE FALSE  TRUE  TRUE  TRUE  TRUE  TRUE  TRUE  TRUE  TRUE  TRUE  TRUE  TRUE
[631]  TRUE  TRUE FALSE  TRUE FALSE  TRUE FALSE  TRUE  TRUE  TRUE  TRUE  TRUE  TRUE  TRUE  TRUE
[646]  TRUE  TRUE  TRUE  TRUE  TRUE  TRUE  TRUE  TRUE  TRUE  TRUE  TRUE  TRUE  TRUE  TRUE  TRUE
[661]  TRUE  TRUE  TRUE  TRUE  TRUE  TRUE  TRUE  TRUE  TRUE  TRUE FALSE  TRUE  TRUE  TRUE  TRUE
[676]  TRUE  TRUE  TRUE  TRUE  TRUE  TRUE  TRUE  TRUE  TRUE  TRUE  TRUE  TRUE  TRUE  TRUE  TRUE
[691]  TRUE  TRUE  TRUE  TRUE  TRUE  TRUE  TRUE  TRUE  TRUE FALSE  TRUE  TRUE  TRUE  TRUE  TRUE

