
Birth-death simulation object with 718 species and 500 extant species

Details for some species:

Extinction times (NA means extant)
[1] 79.215414  6.637684 72.013551 67.197406 82.130358 31.319056


Speciation times 
[1] 103.51954  92.26607  85.54339  81.41045  91.55413  88.62463


Species parents (NA for initial)
[1] NA  1  1  1  2  2


Species status (extinct or extant)
[1] "extinct" "extinct" "extinct" "extinct" "extinct" "extinct"


For more details on vector y, try sim$y, with y one of
TE TS PAR EXTANT



$TE
  [1] 79.215414236  6.637683686 72.013551263 67.197406261 82.130358293 31.319056305 40.620929101
  [8] 42.432991041 13.717594256 28.313409727 70.999393988 70.829100783 54.604118986 18.536862096
 [15] 10.758610719 67.036561682 61.220708992 35.076064938           NA 50.431447367 36.790798642
 [22]  9.898393324           NA 65.139685913 55.754548912 13.004538262  5.160272477           NA
 [29] 37.805648256 20.775054701 16.126791446 15.909700638 57.203867698           NA  1.183706744
 [36] 39.603220199 17.983712828 28.207107781           NA           NA  1.676864812 10.753168578
 [43]           NA 21.318681107           NA 14.419301920  9.575767239           NA  3.368193913
 [50]  7.522388843           NA 16.246494419           NA 32.695907408 33.856246295  3.742422143
 [57]           NA           NA  1.202239992           NA 17.731399850           NA           NA
 [64] 19.788612324           NA  7.956572783  4.544972887           NA           NA           NA
 [71]  7.669206505           NA           NA  8.654096960 41.634430378  0.806096240           NA
 [78]           NA           NA           NA           NA 39.899859906  3.878798950           NA
 [85]           NA           NA 21.309371105 31.478048717  7.218842619           NA  6.268327689
 [92]  9.867376819 10.137929612 13.259319576  3.017939428           NA 12.296375582           NA
 [99]           NA           NA           NA 21.369686862 36.442684751  3.326794184 16.958120003
[106]           NA           NA           NA  1.534613764           NA  4.827545503 11.544573033
[113]  6.407965644 12.836023112           NA 36.502901443           NA 22.521700523           NA
[120] 17.502153052           NA           NA           NA           NA 14.398929001 23.527019851
[127] 21.731576648 23.463507073           NA           NA           NA  7.899761124           NA
[134] 24.806798395           NA 23.134626889  7.092057089           NA           NA  8.914454515
[141]           NA           NA           NA           NA           NA           NA           NA
[148] 22.007367708           NA           NA           NA           NA  4.719509666  2.459764246
[155]           NA  4.184340531 24.198879763  4.327705149           NA 29.258978053           NA
[162] 16.813442152           NA           NA           NA           NA           NA 21.372432347
[169]  2.398943176  8.316790121  6.188094021           NA           NA           NA           NA
[176] 12.782785635           NA  7.001567322           NA           NA           NA           NA
[183] 13.978425392           NA 23.229903897 16.130782060           NA           NA  3.368914389
[190] 24.409123210           NA           NA           NA 12.176661359           NA           NA
[197]           NA 23.675811787  8.130223577 17.491693333  7.725730400           NA           NA
[204] 27.801477127  5.909661671 17.277471051  2.222131149 22.500719063           NA  4.184618882
[211]  6.403797967           NA           NA 19.415203531 27.747900140 17.051771956           NA
[218]           NA           NA  2.859923781           NA  8.391410049  9.383229634           NA
[225] 24.169421147           NA           NA 14.400976590  7.989919603  0.167793329           NA
[232]  1.469518761           NA  3.376799877 11.702542080           NA 11.369874162           NA
[239]           NA           NA           NA           NA  6.520592174  2.653032399 12.509832922
[246]  3.523517567           NA           NA           NA           NA           NA 21.971866670
[253]           NA 11.033542778 15.978896467           NA           NA           NA           NA
[260]           NA           NA           NA           NA           NA           NA           NA
[267]  9.180052892           NA           NA 11.453341117           NA           NA 10.245824710
[274]  4.294915942           NA           NA           NA           NA  8.376837946  0.293681724
[281]           NA           NA  5.751229942           NA           NA           NA 22.928233599
[288]  7.567922224           NA 12.591450894           NA           NA           NA           NA
[295]           NA  5.339566884           NA           NA           NA           NA           NA
[302]           NA           NA           NA           NA 13.196343027           NA           NA
[309]           NA           NA           NA           NA           NA  1.176328837           NA
[316]           NA  9.077660173           NA 17.957341988           NA 18.990338387  3.176095327
[323]           NA 11.129299023           NA           NA           NA  5.279908242           NA
[330]           NA  6.871648767           NA           NA           NA           NA           NA
[337]           NA           NA           NA           NA  1.811481200           NA           NA
[344] 10.199678998           NA           NA           NA           NA           NA           NA
[351]           NA           NA           NA           NA 13.234767520  0.009366671           NA
[358]  2.134680292           NA           NA  4.020246642  4.295162966           NA           NA
[365]           NA 12.185446642           NA 10.500279169           NA           NA           NA
[372]  0.444787292 10.426265510           NA           NA           NA  7.933752597           NA
[379]           NA           NA           NA           NA 12.073088671           NA           NA
[386]           NA           NA           NA  6.289850395 11.734928186           NA           NA
[393] 15.367458003           NA           NA           NA           NA           NA           NA
[400]           NA  6.330172845  8.641027613           NA           NA           NA 10.295822308
[407]           NA           NA           NA           NA           NA           NA           NA
[414] 17.278067757  4.303464930  8.138422821           NA           NA           NA  2.844442005
[421]           NA           NA  8.655677717           NA  0.018368639 10.983171121 12.035728159
[428]           NA           NA           NA           NA  1.502517037           NA           NA
[435]  0.213564326  0.628781651           NA           NA           NA           NA           NA
[442] 11.091056326           NA  0.112392213           NA  2.727562477           NA           NA
[449]           NA           NA           NA           NA           NA           NA 12.542186635
[456]           NA  2.527338864           NA           NA           NA  4.660936856           NA
[463]           NA           NA           NA           NA           NA           NA           NA
[470]           NA           NA           NA           NA           NA           NA           NA
[477]           NA           NA           NA           NA           NA           NA           NA
[484]  8.185534405  1.701785632           NA  3.592431753           NA  0.659436476           NA
[491]  5.839470749           NA           NA           NA           NA           NA           NA
[498]           NA           NA           NA           NA           NA           NA           NA
[505]           NA           NA           NA           NA           NA           NA           NA
[512]           NA           NA  8.031026334           NA           NA           NA  1.621005585
[519]           NA  4.729066673  0.570061464           NA           NA  9.161262324           NA
[526]           NA           NA           NA           NA           NA           NA           NA
[533]           NA           NA           NA  1.186057204           NA           NA           NA
[540]           NA           NA           NA           NA           NA  8.679876063           NA
[547]           NA           NA           NA           NA           NA  0.647093429           NA
[554]           NA           NA           NA           NA           NA           NA           NA
[561]           NA           NA           NA           NA           NA           NA           NA
[568]           NA           NA           NA           NA           NA           NA           NA
[575]           NA           NA           NA           NA           NA           NA           NA
[582]  0.507633314           NA           NA           NA           NA           NA           NA
[589]  1.567323901  3.028095134           NA           NA           NA           NA           NA
[596]           NA           NA  6.163814870           NA           NA           NA           NA
[603]           NA           NA           NA           NA           NA           NA           NA
[610]           NA           NA           NA           NA           NA           NA           NA
[617]           NA           NA           NA           NA           NA  0.532056582           NA
[624]           NA           NA           NA           NA           NA           NA           NA
[631]           NA           NA           NA           NA           NA           NA           NA
[638]           NA  0.448489120           NA           NA           NA           NA           NA
[645]           NA           NA           NA           NA  5.089789769           NA           NA
[652]           NA           NA           NA           NA           NA           NA           NA
[659]           NA           NA           NA           NA           NA  1.384423689           NA
[666]           NA           NA           NA           NA           NA           NA           NA
[673]           NA           NA           NA           NA           NA           NA           NA
[680]           NA           NA           NA           NA           NA           NA           NA
[687]           NA           NA  0.889696528           NA           NA           NA           NA
[694]  0.609427632           NA           NA           NA           NA           NA           NA
[701]           NA           NA           NA           NA           NA           NA           NA
[708]           NA           NA           NA           NA  1.557633938           NA           NA
[715]           NA           NA           NA           NA

$TS
  [1] 103.51954163  92.26607083  85.54338796  81.41044968  91.55413007  88.62462942  74.66163759
  [8]  63.55704319  35.62694606  28.95456218  90.86559438  80.72040174  70.20427163  63.50870503
 [15]  33.22524467  84.97259593  75.07585980  79.98342326  73.53561576  63.26587275  47.68431420
 [22]  43.21727655  37.97638839  70.16991179  60.61459269  51.18961578  33.61213109   0.31709134
 [29]  48.17597799  61.44869330  48.90063007  32.01475148  63.09391390  60.10680014  53.76725275
 [36]  42.29141950  40.62888239  33.34547031  55.26863551  53.29961454  47.08857528  39.05254460
 [43]  36.32065121  24.93088196  24.56110361  23.66117635  16.85692514  51.63381929  49.04119721
 [50]  42.87302458  39.07322754  25.21301872  44.82478858  41.47908417  37.22971375  25.64436939
 [57]  15.44523054   2.79782580  28.11961114  25.13276123  17.95996679   8.86793733   7.69016895
 [64]  38.86329931  31.91680414  22.17610611  19.50577323   7.58975514   0.23578876  31.06454459
 [71]  30.73339616  21.57295197  19.76739220  13.79510134  48.07806533  47.31795929  45.63584398
 [78]  28.94265744  48.72263043  33.16223157  24.57160454  44.05233483  41.24859065  36.04964050
 [85]   6.87044828   1.97258932  40.99740856  46.65960411  37.65751059  32.88258614  22.33224526
 [92]  21.80546386  18.55921609  16.43076776   4.61758348   1.06985037  45.24317354  24.14870565
 [99]  20.45437492  19.32650812   6.27042727  45.47691415  42.56927335  29.21764543  28.91455733
[106]  26.07261868  24.97993832   5.41789434  43.81600299  34.34920949  36.22200336  16.42151842
[113]  21.32687513  18.38940381  16.11309239  43.49506997  18.73214009  39.63701697  34.46084736
[120]  33.60651130  30.26667189  25.00662853  13.17832734  18.81584543  35.76333658  33.18274641
[127]  22.61154763  27.10605665  24.69505128  23.90015611  18.48399439  30.11554045  24.03748207
[134]  27.00504295   7.30902429  30.57156856  30.47497999  20.22909438  15.72612293  34.90753557
[141]  20.74180091  35.33365004  13.89093397   1.42242934  18.30178356  15.75745583  31.51560066
[148]  25.95213013  21.80974502  11.35781053   3.01010103   2.92165366  23.10618449  11.56876745
[155]   9.95518075  34.51244238  29.99242288  12.50035116   9.05449556  30.65617069  16.46602504
[162]  27.73849707  26.96465369  17.54064763  25.85058995   6.45569186  32.80973291  31.75304689
[169]  22.51122811  33.37400086  27.82985810  13.42718897   5.41493551   2.43514491   1.48524901
[176]  19.72224588  15.20407310  11.70611580   6.19966405  23.14451951  32.91342329  27.85180041
[183]  25.72441769  14.17010079  29.20086179  24.64405353  20.71685778  16.67725053  14.55203146
[190]  31.97301396  30.36536217  26.10271729  24.02130505  18.02288545  11.77491676   7.63360254
[197]   3.76654545  25.55127627  15.30035218  18.92059308  10.76535401   5.78309351   2.55501168
[204]  27.98802186  26.74741011  30.99193974  24.56978260  29.97627911  10.25143904   5.33021021
[211]  26.76285590   1.00150709  22.33823999  29.69630555  28.50393133  25.53516655  23.81759188
[218]  23.12998330  19.70680087   8.39547604   6.13076609  15.30780239  29.69247702  28.19525880
[225]  26.76959935  23.64195314  13.38208698  26.22165688  19.09748632  10.50418114   5.25710283
[232]  17.49552694   6.27343143  28.78239781  22.99970851  21.03964284  12.50955960   8.11264950
[239]  22.53108481  26.06477922   7.69331256   4.08894113  18.03327960  17.13866836  25.26255356
[246]   9.88028187   1.94463355  22.16553660  25.93300292  25.07162409  24.79741477  24.47219402
[253]  18.95521848  16.50092117  16.04486026  12.34833334  10.17223088  20.06611444   8.56733825
[260]   5.76387772  24.37381517   3.09067834  16.58239632   8.97431800   8.70325072   2.18323504
[267]  23.83960768  16.37747082  11.06674991  18.99175766  21.43912412  23.66973494  24.98897769
[274]  21.95341583  14.76159115   2.62480348   2.22455472  19.52588182  14.87646915   3.23587902
[281]   2.16270294  19.28082207  18.51024115   5.45517813   4.13526393   2.78540507  24.12654029
[288]  20.54949362  14.48095760  13.33487379  11.83531379  19.94863484  16.48154286  15.54653530
[295]  24.16081727  22.35891301  19.16319649  14.94665260  13.66613525   9.45156304   7.79579303
[302]   4.43217270  19.83464769  15.26962710   7.92765497  20.45726573  19.09360493  16.73243483
[309]   6.77015313   4.13756428   1.63728348  19.33008123  16.97499014  11.50568879   5.32874899
[316]  22.65340367  16.35601184   5.18171807  22.13983240  13.97486279  19.88540507  23.31587525
[323]  22.04566297  17.36338849  20.49289720  17.47522509  10.60983925   9.74273606   7.62364383
[330]  10.67556445  12.72289417  11.23279524   9.89420214   1.96060588   8.80542891  21.79411083
[337]   5.51344410   1.54168675   0.52971124  10.70774681  10.26282004  12.70944158   4.76477297
[344]  17.89308078  10.85390819  10.40161100   9.06130186   7.16742797   3.99204356  11.63769429
[351]  16.05616125  10.24473162   9.24498907   4.96909147  21.01606776  10.89370106   6.79119745
[358]   2.23852381   1.65944433   5.61271588  12.49513093  10.28044118   1.66343427   0.83212316
[365]  16.49355041  14.32635084   8.61137785  18.38485058  11.99088717  16.54977319   1.94151805
[372]  15.40715429  19.06523013  12.59778109  19.18853057   3.92928613   9.25227163   7.06149424
[379]   5.35528685  18.90277097   7.28288753   7.26736568  12.33760283  12.49615598   7.64826548
[386]   2.16237321   0.76460387  17.34976332  11.23278056  16.85281582   5.75209236   3.44078070
[393]  18.53194802  13.26189554   2.49841687   5.02271817  12.62546005  10.95597193  11.63639987
[400]   6.39582168  13.80912496  12.43309262   5.71590873   0.98346775  14.56536056  15.79868085
[407]  13.93525396  17.25541146  13.46046053  17.56738494  16.87365766  10.43211434  17.52233077
[414]  17.45125133  10.04493267   9.44131544   8.65189027   5.54888815   4.17356294   3.19632082
[421]   0.23155706   0.02859883   9.24071351  16.55588367  13.86262496  12.82513245  15.87125472
[428]  13.26784063   7.88311007  15.71758875   7.49696227  11.29164211  11.05766452   9.35050580
[435]  14.46269286   4.19291342  13.40665392  14.68367214   6.95925489   6.92577523  16.32395198
[442]  14.61542354   9.49355350   8.19048508   3.87468294  13.83437534  11.92017318   6.93977888
[449]   6.01200119   5.24432415   9.20739905   7.44338604   4.20624999   3.87879745  16.27320103
[456]  15.75531748  12.00137506   5.36602513   2.39163982  14.01543332  13.58821022  10.32104844
[463]   6.84987671   2.23791659  15.57830692  10.29077629   9.81720903  14.28967968  11.65377014
[470]  10.59418560   9.75440557   5.69888590   0.65468271   9.50607333   6.01553792  11.26301827
[477]   5.53332096   2.81734140  13.66643900   7.07303998   6.20136573   3.38671783   3.01252388
[484]  11.67403232  11.13519517   5.90362374   4.07017998   0.65833437   0.97174324  14.48123233
[491]   8.65135464  11.20923569   0.10763022   8.51096834   5.79707026   2.21215638   5.95052228
[498]   8.11792355   8.62325235   8.59957369   0.64192199   0.10275358  10.93289213   9.73825044
[505]   5.13963919   2.95955921   2.41035460  13.82882745   0.81622318  12.90960931  11.39912237
[512]   4.96564099  12.54840362  12.17873804   3.82898074  10.39036672   3.79950846   2.16111667
[519]  12.15245758   6.38280184   8.87109763   7.31454715   1.26460572  10.44396769   9.12946071
[526]   9.43126158   6.72131445   0.28055615   6.14943793   3.09978898   2.16219780   2.73733993
[533]   1.39824347   0.41658290  12.29885652   7.90460078   0.86841770   5.32996050   2.28325308
[540]   7.16933055   0.15729708   9.98361987  11.18286824  10.81715857   9.56813571   9.44470557
[547]   3.28830878   1.44742330   5.72778138   8.77266577   3.50196083   6.71170007   4.31790909
[554]   5.71970491   1.21550164   3.99770842   1.98082116   8.86275217   7.25401437  10.72545278
[561]  10.80633230   8.60073534   0.23023257   7.97359273   2.20448784   0.83539289  10.78549581
[568]   8.45498079   7.70275867   4.42915405   5.43683967   8.08959811   3.79517833   3.30565326
[575]   2.03175018   4.03957588   0.28114966   9.67857832   4.30217581   3.32614827   2.23650246
[582]   5.07884276  10.19521761   9.85695182   7.73060317   5.16667786   3.23673356   5.87595771
[589]   5.01120761   5.78550152   9.55809485   2.67632370   8.21037315   7.61729769   6.94224248
[596]   7.19376024   4.49365335   6.25125454   2.85037421   6.29037810   5.47843563   8.51358187
[603]   2.19821821   1.30933431   8.53805719   6.70430499   6.45458451   6.36726554   5.97632023
[610]   3.41422837   4.58937926   1.19041246   0.64716391   7.37634861   3.53724107   1.29375788
[617]   0.26759613   0.03242848   1.78151699   4.30782407   6.54005640   3.59501300   0.76216119
[624]   0.07344735   4.92056965   0.34367242   6.10280981   0.73985811   6.94253049   5.71682856
[631]   1.64700188   4.73987509   4.21937988   1.72529091   4.17219305   3.25809171   1.80102699
[638]   1.29844747   4.47299615   0.05275540   6.37407540   5.23486261   3.65947164   6.59897426
[645]   0.52689718   5.01979269   2.57870578   2.04272236   6.25329016   1.31410098   4.14969471
[652]   3.87454983   1.31693088   4.07437394   2.64438841   3.79347770   3.41832515   1.31847768
[659]   4.40535424   0.48827700   5.24072716   4.60664525   3.82263824   3.25719306   1.67737565
[666]   5.17504392   4.81780781   1.54668208   2.02084079   4.17125516   0.67329079   0.35273333
[673]   1.69505425   2.47758691   3.30847360   2.49518943   0.03543457   1.52063977   3.57040367
[680]   2.41556056   1.53686439   0.98396860   0.19611263   2.72951092   1.17672487   0.20971458
[687]   2.89585059   1.15722266   1.46789702   2.70694345   0.37240138   2.28573493   1.66894054
[694]   2.63994045   1.58320480   3.31310042   2.00530651   2.33792676   0.26541401   2.81849577
[701]   1.39497349   0.70931135   1.45218018   0.67788962   1.82851022   2.49535599   1.53292689
[708]   2.30071730   0.07012888   0.73922995   2.15127068   1.83889978   1.27787417   0.40469020
[715]   0.15228673   1.24468723   1.09842328   0.47085737

$PAR
  [1]  NA   1   1   1   2   2   2   2   2   2   5   6   6   6   6   3   3  12  18  18  18  18  18
 [24]  17   7  19  19  19   8  14  14  14  20  30  30  30  30  30  34  34  34  34  34  34  34  34
 [47]  34  39  39  39  39  39  35  35  35  35  35  35  40  40  40  40  40  48  48  48  48  48  48
 [70]  26  26  26  26  26  49  49  49  49  31  31  31  79  79  79  79  79  29  21  21  76  76  76
 [93]  76  76  76  76  41  41  41  41  41  88  88  77  77  77  77  77 102 102  97  97  53  53  53
[116]  82 109 116  22  22  22  22  22  50  54  83  83  87  87  37  37 118 118  51  51  42  42  42
[139]  42  64  64  23  23  23  89  89  43  43  43  43  43  43 111 111 111  84  84  84  84 125 125
[162]   9   9   9 142 142 140 140 156 119 119 119 119 119 119 110 110 110 110 120 170 170  15  15
[185] 126 126  80  80  80 181 181 181 181 181 181 181 181  90  90 167 167 167 167  32  32 168 168
[208] 147 147 147  70  70 206  71 136 136 137 191 191 191 191 121 132 208 223 223 223 104 104 104
[231] 104  78  78 105 105 234 234 234 224  59  59 182 171 171 163 163 163 211 205 205 205 192 192
[254] 192 106 106 106 240 240 240 148 249 165 165 165 165  56  56  56 216 245  52  60  60  60  60
[277]  60 122 122 122 122 273 273 107 107 107 251 251 251 251 251  81  81  81 207 207 207 207 207
[300] 207 207 207  45  45 261 295 295 295  98  98  98 133 133 133 133 193 193 193 130 267 217 272
[323] 272 272  46 226 226 226 226 322 180 180 180 180 218 235 239 239 239 296 296 213 213  66  66
[346] 248 248 248 323 274 149 149 149 149  92  92  72  72 271 141 187 187 187 325 306  99  99 138
[369] 138 292 292 303  73  73 219 219 278 278  67 312 312 312 100 282 282 282 282 375 375 307 307
[392] 307 373 124 124 117  93  93 283 283 131 131 131 131 114 368 368 243 243 194 194 344 410 410
[415] 410 410 164 164 164 164 164 413 232 326 326 326 324 324 388 408 408 244 244 244 313 313 411
[438]  47 308 308 188 188 188 188 263 424 370 370 370 370 293 293 161 161 112 112 268 268 268 427
[461] 427 406 146 146 139 139 430 465 465 465 465 465 465 294 294  57  57  57 372 372 372 372 372
[484] 304 304 304 304 177 298 279 279 275 275 438 438 405 189 435 468 468 184 460 320 320 320 407
[507] 407 425 425 401  74 479 461 437 437 227 227 227 428 428 394 510 510 331 331 342 342 342 374
[530] 374 374 513 513 513 237 158 384 256 256 519 519 457 369 195 195 484 469 469 154 314 314 150
[553] 150 476 476 332 485 269 269 398 503 503 356 345 345 345 544 201 340 340 327 230 230 230 230
[576] 346 516 462 466 466 466 362 341 341 341 341 341 583 257 542 333 333 591 591 474 300 546 353
[599] 353 451 525 335 265 265 417 491 491 491 367 605 593 593 593 444 444 498 498 498 536 585  63
[622] 385 385 385 196 452 614 135 381 382 382 559 559 540 348 348 480 378 439 440 463 357 552 606
[645] 644 621 400 400 233 475 486 588 495 391 630 403 360 360 418 418 284 284 108 538 538 315 661
[668] 666 586 589 354 354 625 343 662 597 597 639 570 570 659 659 659 553 633 633 310 242 654 556
[691] 376 454 663 656 656 679 392 587 587 530 530 151 700 700  58 286 655 694 203 708 539 539  86
[714] 334 247 673 144 612

$EXTANT
  [1] FALSE FALSE FALSE FALSE FALSE FALSE FALSE FALSE FALSE FALSE FALSE FALSE FALSE FALSE FALSE
 [16] FALSE FALSE FALSE  TRUE FALSE FALSE FALSE  TRUE FALSE FALSE FALSE FALSE  TRUE FALSE FALSE
 [31] FALSE FALSE FALSE  TRUE FALSE FALSE FALSE FALSE  TRUE  TRUE FALSE FALSE  TRUE FALSE  TRUE
 [46] FALSE FALSE  TRUE FALSE FALSE  TRUE FALSE  TRUE FALSE FALSE FALSE  TRUE  TRUE FALSE  TRUE
 [61] FALSE  TRUE  TRUE FALSE  TRUE FALSE FALSE  TRUE  TRUE  TRUE FALSE  TRUE  TRUE FALSE FALSE
 [76] FALSE  TRUE  TRUE  TRUE  TRUE  TRUE FALSE FALSE  TRUE  TRUE  TRUE FALSE FALSE FALSE  TRUE
 [91] FALSE FALSE FALSE FALSE FALSE  TRUE FALSE  TRUE  TRUE  TRUE  TRUE FALSE FALSE FALSE FALSE
[106]  TRUE  TRUE  TRUE FALSE  TRUE FALSE FALSE FALSE FALSE  TRUE FALSE  TRUE FALSE  TRUE FALSE
[121]  TRUE  TRUE  TRUE  TRUE FALSE FALSE FALSE FALSE  TRUE  TRUE  TRUE FALSE  TRUE FALSE  TRUE
[136] FALSE FALSE  TRUE  TRUE FALSE  TRUE  TRUE  TRUE  TRUE  TRUE  TRUE  TRUE FALSE  TRUE  TRUE
[151]  TRUE  TRUE FALSE FALSE  TRUE FALSE FALSE FALSE  TRUE FALSE  TRUE FALSE  TRUE  TRUE  TRUE
[166]  TRUE  TRUE FALSE FALSE FALSE FALSE  TRUE  TRUE  TRUE  TRUE FALSE  TRUE FALSE  TRUE  TRUE
[181]  TRUE  TRUE FALSE  TRUE FALSE FALSE  TRUE  TRUE FALSE FALSE  TRUE  TRUE  TRUE FALSE  TRUE
[196]  TRUE  TRUE FALSE FALSE FALSE FALSE  TRUE  TRUE FALSE FALSE FALSE FALSE FALSE  TRUE FALSE
[211] FALSE  TRUE  TRUE FALSE FALSE FALSE  TRUE  TRUE  TRUE FALSE  TRUE FALSE FALSE  TRUE FALSE
[226]  TRUE  TRUE FALSE FALSE FALSE  TRUE FALSE  TRUE FALSE FALSE  TRUE FALSE  TRUE  TRUE  TRUE
[241]  TRUE  TRUE FALSE FALSE FALSE FALSE  TRUE  TRUE  TRUE  TRUE  TRUE FALSE  TRUE FALSE FALSE
[256]  TRUE  TRUE  TRUE  TRUE  TRUE  TRUE  TRUE  TRUE  TRUE  TRUE  TRUE FALSE  TRUE  TRUE FALSE
[271]  TRUE  TRUE FALSE FALSE  TRUE  TRUE  TRUE  TRUE FALSE FALSE  TRUE  TRUE FALSE  TRUE  TRUE
[286]  TRUE FALSE FALSE  TRUE FALSE  TRUE  TRUE  TRUE  TRUE  TRUE FALSE  TRUE  TRUE  TRUE  TRUE
[301]  TRUE  TRUE  TRUE  TRUE  TRUE FALSE  TRUE  TRUE  TRUE  TRUE  TRUE  TRUE  TRUE FALSE  TRUE
[316]  TRUE FALSE  TRUE FALSE  TRUE FALSE FALSE  TRUE FALSE  TRUE  TRUE  TRUE FALSE  TRUE  TRUE
[331] FALSE  TRUE  TRUE  TRUE  TRUE  TRUE  TRUE  TRUE  TRUE  TRUE FALSE  TRUE  TRUE FALSE  TRUE
[346]  TRUE  TRUE  TRUE  TRUE  TRUE  TRUE  TRUE  TRUE  TRUE FALSE FALSE  TRUE FALSE  TRUE  TRUE
[361] FALSE FALSE  TRUE  TRUE  TRUE FALSE  TRUE FALSE  TRUE  TRUE  TRUE FALSE FALSE  TRUE  TRUE
[376]  TRUE FALSE  TRUE  TRUE  TRUE  TRUE  TRUE FALSE  TRUE  TRUE  TRUE  TRUE  TRUE FALSE FALSE
[391]  TRUE  TRUE FALSE  TRUE  TRUE  TRUE  TRUE  TRUE  TRUE  TRUE FALSE FALSE  TRUE  TRUE  TRUE
[406] FALSE  TRUE  TRUE  TRUE  TRUE  TRUE  TRUE  TRUE FALSE FALSE FALSE  TRUE  TRUE  TRUE FALSE
[421]  TRUE  TRUE FALSE  TRUE FALSE FALSE FALSE  TRUE  TRUE  TRUE  TRUE FALSE  TRUE  TRUE FALSE
[436] FALSE  TRUE  TRUE  TRUE  TRUE  TRUE FALSE  TRUE FALSE  TRUE FALSE  TRUE  TRUE  TRUE  TRUE
[451]  TRUE  TRUE  TRUE  TRUE FALSE  TRUE FALSE  TRUE  TRUE  TRUE FALSE  TRUE  TRUE  TRUE  TRUE
[466]  TRUE  TRUE  TRUE  TRUE  TRUE  TRUE  TRUE  TRUE  TRUE  TRUE  TRUE  TRUE  TRUE  TRUE  TRUE
[481]  TRUE  TRUE  TRUE FALSE FALSE  TRUE FALSE  TRUE FALSE  TRUE FALSE  TRUE  TRUE  TRUE  TRUE
[496]  TRUE  TRUE  TRUE  TRUE  TRUE  TRUE  TRUE  TRUE  TRUE  TRUE  TRUE  TRUE  TRUE  TRUE  TRUE
[511]  TRUE  TRUE  TRUE FALSE  TRUE  TRUE  TRUE FALSE  TRUE FALSE FALSE  TRUE  TRUE FALSE  TRUE
[526]  TRUE  TRUE  TRUE  TRUE  TRUE  TRUE  TRUE  TRUE  TRUE  TRUE FALSE  TRUE  TRUE  TRUE  TRUE
[541]  TRUE  TRUE  TRUE  TRUE FALSE  TRUE  TRUE  TRUE  TRUE  TRUE  TRUE FALSE  TRUE  TRUE  TRUE
[556]  TRUE  TRUE  TRUE  TRUE  TRUE  TRUE  TRUE  TRUE  TRUE  TRUE  TRUE  TRUE  TRUE  TRUE  TRUE
[571]  TRUE  TRUE  TRUE  TRUE  TRUE  TRUE  TRUE  TRUE  TRUE  TRUE  TRUE FALSE  TRUE  TRUE  TRUE
[586]  TRUE  TRUE  TRUE FALSE FALSE  TRUE  TRUE  TRUE  TRUE  TRUE  TRUE  TRUE FALSE  TRUE  TRUE
[601]  TRUE  TRUE  TRUE  TRUE  TRUE  TRUE  TRUE  TRUE  TRUE  TRUE  TRUE  TRUE  TRUE  TRUE  TRUE
[616]  TRUE  TRUE  TRUE  TRUE  TRUE  TRUE FALSE  TRUE  TRUE  TRUE  TRUE  TRUE  TRUE  TRUE  TRUE
[631]  TRUE  TRUE  TRUE  TRUE  TRUE  TRUE  TRUE  TRUE FALSE  TRUE  TRUE  TRUE  TRUE  TRUE  TRUE
[646]  TRUE  TRUE  TRUE FALSE  TRUE  TRUE  TRUE  TRUE  TRUE  TRUE  TRUE  TRUE  TRUE  TRUE  TRUE
[661]  TRUE  TRUE  TRUE FALSE  TRUE  TRUE  TRUE  TRUE  TRUE  TRUE  TRUE  TRUE  TRUE  TRUE  TRUE
[676]  TRUE  TRUE  TRUE  TRUE  TRUE  TRUE  TRUE  TRUE  TRUE  TRUE  TRUE  TRUE  TRUE FALSE  TRUE
[691]  TRUE  TRUE  TRUE FALSE  TRUE  TRUE  TRUE  TRUE  TRUE  TRUE  TRUE  TRUE  TRUE  TRUE  TRUE
[706]  TRUE  TRUE  TRUE  TRUE  TRUE  TRUE FALSE  TRUE  TRUE  TRUE  TRUE  TRUE  TRUE

