
Birth-death simulation object with 733 species and 500 extant species

Details for some species:

Extinction times (NA means extant)
[1] 96.63610 86.02088 77.72858 85.49794 76.16760       NA


Speciation times 
[1] 129.17360 120.37514 110.43727 109.58013  81.97513  93.50297


Species parents (NA for initial)
[1] NA  1  2  2  3  4


Species status (extinct or extant)
[1] "extinct" "extinct" "extinct" "extinct" "extinct" "extant" 


For more details on vector y, try sim$y, with y one of
TE TS PAR EXTANT



$TE
  [1] 96.6360952 86.0208819 77.7285824 85.4979374 76.1676017         NA 49.4847056 83.7469260
  [9] 76.2935072 74.1892011 38.3445867 48.4588192 46.4620791         NA         NA         NA
 [17] 28.6521455         NA         NA         NA 64.6517606 50.8165412 20.6970639 60.2052161
 [25] 33.5007007         NA 76.4029103 77.1730450 16.0206434 57.1943641 25.9940798 58.3773244
 [33]         NA 28.5095022 33.8904195 55.5185310 56.8351181         NA 42.8268843 52.8297346
 [41] 45.7454486 45.2375873 14.6108283 14.3147112 22.1153799 44.4400849 49.0646974  8.1023356
 [49]         NA  3.7346047         NA         NA         NA         NA         NA         NA
 [57]         NA         NA 39.4073831 14.3875978         NA         NA 48.4773203         NA
 [65] 25.3243960         NA 31.9683922 35.3436785 32.2525074 48.6110005 14.3042624 24.6889364
 [73]         NA         NA         NA  3.3514774         NA         NA 19.8796161         NA
 [81] 12.0883969         NA 23.5232668         NA 13.0637846         NA 14.3043645         NA
 [89] 46.1352900         NA  4.2876064 24.4454616         NA 10.5989045 19.4099000 27.4970769
 [97] 27.1097601         NA         NA 32.2184516  2.7910112         NA 30.1346844 25.0742185
[105]         NA 45.4347652  5.9609153 22.8598286 13.0242792         NA         NA         NA
[113] 14.6595214 12.7744564  6.8854890         NA 46.4142463 16.7114504  8.1107743         NA
[121]  2.7975364 40.1510652         NA 17.3621632         NA         NA         NA 15.1400194
[129]         NA         NA 19.0705727  5.1326272 11.2816824  5.3326704 11.1013794         NA
[137]         NA         NA         NA 16.3391353         NA 25.9938517  7.8790662  5.6840927
[145]  2.5892090 18.5739747         NA  1.1166454 13.6992290         NA  5.3186690         NA
[153]         NA 22.0139422 12.9512502         NA         NA         NA         NA         NA
[161]         NA         NA 25.9902354 20.7706790         NA 28.0696213         NA         NA
[169]         NA 21.7991154  1.9483878 11.8018127         NA 29.5925212 22.6843031  8.9881385
[177]         NA 27.1163925         NA 10.5697502  8.2721522         NA 11.7502663         NA
[185]  1.9865293 26.5074406         NA 12.9357589  1.2238333         NA  5.6383912         NA
[193]         NA 15.7451783 26.6005247         NA 17.2954699         NA 22.3262950         NA
[201]         NA 21.6571576         NA 20.0912738  1.7474406 20.9235541         NA         NA
[209] 23.6028083         NA         NA         NA         NA         NA 10.4213594         NA
[217]         NA 30.1103466 23.7945512         NA         NA 23.0599149         NA  6.4284832
[225]         NA         NA         NA         NA  4.0011564 26.9607945  5.9721974         NA
[233]         NA 18.2164053 16.4268752  8.6011632  0.9271328         NA         NA         NA
[241] 25.0373402 28.3347675 15.4291596         NA 16.7443811         NA         NA         NA
[249]         NA  9.0658572 14.1923721         NA 11.5284052         NA  7.2019674  5.3289487
[257]         NA         NA         NA  2.5089536 16.1867952         NA         NA         NA
[265]         NA         NA 17.2131528  7.7643739 12.0199130         NA         NA         NA
[273]         NA         NA         NA         NA  7.4123972 18.0352928 10.5833329         NA
[281] 12.4500161         NA         NA         NA  3.0596279 13.5572209 13.3057052 21.1947011
[289]         NA  1.8792489  5.4256279  8.0564531 11.3910774         NA         NA         NA
[297]         NA         NA         NA         NA         NA         NA         NA         NA
[305]         NA         NA         NA         NA         NA         NA         NA         NA
[313]         NA         NA         NA         NA         NA 14.2806029 10.8445186         NA
[321]  0.8306873         NA         NA         NA         NA         NA         NA         NA
[329]  4.2306285         NA 12.0736849         NA         NA  2.6004129  9.5824437         NA
[337]         NA         NA         NA         NA         NA         NA  8.0417978         NA
[345]         NA         NA  8.4500087         NA         NA         NA         NA         NA
[353]         NA 12.6490586         NA         NA         NA  0.1135084         NA         NA
[361]  5.8419075         NA         NA  1.8804683         NA         NA         NA  0.4223528
[369]         NA  6.9725981         NA         NA         NA         NA         NA         NA
[377]  7.6288468  1.6294093         NA         NA         NA         NA  5.7366663  2.6497344
[385]         NA         NA  0.5399545         NA         NA         NA         NA         NA
[393]         NA         NA  2.3372577         NA         NA         NA  2.1427026         NA
[401]         NA  7.5531201         NA         NA         NA         NA         NA         NA
[409]         NA 13.7871920         NA         NA         NA         NA         NA  2.7659207
[417]         NA         NA         NA         NA         NA         NA  7.0744307         NA
[425]         NA 14.1809896  4.5655070         NA         NA         NA         NA  7.8115813
[433] 13.9400376         NA         NA         NA         NA         NA         NA         NA
[441]         NA         NA         NA         NA         NA         NA         NA         NA
[449]         NA         NA         NA  3.8550557         NA         NA         NA         NA
[457]  9.6008670  6.2382449         NA         NA         NA         NA         NA         NA
[465]         NA         NA         NA         NA  0.2034528         NA         NA         NA
[473]         NA         NA  2.3804847         NA  1.1529880  8.0691698         NA         NA
[481]  5.5368804         NA         NA         NA         NA         NA 11.3601887         NA
[489]         NA         NA  5.4430291         NA  5.0243459         NA  2.0215342         NA
[497]         NA  4.1373717         NA         NA         NA         NA         NA  3.2461070
[505]         NA         NA         NA  0.3002494         NA         NA  2.7993342  1.4524294
[513]         NA         NA         NA         NA         NA  5.7961465         NA         NA
[521]         NA         NA         NA         NA         NA         NA         NA         NA
[529]         NA         NA         NA         NA         NA         NA  1.6641484         NA
[537]         NA         NA         NA         NA         NA         NA         NA         NA
[545]         NA         NA         NA         NA         NA  4.1670755         NA         NA
[553]         NA         NA         NA  1.2129092         NA         NA         NA         NA
[561]         NA         NA         NA  7.2870909         NA         NA         NA         NA
[569]         NA  6.7105465  2.4738792         NA  2.7275115         NA         NA         NA
[577]         NA         NA         NA         NA  1.9490693         NA         NA         NA
[585]         NA         NA         NA  9.3625940         NA         NA  2.8852447         NA
[593]         NA         NA         NA  2.2484963  5.5389607         NA         NA         NA
[601]         NA         NA  4.7933669         NA  6.8101172  0.6026991         NA         NA
[609]         NA  6.6282252         NA         NA         NA         NA         NA         NA
[617]  2.3021670         NA         NA         NA  7.7554267         NA         NA         NA
[625]         NA         NA         NA         NA         NA         NA         NA         NA
[633]         NA         NA         NA  0.5778563  0.4327311         NA         NA         NA
[641]         NA         NA         NA         NA         NA         NA         NA         NA
[649]         NA         NA         NA         NA         NA         NA         NA  0.7332457
[657]         NA         NA         NA         NA         NA         NA         NA         NA
[665]         NA         NA         NA         NA         NA         NA  3.7194493         NA
[673]         NA  3.7385677         NA         NA         NA         NA         NA         NA
[681]         NA         NA         NA         NA         NA         NA         NA         NA
[689]         NA         NA         NA         NA         NA         NA         NA         NA
[697]         NA         NA         NA         NA         NA         NA         NA         NA
[705]         NA         NA         NA         NA         NA         NA         NA         NA
[713]         NA         NA         NA         NA         NA         NA         NA  1.7570410
[721]         NA         NA         NA         NA         NA         NA         NA         NA
[729]         NA         NA         NA         NA         NA

$TS
  [1] 1.291736e+02 1.203751e+02 1.104373e+02 1.095801e+02 8.197513e+01 9.350297e+01 9.277333e+01
  [8] 8.836429e+01 8.755906e+01 8.004867e+01 7.458580e+01 6.057172e+01 4.848840e+01 4.790112e+01
 [15] 4.664154e+01 3.505353e+01 3.118821e+01 2.011701e+01 1.746543e+01 4.721010e+00 8.134341e+01
 [22] 7.650518e+01 6.998214e+01 6.313781e+01 5.548624e+01 5.113742e+01 8.697246e+01 8.000207e+01
 [29] 5.874927e+01 5.722647e+01 6.367852e+01 6.198074e+01 6.065491e+01 4.899574e+01 4.580384e+01
 [36] 5.880394e+01 5.817851e+01 2.109881e+01 5.909083e+01 5.819443e+01 5.386314e+01 5.310165e+01
 [43] 4.300021e+01 2.867771e+01 2.640910e+01 6.027298e+01 5.888337e+01 5.240534e+01 4.877702e+01
 [50] 3.617240e+01 1.879893e+01 1.795879e+01 4.715615e+00 3.895197e+00 2.794523e+00 7.668449e-01
 [57] 3.959363e-01 4.958970e+01 4.248912e+01 4.109592e+01 3.633874e+01 5.340945e+01 5.020910e+01
 [64] 4.973691e+01 4.820240e+01 4.419863e+01 4.042338e+01 3.826323e+01 5.139922e+01 5.186681e+01
 [71] 4.606299e+01 3.799560e+01 2.917576e+01 2.355943e+01 1.925447e+01 5.091573e+01 4.810143e+01
 [78] 2.707049e+01 2.693904e+01 2.282297e+01 1.212716e+01 3.808595e+01 3.168681e+01 2.831321e+01
 [85] 2.295005e+01 1.943009e+01 1.640400e+01 9.781016e+00 5.056147e+01 4.431163e+01 3.741199e+01
 [92] 2.910033e+01 4.307008e+00 4.745624e+01 3.182892e+01 3.111674e+01 3.541023e+01 3.138466e+01
 [99] 2.098641e+01 4.759011e+01 4.550216e+01 3.799879e+01 3.259481e+01 2.834546e+01 9.058839e+00
[106] 4.682306e+01 4.239879e+01 3.373726e+01 2.638539e+01 1.376728e+01 1.107783e+01 2.492162e+00
[113] 3.838611e+01 1.289226e+01 1.153031e+01 9.581087e-01 4.652385e+01 4.460838e+01 3.726744e+01
[120] 2.795435e+01 1.082028e+01 4.193107e+01 3.206422e+01 3.598970e+01 4.386884e+01 2.037577e+01
[127] 1.640056e+01 1.590853e+01 1.568806e+01 1.214196e+01 1.962676e+01 2.363608e+01 3.704354e+01
[134] 2.711090e+01 2.595324e+01 1.056660e+01 3.400609e+01 2.829861e+01 2.210055e+01 1.947821e+01
[141] 1.478311e+01 2.958947e+01 2.829790e+01 3.831164e+01 3.721018e+01 3.577306e+01 2.795867e+01
[148] 2.237384e+01 2.134269e+01 1.484215e+01 6.290741e+00 3.352446e+01 3.340122e+01 2.978006e+01
[155] 2.258589e+01 2.188299e+01 1.703307e+01 1.864821e+01 3.224037e+01 2.295893e+01 1.424632e+01
[162] 1.372915e+01 3.756666e+01 3.129680e+01 3.022150e+01 2.825125e+01 2.131119e+01 2.014895e+01
[169] 3.520198e+00 3.035839e+01 3.033903e+01 2.791094e+01 2.010225e+01 3.006029e+01 2.771487e+01
[176] 2.695678e+01 3.388760e+01 3.243428e+01 2.865777e+01 3.212387e+01 2.451204e+01 1.957729e+01
[183] 1.284101e+01 4.525626e+00 3.988064e+00 3.402642e+01 1.748773e+01 1.439718e+01 1.863700e+01
[190] 6.100575e+00 1.679928e+01 1.336544e+01 1.131527e+01 2.346603e+01 3.511294e+01 2.184548e+01
[197] 2.767695e+01 2.662937e+01 2.406635e+01 2.179090e+01 1.372129e+01 2.876281e+01 1.469653e+01
[204] 3.387397e+01 4.228546e+00 3.274281e+01 2.927449e+01 2.844069e+01 2.651525e+01 1.368517e+01
[211] 1.040850e+01 7.022543e+00 6.819631e+00 3.068677e+01 3.006407e+01 7.035821e+00 6.963740e-01
[218] 3.147833e+01 2.734878e+01 1.776952e+01 1.154328e+01 3.122369e+01 3.117552e+01 2.567816e+01
[225] 1.927849e+01 1.162739e+00 2.265469e+01 3.076819e+01 1.101690e+01 2.991267e+01 1.603817e+01
[232] 1.383123e+01 7.916450e+00 2.342846e+01 2.749866e+01 2.938356e+01 1.413798e+01 1.088367e+01
[239] 2.511174e+01 1.819954e+01 2.994755e+01 2.907717e+01 2.576503e+01 1.540188e+01 2.879296e+01
[246] 2.788350e+01 1.368905e+01 1.263946e+01 2.478763e+01 2.086111e+01 2.040048e+01 1.951987e+01
[253] 1.636239e+01 4.011209e+00 2.458065e+01 7.297318e+00 2.202859e+01 1.787271e+01 1.278197e+01
[260] 4.249917e+00 2.051916e+01 1.353920e+00 1.822686e+01 1.668372e+01 6.598845e-01 1.323648e+01
[267] 2.752019e+01 2.575323e+01 2.324549e+01 1.777492e+01 2.031287e+01 2.170671e+01 1.731495e+01
[274] 1.274096e+01 2.301092e+01 1.692742e+01 2.088351e+01 1.966990e+01 1.397285e+01 1.288649e+01
[281] 1.477910e+01 1.292308e+01 2.390251e+01 2.381572e+01 1.260110e+01 2.515145e+01 2.398290e+01
[288] 2.206917e+01 1.744507e+01 1.723917e+01 1.381148e+01 2.121028e+01 1.615692e+01 1.395945e+01
[295] 1.441836e+01 9.506538e+00 7.239170e+00 2.087949e+01 1.951107e+01 1.849282e+01 2.336007e+01
[302] 2.391420e+01 1.430248e+01 2.094817e+01 1.441013e+01 8.882770e+00 6.497191e+00 9.080897e+00
[309] 7.618799e+00 2.161930e+00 2.080571e+01 6.277071e+00 1.753232e+01 1.709816e+01 6.483423e+00
[316] 1.824317e+01 1.778994e+01 1.541397e+01 1.463616e+01 6.761389e+00 5.803581e+00 2.976817e+00
[323] 1.049909e+01 3.822970e+00 2.508656e+00 1.584544e+01 1.862691e+01 2.144918e+01 2.068605e+01
[330] 3.930196e-01 1.786409e+01 1.001039e+01 8.743460e+00 6.771175e+00 1.668296e+01 1.568195e+01
[337] 1.203440e+01 7.821200e+00 1.855523e+00 2.128145e+01 1.409174e+01 2.134359e+01 1.847270e+01
[344] 1.224797e+01 2.002764e+00 2.153767e+01 1.319345e+01 6.978340e+00 6.735545e+00 1.416626e+01
[351] 6.146620e+00 3.694490e+00 1.372596e+01 1.349313e+01 3.739315e+00 1.085202e+01 3.298593e+00
[358] 1.951594e+01 2.057174e+01 1.929273e+00 1.400459e+01 1.022298e+01 1.227345e+01 8.333188e+00
[365] 3.721454e+00 1.602691e+01 5.167137e+00 1.767599e+01 1.621466e+01 1.999213e+01 1.799192e+00
[372] 1.122284e+00 1.650510e+01 1.441130e+01 1.296973e+01 4.041753e+00 1.845000e+01 1.483483e+01
[379] 3.928019e+00 1.699353e+01 1.498491e+01 2.005659e+00 1.005072e+01 9.700063e+00 1.384421e+01
[386] 7.333081e+00 2.866503e+00 5.965216e+00 4.176396e+00 1.040616e+01 1.288111e+01 5.993298e+00
[393] 2.937900e+00 1.719367e+01 1.044945e+01 1.413415e+01 1.058971e+01 6.656534e+00 1.072606e+01
[400] 3.664927e-01 1.243839e+01 8.464175e+00 7.367083e+00 7.877321e+00 2.164353e+00 7.293957e-01
[407] 1.831649e+01 6.704627e+00 1.381914e-01 1.385582e+01 1.597849e+01 8.418756e+00 1.722025e+00
[414] 1.442511e+01 1.234096e+00 7.741307e+00 1.618081e+01 1.109016e+01 9.202244e+00 6.261681e+00
[421] 4.977869e+00 1.666044e+01 1.252647e+01 1.708447e+01 9.750520e+00 1.703861e+01 8.617873e+00
[428] 1.621523e+01 8.798386e+00 5.141112e+00 1.369966e+01 1.517770e+01 1.486367e+01 1.445699e+01
[435] 7.230460e+00 4.827704e+00 2.458622e+00 2.341156e+00 5.975474e-01 7.061097e+00 1.187254e+01
[442] 7.986092e+00 5.286349e+00 3.330225e+00 9.131411e-01 1.664513e+01 1.620520e+01 1.397690e+01
[449] 1.024623e+01 1.246534e+01 1.081208e+01 7.280960e+00 1.055275e+01 1.053566e+01 5.353189e+00
[456] 1.070493e+00 1.599230e+01 1.497513e+01 6.110869e+00 5.572531e+00 3.059190e+00 1.190966e+01
[463] 1.598295e+01 2.584046e-01 1.260637e+01 1.086841e+01 4.326624e+00 4.314270e+00 6.411664e-01
[470] 1.088613e+01 1.049471e+01 9.659791e+00 4.192248e+00 1.003042e+01 7.365147e+00 9.145444e+00
[477] 6.697017e+00 1.379978e+01 1.340362e+01 7.512410e+00 1.428465e+01 1.170756e+01 1.110894e+01
[484] 1.080564e+01 1.357163e+01 8.970542e+00 1.337460e+01 9.187004e+00 1.101214e+01 1.276148e+01
[491] 1.115284e+01 1.089435e+01 1.079512e+01 6.301875e+00 4.646401e+00 3.751425e+00 5.175833e+00
[498] 1.148594e+01 6.542836e+00 3.395022e+00 1.390503e+01 1.601435e+00 1.930298e+00 1.365891e+01
[505] 9.046298e+00 2.842075e+00 1.066939e+01 1.244324e+01 1.261417e+01 1.086848e+01 1.054964e+01
[512] 1.326363e+01 9.796260e+00 7.406294e+00 1.124841e+01 4.995718e-01 1.352652e+01 1.207294e+01
[519] 1.284458e+01 9.046340e+00 5.326506e+00 2.673987e+00 1.057321e+01 3.375006e+00 1.812757e+00
[526] 1.745709e+00 1.190607e+01 1.141195e+01 4.359422e+00 3.071030e+00 9.252206e+00 3.169384e+00
[533] 3.011080e+00 1.050684e+01 2.835535e+00 1.376479e+00 3.917170e+00 4.934486e-01 6.595398e+00
[540] 3.784451e+00 9.077113e+00 5.123541e+00 5.902801e+00 9.453199e-01 1.071501e+01 9.926711e+00
[547] 8.468574e+00 8.083988e+00 2.999363e+00 1.090635e+01 1.098324e+01 2.515597e-01 3.654072e+00
[554] 8.338958e+00 5.229243e+00 5.682649e+00 4.484798e+00 3.064103e+00 5.485290e+00 6.497244e+00
[561] 1.031696e+01 8.764388e+00 3.558049e+00 1.068227e+01 8.486764e+00 8.270985e+00 5.158672e-01
[568] 4.264654e-01 3.481040e+00 7.661849e+00 8.784680e+00 7.024999e+00 5.141657e+00 3.204332e+00
[575] 1.058255e+01 4.132363e+00 5.409496e+00 3.505851e+00 1.812304e+00 8.688911e+00 7.228840e+00
[582] 6.397333e+00 6.190268e+00 6.484414e+00 5.849992e+00 3.172303e+00 1.458165e+00 1.053745e+01
[589] 1.020693e+01 5.690816e+00 8.602369e+00 1.137817e+00 1.850510e-01 1.255736e-01 3.218735e+00
[596] 2.688221e+00 8.404960e+00 1.365651e+00 4.550289e+00 3.403306e+00 9.762022e+00 5.284011e+00
[603] 8.101389e+00 4.852410e+00 9.369117e+00 6.875278e+00 2.295936e+00 1.725744e+00 9.602736e+00
[610] 8.421289e+00 3.496270e+00 8.695803e+00 6.044591e+00 4.997195e+00 4.994793e+00 7.422469e+00
[617] 3.746274e+00 6.755995e+00 5.340672e+00 2.674247e+00 8.475145e+00 4.820260e+00 7.899865e+00
[624] 3.366479e+00 5.030670e+00 1.726921e-02 4.156114e+00 8.004572e+00 6.614018e+00 7.123314e+00
[631] 1.953686e+00 3.173124e-01 6.382330e+00 5.083178e+00 5.254276e+00 9.077108e-01 4.373952e+00
[638] 1.249789e-02 1.575267e+00 5.491525e-01 6.093564e+00 2.487589e+00 7.296545e+00 6.847368e+00
[645] 2.476788e+00 3.915417e+00 3.052995e+00 1.961077e+00 5.182439e+00 4.311415e+00 3.137735e+00
[652] 5.611462e+00 6.992229e-01 3.162505e+00 1.506406e+00 4.477339e+00 4.850390e+00 9.333753e-01
[659] 2.635037e+00 5.342811e+00 6.211925e+00 4.915716e+00 3.841323e+00 6.317313e+00 1.181238e+00
[666] 5.300509e-03 4.183922e-01 8.558516e-01 5.385069e+00 4.925610e+00 4.397193e+00 2.914157e+00
[673] 3.461006e+00 5.255444e+00 4.274950e+00 2.862106e+00 4.310703e+00 4.267513e+00 3.182469e+00
[680] 1.478406e+00 4.462274e+00 2.176008e+00 1.172740e+00 1.878500e+00 3.163965e+00 2.942813e+00
[687] 3.567698e+00 4.337557e+00 4.084339e+00 8.574822e-01 1.064998e+00 2.316275e+00 2.638446e+00
[694] 2.819782e+00 2.179790e+00 1.794539e+00 7.931890e-01 4.176759e+00 3.981720e+00 3.891003e+00
[701] 1.068931e-01 3.655087e+00 7.221511e-01 4.119865e+00 3.325483e+00 8.017015e-01 2.315413e+00
[708] 1.612292e+00 2.965103e+00 2.034119e+00 3.074692e+00 9.089131e-01 2.351181e+00 3.000612e+00
[715] 2.946080e+00 2.464454e+00 2.572714e+00 1.935982e+00 1.253527e+00 2.294765e+00 2.521097e+00
[722] 1.826446e+00 2.374781e+00 1.417989e+00 1.899921e+00 1.079767e+00 6.915572e-01 9.716312e-01
[729] 1.649223e+00 3.404604e-01 1.031801e+00 3.003916e-01 1.197949e-01

$PAR
  [1]  NA   1   2   2   3   4   4   6   6   6   6   6   6   6   6   6   6   6   6   6   7   7   7
 [24]   7   7   7   8  21  22  22  11  11  11  11  11  23  23  23  31  31  31  31  31  31  31  24
 [47]  32  33  33  33  33  33  33  33  33  33  33  29  29  29  29  40  25  25  25  25  25  25  41
 [70]  62  62  62  62  62  62  48  48  48  48  48  48  26  26  26  26  26  26  26  76  76  76  76
 [93]  76  89  64  64  58  58  58  34  34  34  34  49  49  65  65  65  65  77  77  77  14  14  14
[116]  14 100 100 100  15  15  71  71  35 101 101 101 101 101 101 118  90  66  66  66  66 125 125
[139] 125 125 125  43  43 107 107 107 107 107 107 107 107  60  60  60  60  60  60 113 144 144 144
[162] 144  68  82  82  82  82  82  82 102 102 102 102  72  72  72 163 163 163  91  91 119 145 145
[185] 145 133 133 133  61  61  50  50  50 124 146 146  16  16  16  16  16 186 137 177 177 108 152
[208] 152 152 152 153 153 153 159 159 159 159 180 180 123 123  83  83  98  98  98 164  17 223  96
[231] 228 228 214 170 171 165 165 165 215 215 174 241 236 236 207 207 207 207 245  44  44 179 179
[254] 179 208 208  84 138 138 138 143 147 120 120 120 246 175 197 267 267 235 134 134 134  78  78
[277] 176 176 176 176 198 198 109 135 135 268 268 268 268 268 268 286 286 286 239 239 239 255 255
[300] 255 199 287 287 302 302 302 302 283 283 283 132 132  74  74  74 194 301 301 301 275 275 275
[323] 160 160 160  85  80 227 227 227 139 139 139 139 257 257 257 257 257 156 156 200 200 200 200
[346] 272 272 272 272 346 346 346 328 328 328 342 342 149 167 340 292 292  99  99  99 304 304 277
[369] 277 298 311 311 329 329 359 359 251 126 126 271 271 271 168 168  18  18  18 182 182 358 299
[392] 299 299  86  86 225 225 225  51  51 158 189 189 327 327 327 300 300 300 407 316 316 316 263
[415] 263  52 258 258 258 258 258 331 331 220 220 368 368 313  19  19 394 314 314 314 314 424 157
[438] 157 157 380 276 276 276 276 276 191 191 264 264 446 446 446 373 373 127 127 253 447 447 447
[461] 447 231 366 366 457 457 411 411 411 326 326 326 326 129 129 381 381 458 458 458 150 150 150
[484] 150 378 378 203 203 319 434 434 414 414 295 305 305 303 481 161 161 350 237 396 341 448 294
[507] 501 478 162 353 201 431 247 247 210 210 485 517 354 479 479 479 512 375 282 519 259 259 259
[530] 259 490 274 274 248 248 248 509 509 465 285 450 450 401 401 130 130 130 130 130 518 337 462
[553] 527 115 528 193 515 515 483 418 111 229 489 551 551 492 470 510 466 121 451 451 451 484 399
[576] 399 545 545 545 564 507 397 575 136 136 136 136 453 453 511 454 454 323 323 395 211 561 561
[599] 449 449 589 589 474 474 332 332 332 513  88 601 601 384 384 384 472 296 296 531 531 476 520
[622] 520 505 505 571 333 612 580 427 547 412 566 548 548 442 233 404 338 616 514 403 386 256 256
[645] 297 435 435 435 581 572 572 212 212 348 348 606 213 213 334 320 618 398 398 539 499 499 190
[668] 613 543 585 585 321 556 652 559 577 660 619 443 443 674 555 555 497 573 573 542 634 634 614
[691] 615 421 662 657 657 657 657  53 495 681 688 677 698 627 576 376 379 646 496 687 578 578 357
[714] 651 651 558 549 322 387 620 522 716 437 405 310 310 631 360 608 708 683  56 727

$EXTANT
  [1] FALSE FALSE FALSE FALSE FALSE  TRUE FALSE FALSE FALSE FALSE FALSE FALSE FALSE  TRUE  TRUE
 [16]  TRUE FALSE  TRUE  TRUE  TRUE FALSE FALSE FALSE FALSE FALSE  TRUE FALSE FALSE FALSE FALSE
 [31] FALSE FALSE  TRUE FALSE FALSE FALSE FALSE  TRUE FALSE FALSE FALSE FALSE FALSE FALSE FALSE
 [46] FALSE FALSE FALSE  TRUE FALSE  TRUE  TRUE  TRUE  TRUE  TRUE  TRUE  TRUE  TRUE FALSE FALSE
 [61]  TRUE  TRUE FALSE  TRUE FALSE  TRUE FALSE FALSE FALSE FALSE FALSE FALSE  TRUE  TRUE  TRUE
 [76] FALSE  TRUE  TRUE FALSE  TRUE FALSE  TRUE FALSE  TRUE FALSE  TRUE FALSE  TRUE FALSE  TRUE
 [91] FALSE FALSE  TRUE FALSE FALSE FALSE FALSE  TRUE  TRUE FALSE FALSE  TRUE FALSE FALSE  TRUE
[106] FALSE FALSE FALSE FALSE  TRUE  TRUE  TRUE FALSE FALSE FALSE  TRUE FALSE FALSE FALSE  TRUE
[121] FALSE FALSE  TRUE FALSE  TRUE  TRUE  TRUE FALSE  TRUE  TRUE FALSE FALSE FALSE FALSE FALSE
[136]  TRUE  TRUE  TRUE  TRUE FALSE  TRUE FALSE FALSE FALSE FALSE FALSE  TRUE FALSE FALSE  TRUE
[151] FALSE  TRUE  TRUE FALSE FALSE  TRUE  TRUE  TRUE  TRUE  TRUE  TRUE  TRUE FALSE FALSE  TRUE
[166] FALSE  TRUE  TRUE  TRUE FALSE FALSE FALSE  TRUE FALSE FALSE FALSE  TRUE FALSE  TRUE FALSE
[181] FALSE  TRUE FALSE  TRUE FALSE FALSE  TRUE FALSE FALSE  TRUE FALSE  TRUE  TRUE FALSE FALSE
[196]  TRUE FALSE  TRUE FALSE  TRUE  TRUE FALSE  TRUE FALSE FALSE FALSE  TRUE  TRUE FALSE  TRUE
[211]  TRUE  TRUE  TRUE  TRUE FALSE  TRUE  TRUE FALSE FALSE  TRUE  TRUE FALSE  TRUE FALSE  TRUE
[226]  TRUE  TRUE  TRUE FALSE FALSE FALSE  TRUE  TRUE FALSE FALSE FALSE FALSE  TRUE  TRUE  TRUE
[241] FALSE FALSE FALSE  TRUE FALSE  TRUE  TRUE  TRUE  TRUE FALSE FALSE  TRUE FALSE  TRUE FALSE
[256] FALSE  TRUE  TRUE  TRUE FALSE FALSE  TRUE  TRUE  TRUE  TRUE  TRUE FALSE FALSE FALSE  TRUE
[271]  TRUE  TRUE  TRUE  TRUE  TRUE  TRUE FALSE FALSE FALSE  TRUE FALSE  TRUE  TRUE  TRUE FALSE
[286] FALSE FALSE FALSE  TRUE FALSE FALSE FALSE FALSE  TRUE  TRUE  TRUE  TRUE  TRUE  TRUE  TRUE
[301]  TRUE  TRUE  TRUE  TRUE  TRUE  TRUE  TRUE  TRUE  TRUE  TRUE  TRUE  TRUE  TRUE  TRUE  TRUE
[316]  TRUE  TRUE FALSE FALSE  TRUE FALSE  TRUE  TRUE  TRUE  TRUE  TRUE  TRUE  TRUE FALSE  TRUE
[331] FALSE  TRUE  TRUE FALSE FALSE  TRUE  TRUE  TRUE  TRUE  TRUE  TRUE  TRUE FALSE  TRUE  TRUE
[346]  TRUE FALSE  TRUE  TRUE  TRUE  TRUE  TRUE  TRUE FALSE  TRUE  TRUE  TRUE FALSE  TRUE  TRUE
[361] FALSE  TRUE  TRUE FALSE  TRUE  TRUE  TRUE FALSE  TRUE FALSE  TRUE  TRUE  TRUE  TRUE  TRUE
[376]  TRUE FALSE FALSE  TRUE  TRUE  TRUE  TRUE FALSE FALSE  TRUE  TRUE FALSE  TRUE  TRUE  TRUE
[391]  TRUE  TRUE  TRUE  TRUE FALSE  TRUE  TRUE  TRUE FALSE  TRUE  TRUE FALSE  TRUE  TRUE  TRUE
[406]  TRUE  TRUE  TRUE  TRUE FALSE  TRUE  TRUE  TRUE  TRUE  TRUE FALSE  TRUE  TRUE  TRUE  TRUE
[421]  TRUE  TRUE FALSE  TRUE  TRUE FALSE FALSE  TRUE  TRUE  TRUE  TRUE FALSE FALSE  TRUE  TRUE
[436]  TRUE  TRUE  TRUE  TRUE  TRUE  TRUE  TRUE  TRUE  TRUE  TRUE  TRUE  TRUE  TRUE  TRUE  TRUE
[451]  TRUE FALSE  TRUE  TRUE  TRUE  TRUE FALSE FALSE  TRUE  TRUE  TRUE  TRUE  TRUE  TRUE  TRUE
[466]  TRUE  TRUE  TRUE FALSE  TRUE  TRUE  TRUE  TRUE  TRUE FALSE  TRUE FALSE FALSE  TRUE  TRUE
[481] FALSE  TRUE  TRUE  TRUE  TRUE  TRUE FALSE  TRUE  TRUE  TRUE FALSE  TRUE FALSE  TRUE FALSE
[496]  TRUE  TRUE FALSE  TRUE  TRUE  TRUE  TRUE  TRUE FALSE  TRUE  TRUE  TRUE FALSE  TRUE  TRUE
[511] FALSE FALSE  TRUE  TRUE  TRUE  TRUE  TRUE FALSE  TRUE  TRUE  TRUE  TRUE  TRUE  TRUE  TRUE
[526]  TRUE  TRUE  TRUE  TRUE  TRUE  TRUE  TRUE  TRUE  TRUE FALSE  TRUE  TRUE  TRUE  TRUE  TRUE
[541]  TRUE  TRUE  TRUE  TRUE  TRUE  TRUE  TRUE  TRUE  TRUE FALSE  TRUE  TRUE  TRUE  TRUE  TRUE
[556] FALSE  TRUE  TRUE  TRUE  TRUE  TRUE  TRUE  TRUE FALSE  TRUE  TRUE  TRUE  TRUE  TRUE FALSE
[571] FALSE  TRUE FALSE  TRUE  TRUE  TRUE  TRUE  TRUE  TRUE  TRUE FALSE  TRUE  TRUE  TRUE  TRUE
[586]  TRUE  TRUE FALSE  TRUE  TRUE FALSE  TRUE  TRUE  TRUE  TRUE FALSE FALSE  TRUE  TRUE  TRUE
[601]  TRUE  TRUE FALSE  TRUE FALSE FALSE  TRUE  TRUE  TRUE FALSE  TRUE  TRUE  TRUE  TRUE  TRUE
[616]  TRUE FALSE  TRUE  TRUE  TRUE FALSE  TRUE  TRUE  TRUE  TRUE  TRUE  TRUE  TRUE  TRUE  TRUE
[631]  TRUE  TRUE  TRUE  TRUE  TRUE FALSE FALSE  TRUE  TRUE  TRUE  TRUE  TRUE  TRUE  TRUE  TRUE
[646]  TRUE  TRUE  TRUE  TRUE  TRUE  TRUE  TRUE  TRUE  TRUE  TRUE FALSE  TRUE  TRUE  TRUE  TRUE
[661]  TRUE  TRUE  TRUE  TRUE  TRUE  TRUE  TRUE  TRUE  TRUE  TRUE FALSE  TRUE  TRUE FALSE  TRUE
[676]  TRUE  TRUE  TRUE  TRUE  TRUE  TRUE  TRUE  TRUE  TRUE  TRUE  TRUE  TRUE  TRUE  TRUE  TRUE
[691]  TRUE  TRUE  TRUE  TRUE  TRUE  TRUE  TRUE  TRUE  TRUE  TRUE  TRUE  TRUE  TRUE  TRUE  TRUE
[706]  TRUE  TRUE  TRUE  TRUE  TRUE  TRUE  TRUE  TRUE  TRUE  TRUE  TRUE  TRUE  TRUE  TRUE FALSE
[721]  TRUE  TRUE  TRUE  TRUE  TRUE  TRUE  TRUE  TRUE  TRUE  TRUE  TRUE  TRUE  TRUE

