
Birth-death simulation object with 727 species and 500 extant species

Details for some species:

Extinction times (NA means extant)
[1] 59.51405 39.42235 37.05571 21.02367 25.28724 45.73809


Speciation times 
[1] 73.14324 65.61858 62.48790 56.04179 55.01123 51.97249


Species parents (NA for initial)
[1] NA  1  1  2  2  2


Species status (extinct or extant)
[1] "extinct" "extinct" "extinct" "extinct" "extinct" "extinct"


For more details on vector y, try sim$y, with y one of
TE TS PAR EXTANT



$TE
  [1] 59.514046105 39.422345291 37.055712140 21.023674553 25.287242257 45.738094041 42.601101727
  [8] 35.229282735 46.332849339           NA 51.028949712 52.732512445           NA 12.337266083
 [15]           NA 34.116388075 11.942366609           NA 14.877492532 28.560838870 38.204200248
 [22] 20.231489588 24.609621581           NA  4.084456745 28.976481025           NA  2.465032436
 [29] 22.243028088 36.552133624 14.706948180           NA           NA 47.816735178 44.502988373
 [36] 21.308530596           NA           NA 20.393317717 35.970940309 17.118134534           NA
 [43]           NA 10.442464088 20.638057387           NA  0.106177040           NA           NA
 [50]           NA 42.246823648 15.750127888  0.463006157  1.606885187           NA           NA
 [57] 33.744238444 15.347697501           NA           NA           NA           NA 31.382164978
 [64] 17.173319375           NA           NA  4.830268306           NA           NA           NA
 [71] 35.243563391 30.114410849 32.888578335 30.116308432           NA           NA           NA
 [78] 14.233479643           NA           NA           NA  8.199826389  2.214960366  2.137862589
 [85]           NA 26.912808739           NA 22.131918207           NA 24.676523868  5.224038325
 [92]  6.050593620 16.228417250           NA  1.563391799 16.992070979 34.894863612 24.524686572
 [99]           NA           NA           NA           NA           NA  7.709613114 22.520953772
[106]           NA 20.021643738 15.932340692 16.841037678 19.305855078 10.741138083           NA
[113] 32.891352024 35.856845397 24.244960830 22.706816692           NA           NA  2.083233680
[120]           NA           NA  7.551727576  8.241361366 27.939966762           NA 29.536794846
[127] 29.296883852 17.988565910 20.076440552  8.979263431           NA           NA 11.422970913
[134]           NA  0.461652602 16.805403192 31.274083375 32.485588591           NA  3.210638671
[141] 26.470080445  0.270664813 25.824039329  1.849355427  2.911305164  2.764825883 23.428634807
[148] 18.653799498           NA 17.969999010 11.153470153 29.117341328           NA  3.574902726
[155]           NA           NA 30.811190449 24.465964015           NA           NA 22.033452289
[162] 13.544053545           NA           NA 12.854628003           NA 25.868740802 23.491432756
[169]           NA  0.001275624           NA 15.046221389           NA  4.911076971           NA
[176] 11.819589554           NA           NA           NA           NA           NA           NA
[183]  9.699153683           NA           NA           NA           NA  6.866950228           NA
[190] 13.310379330 17.062210999           NA           NA           NA           NA 14.492816636
[197]           NA           NA           NA           NA           NA           NA 18.359695850
[204]           NA           NA           NA  7.225494767  4.535163595           NA           NA
[211]           NA           NA 17.124087135           NA 29.188870245           NA  3.337871670
[218]  4.109617512 21.334098574 14.818609525           NA 10.291698738  0.877963995           NA
[225]           NA           NA  0.506438427 11.799036250           NA           NA           NA
[232]           NA           NA 20.312927590 11.781395539 23.976313895 13.903584818 17.647267148
[239]           NA 18.182579915           NA 15.146184368           NA           NA           NA
[246]           NA 22.323993685           NA 11.070488415           NA           NA           NA
[253]           NA           NA           NA           NA 11.817854332 17.227307543           NA
[260]           NA  5.310147907           NA           NA           NA           NA           NA
[267]           NA           NA           NA           NA  7.110236255           NA           NA
[274]           NA  5.643790018           NA           NA  8.624422698           NA           NA
[281]           NA           NA  6.503919425           NA           NA           NA           NA
[288]           NA 10.907985479 16.144705278           NA  8.040908616 11.688676287           NA
[295]           NA           NA           NA  5.508464074 11.944386401  3.997746427 13.000424300
[302]  7.757850219           NA 15.526577237           NA 11.201447813           NA           NA
[309]           NA           NA 12.368272286           NA           NA           NA           NA
[316]           NA  2.232927871           NA           NA  2.522126291           NA           NA
[323]           NA           NA           NA  2.422003678           NA           NA           NA
[330] 13.015704111           NA           NA 14.773345051           NA           NA           NA
[337]  8.776237978  4.806293893           NA           NA           NA           NA           NA
[344]           NA  7.880894050           NA 17.129897838           NA           NA 16.777916304
[351]           NA  9.252256680           NA           NA           NA 11.707508250  1.252586355
[358]           NA           NA           NA           NA           NA  2.779225645 11.081402429
[365]           NA  8.566179055           NA           NA           NA 11.307651631           NA
[372]           NA  1.980814902           NA           NA           NA           NA           NA
[379]           NA  7.046998602           NA           NA           NA           NA           NA
[386]           NA           NA           NA           NA  2.696980838           NA           NA
[393]           NA  9.478579713           NA           NA           NA           NA           NA
[400]           NA  6.605858566           NA           NA           NA           NA           NA
[407]  5.206722042           NA           NA           NA           NA  1.919143132           NA
[414]           NA           NA           NA  7.561613391           NA           NA           NA
[421]           NA  8.997256817           NA           NA           NA           NA           NA
[428]  9.983508632           NA           NA  1.451839549           NA           NA           NA
[435]           NA           NA 12.448307814  8.780675738           NA           NA           NA
[442]  0.269571735           NA           NA           NA 14.626467871           NA           NA
[449]  4.455196682           NA           NA           NA  4.027181037           NA  0.300013439
[456]           NA           NA           NA           NA           NA           NA  8.479397304
[463]           NA           NA           NA  6.197633555  0.568716762           NA           NA
[470]           NA           NA           NA  6.479214971           NA           NA           NA
[477]  1.587048828           NA           NA           NA           NA           NA  3.817131850
[484]           NA           NA           NA           NA           NA           NA  5.292241422
[491]           NA           NA           NA           NA           NA  1.294287165           NA
[498]           NA           NA  1.201061236           NA           NA           NA           NA
[505]           NA           NA           NA  3.227559268           NA           NA  1.110926823
[512]           NA           NA           NA  6.081984230           NA           NA           NA
[519]           NA           NA  1.238907163  4.378405367           NA  4.545332427           NA
[526]           NA  0.088313795           NA           NA           NA           NA           NA
[533]           NA           NA           NA           NA           NA           NA           NA
[540]  2.756398814  5.579146206  0.296225233  2.155556643           NA           NA           NA
[547]  0.143095740           NA           NA           NA           NA           NA           NA
[554]           NA           NA           NA           NA  8.154448385  0.622961526           NA
[561]           NA           NA           NA           NA  3.003080586           NA           NA
[568]           NA           NA           NA           NA           NA           NA           NA
[575]           NA           NA           NA           NA  1.471739817  4.649776747           NA
[582]           NA           NA           NA           NA           NA           NA           NA
[589]           NA  3.734866830  0.020854636           NA           NA           NA           NA
[596]  3.220871575           NA           NA           NA           NA           NA           NA
[603]           NA           NA           NA           NA           NA  1.010453929           NA
[610]           NA           NA           NA  0.720654432           NA           NA           NA
[617]           NA           NA           NA           NA           NA           NA           NA
[624]           NA           NA           NA           NA           NA           NA           NA
[631]           NA           NA           NA           NA           NA           NA  2.122439958
[638]           NA           NA           NA           NA           NA  1.311860284  2.295622361
[645]           NA           NA           NA           NA           NA           NA           NA
[652]           NA           NA           NA           NA           NA           NA           NA
[659]           NA           NA           NA           NA           NA  0.715861611           NA
[666]           NA           NA           NA  2.626774315           NA           NA           NA
[673]           NA           NA           NA           NA           NA           NA           NA
[680]           NA           NA           NA           NA           NA           NA           NA
[687]           NA           NA           NA           NA           NA           NA           NA
[694]           NA           NA           NA           NA           NA           NA           NA
[701]           NA           NA           NA           NA           NA           NA           NA
[708]           NA           NA           NA           NA           NA           NA           NA
[715]           NA           NA           NA           NA           NA           NA           NA
[722]           NA           NA           NA           NA           NA           NA

$TS
  [1] 73.14323909 65.61857647 62.48789887 56.04178641 55.01123376 51.97248975 61.70561206
  [8] 38.02110415 60.58755917 56.67872426 53.15458181 55.70779298 53.90141260 54.78103740
 [15] 43.82630822 38.70215344 22.89108293 12.64155799 43.21938138 42.25142602 41.77927871
 [22] 23.39824271 53.87228227 48.74704331 43.81992659 29.14445104 27.79929251 52.83293874
 [29] 52.82520945 41.63006547 41.44329617 39.87657065 21.67060675 50.46783393 45.15547196
 [36] 22.22054558 20.66337978  7.59133698 41.11918209 37.40898960 36.46365061 26.43724028
 [43] 52.71674990 35.69892806 34.57669082 33.24969496  3.30831305  3.23284355 51.47004542
 [50] 50.30631877 42.41334459 38.10377642 34.39021322 24.87103941 23.03756070 41.38735293
 [57] 38.35743894 25.48986319 22.70418749 19.08215714  7.97920199  1.65299690 42.62552309
 [64] 35.88467219 20.85247153 12.84704343  9.80456452  1.15089444  0.91185897  0.88215009
 [71] 48.71236977 44.69102935 42.79683496 39.67089664 27.26172315 22.02961037 19.08118517
 [78] 18.66025971  9.35957028  7.53246414 32.73184953 25.35062390 11.17823834  4.48780169
 [85] 36.41267976 39.50333092 42.78064587 25.87082964  4.43876284 36.63162084 10.47653597
 [92]  9.20784774 42.94605458 20.25559539 17.61071846 36.33788318 41.45295055 32.60498571
 [99] 32.31121884 31.43631802 29.00416012 28.44959687 18.09740936  7.94825181 40.42572231
[106] 39.87424801 39.42236383 34.77064460 40.58337824 37.93788397 36.64635227 26.54339442
[113] 40.28245037 36.13341094 34.09746236 29.10147313 17.35889453 13.01302094  7.87405919
[120]  2.19080213  0.59546915 33.09916904 21.63366022 31.87632686 31.55114972 38.73670189
[127] 34.20890326 32.35414527 20.47927888 13.33958433  6.91761580 37.56854498 22.14118862
[134] 18.01172338 17.23425151 39.28556271 38.42860572 33.10776284 33.72915849 29.59374095
[141] 28.95505746 26.10411990 30.70971366 25.40049736 25.18563263 30.99877623 32.47944555
[148] 27.30604424 21.25639228 20.20589682 17.65044960 36.27526365 11.25863472 17.10540613
[155] 16.17094539 13.02765128 36.02177033 29.86178484 23.11561654 31.59779304 29.28867340
[162] 18.43833250 24.56936660 12.75119502 19.22373825 18.81160835 31.18517743 34.01885041
[169]  3.67602826 30.70473684 32.02637530 26.48273231 27.02666229 27.37231415 19.64960012
[176] 14.98000730 12.78256058 11.81247339  1.54586155 26.29676804 25.86363134 15.26958906
[183] 12.50459681 11.12379513  3.85810357  1.70318918 28.61966539 32.21530070 30.70984858
[190] 30.39832506 26.33264458 23.05604942 14.63574873  5.58755554 27.76364831 24.10067862
[197] 15.84069519 15.71803531 13.82476352 28.51420993 31.02880426 24.92441278 23.28363858
[204]  8.94329831  5.39421243  3.79363729 20.88093627  9.61706009  9.34009345  6.48085075
[211] 23.79194838 14.69402478 25.35842487 10.30524525 30.67325589 18.84914748 17.54182059
[218] 14.60644901 26.27359491 21.37726935 15.18467984 11.05565353  9.71077877  5.16911978
[225] 24.07806598 22.47472258 16.82585168 17.58622178 16.56511104 16.45120442  9.40501416
[232]  0.10302243 24.90110459 24.12584175 14.39576627 26.83371927 16.31421647 26.89374951
[239] 15.24234065 22.53813010 26.29431470 24.64550313 19.91100966  4.75198828  1.08964305
[246] 26.02839777 23.16267958 25.64104541 14.24063375 11.83513714  7.82997600  7.02142994
[253]  3.65633789 18.42419228 13.67495460  2.90129305 24.25265208 18.05711367  8.96024712
[260]  2.71992494 23.60046669 13.20972970 10.97188858  2.85776589  0.45386524  0.32386597
[267] 23.75911141 12.08440914  8.02299470  7.12124207 12.84121602  7.64116103  6.90958209
[274]  0.71627133 12.10180068  8.51368246  6.81210382 22.46106704 17.64267627 21.65447928
[281]  8.65764628 23.96404712 22.22965256 20.10045204  9.35633376  5.76523693 14.46648034
[288]  8.72151752 15.93839771 20.55773405 23.08753618  8.04784444 23.36709859 22.02700400
[295] 20.34764928 23.59836957 17.08688813  9.25439968 18.69377054 23.33993774 17.24517442
[302] 14.44937430  0.04185883 20.52519552 14.58733626 23.50441388 17.45922650 15.69493125
[309] 11.90224289 12.63274070 20.86593670 17.52045620  9.17517193  5.69381006 17.39907146
[316]  5.40318478  3.26057953  8.18852503  7.92309620 11.36310659  3.90809313  1.54178114
[323]  1.19518623 18.27090077 14.44107328  5.64757402  2.00770897  1.06218118 21.54940408
[330] 20.63548929 19.53148553  8.27233439 18.75182719 21.57129225 19.71497438 16.24051835
[337] 11.71986084 20.84574130 11.87759631  1.10318892  3.16536663 18.73888233 15.08322799
[344] 17.54584341 10.45469119  9.26071266 17.56403679  1.70456330  1.24262826 17.99198933
[351]  5.13258374 15.54056662 17.53273549 18.75526512 17.81291346 13.66861825  3.10098346
[358]  2.36651416 17.46379170  8.07686264 18.46787037 13.60529793  5.17819056 18.98811312
[365] 18.92554183 16.14867172  1.12282987 16.76921788 17.09786495 13.51067734  7.16721758
[372] 17.39280018  7.54454854  5.91650542  2.02271006 16.46337882  6.16066082  1.07978486
[379] 12.61094072 11.36317366  9.09409493 16.83465515 16.12452717 14.03965838  2.58317063
[386]  0.63407681  7.87534645  6.15790301  0.52713613  9.89595107  9.74170955  9.23552330
[393]  7.92263392 12.57067599 13.52853591  7.83195766 15.64494995 12.50544544 10.91534382
[400]  8.75195704 12.03499602  5.26825651  2.58381628  0.47587967  2.05770519 14.95557036
[407]  7.13835825  2.45709329 11.12435435  4.08973276 10.05146129  8.52450838  0.17670889
[414]  8.69724047  4.72528733  3.76845965 15.12479416  4.92370409  1.27453593  4.50145091
[421]  6.54344264 13.42050745 13.69080544  9.19364381  6.36204127  4.34636272  3.48071361
[428] 10.43353424  8.82035730 11.86569934 15.27341210 14.06357137  6.17522899  4.23366060
[435] 10.93530969  2.25440794 15.43912894 10.44775870  1.51381982  1.31673824  0.52358369
[442] 14.95862193 11.09534501 13.07215419  2.04579593 15.16979985 14.58689587 12.40812222
[449]  6.49537375  2.54165762 15.11728461 12.81886036 14.24226220  6.17949284 14.41089374
[456]  5.36923811  4.35247645 11.51484806 14.26078185  9.20659651  3.88816269 11.64635874
[463]  9.65011364  5.69119119  4.98862104 13.56148723  9.36175911  0.66604950 13.13042258
[470]  8.75801894  0.07030585 12.32613934 11.68195695 10.77495335  4.90065207  4.78917575
[477] 10.52732890  8.93874306  9.48840103  9.05934091  2.45371690 11.40250983  9.78630998
[484]  2.77826848  9.55534668 11.74714921 10.62164749  2.52500467  3.91004701 11.35925322
[491]  4.43637634  0.91891236  8.75935597 12.74071481 12.54052722  5.70493165 12.57656153
[498]  8.54940769  5.39505700 11.63992768  9.66286951  7.98942632  4.92841614 10.29609155
[505]  5.17619544  1.65867036 11.80699628  8.22590375  6.64843247  5.42366077  3.86994858
[512]  8.66598041  0.22322728  2.13588514  9.48130970  9.35263429  9.89235031  9.35829571
[519]  6.25493501  6.87941359  5.99811899  8.59192220  9.23725085  6.55833844  4.65019370
[526]  7.11245551  5.28812245  2.97696554  0.09894178  3.07174706  1.44849888  8.91818826
[533]  8.93379254  8.57079062  7.96044366  4.77489442  4.00206008  7.37477021  8.36816014
[540]  7.39638541  6.75839731  5.35508368  6.40178817  8.78243430  8.22722321  9.61807118
[547]  8.47792219  7.11591817  6.78907715  1.05434831  8.10645213  1.16779196  6.09508988
[554]  8.19903152  2.11808737  0.04570231  1.27473273  9.33899763  4.49558501  0.69545398
[561]  7.55252196  7.16046589  5.16782553  9.12076278  7.69852544  7.41209518  6.96672773
[568]  8.58406163  7.53314432  0.51366286  4.93170905  3.06691326  5.38010653  7.87902834
[575]  6.62862388  2.29156856  0.26135282  3.62227423  8.25350767  4.87771669  2.97289523
[582]  2.73877228  8.50016383  6.21751697  4.60147227  1.89929059  5.50619048  4.31175144
[589]  2.14655228  8.04521735  6.62678820  0.28789084  1.77391763  6.91287408  2.93969710
[596]  6.69061646  3.98287810  7.10022630  5.43747034  1.44015786  6.81525740  5.22854268
[603]  5.02020504  7.64419401  4.92157472  4.31000021  7.70888872  4.46099472  2.87264951
[610]  4.32886907  3.58093699  6.12507765  3.86549240  6.68566575  3.08440903  7.40909900
[617]  4.81211222  2.25300348  0.11414827  6.95799809  5.88672855  0.59753843  0.60220550
[624]  6.46895804  4.08297200  2.86419059  5.78262037  5.12785810  5.03708319  6.73743464
[631]  0.27972754  0.16246977  4.20713586  2.04435003  1.24119165  2.35337924  5.18428841
[638]  4.07633177  0.32744810  3.23734782  5.70264204  3.49683116  1.66564409  5.43762217
[645]  3.64123549  1.20720356  5.10290475  4.02592337  3.20854822  2.88803678  4.99698408
[652]  1.76058612  5.32740490  3.80846579  3.38535263  0.96257360  0.28520527  4.21965807
[659]  3.92125234  3.14713140  2.73278372  3.70731349  2.85027311  2.56563502  4.70662739
[666]  4.63036346  0.17725876  3.58870388  3.12711204  4.32524843  0.37592937  0.70295329
[673]  0.46051404  0.85711169  4.54095043  2.37284370  0.68854614  1.59256519  1.36496440
[680]  2.62890090  2.56292472  2.42417641  1.21817057  2.91414554  2.23473291  0.19168184
[687]  2.31099357  1.54462111  3.40064158  1.10509560  3.62342880  2.27082276  0.36738489
[694]  0.02437068  2.47403443  1.63405195  1.14945326  2.60232374  0.76543628  0.85204143
[701]  2.35120628  2.15952715  2.27470074  2.47164785  0.35144293  1.59983866  2.13647923
[708]  1.78506431  1.77777865  0.33270306  0.96461288  1.02051273  0.05812920  1.63755140
[715]  2.02702029  1.05972399  0.17508513  0.81187255  0.82816145  0.91884215  0.53980753
[722]  0.80079516  0.32885381  0.81552708  0.87450961  0.36001721  0.25842337

$PAR
  [1]  NA   1   1   2   2   2   3   3   7   7   7   9   9  10  10  10  10  10   4   4   4   4  12
 [24]   5   5   5   5  14  14  14  14  14  14  13  13  13  13  13  23  23  23  23  11  28  28  28
 [47]  28  28  29  29  29  29  29  29  29  43  43  43  43  43  43  43  49  49  49  49  49  49  49
 [70]  49  50  50  50  50  50  50  50  50  50  50  24  24  24  24  71  72  15  15  15  25  25  25
 [93]  19  19  19  93  87  87  87  87  87  87  87  87  63  63  20  20  30  97  97  31  56  56  56
[116]  56  56  56  56  56  56  39  39 109 109  32  32  32  32  32  32 106 106 106 106  74  86  86
[139] 107 107 136 136  52  52  52 110 132 132 132 132 132 111 111  85  85  85  96  96  96  64  64
[162]  64  44  44 108 108  45  53  53 127 115 115 168  46  46  46  46  46  46 122 122 122 122  81
[185]  81  81  98 147 147  99  99  99  99  99 188 188 188 188 188 171 160 160 160 160 160 160 100
[208] 100 201 201 146 146 189 189 143 170 170 190 161 101 101 101 101 101 187 187 187 200 200 200
[231] 200 200 102 102 102  27  27 195 195 174 148 148 148  75  75 173 173 236 112 112 112 112 112
[254] 172 180 241 142 142 142 142 246 246 246 246 246 246  88 181 181 181 248 248 248 248 144 144
[277] 144 213 213  82  82 145 145 145 202 202 233 233  54 242 163 163 257 257 257 196 225 225 282
[300] 211 211 267 267 261 261 296 296 306 306 293 159 159 159 159 291 291 291 192 192  55  59  59
[323]  59 240 226 226 226 226 278 283 283 283  76 294 294 294 294 280 123 334 329 220 220 149 149
[346] 149 311  65  65 338 338  37 304 295 295 295 295 295  94  94 243 335 335 331 165  60  60  77
[369] 365 365 365 166 166 166 166 354 342 342 361 361 361 162 162 254 254 254 324 103 103 134 355
[392] 355 355 151 279 279  95  95  95  95 228 344 344 344 353 312 312 312 359 307 315 315 315 372
[415] 372 372 117 117 117 135 154 297 227 227 368 368 368 229 376 230 237 237 336 336 155 155 366
[438] 366 383 198 198 431 431 182 182 239 239 239 221 221 446 417 451 451 343 442 212 193 218 218
[461] 287 302 302 325 325 455 455 455 235 453 432 199 199 199 199 199 423 255 362 362 362 466 395
[484] 395 422 130 262 262 469 444 444 444 452 164 494 494  18  18  18 310 310 310 310 497 497 495
[507] 448 448 268 309 430 178 178 486 337 458 482 482 320 490 153  83 409 409 409 435 435 435 435
[530] 399 474 487 477 477 477 477 477  91 345 504 390 390 483 391 223 463 546 546 546 546 485 485
[553] 231 467 467  79 518 209 209 209 346 346 346 392  92  92  92 460 460 313 381 381 480 478 478
[576] 533 533 532 429 544 544 493 470 470 534 498 412 276 583 547 539 539 579 508 551 360 590 269
[599] 502 502 535 535 319 393 393 387 396 396 251 607 607 565 565  38  38 373 373 373 566 616 371
[622] 371 562 407 594 273 520 601 601 277 277 277 549 630 614 509 591 519 519 454 433 433 433 377
[645] 521 621 286 496 496 194 644 316 499 499 573 456 527 402 563 563 563 628 628 629 603 603 603
[668] 651 571 503 605 475 475 536 244 665 666 420 420 633 638 648 489 321 185 185 416 416 662 662
[691] 645 645 645 691 640 649 528 581 581 609 626 661 698 403 403 681 408 408 682 682 358 687 618
[714] 589 707 707 555 405 327 586 688 439 440 646 716 719 404

$EXTANT
  [1] FALSE FALSE FALSE FALSE FALSE FALSE FALSE FALSE FALSE  TRUE FALSE FALSE  TRUE FALSE  TRUE
 [16] FALSE FALSE  TRUE FALSE FALSE FALSE FALSE FALSE  TRUE FALSE FALSE  TRUE FALSE FALSE FALSE
 [31] FALSE  TRUE  TRUE FALSE FALSE FALSE  TRUE  TRUE FALSE FALSE FALSE  TRUE  TRUE FALSE FALSE
 [46]  TRUE FALSE  TRUE  TRUE  TRUE FALSE FALSE FALSE FALSE  TRUE  TRUE FALSE FALSE  TRUE  TRUE
 [61]  TRUE  TRUE FALSE FALSE  TRUE  TRUE FALSE  TRUE  TRUE  TRUE FALSE FALSE FALSE FALSE  TRUE
 [76]  TRUE  TRUE FALSE  TRUE  TRUE  TRUE FALSE FALSE FALSE  TRUE FALSE  TRUE FALSE  TRUE FALSE
 [91] FALSE FALSE FALSE  TRUE FALSE FALSE FALSE FALSE  TRUE  TRUE  TRUE  TRUE  TRUE FALSE FALSE
[106]  TRUE FALSE FALSE FALSE FALSE FALSE  TRUE FALSE FALSE FALSE FALSE  TRUE  TRUE FALSE  TRUE
[121]  TRUE FALSE FALSE FALSE  TRUE FALSE FALSE FALSE FALSE FALSE  TRUE  TRUE FALSE  TRUE FALSE
[136] FALSE FALSE FALSE  TRUE FALSE FALSE FALSE FALSE FALSE FALSE FALSE FALSE FALSE  TRUE FALSE
[151] FALSE FALSE  TRUE FALSE  TRUE  TRUE FALSE FALSE  TRUE  TRUE FALSE FALSE  TRUE  TRUE FALSE
[166]  TRUE FALSE FALSE  TRUE FALSE  TRUE FALSE  TRUE FALSE  TRUE FALSE  TRUE  TRUE  TRUE  TRUE
[181]  TRUE  TRUE FALSE  TRUE  TRUE  TRUE  TRUE FALSE  TRUE FALSE FALSE  TRUE  TRUE  TRUE  TRUE
[196] FALSE  TRUE  TRUE  TRUE  TRUE  TRUE  TRUE FALSE  TRUE  TRUE  TRUE FALSE FALSE  TRUE  TRUE
[211]  TRUE  TRUE FALSE  TRUE FALSE  TRUE FALSE FALSE FALSE FALSE  TRUE FALSE FALSE  TRUE  TRUE
[226]  TRUE FALSE FALSE  TRUE  TRUE  TRUE  TRUE  TRUE FALSE FALSE FALSE FALSE FALSE  TRUE FALSE
[241]  TRUE FALSE  TRUE  TRUE  TRUE  TRUE FALSE  TRUE FALSE  TRUE  TRUE  TRUE  TRUE  TRUE  TRUE
[256]  TRUE FALSE FALSE  TRUE  TRUE FALSE  TRUE  TRUE  TRUE  TRUE  TRUE  TRUE  TRUE  TRUE  TRUE
[271] FALSE  TRUE  TRUE  TRUE FALSE  TRUE  TRUE FALSE  TRUE  TRUE  TRUE  TRUE FALSE  TRUE  TRUE
[286]  TRUE  TRUE  TRUE FALSE FALSE  TRUE FALSE FALSE  TRUE  TRUE  TRUE  TRUE FALSE FALSE FALSE
[301] FALSE FALSE  TRUE FALSE  TRUE FALSE  TRUE  TRUE  TRUE  TRUE FALSE  TRUE  TRUE  TRUE  TRUE
[316]  TRUE FALSE  TRUE  TRUE FALSE  TRUE  TRUE  TRUE  TRUE  TRUE FALSE  TRUE  TRUE  TRUE FALSE
[331]  TRUE  TRUE FALSE  TRUE  TRUE  TRUE FALSE FALSE  TRUE  TRUE  TRUE  TRUE  TRUE  TRUE FALSE
[346]  TRUE FALSE  TRUE  TRUE FALSE  TRUE FALSE  TRUE  TRUE  TRUE FALSE FALSE  TRUE  TRUE  TRUE
[361]  TRUE  TRUE FALSE FALSE  TRUE FALSE  TRUE  TRUE  TRUE FALSE  TRUE  TRUE FALSE  TRUE  TRUE
[376]  TRUE  TRUE  TRUE  TRUE FALSE  TRUE  TRUE  TRUE  TRUE  TRUE  TRUE  TRUE  TRUE  TRUE FALSE
[391]  TRUE  TRUE  TRUE FALSE  TRUE  TRUE  TRUE  TRUE  TRUE  TRUE FALSE  TRUE  TRUE  TRUE  TRUE
[406]  TRUE FALSE  TRUE  TRUE  TRUE  TRUE FALSE  TRUE  TRUE  TRUE  TRUE FALSE  TRUE  TRUE  TRUE
[421]  TRUE FALSE  TRUE  TRUE  TRUE  TRUE  TRUE FALSE  TRUE  TRUE FALSE  TRUE  TRUE  TRUE  TRUE
[436]  TRUE FALSE FALSE  TRUE  TRUE  TRUE FALSE  TRUE  TRUE  TRUE FALSE  TRUE  TRUE FALSE  TRUE
[451]  TRUE  TRUE FALSE  TRUE FALSE  TRUE  TRUE  TRUE  TRUE  TRUE  TRUE FALSE  TRUE  TRUE  TRUE
[466] FALSE FALSE  TRUE  TRUE  TRUE  TRUE  TRUE FALSE  TRUE  TRUE  TRUE FALSE  TRUE  TRUE  TRUE
[481]  TRUE  TRUE FALSE  TRUE  TRUE  TRUE  TRUE  TRUE  TRUE FALSE  TRUE  TRUE  TRUE  TRUE  TRUE
[496] FALSE  TRUE  TRUE  TRUE FALSE  TRUE  TRUE  TRUE  TRUE  TRUE  TRUE  TRUE FALSE  TRUE  TRUE
[511] FALSE  TRUE  TRUE  TRUE FALSE  TRUE  TRUE  TRUE  TRUE  TRUE FALSE FALSE  TRUE FALSE  TRUE
[526]  TRUE FALSE  TRUE  TRUE  TRUE  TRUE  TRUE  TRUE  TRUE  TRUE  TRUE  TRUE  TRUE  TRUE FALSE
[541] FALSE FALSE FALSE  TRUE  TRUE  TRUE FALSE  TRUE  TRUE  TRUE  TRUE  TRUE  TRUE  TRUE  TRUE
[556]  TRUE  TRUE FALSE FALSE  TRUE  TRUE  TRUE  TRUE  TRUE FALSE  TRUE  TRUE  TRUE  TRUE  TRUE
[571]  TRUE  TRUE  TRUE  TRUE  TRUE  TRUE  TRUE  TRUE FALSE FALSE  TRUE  TRUE  TRUE  TRUE  TRUE
[586]  TRUE  TRUE  TRUE  TRUE FALSE FALSE  TRUE  TRUE  TRUE  TRUE FALSE  TRUE  TRUE  TRUE  TRUE
[601]  TRUE  TRUE  TRUE  TRUE  TRUE  TRUE  TRUE FALSE  TRUE  TRUE  TRUE  TRUE FALSE  TRUE  TRUE
[616]  TRUE  TRUE  TRUE  TRUE  TRUE  TRUE  TRUE  TRUE  TRUE  TRUE  TRUE  TRUE  TRUE  TRUE  TRUE
[631]  TRUE  TRUE  TRUE  TRUE  TRUE  TRUE FALSE  TRUE  TRUE  TRUE  TRUE  TRUE FALSE FALSE  TRUE
[646]  TRUE  TRUE  TRUE  TRUE  TRUE  TRUE  TRUE  TRUE  TRUE  TRUE  TRUE  TRUE  TRUE  TRUE  TRUE
[661]  TRUE  TRUE  TRUE FALSE  TRUE  TRUE  TRUE  TRUE FALSE  TRUE  TRUE  TRUE  TRUE  TRUE  TRUE
[676]  TRUE  TRUE  TRUE  TRUE  TRUE  TRUE  TRUE  TRUE  TRUE  TRUE  TRUE  TRUE  TRUE  TRUE  TRUE
[691]  TRUE  TRUE  TRUE  TRUE  TRUE  TRUE  TRUE  TRUE  TRUE  TRUE  TRUE  TRUE  TRUE  TRUE  TRUE
[706]  TRUE  TRUE  TRUE  TRUE  TRUE  TRUE  TRUE  TRUE  TRUE  TRUE  TRUE  TRUE  TRUE  TRUE  TRUE
[721]  TRUE  TRUE  TRUE  TRUE  TRUE  TRUE  TRUE

