
Birth-death simulation object with 721 species and 500 extant species

Details for some species:

Extinction times (NA means extant)
[1] 86.39483 74.42966 24.73226 55.58174 19.67068 26.69675


Speciation times 
[1] 111.06279  90.06932  88.55415  78.03497  66.93623  51.56008


Species parents (NA for initial)
[1] NA  1  1  3  3  3


Species status (extinct or extant)
[1] "extinct" "extinct" "extinct" "extinct" "extinct" "extinct"


For more details on vector y, try sim$y, with y one of
TE TS PAR EXTANT



$TE
  [1] 86.39483336 74.42966451 24.73226248 55.58173673 19.67068485 26.69675009 36.83731076
  [8]          NA  0.16025765 41.54759807          NA          NA 39.45452935 19.15466167
 [15] 69.55231973 43.19267456 37.93089268          NA 10.60410450          NA 43.37163862
 [22] 11.18791546 15.02532748 20.70952810 56.58437687 20.46253392          NA 24.62104293
 [29]  3.04725086          NA 41.76421524 45.58991084          NA  8.00962250          NA
 [36]  7.38497058          NA          NA          NA          NA 22.42833978 33.61189355
 [43] 16.52329670 34.39544868          NA          NA 12.90040667 15.84338847 20.89830787
 [50] 43.60952492 19.33793480 15.57410730 28.75443610  9.79536526          NA 27.86006778
 [57]  2.70582886 36.75219863 42.35869448          NA 31.74639145 14.34916204 24.15658028
 [64]          NA  4.96383237 19.98688913 41.09164120 13.39327125          NA          NA
 [71]          NA 14.77228919          NA 22.57824609          NA  4.85337432 35.80699468
 [78]  4.85561577  5.00814682 14.83433777 31.31570225          NA          NA          NA
 [85] 13.92809026          NA          NA 33.97308446          NA 18.79881321          NA
 [92]          NA  4.44180811          NA          NA          NA 21.11654531          NA
 [99]          NA          NA 11.98375184 12.61777293 26.53847156          NA 23.81000434
[106]          NA          NA          NA          NA          NA          NA          NA
[113]          NA 19.73849336          NA          NA 13.07260369  8.79131468  6.58271154
[120]          NA          NA          NA 21.63210789          NA 20.68785763  1.60553269
[127]          NA  6.02707380 30.84130062          NA 22.50430753  5.95821897          NA
[134]          NA          NA 23.26555254  0.24954427          NA          NA  4.90563481
[141]  8.96018580          NA          NA 21.68089080          NA  8.88710876          NA
[148]          NA 15.58930782          NA          NA  0.04162197 18.59062543          NA
[155]          NA 24.47394829 12.37369280 12.88162148          NA  8.05397598          NA
[162]          NA          NA  1.02671579 14.94671921 21.90952359          NA  9.14031928
[169]          NA          NA 22.31235618 22.00317171          NA          NA 27.42723313
[176]  5.27985473          NA 25.71997242 27.16742711 25.09843546          NA          NA
[183]          NA          NA          NA          NA 27.01169719  7.87375330          NA
[190] 20.27799804 17.49026907  1.49243145          NA 25.29461136  7.55913847          NA
[197]          NA          NA          NA          NA 16.41133888  7.40730707          NA
[204]          NA 15.04175663          NA          NA  7.63340264          NA          NA
[211]          NA          NA  7.20459672          NA          NA 17.59754050  8.87023312
[218]          NA  9.75693323 13.17454960          NA  6.36466401          NA          NA
[225]          NA          NA          NA          NA          NA          NA          NA
[232]          NA          NA 19.56699643  6.78745915          NA  8.04408316          NA
[239]          NA  7.89213808          NA          NA          NA  6.10812469 20.93990048
[246]          NA          NA  9.81182432          NA  1.48008643          NA          NA
[253]          NA 23.30617233          NA          NA 13.89984210  0.90750165 14.61475577
[260]  4.15768367          NA          NA          NA          NA 18.38116619          NA
[267]  9.76894810          NA  9.86165051          NA          NA          NA          NA
[274] 22.35651028          NA          NA  1.16043793          NA  7.69038571  2.52425770
[281]          NA  1.19114187          NA          NA 14.79281141          NA          NA
[288]          NA          NA 12.52748163 12.51806082          NA          NA          NA
[295]          NA          NA 10.40204067  6.71467350          NA          NA          NA
[302] 11.73328579          NA          NA  3.73289951 10.14663829          NA 17.83482716
[309]  1.90775510          NA 13.13588440          NA          NA          NA 14.60357196
[316]          NA          NA          NA          NA          NA 15.92601265 12.71267441
[323]          NA          NA  5.23823761          NA          NA          NA          NA
[330] 13.49670611          NA          NA          NA  1.89368042          NA          NA
[337]  1.03461636  4.52571414          NA          NA  1.16284386          NA          NA
[344]          NA  7.10064642  7.71084944          NA  1.08141206  0.94871224          NA
[351] 10.92872002          NA          NA          NA          NA          NA          NA
[358]          NA          NA          NA          NA          NA          NA          NA
[365]          NA          NA          NA          NA  2.44380126          NA          NA
[372]          NA          NA          NA          NA  2.99616147          NA          NA
[379]          NA          NA          NA          NA          NA          NA  8.10557742
[386]          NA  8.92076350          NA          NA          NA          NA          NA
[393]          NA          NA  4.00772650          NA          NA          NA          NA
[400]          NA          NA          NA          NA          NA          NA          NA
[407]          NA          NA          NA  8.36107824          NA          NA          NA
[414]          NA          NA          NA          NA  5.18809730  6.21338759          NA
[421]  3.10182658          NA          NA  9.24987057          NA          NA          NA
[428]          NA  4.21297089          NA          NA          NA          NA          NA
[435]          NA          NA  5.59053169  6.03524141  3.24270288          NA  3.15035778
[442]  0.93178197          NA          NA  5.63331514  3.98779079  8.37858586          NA
[449]          NA          NA          NA          NA          NA 12.56093180          NA
[456]          NA  4.18314695          NA          NA          NA          NA  4.37774911
[463]          NA          NA          NA          NA          NA          NA          NA
[470] 10.90162917          NA          NA          NA  6.44498572          NA          NA
[477]          NA  7.68727693          NA          NA          NA          NA          NA
[484]          NA          NA          NA          NA          NA          NA  2.09718894
[491]          NA          NA  2.91066962          NA  3.00982612          NA          NA
[498] 11.40734960          NA          NA          NA          NA          NA          NA
[505]          NA          NA          NA          NA          NA          NA          NA
[512]  6.71054873          NA          NA          NA          NA          NA          NA
[519]          NA          NA  0.77779007          NA          NA          NA          NA
[526]  6.44615433          NA  7.30935882  1.21092535          NA          NA          NA
[533]  4.04810044          NA          NA  3.66898873          NA  2.18061157          NA
[540]          NA          NA          NA  1.02363976          NA  2.28158859  2.40549275
[547]          NA          NA          NA          NA          NA          NA          NA
[554]          NA          NA          NA          NA  4.11037519          NA  8.15344861
[561]          NA          NA          NA          NA          NA          NA  7.95137868
[568]  2.10901718          NA          NA          NA          NA  0.35120537          NA
[575]          NA  5.40393711          NA          NA          NA          NA          NA
[582]          NA  7.92355917          NA          NA          NA          NA          NA
[589]          NA          NA          NA          NA          NA          NA          NA
[596]          NA          NA          NA          NA          NA          NA          NA
[603]          NA          NA          NA          NA  0.59508772          NA          NA
[610]          NA          NA          NA          NA          NA          NA          NA
[617]          NA          NA          NA          NA          NA          NA          NA
[624]          NA          NA          NA          NA          NA  0.17483087          NA
[631]          NA          NA          NA          NA          NA          NA          NA
[638]          NA          NA          NA          NA          NA          NA          NA
[645]          NA          NA  1.13299895          NA          NA          NA  1.12471481
[652]  0.22838852  3.43663202          NA          NA          NA          NA          NA
[659]  2.71270286          NA          NA          NA          NA  1.89971168          NA
[666]          NA          NA          NA          NA          NA          NA          NA
[673]          NA          NA          NA          NA          NA          NA          NA
[680]          NA          NA          NA          NA          NA          NA          NA
[687]          NA          NA          NA          NA          NA          NA          NA
[694]  0.58492496          NA          NA          NA          NA          NA          NA
[701]          NA          NA          NA          NA          NA          NA          NA
[708]          NA          NA          NA          NA          NA          NA          NA
[715]          NA          NA          NA          NA          NA          NA          NA

$TS
  [1] 1.110628e+02 9.006932e+01 8.855415e+01 7.803497e+01 6.693623e+01 5.156008e+01 4.821802e+01
  [8] 3.089878e+01 2.847004e+01 7.322985e+01 6.458686e+01 7.297632e+01 6.461974e+01 4.683606e+01
 [15] 7.096951e+01 5.521436e+01 3.839613e+01 2.860167e+01 1.535609e+01 5.581972e+01 5.001409e+01
 [22] 3.100234e+01 2.615088e+01 4.051179e+01 6.138310e+01 5.324909e+01 4.109717e+01 3.085877e+01
 [29] 2.267131e+01 5.457997e+01 5.148209e+01 5.045910e+01 3.769225e+01 3.139775e+01 2.702809e+01
 [36] 1.714557e+01 1.090743e+01 8.906873e+00 7.868794e+00 5.613534e+00 5.301395e+01 4.611582e+01
 [43] 4.423124e+01 3.892179e+01 3.660056e+01 2.735309e+01 4.445489e+01 2.199069e+01 5.244312e+01
 [50] 4.515367e+01 4.117914e+01 2.682422e+01 4.606829e+01 3.953707e+01 3.888554e+01 3.171552e+01
 [57] 3.139803e+01 4.560813e+01 4.487792e+01 4.603417e+01 4.492844e+01 3.688816e+01 4.510524e+01
 [64] 3.593967e+01 3.472968e+01 3.451585e+01 4.348710e+01 3.364143e+01 1.948663e+01 6.627982e+00
 [71] 4.405762e+01 3.525104e+01 3.214020e+01 2.544118e+01 4.056294e+01 3.881771e+01 3.597287e+01
 [78] 3.331661e+01 1.985346e+01 1.881985e+01 4.233807e+01 3.365160e+01 2.536637e+01 2.234268e+01
 [85] 1.865380e+01 1.891456e+01 5.882236e+00 4.011598e+01 3.879243e+01 3.310641e+01 1.993416e+01
 [92] 3.234130e+01 1.987402e+01 1.368849e+01 7.203035e+00 6.773512e+00 2.504109e+01 1.089584e+01
 [99] 3.140345e+00 8.179639e-01 3.764257e+01 2.934938e+01 2.881289e+01 2.623164e+01 3.433892e+01
[106] 3.427059e+01 3.169833e+01 1.832345e+01 1.253257e+01 3.576795e+01 8.146998e+00 9.933945e+00
[113] 3.826145e+01 3.434852e+01 1.352406e+01 4.233653e+00 2.292488e+01 2.036360e+01 1.482478e+01
[120] 8.954728e+00 1.146731e+01 1.105338e+00 3.326243e+01 3.154814e+01 2.243300e+01 1.831225e+01
[127] 1.823768e+01 3.612639e+01 3.340411e+01 2.705615e+01 2.266483e+01 1.736020e+01 8.383814e+00
[134] 3.137277e+01 2.888674e+01 2.750379e+01 2.663154e+01 2.053509e+01 3.565488e+01 2.953718e+01
[141] 2.844370e+01 1.377681e+01 1.928751e+00 3.089229e+01 3.038643e+01 1.392845e+01 9.675977e+00
[148] 1.600467e+00 2.649746e+01 3.288453e+00 1.981803e+00 2.050035e+01 2.944454e+01 2.719893e+01
[155] 5.772919e+00 3.226363e+01 2.807726e+01 2.057157e+01 9.950951e+00 8.096881e+00 7.558484e+00
[162] 2.374455e+01 2.301644e+01 1.434114e+01 3.125394e+01 2.796166e+01 1.926993e+01 1.443290e+01
[169] 3.070514e+01 5.599275e+00 2.494399e+01 2.629766e+01 2.766632e+01 1.281742e+01 3.015520e+01
[176] 7.205915e+00 2.769875e+00 3.136420e+01 3.037228e+01 2.550747e+01 2.294233e+01 2.655177e+01
[183] 2.292843e+01 1.685948e+01 1.337797e+01 8.556548e+00 3.051552e+01 2.299242e+01 1.215404e+01
[190] 2.736720e+01 2.578093e+01 2.909258e+01 1.867394e+01 2.884785e+01 1.909993e+01 1.883214e+01
[197] 5.373580e+00 3.022676e+01 2.212981e+01 2.795266e+01 2.548361e+01 2.814020e+01 1.263571e+01
[204] 8.397115e+00 2.792197e+01 2.191377e+01 1.403566e+01 7.968867e+00 2.769662e+01 2.385852e+01
[211] 2.159981e+01 1.878697e+01 7.753600e+00 2.123211e+01 2.553281e+01 2.149252e+01 1.346042e+01
[218] 2.902807e+01 1.662392e+01 2.549074e+01 2.036524e+01 1.022228e+01 9.616975e+00 7.520993e+00
[225] 1.815913e+01 6.401305e+00 3.992824e+00 3.933056e+00 2.605532e+01 1.872925e+01 1.567715e+01
[232] 1.066198e+01 6.797929e+00 2.082797e+01 2.357952e+01 1.803128e+01 1.214668e+01 1.037236e+01
[239] 2.539451e+01 2.104899e+01 2.576275e+01 1.498501e+01 1.505815e+01 2.416296e+01 2.245113e+01
[246] 2.422707e+01 2.327745e+01 2.683398e+01 2.430598e+01 1.162931e+01 8.159118e+00 7.915206e+00
[253] 2.702420e+01 2.483880e+01 5.292773e+00 1.170778e+00 2.224206e+01 1.006999e+01 2.190153e+01
[260] 1.881658e+01 6.521343e+00 1.474091e+01 1.181322e+01 1.071160e+00 1.891897e+01 1.329400e+01
[267] 1.001279e+01 2.041227e+01 1.644478e+01 2.286492e+01 1.238738e+01 1.122242e+01 9.057067e+00
[274] 2.515659e+01 2.470341e+01 2.295670e+01 1.253187e+01 1.818460e+01 9.726247e+00 1.463684e+01
[281] 1.371068e+01 1.109980e+01 5.235877e+00 4.623611e+00 2.138221e+01 1.947573e+01 7.620485e+00
[288] 7.270447e+00 2.358617e+00 2.219891e+01 1.612388e+01 1.242215e+01 1.168295e+01 7.121217e+00
[295] 2.637361e+00 4.675098e+00 2.274528e+01 2.134149e+01 1.335597e+01 1.002115e+01 1.627878e+01
[302] 1.203720e+01 1.889224e+00 1.776748e+01 1.393166e+01 2.307377e+01 2.226751e+01 1.902585e+01
[309] 1.700051e+01 1.437228e+01 1.755014e+01 1.384256e+01 8.547245e+00 8.213889e+00 2.170244e+01
[316] 1.691013e+01 1.042126e+01 9.250079e+00 1.793198e+01 9.158724e-01 1.688146e+01 2.106485e+01
[323] 1.700811e+01 1.287926e+01 2.083771e+01 2.015466e+01 1.569280e+01 1.319448e+01 1.950199e+01
[330] 1.679865e+01 1.623595e+01 8.773913e+00 4.842485e+00 2.367881e+00 2.075982e+01 1.334204e+01
[337] 7.813406e+00 2.191078e+01 1.709486e+01 1.256515e+01 1.022195e+01 4.007726e+00 2.085968e+01
[344] 4.764986e+00 1.307848e+01 1.214633e+01 1.846155e+01 1.400395e+01 1.785390e+01 1.369153e+01
[351] 1.939451e+01 1.997555e+01 1.929332e+01 1.240866e+01 3.648914e+00 3.201989e+00 1.197513e+01
[358] 1.015135e+01 6.717904e+00 1.565846e+01 1.304283e+01 9.421800e+00 8.725713e+00 7.078675e-01
[365] 1.451460e+01 1.435120e+01 2.381839e+00 1.922295e+00 4.290378e+00 4.312136e+00 1.707929e+01
[372] 1.127315e+01 1.876012e+01 1.524198e+01 3.046425e+00 1.442225e+01 1.396793e+01 1.892784e+01
[379] 1.294770e+01 9.667645e+00 5.966741e+00 5.791263e+00 1.763643e+01 1.615382e+01 1.227343e+01
[386] 1.157481e+01 1.164254e+01 1.026114e+01 1.751239e+01 7.996435e+00 6.148366e+00 2.262038e+00
[393] 4.540239e-01 7.566811e+00 1.169769e+01 3.858683e+00 1.576703e+01 1.702295e+01 1.698596e+00
[400] 1.653511e+01 9.900208e+00 5.576477e+00 4.290333e+00 2.269683e+00 1.195072e+00 1.693403e+01
[407] 1.636571e+01 1.308903e+01 4.412742e+00 1.636627e+01 6.037109e+00 9.610630e+00 1.681026e+01
[414] 4.935101e+00 4.154679e+00 1.527181e+01 1.517452e+01 6.837017e+00 1.373690e+01 9.507420e+00
[421] 1.640076e+01 9.368524e+00 1.371132e+01 1.135573e+01 4.365017e+00 7.838276e+00 2.588294e-01
[428] 7.679517e+00 1.149252e+01 9.268841e+00 9.220426e+00 7.293632e+00 1.112998e+01 7.262524e+00
[435] 6.510123e+00 1.471601e+00 1.560878e+01 1.229183e+01 9.586927e+00 5.394771e+00 5.854452e+00
[442] 4.015191e+00 1.509482e+01 1.214048e+01 1.010017e+01 9.162166e+00 1.480797e+01 1.197186e+01
[449] 8.786881e+00 1.371030e+01 8.762364e+00 4.269653e-01 5.317092e+00 1.420182e+01 7.997014e+00
[456] 7.113049e+00 6.950478e+00 3.669734e+00 1.235222e+01 8.005924e+00 1.123504e+01 9.423682e+00
[463] 3.737548e+00 4.549433e+00 3.127786e+00 1.960347e+00 9.988707e+00 4.701677e+00 5.002057e+00
[470] 1.196134e+01 4.574944e+00 3.090359e+00 2.989153e+00 9.347359e+00 2.123994e+00 1.285804e+01
[477] 9.000376e+00 1.096504e+01 8.608583e+00 2.734445e+00 1.258744e+01 3.999496e-02 4.780126e+00
[484] 3.023070e+00 8.410123e+00 4.046928e+00 9.497560e+00 4.653900e+00 6.589031e-01 9.557100e+00
[491] 9.764294e+00 7.025637e-01 1.263554e+01 8.597447e+00 5.944022e+00 9.897543e-02 6.115188e+00
[498] 1.159497e+01 2.395427e+00 2.715577e-01 7.632923e+00 1.377401e+00 8.698059e+00 9.714040e+00
[505] 5.298328e-01 1.102088e+01 8.160615e+00 7.871598e+00 1.207451e+01 6.063540e+00 7.898715e+00
[512] 9.896114e+00 8.410589e+00 3.785230e+00 2.108867e+00 9.769377e-03 5.061535e+00 1.204916e+01
[519] 1.190099e+01 1.200083e+01 1.011995e+01 1.022793e+01 9.163318e+00 1.113402e+01 3.143977e+00
[526] 1.100924e+01 1.582169e+00 8.101959e+00 6.132856e+00 7.005740e-01 1.156973e+01 1.016877e+01
[533] 9.899644e+00 1.685393e+00 7.771759e+00 4.066846e+00 1.417741e+00 8.015070e+00 7.819943e+00
[540] 6.751806e+00 2.595338e-02 2.716678e+00 1.736510e+00 7.413785e+00 8.689576e+00 9.893303e+00
[547] 9.600980e+00 9.432980e+00 6.480171e+00 6.499834e+00 2.448297e+00 1.456100e+00 8.194424e+00
[554] 3.492194e+00 6.050439e+00 1.664708e+00 6.081064e+00 6.053148e+00 8.840239e+00 8.245029e+00
[561] 7.797239e-01 1.195311e+00 9.250701e+00 5.230636e+00 3.076406e-02 9.768809e+00 8.995589e+00
[568] 5.099825e+00 4.534958e+00 3.924919e+00 1.526146e+00 5.905257e+00 1.764288e+00 8.872499e+00
[575] 3.606696e+00 7.973586e+00 6.540810e+00 8.566393e+00 1.958900e+00 6.524182e+00 6.972974e+00
[582] 4.211374e+00 8.629964e+00 3.514775e+00 5.363050e+00 4.452099e-01 3.406670e+00 5.749289e+00
[589] 8.138240e+00 3.201865e+00 7.068334e+00 2.845927e+00 2.539623e+00 6.994272e+00 5.451369e+00
[596] 7.273037e+00 7.423743e+00 5.750248e+00 4.619930e+00 7.011429e+00 4.780828e+00 3.578981e+00
[603] 2.902907e+00 4.504871e+00 5.207556e-01 4.323072e+00 6.012206e+00 1.726553e+00 7.235682e-01
[610] 5.239882e+00 3.854292e+00 6.190958e+00 1.596936e+00 1.003553e+00 8.547665e-01 8.353795e-01
[617] 5.722644e+00 5.343490e+00 2.114878e-01 1.075427e+00 5.460401e+00 7.139658e-01 5.474724e+00
[624] 5.977329e-01 1.178057e+00 1.840085e+00 6.884338e+00 1.852047e+00 3.069400e+00 2.821893e-01
[631] 2.788240e+00 1.062263e+00 3.913121e-01 3.049335e+00 5.525178e+00 7.028363e-02 1.208150e+00
[638] 1.972288e+00 1.346216e+00 2.745508e+00 3.996769e+00 4.773609e+00 2.122006e+00 3.846187e+00
[645] 2.799772e+00 4.520540e+00 4.018781e+00 4.244729e+00 5.427926e+00 4.401605e+00 3.534676e+00
[652] 2.637794e+00 3.903614e+00 3.482242e+00 4.478527e+00 1.665122e+00 3.548553e+00 2.550509e-01
[659] 4.083550e+00 2.828008e+00 3.959030e+00 9.340161e-01 3.004106e+00 2.458942e+00 4.819744e-01
[666] 2.747835e+00 2.751246e+00 1.178997e+00 3.306022e+00 2.162821e-01 3.557329e+00 2.744841e+00
[673] 2.010458e+00 1.207353e+00 8.782840e-01 3.152691e+00 1.942498e+00 4.079418e+00 3.074515e-01
[680] 1.969728e+00 1.757573e+00 5.052625e-01 2.498058e+00 1.503445e+00 3.421589e+00 9.727369e-01
[687] 3.064963e+00 2.441921e+00 2.117600e+00 5.192122e-01 1.816578e+00 2.163411e+00 1.869693e+00
[694] 2.017141e+00 1.575440e+00 2.276355e+00 8.120282e-01 3.054107e-02 1.349671e+00 2.155112e+00
[701] 1.434748e+00 2.005517e-01 7.993236e-01 1.129351e+00 1.727736e+00 5.381545e-01 1.121162e+00
[708] 1.692634e+00 1.027537e+00 7.386752e-01 1.561055e+00 1.432472e+00 1.006901e+00 8.225718e-01
[715] 1.325002e+00 8.963643e-01 2.992304e-01 7.052287e-01 1.057536e-01 7.867693e-03 1.741539e-01

$PAR
  [1]  NA   1   1   3   3   3   3   3   3   4   4  10  10  10  12  12  12  12  12   5   5   5   5
 [24]  13  11  11  11  11  11  20  20  20  20  20  20  20  20  20  20  20  30  30  30  30  30  30
 [47]  26  26  41  41  41  49   6   6   6   6   6  32  21   7  14  14  53  53  53  53  60  60  60
 [70]  60  63  63  63  63  61  61  61  61  47  47  43  43  43  43  43  71  71  51  51  51  51  27
 [93]  27  27  27  27  75  75  75  75  24  24  24  24  54  54  54  54  54  55  55  76  89  89  89
[116]  89 113 113 113 113  33  33 101 101 101 101 101  62  62  45  45  45  45 128 128 128 128 128
[139]  64  64  64  64  64 110 110 110 110 110 139 139 139  72  65  65  65  66  66 106 106  82  82
[162]  68  68  68 129  78  78  78 123  92 156  73 107 107 124 124 124  57  57  57  57  34  34  34
[185]  34  34 134 134 134 178 178 165 165  22  22   8   8 144 144  28  28 169 169 169 187 198 198
[208] 198 175 140 140 140 140 153 102 102 102 192 192 218 218 218 218 218 135 135 135 135 194  18
[231]  18  18  18   9 202 202 202 202 157 157 166 200 205 209 209 173 173 136 190  46  46  46 154
[254] 154 154 154 130 130  35  35  35 253 253 253 248 248 248  52  52 137 137 137 137 182 182 182
[277] 182 149 229 241 241 215 215 215 220 239  83  83  83 275 275 249 249 249 249 246 244 244 244
[300] 244 210 210 210 162 162 235 306 163 163 163 188 188 188 276 181 181 181 181 183 183 117 270
[323] 270 297  29  29  29  29  84  84  84  84  84  84 307 307 307 290 199 199 199 199  48 338 211
[346] 211 216 298 214 214 322 343 343 343 343 343 325 325 325 138 138 152 152 152 268 268 268 268
[369] 326 352 329 329  69  69  69 286 286 351 351 353 353 353 167 167 167 195  86  86 196 196 212
[392] 212 373 230 193 193  85 347 347 108 108 108 108 108 108 126 278 278 278 225 225 236 349 349
[415] 304 383 383 383 311 389 339 339 371 371 371 398 398 309 406 406 406 406 316 316 316 184 413
[438] 407 407 407 301 301 384 327 327 327 360 360 360  19 416 416 374 243 243 243 243 242 119 119
[461] 280 365 365 310 366 366 164 164 348 377 377 377 377 305 312 142 419 423 423 423 281 281 450
[484] 450 350 350  94 115 115 217 185 299 336 336 336 266 328 408 408 408 345 361 379 324 476 203
[507] 340 340 109 109 292 354 354 354 354 354 271 438 438 346 346 444 444 509 509 520 520 519 519
[530] 519 263 395 395 250 386 531 531 429 429 461 461 272 524 282 506 478  98  98  98 317 317 238
[553] 222 341 358 358 521 521 445 258 300 467 159 159 159 112 112 112 546 566 491 504 420 487 487
[576] 362 422 474 430 563 446 273 477 477 120 559 332 451 503 503 545 186 186 204 204 133 553 553
[599] 553 251 111 111 589 460 511  39 539 535 428 501 501 394 394 394 597 597 596 596 288 434  95
[622]  95 294 456 591 600 581 581 540 540 359 359 577 580 435 435 612 391 497 557 510 607 381 441
[645] 382 155 617  40 635 635 635 635 623 621 595 649 453 453 255 568 517 517 414 642 344 468 488
[668] 488 471 471 464 646 655 655 655 409 650 116 582 396 514 355 575 602 657 554 472 375 484 484
[691] 603 592 631 667 542 593 367 367 289 392 392 692 475 643 515 693 573 681 608 556 148 695 695
[714] 571 436 632 709 662 662 718 586

$EXTANT
  [1] FALSE FALSE FALSE FALSE FALSE FALSE FALSE  TRUE FALSE FALSE  TRUE  TRUE FALSE FALSE FALSE
 [16] FALSE FALSE  TRUE FALSE  TRUE FALSE FALSE FALSE FALSE FALSE FALSE  TRUE FALSE FALSE  TRUE
 [31] FALSE FALSE  TRUE FALSE  TRUE FALSE  TRUE  TRUE  TRUE  TRUE FALSE FALSE FALSE FALSE  TRUE
 [46]  TRUE FALSE FALSE FALSE FALSE FALSE FALSE FALSE FALSE  TRUE FALSE FALSE FALSE FALSE  TRUE
 [61] FALSE FALSE FALSE  TRUE FALSE FALSE FALSE FALSE  TRUE  TRUE  TRUE FALSE  TRUE FALSE  TRUE
 [76] FALSE FALSE FALSE FALSE FALSE FALSE  TRUE  TRUE  TRUE FALSE  TRUE  TRUE FALSE  TRUE FALSE
 [91]  TRUE  TRUE FALSE  TRUE  TRUE  TRUE FALSE  TRUE  TRUE  TRUE FALSE FALSE FALSE  TRUE FALSE
[106]  TRUE  TRUE  TRUE  TRUE  TRUE  TRUE  TRUE  TRUE FALSE  TRUE  TRUE FALSE FALSE FALSE  TRUE
[121]  TRUE  TRUE FALSE  TRUE FALSE FALSE  TRUE FALSE FALSE  TRUE FALSE FALSE  TRUE  TRUE  TRUE
[136] FALSE FALSE  TRUE  TRUE FALSE FALSE  TRUE  TRUE FALSE  TRUE FALSE  TRUE  TRUE FALSE  TRUE
[151]  TRUE FALSE FALSE  TRUE  TRUE FALSE FALSE FALSE  TRUE FALSE  TRUE  TRUE  TRUE FALSE FALSE
[166] FALSE  TRUE FALSE  TRUE  TRUE FALSE FALSE  TRUE  TRUE FALSE FALSE  TRUE FALSE FALSE FALSE
[181]  TRUE  TRUE  TRUE  TRUE  TRUE  TRUE FALSE FALSE  TRUE FALSE FALSE FALSE  TRUE FALSE FALSE
[196]  TRUE  TRUE  TRUE  TRUE  TRUE FALSE FALSE  TRUE  TRUE FALSE  TRUE  TRUE FALSE  TRUE  TRUE
[211]  TRUE  TRUE FALSE  TRUE  TRUE FALSE FALSE  TRUE FALSE FALSE  TRUE FALSE  TRUE  TRUE  TRUE
[226]  TRUE  TRUE  TRUE  TRUE  TRUE  TRUE  TRUE  TRUE FALSE FALSE  TRUE FALSE  TRUE  TRUE FALSE
[241]  TRUE  TRUE  TRUE FALSE FALSE  TRUE  TRUE FALSE  TRUE FALSE  TRUE  TRUE  TRUE FALSE  TRUE
[256]  TRUE FALSE FALSE FALSE FALSE  TRUE  TRUE  TRUE  TRUE FALSE  TRUE FALSE  TRUE FALSE  TRUE
[271]  TRUE  TRUE  TRUE FALSE  TRUE  TRUE FALSE  TRUE FALSE FALSE  TRUE FALSE  TRUE  TRUE FALSE
[286]  TRUE  TRUE  TRUE  TRUE FALSE FALSE  TRUE  TRUE  TRUE  TRUE  TRUE FALSE FALSE  TRUE  TRUE
[301]  TRUE FALSE  TRUE  TRUE FALSE FALSE  TRUE FALSE FALSE  TRUE FALSE  TRUE  TRUE  TRUE FALSE
[316]  TRUE  TRUE  TRUE  TRUE  TRUE FALSE FALSE  TRUE  TRUE FALSE  TRUE  TRUE  TRUE  TRUE FALSE
[331]  TRUE  TRUE  TRUE FALSE  TRUE  TRUE FALSE FALSE  TRUE  TRUE FALSE  TRUE  TRUE  TRUE FALSE
[346] FALSE  TRUE FALSE FALSE  TRUE FALSE  TRUE  TRUE  TRUE  TRUE  TRUE  TRUE  TRUE  TRUE  TRUE
[361]  TRUE  TRUE  TRUE  TRUE  TRUE  TRUE  TRUE  TRUE FALSE  TRUE  TRUE  TRUE  TRUE  TRUE  TRUE
[376] FALSE  TRUE  TRUE  TRUE  TRUE  TRUE  TRUE  TRUE  TRUE FALSE  TRUE FALSE  TRUE  TRUE  TRUE
[391]  TRUE  TRUE  TRUE  TRUE FALSE  TRUE  TRUE  TRUE  TRUE  TRUE  TRUE  TRUE  TRUE  TRUE  TRUE
[406]  TRUE  TRUE  TRUE  TRUE FALSE  TRUE  TRUE  TRUE  TRUE  TRUE  TRUE  TRUE FALSE FALSE  TRUE
[421] FALSE  TRUE  TRUE FALSE  TRUE  TRUE  TRUE  TRUE FALSE  TRUE  TRUE  TRUE  TRUE  TRUE  TRUE
[436]  TRUE FALSE FALSE FALSE  TRUE FALSE FALSE  TRUE  TRUE FALSE FALSE FALSE  TRUE  TRUE  TRUE
[451]  TRUE  TRUE  TRUE FALSE  TRUE  TRUE FALSE  TRUE  TRUE  TRUE  TRUE FALSE  TRUE  TRUE  TRUE
[466]  TRUE  TRUE  TRUE  TRUE FALSE  TRUE  TRUE  TRUE FALSE  TRUE  TRUE  TRUE FALSE  TRUE  TRUE
[481]  TRUE  TRUE  TRUE  TRUE  TRUE  TRUE  TRUE  TRUE  TRUE FALSE  TRUE  TRUE FALSE  TRUE FALSE
[496]  TRUE  TRUE FALSE  TRUE  TRUE  TRUE  TRUE  TRUE  TRUE  TRUE  TRUE  TRUE  TRUE  TRUE  TRUE
[511]  TRUE FALSE  TRUE  TRUE  TRUE  TRUE  TRUE  TRUE  TRUE  TRUE FALSE  TRUE  TRUE  TRUE  TRUE
[526] FALSE  TRUE FALSE FALSE  TRUE  TRUE  TRUE FALSE  TRUE  TRUE FALSE  TRUE FALSE  TRUE  TRUE
[541]  TRUE  TRUE FALSE  TRUE FALSE FALSE  TRUE  TRUE  TRUE  TRUE  TRUE  TRUE  TRUE  TRUE  TRUE
[556]  TRUE  TRUE FALSE  TRUE FALSE  TRUE  TRUE  TRUE  TRUE  TRUE  TRUE FALSE FALSE  TRUE  TRUE
[571]  TRUE  TRUE FALSE  TRUE  TRUE FALSE  TRUE  TRUE  TRUE  TRUE  TRUE  TRUE FALSE  TRUE  TRUE
[586]  TRUE  TRUE  TRUE  TRUE  TRUE  TRUE  TRUE  TRUE  TRUE  TRUE  TRUE  TRUE  TRUE  TRUE  TRUE
[601]  TRUE  TRUE  TRUE  TRUE  TRUE  TRUE FALSE  TRUE  TRUE  TRUE  TRUE  TRUE  TRUE  TRUE  TRUE
[616]  TRUE  TRUE  TRUE  TRUE  TRUE  TRUE  TRUE  TRUE  TRUE  TRUE  TRUE  TRUE  TRUE FALSE  TRUE
[631]  TRUE  TRUE  TRUE  TRUE  TRUE  TRUE  TRUE  TRUE  TRUE  TRUE  TRUE  TRUE  TRUE  TRUE  TRUE
[646]  TRUE FALSE  TRUE  TRUE  TRUE FALSE FALSE FALSE  TRUE  TRUE  TRUE  TRUE  TRUE FALSE  TRUE
[661]  TRUE  TRUE  TRUE FALSE  TRUE  TRUE  TRUE  TRUE  TRUE  TRUE  TRUE  TRUE  TRUE  TRUE  TRUE
[676]  TRUE  TRUE  TRUE  TRUE  TRUE  TRUE  TRUE  TRUE  TRUE  TRUE  TRUE  TRUE  TRUE  TRUE  TRUE
[691]  TRUE  TRUE  TRUE FALSE  TRUE  TRUE  TRUE  TRUE  TRUE  TRUE  TRUE  TRUE  TRUE  TRUE  TRUE
[706]  TRUE  TRUE  TRUE  TRUE  TRUE  TRUE  TRUE  TRUE  TRUE  TRUE  TRUE  TRUE  TRUE  TRUE  TRUE
[721]  TRUE

