
Birth-death simulation object with 717 species and 500 extant species

Details for some species:

Extinction times (NA means extant)
[1] 27.486338 77.881976        NA 29.763416  9.579675        NA


Speciation times 
[1] 82.47612 80.95223 43.64319 42.76637 38.41107 37.38646


Species parents (NA for initial)
[1] NA  1  1  1  1  1


Species status (extinct or extant)
[1] "extinct" "extinct" "extant"  "extinct" "extinct" "extant" 


For more details on vector y, try sim$y, with y one of
TE TS PAR EXTANT



$TE
  [1] 27.48633775 77.88197587          NA 29.76341555  9.57967515          NA 17.40680983
  [8] 30.52687367 23.47941553 47.08136499 22.03259666          NA 60.47432379 20.70385903
 [15] 41.81111189          NA 27.44662689 45.08533124 13.44997026 13.85834942 47.67564239
 [22] 56.79288913 29.81095603 12.90325504          NA          NA          NA          NA
 [29] 62.18456883 29.88821469 34.23774377 52.79468723 40.58048901 16.88870866          NA
 [36] 19.70775641 29.08339047 38.92173617 22.42143343 32.49513242 29.46990788          NA
 [43]          NA          NA          NA 22.60025724          NA          NA 47.88456125
 [50]          NA 24.01217836 47.27990174          NA 27.02360264          NA 46.67487540
 [57]          NA 24.39763693 21.68224604          NA          NA  9.74129031          NA
 [64]          NA 19.60452936 32.65378592          NA          NA          NA          NA
 [71]          NA 15.72131340 21.56593398          NA 29.40567253 22.14258075          NA
 [78]  8.40630881  8.00762574 41.18642342 35.85802124 39.04345525 37.00195608  9.48420920
 [85]          NA          NA          NA          NA          NA          NA  0.67299443
 [92]          NA          NA  0.59714560 17.47157132          NA 31.30081091          NA
 [99] 15.37823521          NA 41.54182889          NA 18.09499789 21.06790050  1.58571329
[106]  7.95474904 25.75565062          NA  9.49217927          NA  6.91096179          NA
[113]          NA          NA          NA 30.67241361          NA          NA          NA
[120]          NA 35.46818543          NA 15.97394998          NA          NA  2.93665022
[127] 14.67150592  3.01041469          NA          NA          NA 19.98972203  5.75074736
[134] 15.30807001          NA 18.09422398 19.17039064          NA 10.07451530 24.01940438
[141]  4.02970258  0.29789736          NA          NA          NA          NA          NA
[148] 16.32768902          NA  5.39868742          NA          NA          NA  8.89758588
[155]  1.03176777 24.75321122          NA  8.73431145          NA          NA 19.00658755
[162]          NA          NA  3.55204905          NA 13.46161840  4.85911002  6.85080512
[169]          NA          NA          NA          NA          NA          NA 10.72378552
[176] 20.84193816          NA          NA          NA          NA          NA          NA
[183]          NA          NA          NA          NA 11.69316535          NA          NA
[190] 21.01200363  0.70745597  9.29029420          NA  2.13532510          NA          NA
[197]          NA          NA          NA          NA  4.52700930          NA          NA
[204]  9.42944000  0.09897706          NA          NA  8.38458273          NA          NA
[211]          NA          NA 13.50383087          NA          NA  6.94460606          NA
[218]          NA          NA          NA          NA          NA          NA  7.57802716
[225] 22.36333388 10.93154809  0.56888635          NA          NA 11.78870425 18.15277125
[232]          NA  8.22047425          NA  8.39649116          NA          NA 16.71995081
[239]          NA          NA  8.37511608 20.96082528  4.52140983 24.04482916 18.59442222
[246]          NA  0.20849797          NA 13.78633479  7.42826997  6.55744585          NA
[253]          NA 13.43566494  0.15843577          NA  9.80091864  9.78878346          NA
[260]          NA          NA          NA          NA          NA          NA  2.61280526
[267]          NA 14.79057856          NA          NA          NA          NA          NA
[274] 15.03234995 19.85805830          NA 11.82862264  2.48399790          NA  7.01396215
[281]          NA          NA 11.55521816          NA  2.73356470          NA 15.53019531
[288] 15.44357608 12.39320751          NA          NA          NA          NA 18.88697961
[295]          NA          NA          NA          NA 18.82315627          NA          NA
[302]          NA 13.44423128          NA          NA          NA          NA          NA
[309] 18.10386347  5.25105100 11.86653467          NA          NA          NA  0.32861202
[316]  6.29748022          NA          NA          NA          NA          NA 16.88780667
[323] 20.82711947          NA 13.92447610  4.22956255  4.92906612 11.10206709          NA
[330]  8.55330295          NA          NA          NA 16.66801638  5.62734399          NA
[337]          NA          NA          NA          NA          NA  0.46609904          NA
[344]          NA          NA 16.77745247          NA          NA 12.11164411          NA
[351]          NA  9.55064173          NA  8.40611973          NA          NA          NA
[358]  5.97318581  6.24633830  4.80265737          NA          NA          NA  4.85273047
[365]          NA          NA          NA          NA          NA          NA          NA
[372]          NA          NA          NA 16.32579774          NA          NA          NA
[379]          NA  6.52305067          NA          NA          NA          NA          NA
[386]          NA          NA  2.03952980          NA          NA          NA          NA
[393]          NA          NA          NA          NA          NA          NA          NA
[400]  2.83560124          NA          NA          NA          NA          NA          NA
[407]          NA          NA          NA          NA          NA          NA          NA
[414]          NA          NA          NA          NA          NA          NA          NA
[421] 14.09287649 12.46366832  5.59610835          NA          NA 16.11664064  5.45878190
[428]          NA          NA  2.00654158          NA  8.92313743          NA          NA
[435]  8.39356785          NA 13.55077212          NA  6.16678524          NA          NA
[442]          NA          NA          NA          NA          NA  3.17577844  9.62320732
[449]          NA          NA          NA          NA          NA  3.63900223  6.11630812
[456]          NA          NA  2.74579028          NA          NA          NA          NA
[463]          NA          NA          NA          NA          NA          NA          NA
[470]          NA 11.55674740  5.57756954          NA          NA          NA  0.13962726
[477]          NA          NA  2.55020334          NA          NA  3.75951409          NA
[484]          NA          NA          NA          NA          NA          NA          NA
[491]          NA          NA  8.93492228          NA          NA  0.83792911          NA
[498]  0.92645046          NA          NA          NA          NA          NA          NA
[505]          NA          NA          NA  2.05901157          NA          NA          NA
[512]          NA  3.02483723  0.39704474          NA          NA          NA          NA
[519]          NA          NA          NA          NA          NA          NA          NA
[526]          NA          NA          NA          NA          NA          NA          NA
[533]          NA  5.81337328          NA          NA  3.88956126  3.65824228          NA
[540]          NA          NA  2.86650498  4.17386290          NA  1.40132557          NA
[547]          NA          NA          NA          NA          NA          NA  6.11431328
[554]  7.74590886  4.80778265          NA          NA          NA          NA          NA
[561]          NA          NA          NA          NA          NA          NA          NA
[568]          NA  5.63755343          NA          NA          NA          NA          NA
[575]          NA          NA          NA          NA  0.63853779          NA          NA
[582]          NA          NA          NA          NA          NA          NA          NA
[589]          NA          NA          NA          NA          NA          NA          NA
[596]  1.03278375          NA          NA  2.97243227          NA          NA          NA
[603]          NA          NA  0.71574886          NA          NA          NA          NA
[610]          NA  0.45896030  2.11516020          NA          NA          NA          NA
[617]          NA          NA          NA          NA          NA  3.12631939          NA
[624]          NA          NA          NA          NA          NA          NA          NA
[631]          NA          NA  2.80484464  3.92945683          NA          NA          NA
[638]          NA          NA          NA          NA          NA          NA          NA
[645]          NA          NA          NA          NA          NA          NA          NA
[652]          NA          NA          NA          NA  1.01134626          NA          NA
[659]          NA          NA          NA          NA          NA          NA          NA
[666]          NA          NA          NA          NA          NA          NA          NA
[673]          NA          NA          NA          NA          NA          NA          NA
[680]          NA          NA          NA          NA          NA          NA          NA
[687]          NA          NA          NA          NA          NA          NA          NA
[694]          NA          NA          NA  2.23624082          NA          NA          NA
[701]          NA          NA          NA          NA          NA          NA          NA
[708]          NA          NA          NA          NA          NA          NA          NA
[715]          NA          NA          NA

$TS
  [1] 82.476121895 80.952226035 43.643186432 42.766373931 38.411068260 37.386460398 33.142056118
  [8] 30.995403790 78.123205639 78.016611640 75.152877057 71.441804822 61.253998394 59.602772663
 [15] 57.025985615 40.641991376 40.181028969 69.582881969 58.887589877 51.518138610 54.533033213
 [22] 66.853839922 39.285911844 30.773085983 16.571479707 15.406177679 13.638797781 48.879645770
 [29] 65.556110171 65.275600509 62.993095750 59.861832627 58.359060477 57.061254110 51.155780352
 [36] 41.271554379 33.091960548 44.516554950 40.368865938 39.660047004 44.610846579 32.791231476
 [43] 25.674315483 24.662930702 50.474129325 43.460602720 36.730971082 43.578809243 56.903093488
 [50] 32.323828800 55.641532932 49.821250300 30.794107581 29.213532342 25.224585340 53.081427943
 [57] 36.168749817 35.687307229 35.971237506 29.460275793 24.540836621 10.935231416  9.216777544
 [64]  1.738874229 35.668046393 33.749183516 26.343636074 19.677353286  7.894735522  0.770548731
 [71] 47.294728086 34.879968944 25.193759198 12.704909449 42.831801179 32.639523059 23.359440627
 [78] 11.586003477 29.947519895 42.648116053 39.867075170 40.659334031 40.293591822 39.541028770
 [85] 26.090850760 21.279309772  6.958750182 31.195433321 17.436015862 11.038634004  9.024721230
 [92]  2.605835786  1.303918338 36.414454199 22.826227492 41.079869415 33.637002758 30.422167741
 [99] 42.243192295 35.203793811 42.601606641 40.777214683 28.467682751 27.269977794 40.020852357
[106] 34.412025905 28.492132261 22.570026264 33.801441114 18.774469241 38.351040198 29.859682652
[113] 11.638998360 10.115766045  5.694355689 40.389400884 22.319902160 18.914184991 12.347694828
[120]  7.838692027 39.770673592 38.574648778 30.800785297 31.540572109 30.820027395 30.223831805
[127] 29.408339251  5.525049092  3.155312244  2.731325253 37.002860858 37.989693239 35.463998117
[134] 16.116332231 34.823421896 34.421651280 20.707287743 31.614773055 19.621650685 36.645915432
[141] 18.921346134 15.590422960  0.082174956 34.018348564 19.786352403 13.416639864 31.595486562
[148] 31.213184482 22.671802642  9.579502151  4.948736245 28.528918566 31.957128529 20.320896094
[155] 12.676930731 33.188683431 16.217049569 28.180456683 24.814844760 26.770130065 21.121331742
[162] 17.844225885  7.652205769  6.853953816 19.969421189 32.117811621 27.659300909 13.110725256
[169] 31.845261521 18.902473740  5.504953416 29.114358953  1.043899337  0.377662785 30.619729053
[176] 22.685306449 10.277948450  9.688467053 19.546463502 14.601427581 14.230625367  9.354813372
[183]  5.258655919  0.151190267 30.221445142 24.919862138 24.150634951  9.077537580  8.228083768
[190] 23.606847023 19.650066562 12.239014702  1.765699768 17.504433020  0.940645588 18.424634972
[197] 16.260970525  5.138687819  4.199642048 26.934613204 18.464651808 15.986402744 18.999814571
[204] 10.815886104  9.477032309  2.489106533 24.226442546 18.942653573 15.252530122 22.003673980
[211] 16.145526747 13.006201632 15.725422577  8.459523964  6.341465997 28.536132387 19.223758997
[218]  6.826937798 26.287487019 20.338300099  3.732245366 17.384810361 13.018770100  9.700383240
[225] 27.329107011 20.444971062 13.906340661 11.252428476 15.744488797 15.318162492 21.878477521
[232] 15.351161463  8.861625623  8.827125482 12.867872633 10.636456252  5.532495833 28.324691884
[239] 26.455555650 20.401514940 19.875000258 23.272946598 14.397900357 26.022331624 18.714753039
[246] 22.801137832 24.094836556 23.017929174 22.399445839 21.403898307 10.223531881  0.452432017
[253]  0.242522484 23.239466468 22.687770752 22.646520670 20.226293421 19.902332901  4.367479823
[260] 24.538514291 22.320917336  7.739894429 23.145257098 17.938192821  8.038797657  4.533075871
[267] 23.209400117 18.123023664 11.083254895  0.841446728 23.289367124 22.436799691  2.080596114
[274] 24.864957809 20.874528826 18.924114929 16.378313273 13.018755478 12.960163465 18.598208821
[281]  7.313040799  0.698806715 19.612635804 19.549212585 19.427942107  0.049482354 16.812020235
[288] 16.510821042 23.020890606 17.188947493  4.639535756 21.700267829  9.600814116 22.907872064
[295] 19.582316665  3.724059197  0.207060077 23.274359729 22.504801488 14.044343301 21.111902851
[302] 18.651713525 14.154277191  4.268455719 16.793376494 14.216989445 11.483316080  2.061771852
[309] 21.525021782 14.939989094 14.624083168  8.675286421  7.861283722 17.745028281 13.339683482
[316]  7.744468705  3.464355114 10.459629955  3.669188192  2.051858401 19.544576558 16.955286805
[323] 21.398537272 18.178189116 16.221415888 15.650209294 14.170383534 13.402952997  9.841004548
[330] 16.712413693 12.285205654 10.789471756  8.432677903 22.405772371 21.017945309 18.869959072
[337]  3.656616496 20.039260381 15.906035422  9.316389623  1.193492848 15.007628857  7.578758859
[344]  4.697310967  0.647054148 20.478730964 18.504996639  9.907116578 15.692341219  4.886261304
[351]  0.384639581 19.700210932  7.077285718 16.956483757 17.942732492  6.849094885 11.152127847
[358] 10.604758464 16.985247114 10.423118306 17.096524950 14.368236751 12.657836178 10.868193565
[365]  9.945914359 17.386656524  8.452806184  6.628704821  1.939134794 15.789446703 10.851193963
[372]  8.236952324  7.084976551 15.214974015 18.834426672  8.273192485  5.411387202 19.417210513
[379] 11.165821789  8.792935926  7.999003473  7.501226644 18.416961020 13.581144939  7.247249352
[386] 15.991828202 13.997902961 11.649896834 19.138346169  6.489624832 16.838807651  8.942969471
[393]  3.162485237 10.884270364 17.097880368  3.049971343  0.225114668 11.032791661  9.132407747
[400]  3.677567180  3.504788533 14.974036544  2.615060312  7.088042416 11.710417045  9.316629266
[407] 14.824796043  7.132122027  4.567068323  3.227397656 18.213084812 15.607485800  2.928520107
[414] 11.370083775  9.174656140 11.271184354  9.618570264  6.008268580  3.531048083  2.444270333
[421] 14.868863188 14.469728765 12.953929711  9.416818187  7.254100885 17.149376628  6.528097718
[428]  5.365774086  1.370758989  9.769333759  5.257511846 13.791644880  4.038285604  6.247100010
[435] 14.758901399 14.441577357 14.094744463  8.673385058  6.568635844  4.268851963  1.010528009
[442]  6.232892744 15.430316648  9.366142395 16.426270676 16.293818409  9.996340115  9.951462449
[449]  3.664308802  2.824609421 13.597438304  3.108529567 15.381691705  9.716139907  6.918902130
[456] 11.520588040  5.359275446  4.991469036  1.679886698  8.723655635 12.653111108 12.736162018
[463]  6.161691482  3.791638450 11.328278902  2.274500170 10.705750592  5.210730855 14.131445372
[470]  5.307085476 13.185142568  5.869820834  0.935942636 11.096212837  5.816524282  6.217853580
[477] 12.481149486 12.771302917  6.639438941  2.515115120  2.766064725  7.555664970  8.626072273
[484]  7.009144157  5.345100128 12.250348267  5.366977563 12.684574880 11.490642903  2.854696820
[491]  1.053179798  6.084059247 12.676064002  6.809595467  7.097807934  8.846004615  2.887018188
[498]  2.245913436  1.451068314  4.611527577  3.858405576  5.300091230  8.033685222  2.288890998
[505]  1.804651910  8.702372077  5.823839937 10.453834275  4.106881258  0.288663397  9.434918505
[512]  1.171565414 11.482999034  4.911457972 11.189918904  8.508692784  2.584312074  5.448861380
[519]  2.766525537  1.344907513 11.788473818  9.436964347  9.544341423  9.223604753  6.431059148
[526]  2.343074019  5.063556586  7.226852762 10.946222127  3.589032414  6.395657511  0.676403511
[533] 10.985620124  9.865220468  0.294281093  0.168008764 10.429384333  8.263396175  4.770058738
[540]  2.938975424  6.963111651  5.234894018  6.014522317  6.470378449  7.941178920 10.129426105
[547]  6.968673632  6.309396004  3.129041499  2.965339475  9.054870734  7.975177322  7.300921510
[554]  8.973476292  4.877704905  5.313790479  4.818129484  0.213340521  4.975541717  2.147691104
[561]  9.890194616  9.820747902  9.505092095  5.151652431  4.249236135  1.713188174  8.556729417
[568]  2.652338843  6.697331057  1.694885402  2.608015328  5.504614804  3.530528667  0.356200533
[575]  6.394527970  0.041249749  6.159448841  6.134195238  2.096021491  8.985868249  6.548347402
[582]  4.496341072  7.810949971  6.349880200  9.099649430  5.373991542  1.473230869  1.280510446
[589]  5.523195067  3.227534813  0.005206178  6.983170034  4.423283211  3.101011047  3.341706401
[596]  4.163689297  7.933064430  5.565329731  6.261836691  4.246990935  5.577052064  2.209599550
[603]  2.945935869  0.679624442  5.864608118  2.911265118  7.296951453  6.362355996  1.920780430
[610]  0.039707529  3.685800405  3.593535009  5.045773284  4.846940596  6.959053790  6.181913975
[617]  6.592660032  5.755382765  0.931115384  5.420935761  2.800715572  6.021537347  1.470595150
[624]  2.275411149  3.175227302  4.886261148  4.423871393  2.042007785  0.110870034  5.763675837
[631]  4.108107107  0.193382797  3.291679517  5.974207935  3.827443394  1.795643576  1.001142494
[638]  1.042239053  0.701552845  3.701179536  2.833958683  5.631533808  2.529109581  3.133565326
[645]  0.568106687  0.507708329  2.952795994  1.616779213  2.621692111  2.518467252  4.393402205
[652]  4.096610251  0.647765801  0.553784131  3.602678528  3.578605670  1.805974857  4.472005077
[659]  3.302782234  0.569424838  4.700187815  2.845625111  2.524390490  0.660916468  0.828365635
[666]  0.884341583  4.065135178  3.374314162  4.452469638  3.980362630  2.306952385  0.749935274
[673]  4.521410373  3.029709755  1.004913786  1.082082171  2.249714707  1.824055229  1.775034928
[680]  3.176205954  3.296725317  2.992213958  2.804379411  3.299411611  0.545182668  3.183487163
[687]  1.531492694  3.038778282  2.890678538  0.258851806  1.988601959  2.531335340  2.069690763
[694]  1.822887129  2.626823981  1.058282342  2.610064914  2.502241253  2.426280805  2.596696885
[701]  2.572215730  0.053366512  2.230317045  1.853316525  1.324665056  0.428887129  0.033676117
[708]  0.259952522  0.271417058  0.195279577  1.171753188  0.803603393  0.897059758  0.700846461
[715]  0.579736884  0.406891139  0.155908800

$PAR
  [1]  NA   1   1   1   1   1   1   1   2   9   9   9   9   9   9   9   9  10  10  10  11  12  12
 [24]  12  12  12  12  18  22  22  29  30  30  30  30  30  30  31  31  31  14  14  14  14  19  19
 [47]  19  33  34  34  49  49  51  51  51  21  20  20  35  35  35  35  35  35  45  45  45  45  45
 [70]  45  28  28  28  28  71  71  71  71  41  38  38   3   3   3   3   3   3  48  48  48  48  48
 [93]  48  46  46  75  75  75   4   4  80  99  99  99  36  36  36  36  96  96 102 102 102 102 102
[116]  16  16  16  16  16 116 116  39  17  17  17  17 105 105 105  81 121  84  84 122 122 122   5
[139]   5   6   6   6   6 131 131 131  47  47  94  94  57  58  65  65 133 100 100  72  72 135 135
[162] 135 135 135 136 106 106 106 144 144 144  37  42  42  76  50  50  50 166 166 153 153 153 153
[185] 138 138 138 138 138 147 147 147 147 148  88 125 125 125 125 123 123 123  53  53  53  53  24
[208]  24  24 175 175 175  98  98  98 126 126 126 185 185 185  79  79  79 112 112  60  60 127 127
[231] 172 172 216 216 152 152 152 107 107 103 103 158 158 167 167 225 104 104 104 200 200 200 200
[254] 160 160 160 160 160 160 239 239 239  67  67  67  67 219 219 219 219  85  85  85  43  43  43
[277]  43  43  43  55 186 186 274 274 159 159  44  44  61  61  61 260 260 207 207 207 207 187 187
[300] 247 190  77  77  77 298 298 298 298 267 267 267 267 267 263 263 263 263 248 248 248  95 246
[323] 255 255 255 255 255 255 255 149 149 149 149 256 108 108 272 334 249 117 117 210 292 292 292
[346] 309 250 250  86  86  86 161 301 335 346 240 220 220 154 257 338 338 338 338 338  68  68  68
[369]  68 191 191 191 191 139 295 295 295 284 284 284 284 284 179 179 179 321 321 285 378 378 217
[392] 217 217 389 203 203 203 276 276 276 276 118 118 170 110 302 280 347 347 347 196 196 196 383
[415] 383 411 324 355 355 355 264 264 264 264 264 162 162 314 314 194 194  89  89 366 222 222 395
[438] 395 395 395 395 361 359 354 287 305 305  25  25  25 445 445 446 446 197 211 386 339 339 229
[461] 349 412 412 412 142 142 443 443  26 232 374 374 374 402 402 407 311 180 180 180 436 243 362
[484] 362 362 181 181 306 306 469 469 300 387 227  27 451 451 451 451 315 315 223 278 212 279 235
[507] 478 462 462 462  74  74 493 363 477 477 477 119 119 119 192 388  78  78 456 456 489 307 465
[530] 416 228 228 515 515 515 357 474 269  90 398 533 364 371 467 236 318 318 318 318 318 508 508
[553] 508 537 537 360 177 177 114 114 448 365 365 365 365 365 561 561 534 329 562 430 178 417 293
[576] 293 150 563 205 511 511 511 444 444 406 524 524 524 399 585 551  91 392 392 234 312 438 567
[599] 214 333 372 372 189 189 503 503 313 313 313 313 120 120 163 163 482 482 281 281 425 528 495
[622] 404 404 484 541 615  87 218 617 390 525 531 584 215 463 578 605 507 475 630 630 618 642 598
[645] 589 171 572 518 377 485 470 470 470 470 502 431 468 564 564 527 458 458 559 559 151 350 614
[668] 614 661 661 500 500 409 627 651 304 199 631 501 464 611 530 419 573 401 668 595 659 549 688
[691] 682 490 662 662 641 519 130 568 695 649 700 650 698 624 466 678 657 193 459 623 499 429 696
[714] 672 532 715 660

$EXTANT
  [1] FALSE FALSE  TRUE FALSE FALSE  TRUE FALSE FALSE FALSE FALSE FALSE  TRUE FALSE FALSE FALSE
 [16]  TRUE FALSE FALSE FALSE FALSE FALSE FALSE FALSE FALSE  TRUE  TRUE  TRUE  TRUE FALSE FALSE
 [31] FALSE FALSE FALSE FALSE  TRUE FALSE FALSE FALSE FALSE FALSE FALSE  TRUE  TRUE  TRUE  TRUE
 [46] FALSE  TRUE  TRUE FALSE  TRUE FALSE FALSE  TRUE FALSE  TRUE FALSE  TRUE FALSE FALSE  TRUE
 [61]  TRUE FALSE  TRUE  TRUE FALSE FALSE  TRUE  TRUE  TRUE  TRUE  TRUE FALSE FALSE  TRUE FALSE
 [76] FALSE  TRUE FALSE FALSE FALSE FALSE FALSE FALSE FALSE  TRUE  TRUE  TRUE  TRUE  TRUE  TRUE
 [91] FALSE  TRUE  TRUE FALSE FALSE  TRUE FALSE  TRUE FALSE  TRUE FALSE  TRUE FALSE FALSE FALSE
[106] FALSE FALSE  TRUE FALSE  TRUE FALSE  TRUE  TRUE  TRUE  TRUE FALSE  TRUE  TRUE  TRUE  TRUE
[121] FALSE  TRUE FALSE  TRUE  TRUE FALSE FALSE FALSE  TRUE  TRUE  TRUE FALSE FALSE FALSE  TRUE
[136] FALSE FALSE  TRUE FALSE FALSE FALSE FALSE  TRUE  TRUE  TRUE  TRUE  TRUE FALSE  TRUE FALSE
[151]  TRUE  TRUE  TRUE FALSE FALSE FALSE  TRUE FALSE  TRUE  TRUE FALSE  TRUE  TRUE FALSE  TRUE
[166] FALSE FALSE FALSE  TRUE  TRUE  TRUE  TRUE  TRUE  TRUE FALSE FALSE  TRUE  TRUE  TRUE  TRUE
[181]  TRUE  TRUE  TRUE  TRUE  TRUE  TRUE FALSE  TRUE  TRUE FALSE FALSE FALSE  TRUE FALSE  TRUE
[196]  TRUE  TRUE  TRUE  TRUE  TRUE FALSE  TRUE  TRUE FALSE FALSE  TRUE  TRUE FALSE  TRUE  TRUE
[211]  TRUE  TRUE FALSE  TRUE  TRUE FALSE  TRUE  TRUE  TRUE  TRUE  TRUE  TRUE  TRUE FALSE FALSE
[226] FALSE FALSE  TRUE  TRUE FALSE FALSE  TRUE FALSE  TRUE FALSE  TRUE  TRUE FALSE  TRUE  TRUE
[241] FALSE FALSE FALSE FALSE FALSE  TRUE FALSE  TRUE FALSE FALSE FALSE  TRUE  TRUE FALSE FALSE
[256]  TRUE FALSE FALSE  TRUE  TRUE  TRUE  TRUE  TRUE  TRUE  TRUE FALSE  TRUE FALSE  TRUE  TRUE
[271]  TRUE  TRUE  TRUE FALSE FALSE  TRUE FALSE FALSE  TRUE FALSE  TRUE  TRUE FALSE  TRUE FALSE
[286]  TRUE FALSE FALSE FALSE  TRUE  TRUE  TRUE  TRUE FALSE  TRUE  TRUE  TRUE  TRUE FALSE  TRUE
[301]  TRUE  TRUE FALSE  TRUE  TRUE  TRUE  TRUE  TRUE FALSE FALSE FALSE  TRUE  TRUE  TRUE FALSE
[316] FALSE  TRUE  TRUE  TRUE  TRUE  TRUE FALSE FALSE  TRUE FALSE FALSE FALSE FALSE  TRUE FALSE
[331]  TRUE  TRUE  TRUE FALSE FALSE  TRUE  TRUE  TRUE  TRUE  TRUE  TRUE FALSE  TRUE  TRUE  TRUE
[346] FALSE  TRUE  TRUE FALSE  TRUE  TRUE FALSE  TRUE FALSE  TRUE  TRUE  TRUE FALSE FALSE FALSE
[361]  TRUE  TRUE  TRUE FALSE  TRUE  TRUE  TRUE  TRUE  TRUE  TRUE  TRUE  TRUE  TRUE  TRUE FALSE
[376]  TRUE  TRUE  TRUE  TRUE FALSE  TRUE  TRUE  TRUE  TRUE  TRUE  TRUE  TRUE FALSE  TRUE  TRUE
[391]  TRUE  TRUE  TRUE  TRUE  TRUE  TRUE  TRUE  TRUE  TRUE FALSE  TRUE  TRUE  TRUE  TRUE  TRUE
[406]  TRUE  TRUE  TRUE  TRUE  TRUE  TRUE  TRUE  TRUE  TRUE  TRUE  TRUE  TRUE  TRUE  TRUE  TRUE
[421] FALSE FALSE FALSE  TRUE  TRUE FALSE FALSE  TRUE  TRUE FALSE  TRUE FALSE  TRUE  TRUE FALSE
[436]  TRUE FALSE  TRUE FALSE  TRUE  TRUE  TRUE  TRUE  TRUE  TRUE  TRUE FALSE FALSE  TRUE  TRUE
[451]  TRUE  TRUE  TRUE FALSE FALSE  TRUE  TRUE FALSE  TRUE  TRUE  TRUE  TRUE  TRUE  TRUE  TRUE
[466]  TRUE  TRUE  TRUE  TRUE  TRUE FALSE FALSE  TRUE  TRUE  TRUE FALSE  TRUE  TRUE FALSE  TRUE
[481]  TRUE FALSE  TRUE  TRUE  TRUE  TRUE  TRUE  TRUE  TRUE  TRUE  TRUE  TRUE FALSE  TRUE  TRUE
[496] FALSE  TRUE FALSE  TRUE  TRUE  TRUE  TRUE  TRUE  TRUE  TRUE  TRUE  TRUE FALSE  TRUE  TRUE
[511]  TRUE  TRUE FALSE FALSE  TRUE  TRUE  TRUE  TRUE  TRUE  TRUE  TRUE  TRUE  TRUE  TRUE  TRUE
[526]  TRUE  TRUE  TRUE  TRUE  TRUE  TRUE  TRUE  TRUE FALSE  TRUE  TRUE FALSE FALSE  TRUE  TRUE
[541]  TRUE FALSE FALSE  TRUE FALSE  TRUE  TRUE  TRUE  TRUE  TRUE  TRUE  TRUE FALSE FALSE FALSE
[556]  TRUE  TRUE  TRUE  TRUE  TRUE  TRUE  TRUE  TRUE  TRUE  TRUE  TRUE  TRUE  TRUE FALSE  TRUE
[571]  TRUE  TRUE  TRUE  TRUE  TRUE  TRUE  TRUE  TRUE FALSE  TRUE  TRUE  TRUE  TRUE  TRUE  TRUE
[586]  TRUE  TRUE  TRUE  TRUE  TRUE  TRUE  TRUE  TRUE  TRUE  TRUE FALSE  TRUE  TRUE FALSE  TRUE
[601]  TRUE  TRUE  TRUE  TRUE FALSE  TRUE  TRUE  TRUE  TRUE  TRUE FALSE FALSE  TRUE  TRUE  TRUE
[616]  TRUE  TRUE  TRUE  TRUE  TRUE  TRUE FALSE  TRUE  TRUE  TRUE  TRUE  TRUE  TRUE  TRUE  TRUE
[631]  TRUE  TRUE FALSE FALSE  TRUE  TRUE  TRUE  TRUE  TRUE  TRUE  TRUE  TRUE  TRUE  TRUE  TRUE
[646]  TRUE  TRUE  TRUE  TRUE  TRUE  TRUE  TRUE  TRUE  TRUE  TRUE FALSE  TRUE  TRUE  TRUE  TRUE
[661]  TRUE  TRUE  TRUE  TRUE  TRUE  TRUE  TRUE  TRUE  TRUE  TRUE  TRUE  TRUE  TRUE  TRUE  TRUE
[676]  TRUE  TRUE  TRUE  TRUE  TRUE  TRUE  TRUE  TRUE  TRUE  TRUE  TRUE  TRUE  TRUE  TRUE  TRUE
[691]  TRUE  TRUE  TRUE  TRUE  TRUE  TRUE FALSE  TRUE  TRUE  TRUE  TRUE  TRUE  TRUE  TRUE  TRUE
[706]  TRUE  TRUE  TRUE  TRUE  TRUE  TRUE  TRUE  TRUE  TRUE  TRUE  TRUE  TRUE

