
Birth-death simulation object with 726 species and 500 extant species

Details for some species:

Extinction times (NA means extant)
[1] 94.77823 96.37125 18.20097 81.32512 47.73882 41.97995


Speciation times 
[1] 124.94193 111.85567  99.51095 107.14969  85.00727  86.97546


Species parents (NA for initial)
[1] NA  1  1  2  4  3


Species status (extinct or extant)
[1] "extinct" "extinct" "extinct" "extinct" "extinct" "extinct"


For more details on vector y, try sim$y, with y one of
TE TS PAR EXTANT



$TE
  [1] 94.77822850 96.37125463 18.20096745 81.32511807 47.73882282 41.97995281 83.48488220
  [8] 61.71022055 57.89809143 46.44408598 37.97561906 21.46812520          NA 20.60884609
 [15] 10.03867175          NA 11.22586985 64.33543879 21.20103893 34.85488815          NA
 [22] 68.22892397 64.37818099 28.09147502 54.31412315          NA 47.44123975 43.94540283
 [29] 33.77930338  4.88071337 29.40155136 16.33599900          NA  7.64408157          NA
 [36]  1.09073485 42.38241622 37.35730052          NA          NA 16.71387139 20.59183988
 [43] 26.85529957  9.59300995 26.96766384 23.35130837 46.53692505 33.37744773          NA
 [50] 19.52135229          NA          NA 25.95404129          NA  9.66515889          NA
 [57] 53.58644483 44.36843606 32.08093154          NA 39.17398054 34.79013932  8.25588490
 [64]          NA          NA          NA          NA          NA  8.91060138          NA
 [71] 46.19214183          NA 26.74943930          NA  0.79765684          NA          NA
 [78]  2.69818662  4.40276817          NA 25.08599379          NA          NA          NA
 [85]          NA          NA 15.99968899 29.61962387 20.01229016 28.32171438 14.45628012
 [92]  9.05231057 29.93046397          NA          NA          NA          NA          NA
 [99]          NA          NA 15.72598296 29.19003288 22.03516584 21.55714887          NA
[106]  8.93719570 31.14005255 35.83127412 34.67266749          NA 21.23588220 32.50678471
[113]          NA          NA 28.15384516          NA          NA 13.47875940 13.28240111
[120] 28.39818433 18.70638695 17.40155821          NA          NA 11.46064566          NA
[127] 33.05060906          NA 15.90137345          NA 34.30426698  9.54774123 35.68704851
[134]          NA  2.74872056 14.93374321  4.67468095          NA          NA          NA
[141]  7.72484988 31.00274290 10.04132916          NA 26.32564557 16.96824762 13.99651585
[148]          NA  3.20066144          NA          NA  5.12911166  5.68846155          NA
[155]          NA 21.50745470          NA  5.39883199 26.68863778          NA          NA
[162]          NA          NA  1.37020461          NA          NA  9.66169623          NA
[169] 23.64632137          NA          NA          NA          NA 16.31473113          NA
[176]          NA          NA          NA          NA          NA 30.21880988          NA
[183]          NA          NA  6.31754472          NA  2.94995752          NA 12.35237112
[190]          NA  2.77916211          NA          NA          NA          NA          NA
[197]          NA          NA          NA          NA          NA          NA  1.10861379
[204]          NA          NA          NA          NA 19.64119379          NA          NA
[211]  5.24127808 17.05591162          NA          NA          NA          NA          NA
[218]          NA          NA          NA          NA          NA          NA  5.28854535
[225]  6.23393148          NA          NA          NA 10.92817727          NA  1.86179153
[232]  8.68775944          NA  3.58771513          NA          NA          NA          NA
[239]          NA          NA  7.66904320          NA          NA          NA 14.25806768
[246]  5.19967651          NA          NA          NA          NA          NA          NA
[253]          NA          NA          NA 12.91844444 10.11234316          NA  0.33682406
[260]          NA  1.53684372          NA          NA  9.45780094  6.58575600          NA
[267]  8.01512569          NA 12.03226513          NA          NA  0.38091235          NA
[274]          NA  0.49769808          NA          NA          NA          NA          NA
[281]          NA          NA          NA  1.04441559  7.96119808          NA          NA
[288]          NA          NA  1.32868707          NA 17.92726509  5.71900190          NA
[295]  8.74531999          NA          NA  5.95978419          NA          NA 17.23363792
[302]  8.48002548          NA          NA          NA 17.67216104  6.94794649          NA
[309]          NA 11.39020988          NA          NA          NA          NA          NA
[316]  3.24379805          NA  0.36811544          NA          NA          NA  0.76935623
[323]          NA          NA          NA  7.86365132  2.17535678  3.33974038          NA
[330]          NA          NA 10.60111265          NA          NA          NA          NA
[337]  3.84978029          NA          NA          NA  4.19860628          NA          NA
[344]          NA          NA          NA          NA          NA          NA          NA
[351]          NA          NA          NA 16.80976737  1.07855203          NA          NA
[358]          NA  7.62674304          NA          NA  4.47349555          NA          NA
[365]  4.95159572  4.86078024 12.19573015  4.95472640          NA          NA          NA
[372]          NA          NA  2.76271327  8.34319158          NA 14.82942408          NA
[379]          NA          NA  7.97814913  9.17309410  5.05440700          NA          NA
[386]          NA  5.76459421          NA          NA          NA 13.77184678          NA
[393]          NA  9.36205953          NA          NA          NA          NA          NA
[400]          NA          NA          NA  3.41702387  0.16986199  1.82867330          NA
[407]          NA  5.38570504          NA          NA          NA  0.74022566          NA
[414]          NA          NA          NA          NA  3.19948066  0.82498650 13.87705097
[421]          NA  9.70421579          NA  4.64282253          NA          NA          NA
[428]          NA          NA          NA          NA          NA          NA          NA
[435]          NA          NA  2.79187833  9.70829835          NA  2.40776036          NA
[442]          NA          NA          NA 13.13213260          NA          NA          NA
[449]          NA          NA  3.95198239          NA          NA 12.52921933          NA
[456]          NA  0.53444360          NA          NA          NA          NA          NA
[463]          NA          NA          NA  5.26111721          NA          NA          NA
[470]  2.04824956          NA          NA          NA          NA          NA          NA
[477]  9.61930295          NA          NA          NA          NA          NA          NA
[484]          NA          NA          NA          NA          NA          NA          NA
[491]          NA          NA  6.79070855  4.12827193          NA          NA          NA
[498]  5.47890548  6.45512447          NA          NA          NA  0.57334820          NA
[505]          NA          NA          NA          NA          NA  5.23127671          NA
[512]          NA          NA          NA          NA          NA          NA  7.95668132
[519]          NA  1.70219623  0.60904530          NA          NA          NA  5.23881923
[526]  8.76955963          NA          NA          NA          NA  2.17540137          NA
[533]          NA          NA  1.02625980          NA  0.65859813          NA          NA
[540]          NA          NA          NA          NA  5.41007796          NA          NA
[547]          NA          NA  2.36942696          NA          NA          NA          NA
[554]          NA          NA          NA          NA          NA          NA          NA
[561]          NA          NA          NA          NA          NA          NA          NA
[568]          NA          NA  5.46793942          NA          NA          NA          NA
[575]          NA          NA          NA          NA  0.77574278          NA          NA
[582]          NA          NA          NA          NA          NA          NA  7.31459391
[589]          NA          NA          NA          NA  2.20601884          NA  1.19114352
[596]          NA          NA          NA          NA  1.34832221  1.40021913          NA
[603]          NA          NA          NA          NA  5.41317044          NA          NA
[610]  3.95062431          NA          NA          NA          NA  3.93831836          NA
[617]          NA          NA          NA          NA          NA          NA          NA
[624]          NA          NA          NA          NA          NA          NA          NA
[631]  0.23669531          NA          NA          NA          NA          NA          NA
[638]          NA          NA          NA          NA          NA          NA          NA
[645]          NA          NA          NA          NA          NA          NA  2.54506264
[652]          NA  1.50269012          NA          NA          NA  2.00886953          NA
[659]          NA          NA          NA          NA          NA          NA          NA
[666]          NA          NA          NA          NA          NA  0.55000061          NA
[673]          NA          NA  2.72221459          NA          NA          NA          NA
[680]          NA          NA          NA          NA          NA          NA          NA
[687]  1.26691769          NA          NA          NA          NA          NA          NA
[694]          NA          NA          NA  1.18422879          NA          NA          NA
[701]          NA          NA          NA          NA          NA          NA          NA
[708]          NA          NA          NA          NA          NA          NA  0.60834286
[715]          NA          NA          NA          NA          NA          NA          NA
[722]          NA          NA  0.03121657          NA          NA

$TS
  [1] 1.249419e+02 1.118557e+02 9.951095e+01 1.071497e+02 8.500727e+01 8.697546e+01 8.506542e+01
  [8] 7.637582e+01 7.122225e+01 5.460069e+01 4.706762e+01 3.899704e+01 3.101265e+01 2.169160e+01
 [15] 5.027519e+01 7.693961e+01 6.798559e+01 6.693572e+01 5.640785e+01 3.775599e+01 1.175585e+01
 [22] 7.265807e+01 6.700060e+01 6.914869e+01 6.208224e+01 4.975167e+01 6.360268e+01 6.284497e+01
 [29] 5.164958e+01 4.786311e+01 4.056600e+01 2.507233e+01 1.511176e+01 1.473272e+01 1.417609e+01
 [36] 1.363614e+01 5.150602e+01 5.026358e+01 4.930208e+01 5.567782e+01 4.886372e+01 4.410436e+01
 [43] 4.339178e+01 3.458589e+01 2.799420e+01 2.454992e+01 5.538747e+01 5.052939e+01 3.962343e+01
 [50] 3.575012e+01 3.121901e+01 2.736336e+01 2.704755e+01 2.326644e+01 1.182203e+01 9.021145e+00
 [57] 5.516360e+01 5.494084e+01 4.887582e+01 4.652058e+01 3.936608e+01 3.735167e+01 4.422754e+01
 [64] 4.568837e+01 3.688790e+01 2.754002e+01 2.660064e+01 2.388670e+01 1.142966e+01 3.869108e+01
 [71] 4.748990e+01 3.387979e+01 3.345711e+01 3.272624e+01 2.868113e+01 2.400466e+01 2.155098e+01
 [78] 4.148809e+01 3.890347e+01 2.801360e+01 2.694694e+01 2.212485e+01 2.180260e+01 1.449260e+01
 [85] 8.497451e+00 6.853257e+00 4.356584e+01 4.483285e+01 4.369095e+01 3.611807e+01 3.405050e+01
 [92] 1.967977e+01 3.405549e+01 2.047784e+01 1.929984e+01 8.972014e+00 1.731701e+01 7.004483e+00
 [99] 1.165451e+01 4.259475e+00 3.718778e+01 4.128742e+01 4.232137e+01 4.004272e+01 3.996094e+01
[106] 3.689467e+01 3.167163e+01 3.707170e+01 3.592533e+01 2.800028e+01 3.243322e+01 3.290059e+01
[113] 2.708092e+01 8.908905e+00 3.882449e+01 3.798405e+01 3.655924e+01 2.690855e+01 2.520890e+01
[120] 3.943440e+01 2.741636e+01 1.751464e+01 5.690347e-01 2.948916e+01 1.736219e+01 2.886849e+01
[127] 3.625195e+01 3.547570e+01 2.111393e+01 2.030016e+01 3.560935e+01 2.955068e+01 3.611385e+01
[134] 3.122061e+01 2.932513e+01 2.356953e+01 3.169502e+01 3.010073e+01 2.657317e+01 2.412864e+01
[141] 1.219282e+01 3.615156e+01 3.552087e+01 1.905493e+01 2.748194e+01 2.281408e+01 1.694223e+01
[148] 8.903670e+00 1.718809e+01 1.242293e+01 4.214177e+00 3.443420e+01 3.211037e+01 2.663578e+01
[155] 2.414155e+01 3.235549e+01 1.898667e+01 1.544554e+01 3.241082e+01 2.690949e+01 1.789955e+01
[162] 2.728067e+00 3.175569e+01 1.884848e+01 1.596947e+01 1.567231e+01 2.530496e+01 3.338358e+01
[169] 3.137501e+01 1.956024e+01 1.649599e+01 2.143738e+01 1.769733e+01 2.855237e+01 1.528642e+01
[176] 1.514122e+01 1.409178e+01 2.873994e+01 2.101754e+01 1.859036e+01 3.062055e+01 2.723400e+01
[183] 3.192302e+01 3.032545e+01 3.019304e+01 1.198257e+01 9.730217e+00 2.511763e+01 2.389673e+01
[190] 1.483907e+01 1.290169e+01 2.473932e+01 2.107030e+01 8.068786e-01 2.782355e+01 8.320078e+00
[197] 3.285043e+00 2.985881e+01 2.713929e+01 1.247787e+01 9.263026e+00 6.373563e+00 2.314282e+00
[204] 1.722253e+01 1.613977e+01 6.395279e+00 1.346389e+00 2.563230e+01 2.516441e+01 1.594571e+01
[211] 1.145644e+01 1.901565e+01 1.106264e+01 2.763160e+01 1.022077e+01 8.081342e+00 1.705802e+01
[218] 2.018520e+01 6.445625e+00 4.313524e+00 2.536761e+00 1.323054e+01 1.314978e+01 6.903382e+00
[225] 1.696747e+01 7.987955e+00 3.926963e+00 1.578011e+01 1.346885e+01 8.388777e+00 2.270442e+00
[232] 2.507280e+01 1.882496e+01 4.019926e+00 2.149798e+01 1.257043e+01 2.785326e+01 1.638719e+01
[239] 7.415844e+00 1.286282e+01 1.919731e+01 1.284023e+01 1.240036e+01 1.598076e+00 1.945538e+01
[246] 1.690132e+01 3.231475e+00 8.216435e-01 2.466574e+01 1.163576e+01 1.155986e+01 7.994207e+00
[253] 7.952069e+00 1.994561e+00 2.353887e+01 1.582928e+01 1.113639e+01 3.713256e+00 2.650515e+01
[260] 1.436000e+01 1.828314e+01 1.538694e+01 2.571240e+01 1.475172e+01 7.339545e+00 5.660666e+00
[267] 2.166880e+01 1.826427e+01 1.283971e+01 8.129315e+00 5.864065e+00 4.414187e+00 1.275427e+00
[274] 5.175904e+00 1.234705e+01 1.902484e+01 2.199035e+01 6.664062e+00 1.675303e+01 1.473337e+01
[281] 1.402185e+01 3.322312e+00 8.806521e-01 5.954757e+00 1.023141e+01 4.777587e+00 1.833122e+01
[288] 1.493452e+01 1.072635e+01 7.264585e+00 1.499692e+00 1.894521e+01 1.667333e+01 1.641775e+01
[295] 1.104687e+01 1.561209e+01 1.306439e+01 1.144461e+01 2.996492e+00 1.379626e+01 2.263663e+01
[302] 1.629495e+01 8.990844e+00 1.990698e+00 1.856644e+01 1.887975e+01 1.328586e+01 2.317783e+00
[309] 2.121768e+01 1.269460e+01 1.299130e+01 1.567693e+01 1.675525e+01 9.291302e+00 6.182975e+00
[316] 1.258715e+01 1.027256e+01 5.960850e+00 3.855329e+00 2.820230e+00 1.227453e+01 8.008766e+00
[323] 6.931433e+00 1.927317e+01 2.241337e+00 1.727235e+01 4.007814e+00 4.002097e+00 9.381477e-03
[330] 1.851509e+01 1.470507e+01 1.405199e+01 1.036178e+01 1.684354e+00 1.380621e+01 1.886223e+01
[337] 1.444672e+01 1.156367e+01 1.504730e+00 1.252319e+01 9.903787e+00 4.923688e+00 1.478725e+01
[344] 9.973897e+00 1.126703e+00 8.701703e+00 8.329172e+00 4.487802e+00 1.856458e+01 1.628839e+01
[351] 1.470449e+01 1.321252e+01 9.770892e+00 1.773976e+01 3.075942e+00 4.328990e+00 7.195401e-01
[358] 2.438143e+00 1.772004e+01 1.295565e+01 1.585755e+01 9.286599e+00 3.810637e+00 8.555382e+00
[365] 6.831777e+00 1.647453e+01 1.259525e+01 8.557108e+00 4.599415e+00 1.517012e+01 1.632424e+01
[372] 1.577729e+01 7.689880e+00 1.370338e+01 1.060610e+01 2.836156e+00 1.644492e+01 8.051101e+00
[379] 1.200148e+01 1.474702e+01 9.549711e+00 1.292806e+01 7.263990e+00 6.808092e+00 2.445367e+00
[386] 2.214720e-01 1.508094e+01 1.294975e+01 1.293590e+01 1.500666e+01 1.540722e+01 4.423921e+00
[393] 1.307371e+00 1.289760e+01 6.647686e+00 3.208146e+00 2.522365e+00 1.564350e+01 1.434925e+01
[400] 1.478793e+01 3.137987e+00 1.463123e+01 5.200264e+00 3.914795e+00 1.407789e+01 1.458313e+00
[407] 1.411770e+00 1.365028e+01 1.249044e+01 1.389429e+01 1.276381e+01 1.124660e+01 1.006241e+01
[414] 5.414101e+00 1.012035e+01 5.120308e+00 4.700827e+00 4.169308e+00 9.239692e+00 1.523577e+01
[421] 1.496694e+01 1.110939e+01 9.329467e+00 6.246799e+00 2.717823e+00 2.562978e-02 9.343452e+00
[428] 5.810952e+00 1.290252e+01 9.803922e+00 4.131617e+00 1.374347e+01 5.754579e+00 5.484708e+00
[435] 4.915389e+00 1.220664e-01 1.168691e+01 1.075734e+01 3.396542e+00 5.384876e+00 7.168659e+00
[442] 1.134845e+01 8.013006e+00 7.411045e+00 1.371279e+01 1.192012e+01 1.002568e+01 7.232832e+00
[449] 1.367554e+00 1.015650e+01 7.325738e+00 1.306632e+01 1.270192e+01 1.262059e+01 7.885889e+00
[456] 3.957549e+00 8.871620e+00 5.874262e-01 2.193473e-01 1.210143e+01 2.126669e+00 1.189935e+01
[463] 1.032465e+01 4.855367e+00 6.430457e-01 1.174535e+01 5.831105e+00 6.644644e+00 1.228115e+01
[470] 7.944241e+00 7.173416e+00 6.502039e+00 5.265342e+00 1.086970e+00 1.323271e+01 1.015882e+01
[477] 1.104139e+01 9.351354e+00 1.328967e+01 5.374605e+00 6.219366e+00 9.391157e+00 1.580402e+00
[484] 1.067199e+01 1.205327e+01 2.699009e+00 8.342367e+00 7.250564e+00 6.284753e+00 5.154149e+00
[491] 8.415810e-01 1.117257e+01 8.051073e+00 4.484908e+00 7.097219e+00 1.900210e+00 1.866853e+00
[498] 9.212466e+00 8.524049e+00 5.346122e+00 2.292788e+00 2.118816e+00 1.028956e+01 4.011388e+00
[505] 1.455577e+00 1.821347e+00 4.195649e-02 1.389087e+00 9.949243e+00 9.496323e+00 1.143868e+01
[512] 9.554062e+00 3.031542e+00 3.986877e+00 1.044396e+01 5.095224e+00 1.248491e+00 9.331341e+00
[519] 3.239690e+00 8.590160e+00 1.021680e+01 7.728252e+00 7.628132e+00 1.303466e+00 1.079423e+01
[526] 9.230527e+00 8.593492e+00 5.081955e+00 1.028315e+01 8.365046e+00 7.224421e+00 8.083827e+00
[533] 5.017412e+00 5.382438e+00 8.533018e+00 3.722974e+00 9.473395e+00 8.801894e+00 5.425007e+00
[540] 5.819433e+00 9.946323e+00 3.379569e+00 2.737125e+00 1.125251e+01 1.066724e+01 5.718691e+00
[547] 9.977718e+00 1.005019e+01 5.567398e+00 1.419553e+00 1.121703e+01 1.083376e+01 8.262566e+00
[554] 5.091629e+00 9.440056e+00 5.923225e+00 6.846532e+00 7.593234e+00 7.107427e+00 6.368714e+00
[561] 4.125136e+00 8.499350e+00 6.254476e+00 2.385439e+00 6.173954e+00 3.739878e+00 7.366873e-01
[568] 8.893275e+00 9.349514e+00 6.346481e+00 3.468792e+00 9.747346e+00 4.435767e+00 1.412476e+00
[575] 2.773011e+00 4.124001e+00 6.993232e+00 3.034233e+00 2.258678e+00 7.631881e+00 7.366862e-01
[582] 3.491763e+00 2.403165e+00 5.651272e+00 8.024392e-01 1.493236e+00 9.114116e+00 8.207131e+00
[589] 7.568206e+00 6.033465e+00 3.274524e+00 5.809280e+00 4.381061e+00 2.829761e+00 4.918421e+00
[596] 9.348433e-01 5.782162e+00 5.638638e+00 1.303325e+00 3.201515e+00 8.600686e+00 7.894555e+00
[603] 5.195493e+00 2.801804e+00 5.595494e+00 2.649965e+00 5.755317e+00 4.707966e+00 1.754749e+00
[610] 8.217238e+00 2.140924e+00 2.349190e+00 5.667272e-01 6.045346e+00 5.190527e+00 3.654376e+00
[617] 1.829923e+00 3.101651e+00 2.010974e+00 2.332555e+00 1.512292e+00 5.800009e+00 7.087526e+00
[624] 8.507759e-01 1.693393e+00 1.378677e+00 2.499258e-01 6.520837e+00 1.976907e+00 2.653855e+00
[631] 2.501900e+00 6.181674e+00 1.400347e+00 7.690793e+00 7.154239e+00 1.821032e-01 5.933383e+00
[638] 4.155047e+00 7.910916e+00 5.519638e+00 5.186452e+00 2.813420e+00 7.841134e-01 4.808690e+00
[645] 8.950706e-01 7.511658e+00 1.904671e+00 7.177609e+00 1.498899e-01 6.671492e+00 5.972752e+00
[652] 9.628848e-01 6.149674e+00 5.997199e+00 4.840850e+00 1.135635e+00 3.626146e+00 1.574659e-01
[659] 3.425837e+00 6.516454e+00 3.146129e+00 1.108655e+00 3.787229e+00 2.182863e+00 1.198262e+00
[666] 9.026482e-01 1.653272e+00 4.683216e+00 2.279339e+00 9.629656e-01 5.303669e+00 1.975994e+00
[673] 1.455583e+00 5.301173e+00 3.772545e+00 1.597148e+00 1.059910e+00 3.696716e+00 4.856035e+00
[680] 1.990230e+00 1.863391e+00 2.143585e+00 6.924609e-01 8.032657e-01 4.136125e+00 1.827933e+00
[687] 3.038666e+00 1.706347e+00 3.995120e+00 2.024464e-01 3.255960e-01 2.911309e+00 7.487751e-01
[694] 9.594968e-01 2.674592e+00 2.140055e+00 2.391146e+00 4.224439e-01 1.737417e+00 2.654873e+00
[701] 2.129386e+00 3.723347e+00 3.336646e+00 1.199119e+00 1.239149e+00 3.011872e+00 1.660255e+00
[708] 2.612093e+00 8.111731e-01 2.853363e+00 1.691932e+00 1.126126e+00 1.497382e+00 1.992192e+00
[715] 1.647578e+00 5.951594e-01 5.659605e-01 7.704793e-01 6.256496e-01 6.267918e-01 9.222915e-01
[722] 2.076157e-01 7.878137e-01 4.654306e-01 3.130551e-01 6.610053e-01

$PAR
  [1]  NA   1   1   2   4   3   3   3   3   3   3   3   3   3   6   5   5   5  16  16  16   8   8
 [24]  22   9  24  17  17  17  17  17  17  17  17  17  17  27  28  28  25  19  19  19  19  19  19
 [47]  40  40  40  40  40  40  40  40  40  40  47  47  58  29  29  29  37  15  15  15  15  15  15
 [70]  38  26  26  26  26  26  26  26  39  39  39  39  39  39  39  39  39  59  41  41  41  41  41
 [93]  30  30  30  30  60  60  64  64  88  63  42  42  42  42  42  89  89  89 103  78  78  78 102
[116]  31  31 104 104 105 105 105 105  49  49 120  79  79  79  79 115 115  70  70  70  70 116 116
[139] 116 116 116 101 106 106  65  65  65  65 117 117 117 142  90  50  50 143 143 143 128 128 128
[162] 128  44  44  44  44 152  93  91  91  91  72  72 168 168 168 168  74  74  74 111 111 153 153
[185] 153 153 153 183 183 183 183 163 163 163 134 134 134  51  51  51  51  51  51  13  13  13  13
[208] 184 184 184 184 185 185 138 198 198 132 124 124 124 124 135 135 126 178 178 178  75  75  75
[231]  75 174 174  80 110 110  45 237 237 214  66  66  66 182 199 199 199 199 113 113 113 113 113
[254] 113 160 160 160 160 154 154  67  67 139 139 139 139 259 259 259 259 259 259 259 263 167 119
[277] 209 209 188 188 188 188 188 192 249 249 140 140 140 140 140  76  76  76  76  68  68  68  68
[300] 255  54  54  54  54 301  82  82  82 277 277  83 267  77  77  77 235 235 172 172 172 309 309
[323] 309 193 193  94  94  94  94 130 130 130 130 130 218 170  95  95  95 324 324 144 276 276 276
[346] 157 157 157 306 164 164 164 164 233 180 305 305 349 330 330 287 287 261 268 161  97  97  97
[369]  97 326 204 204 204 149 217 217 225 225 246 313 313 279 279 279 171 171 366 366 366 377 294
[392] 294 294 238 238 238 371 350 350 165 165 210 210 361 256 372 372 312 312 166 166 166 166 166
[415] 398 398 398 398 296 158 158 158 262 262 262 262 175 175 370 370 370 176 176 390 390 390 421
[438] 421 421 288 190 400 400 400 343 343 343 343 343 280 280  34  34  34 331 331 402 402 402  84
[461]  84 337 337 260 260  35  35 177 410 410 410 410 410 410 335 335 300 432 374 374  36 479 479
[484] 475 352 352 223 452 452 452 297 311 311 311 360 360 360 388 388 388 388 389 394 240 242 411
[507] 411 453 316 236 340 340 340 409 200 200 200 150 243 275 469 469 321 321 141 460 485 485 379
[530] 379 186 446 446 462  21  21 466 466 466 437  99  99  99 250 338 338 251 442 442 442 412 412
[553] 412 412 551 492 552 525 289 289 289 484 484 545 515 515 515 333 463 463 463 503 503 529 317
[576] 215 476 450 450 415 413 548 447 341 430 353 510 510 510 537 537 555 478 478 569 569 427 423
[599] 423 314 419 587 114 148 568 568 538 601 527 520 520 364 364 535 562 562 562  85  85 530 530
[622] 487 347 553 270 270 270 216 216 443 443 322 322 252 252 252 226 226 470 470 455 455 522 634
[645] 373 580 580 646 444 290 290 488 471 559 623  98 323 323 650 278 278 395 628 628 628 628 472
[668] 219 489 489 481 481 565 653 590 590 590 318 284 271 592 622 597 266 598 605 434 414 534 500
[691] 473 528 533 342 464 464 655 655 668 369 369 593 514 456 227 678 703 282 591 706 299 594 604
[714] 695 708 583 682 629 629 609 707 707 550 283 283 723

$EXTANT
  [1] FALSE FALSE FALSE FALSE FALSE FALSE FALSE FALSE FALSE FALSE FALSE FALSE  TRUE FALSE FALSE
 [16]  TRUE FALSE FALSE FALSE FALSE  TRUE FALSE FALSE FALSE FALSE  TRUE FALSE FALSE FALSE FALSE
 [31] FALSE FALSE  TRUE FALSE  TRUE FALSE FALSE FALSE  TRUE  TRUE FALSE FALSE FALSE FALSE FALSE
 [46] FALSE FALSE FALSE  TRUE FALSE  TRUE  TRUE FALSE  TRUE FALSE  TRUE FALSE FALSE FALSE  TRUE
 [61] FALSE FALSE FALSE  TRUE  TRUE  TRUE  TRUE  TRUE FALSE  TRUE FALSE  TRUE FALSE  TRUE FALSE
 [76]  TRUE  TRUE FALSE FALSE  TRUE FALSE  TRUE  TRUE  TRUE  TRUE  TRUE FALSE FALSE FALSE FALSE
 [91] FALSE FALSE FALSE  TRUE  TRUE  TRUE  TRUE  TRUE  TRUE  TRUE FALSE FALSE FALSE FALSE  TRUE
[106] FALSE FALSE FALSE FALSE  TRUE FALSE FALSE  TRUE  TRUE FALSE  TRUE  TRUE FALSE FALSE FALSE
[121] FALSE FALSE  TRUE  TRUE FALSE  TRUE FALSE  TRUE FALSE  TRUE FALSE FALSE FALSE  TRUE FALSE
[136] FALSE FALSE  TRUE  TRUE  TRUE FALSE FALSE FALSE  TRUE FALSE FALSE FALSE  TRUE FALSE  TRUE
[151]  TRUE FALSE FALSE  TRUE  TRUE FALSE  TRUE FALSE FALSE  TRUE  TRUE  TRUE  TRUE FALSE  TRUE
[166]  TRUE FALSE  TRUE FALSE  TRUE  TRUE  TRUE  TRUE FALSE  TRUE  TRUE  TRUE  TRUE  TRUE  TRUE
[181] FALSE  TRUE  TRUE  TRUE FALSE  TRUE FALSE  TRUE FALSE  TRUE FALSE  TRUE  TRUE  TRUE  TRUE
[196]  TRUE  TRUE  TRUE  TRUE  TRUE  TRUE  TRUE FALSE  TRUE  TRUE  TRUE  TRUE FALSE  TRUE  TRUE
[211] FALSE FALSE  TRUE  TRUE  TRUE  TRUE  TRUE  TRUE  TRUE  TRUE  TRUE  TRUE  TRUE FALSE FALSE
[226]  TRUE  TRUE  TRUE FALSE  TRUE FALSE FALSE  TRUE FALSE  TRUE  TRUE  TRUE  TRUE  TRUE  TRUE
[241] FALSE  TRUE  TRUE  TRUE FALSE FALSE  TRUE  TRUE  TRUE  TRUE  TRUE  TRUE  TRUE  TRUE  TRUE
[256] FALSE FALSE  TRUE FALSE  TRUE FALSE  TRUE  TRUE FALSE FALSE  TRUE FALSE  TRUE FALSE  TRUE
[271]  TRUE FALSE  TRUE  TRUE FALSE  TRUE  TRUE  TRUE  TRUE  TRUE  TRUE  TRUE  TRUE FALSE FALSE
[286]  TRUE  TRUE  TRUE  TRUE FALSE  TRUE FALSE FALSE  TRUE FALSE  TRUE  TRUE FALSE  TRUE  TRUE
[301] FALSE FALSE  TRUE  TRUE  TRUE FALSE FALSE  TRUE  TRUE FALSE  TRUE  TRUE  TRUE  TRUE  TRUE
[316] FALSE  TRUE FALSE  TRUE  TRUE  TRUE FALSE  TRUE  TRUE  TRUE FALSE FALSE FALSE  TRUE  TRUE
[331]  TRUE FALSE  TRUE  TRUE  TRUE  TRUE FALSE  TRUE  TRUE  TRUE FALSE  TRUE  TRUE  TRUE  TRUE
[346]  TRUE  TRUE  TRUE  TRUE  TRUE  TRUE  TRUE  TRUE FALSE FALSE  TRUE  TRUE  TRUE FALSE  TRUE
[361]  TRUE FALSE  TRUE  TRUE FALSE FALSE FALSE FALSE  TRUE  TRUE  TRUE  TRUE  TRUE FALSE FALSE
[376]  TRUE FALSE  TRUE  TRUE  TRUE FALSE FALSE FALSE  TRUE  TRUE  TRUE FALSE  TRUE  TRUE  TRUE
[391] FALSE  TRUE  TRUE FALSE  TRUE  TRUE  TRUE  TRUE  TRUE  TRUE  TRUE  TRUE FALSE FALSE FALSE
[406]  TRUE  TRUE FALSE  TRUE  TRUE  TRUE FALSE  TRUE  TRUE  TRUE  TRUE  TRUE FALSE FALSE FALSE
[421]  TRUE FALSE  TRUE FALSE  TRUE  TRUE  TRUE  TRUE  TRUE  TRUE  TRUE  TRUE  TRUE  TRUE  TRUE
[436]  TRUE FALSE FALSE  TRUE FALSE  TRUE  TRUE  TRUE  TRUE FALSE  TRUE  TRUE  TRUE  TRUE  TRUE
[451] FALSE  TRUE  TRUE FALSE  TRUE  TRUE FALSE  TRUE  TRUE  TRUE  TRUE  TRUE  TRUE  TRUE  TRUE
[466] FALSE  TRUE  TRUE  TRUE FALSE  TRUE  TRUE  TRUE  TRUE  TRUE  TRUE FALSE  TRUE  TRUE  TRUE
[481]  TRUE  TRUE  TRUE  TRUE  TRUE  TRUE  TRUE  TRUE  TRUE  TRUE  TRUE  TRUE FALSE FALSE  TRUE
[496]  TRUE  TRUE FALSE FALSE  TRUE  TRUE  TRUE FALSE  TRUE  TRUE  TRUE  TRUE  TRUE  TRUE FALSE
[511]  TRUE  TRUE  TRUE  TRUE  TRUE  TRUE  TRUE FALSE  TRUE FALSE FALSE  TRUE  TRUE  TRUE FALSE
[526] FALSE  TRUE  TRUE  TRUE  TRUE FALSE  TRUE  TRUE  TRUE FALSE  TRUE FALSE  TRUE  TRUE  TRUE
[541]  TRUE  TRUE  TRUE FALSE  TRUE  TRUE  TRUE  TRUE FALSE  TRUE  TRUE  TRUE  TRUE  TRUE  TRUE
[556]  TRUE  TRUE  TRUE  TRUE  TRUE  TRUE  TRUE  TRUE  TRUE  TRUE  TRUE  TRUE  TRUE  TRUE FALSE
[571]  TRUE  TRUE  TRUE  TRUE  TRUE  TRUE  TRUE  TRUE FALSE  TRUE  TRUE  TRUE  TRUE  TRUE  TRUE
[586]  TRUE  TRUE FALSE  TRUE  TRUE  TRUE  TRUE FALSE  TRUE FALSE  TRUE  TRUE  TRUE  TRUE FALSE
[601] FALSE  TRUE  TRUE  TRUE  TRUE  TRUE FALSE  TRUE  TRUE FALSE  TRUE  TRUE  TRUE  TRUE FALSE
[616]  TRUE  TRUE  TRUE  TRUE  TRUE  TRUE  TRUE  TRUE  TRUE  TRUE  TRUE  TRUE  TRUE  TRUE  TRUE
[631] FALSE  TRUE  TRUE  TRUE  TRUE  TRUE  TRUE  TRUE  TRUE  TRUE  TRUE  TRUE  TRUE  TRUE  TRUE
[646]  TRUE  TRUE  TRUE  TRUE  TRUE FALSE  TRUE FALSE  TRUE  TRUE  TRUE FALSE  TRUE  TRUE  TRUE
[661]  TRUE  TRUE  TRUE  TRUE  TRUE  TRUE  TRUE  TRUE  TRUE  TRUE FALSE  TRUE  TRUE  TRUE FALSE
[676]  TRUE  TRUE  TRUE  TRUE  TRUE  TRUE  TRUE  TRUE  TRUE  TRUE  TRUE FALSE  TRUE  TRUE  TRUE
[691]  TRUE  TRUE  TRUE  TRUE  TRUE  TRUE FALSE  TRUE  TRUE  TRUE  TRUE  TRUE  TRUE  TRUE  TRUE
[706]  TRUE  TRUE  TRUE  TRUE  TRUE  TRUE  TRUE  TRUE FALSE  TRUE  TRUE  TRUE  TRUE  TRUE  TRUE
[721]  TRUE  TRUE  TRUE FALSE  TRUE  TRUE

