
Birth-death simulation object with 739 species and 500 extant species

Details for some species:

Extinction times (NA means extant)
[1] 48.595003 28.326905 28.913606 25.483233 22.615084  5.163003


Speciation times 
[1] 88.93948 70.26507 65.07105 61.09884 51.42387 50.54278


Species parents (NA for initial)
[1] NA  1  1  1  2  2


Species status (extinct or extant)
[1] "extinct" "extinct" "extinct" "extinct" "extinct" "extinct"


For more details on vector y, try sim$y, with y one of
TE TS PAR EXTANT



$TE
  [1] 48.59500295 28.32690460 28.91360643 25.48323282 22.61508416  5.16300294          NA
  [8] 13.68509551 39.46151389 23.32074269 20.68077772 39.73219908  9.11733601  6.13679384
 [15] 39.66625160 19.91411664 35.68686949 39.08622205 36.14420351 27.40064441 39.57976436
 [22] 19.93463339 20.40365503          NA 36.27324806 22.13586143 14.78029774          NA
 [29]          NA          NA          NA          NA          NA 11.43602159 34.65786331
 [36]          NA          NA 26.79949775          NA          NA  8.94786223          NA
 [43]          NA 15.90449623          NA          NA 25.24919947          NA          NA
 [50]          NA  1.97387451 24.53440415 22.35653661 38.77954337 39.30185691          NA
 [57]  4.71386832          NA 11.91955745 43.54771775          NA          NA          NA
 [64] 11.65767584  9.51846078          NA          NA          NA  3.96851086 33.31504678
 [71] 29.87150050 18.52149645          NA          NA          NA          NA          NA
 [78]          NA          NA 22.97180728 18.28171791  9.34496074          NA  5.73130889
 [85] 13.57769025          NA          NA          NA 10.65039118 39.39457498 26.71312272
 [92]  5.04507186 35.06230592          NA          NA          NA          NA 12.81267235
 [99] 36.44161665 13.45485700 11.62034996  4.98279360 12.38949479          NA 17.61115177
[106] 13.67975729 18.60034609          NA 19.88385296 10.87779059 16.72207919  4.91189387
[113]          NA          NA 27.24471170          NA 29.78669780          NA          NA
[120]  1.02375855          NA 17.66984257          NA 14.35960591          NA          NA
[127] 26.39595650  1.92833608 24.98338332          NA 14.14017285 15.85159187 15.96897378
[134]          NA          NA  5.47177477          NA 26.44061796          NA  4.41723221
[141]          NA 26.84766662 18.51107900  3.10325666  9.90269178  9.50253966 24.71060498
[148]  9.59395991 10.03947240 14.87272757          NA 20.23749218 31.48616051 24.83119537
[155]          NA          NA  1.37925091          NA          NA          NA          NA
[162]          NA  0.18624131  2.22558309 19.87539534  6.11911251          NA 30.49396241
[169] 12.68788081  6.94662717          NA          NA 12.69637559          NA          NA
[176]          NA          NA 24.59821485  1.71474556          NA          NA          NA
[183]          NA          NA          NA 31.37743892          NA          NA          NA
[190] 11.33605375 23.93064607  8.15414845 12.14451098          NA  1.61236318 22.66742385
[197]  3.89878306 26.48828616          NA          NA          NA          NA 19.22856004
[204]          NA          NA 25.01481544          NA  1.29610242          NA          NA
[211]          NA          NA  8.44998775          NA          NA          NA  9.79340720
[218]          NA          NA          NA          NA          NA          NA          NA
[225] 27.15859515 16.61320707  7.20523316 10.27935148          NA          NA  2.71462818
[232]          NA          NA          NA          NA          NA          NA          NA
[239] 24.58309708  4.62079149 13.83574853          NA 14.74407089          NA          NA
[246]          NA 18.59217809 24.05073485          NA  5.83594682 12.86088712  0.41238866
[253]          NA          NA          NA  9.40255188 21.78612217 16.64395842  8.41641660
[260]  4.07803174          NA  1.45768371          NA          NA 16.15889909          NA
[267]          NA          NA 22.23344994 20.44334248 16.54888078          NA          NA
[274]          NA          NA          NA  6.14079244  0.71571434          NA          NA
[281]          NA 15.66546884 20.15735967          NA          NA          NA  2.97217446
[288]          NA 21.00969676          NA          NA          NA          NA          NA
[295]          NA 10.27799655          NA          NA          NA          NA          NA
[302]          NA          NA 10.35686111  5.35614988          NA          NA 17.72306283
[309] 17.58567747          NA  9.84049191          NA  3.36054709 11.47383968 11.76139328
[316]          NA  5.84766721 18.14480946          NA          NA          NA 15.57735029
[323]          NA          NA 11.28412376  2.49753497          NA          NA          NA
[330]  5.67435288  4.08144460          NA          NA          NA          NA 11.93610415
[337]  3.06159054 15.20265435          NA  4.99068413          NA          NA          NA
[344]          NA          NA  3.57485860          NA  0.89742557          NA          NA
[351]  4.44854309  0.02304489          NA          NA          NA  1.94652436 17.11121880
[358]          NA          NA          NA          NA  7.00086600          NA          NA
[365]          NA          NA          NA          NA          NA  7.47610562          NA
[372] 15.81704859          NA          NA  2.88986001          NA          NA 17.00224147
[379]          NA          NA          NA          NA          NA          NA          NA
[386]          NA          NA          NA          NA          NA          NA  1.69820539
[393]          NA  6.67228702 14.51190079          NA          NA          NA  9.40135282
[400] 13.19667153          NA          NA          NA          NA          NA          NA
[407]          NA 13.87300063          NA  1.68597380  0.22885776 10.26885366  7.73179530
[414]          NA  7.15782188          NA          NA          NA          NA 13.54155653
[421]          NA          NA          NA          NA  4.99565711          NA          NA
[428]          NA          NA  6.16082280          NA          NA          NA          NA
[435]          NA          NA          NA          NA  4.80161095 12.76935996          NA
[442]          NA          NA 13.99608900          NA 13.52395957          NA          NA
[449]          NA          NA          NA          NA          NA          NA          NA
[456]          NA 14.48707068          NA          NA          NA          NA          NA
[463]          NA          NA          NA          NA          NA          NA          NA
[470]          NA          NA          NA          NA  2.66084765          NA          NA
[477]          NA          NA          NA          NA          NA          NA  2.93544448
[484]          NA  0.60247754          NA          NA          NA          NA          NA
[491]          NA          NA          NA  2.85315242          NA          NA          NA
[498]          NA          NA          NA  8.63407380          NA          NA          NA
[505]  0.38316334          NA          NA 12.73652899  9.48649503          NA          NA
[512]          NA          NA          NA          NA          NA          NA          NA
[519]          NA          NA          NA          NA          NA          NA          NA
[526]          NA  4.12066561          NA          NA          NA          NA          NA
[533]          NA          NA          NA          NA  2.63919921          NA          NA
[540]          NA 11.87165348          NA  1.33563826          NA          NA          NA
[547] 10.53231196          NA  3.58928538  4.83229332          NA          NA          NA
[554]          NA          NA          NA          NA  0.76680311          NA          NA
[561]          NA  3.48975293          NA          NA          NA          NA          NA
[568]          NA          NA          NA  1.43914111          NA          NA  0.76457569
[575]  3.88596108  3.30805222          NA          NA          NA          NA          NA
[582]          NA          NA          NA  5.16762688          NA  2.54793781          NA
[589]          NA          NA          NA          NA          NA  4.61273764          NA
[596]          NA          NA  3.34488768          NA  4.08918120          NA          NA
[603]          NA          NA          NA          NA          NA          NA  5.02917609
[610]          NA  7.22746844  5.68892702          NA          NA          NA          NA
[617]          NA          NA          NA          NA          NA          NA  6.04817210
[624]          NA          NA  1.81234969          NA  0.22227608          NA          NA
[631]          NA          NA          NA          NA  0.84779045          NA          NA
[638]          NA          NA          NA          NA          NA          NA          NA
[645]          NA  1.04887558          NA          NA          NA          NA          NA
[652]          NA          NA          NA          NA          NA          NA          NA
[659]          NA          NA          NA          NA          NA          NA          NA
[666]          NA          NA          NA  0.12098148          NA          NA          NA
[673]          NA          NA          NA          NA          NA          NA          NA
[680]          NA          NA          NA  2.73640852          NA          NA          NA
[687]          NA          NA  3.68924542          NA          NA          NA          NA
[694]          NA          NA          NA          NA          NA  2.94990252          NA
[701]          NA          NA          NA          NA          NA          NA          NA
[708]          NA          NA          NA          NA          NA          NA          NA
[715]          NA          NA          NA  1.68941209          NA          NA          NA
[722]          NA          NA          NA          NA          NA          NA          NA
[729]          NA          NA  0.10459451          NA          NA          NA          NA
[736]          NA          NA          NA          NA

$TS
  [1] 88.939475181 70.265073839 65.071049209 61.098838404 51.423867558 50.542783792 42.130706747
  [8] 40.452064063 59.828194587 49.136073555 47.873121833 41.391285069 51.484606845 48.901234019
 [15] 42.247465217 25.563208612 54.663574731 53.408306625 53.057901265 51.761773769 45.539783082
 [22] 38.183074804 41.263534048 45.753373711 41.470231910 38.801821442 49.337102986 40.802871195
 [29] 37.752823933 30.500622049 28.009467123 23.506762574 15.372925050 11.851951776 45.589432333
 [36] 41.426861667 28.080710479 31.412217374 20.640311511 19.443371464 16.456898423  7.976710992
 [43] 43.698926565 39.356239320 31.126889498 46.759995106 43.108972726 45.580307433 28.649780696
 [50] 25.945658341 11.155768887 39.632942350 35.119270486 45.795158097 45.671431143 38.624892804
 [57] 37.762615086 27.701046543 13.878142482 45.637192407 33.159439967 15.876545530  7.782555341
 [64] 43.574020798 40.464682901 44.481145179 23.572802416 18.144185280 16.404207642 44.474898309
 [71] 43.776128746 36.049212635 27.925413427 21.845814245  9.251134443  3.933665088  3.579893628
 [78]  2.338167096  1.379091877 40.790579634 37.115152472 35.027184363 33.176392235 30.545224452
 [85] 30.180320914 12.411061570 10.483283422  8.244580205 41.833163439 40.433166586 28.168474855
 [92] 26.347201719 37.870107545 33.787445292 22.483858072 16.661931986  0.025741288 40.806152373
 [99] 40.235216352 37.446276453 36.472934546 31.302395077 25.501247184  3.085944734 40.627831799
[106] 27.596490144 32.615870494 21.895807829 20.314990462 27.729624437 25.940911469 20.194057982
[113] 18.430844784  3.587544705 31.908627758 30.864883719 30.624424156 28.771707338 40.594368825
[120] 28.975987118 27.461443627 18.264144640 17.664224897 37.003743333 30.121214614  6.943484791
[127] 35.841232055 31.742255354 35.877532167 35.370251462 27.749299802 22.911800271 21.901337985
[134] 20.878851028 14.331097729 29.162487752  9.080129389 32.071279693 24.950368102 12.192792096
[141]  4.621908250 33.436142719 23.577289479 15.190352530 26.194828705 34.075606685 32.283532491
[148] 22.259891328 20.340109088 17.693628331 17.257027120 35.319378069 34.379358795 29.216237343
[155] 28.687843838 18.731045779 27.146708762 29.187481567 21.968198121 19.054930438 10.996506191
[162]  6.596541860 30.518608969 25.911419709 23.188115094 14.205647716 33.547354797 32.122136077
[169] 23.690461336 17.254821706 16.163555538  6.045218582 28.902178309 22.609380763 18.785267375
[176] 10.500272778  8.699395373 25.182485844 19.388021564 28.554588484 27.833420604 26.764383822
[183] 25.725450447 12.650840894  2.223797996 31.523737106  9.040197173  7.168243170  4.086277095
[190] 12.086404475 24.691811963 24.270467362 22.804182339  2.700601258  2.563870899 25.940989114
[197]  6.990065340 29.455881846 27.066116557  6.224796970  2.180089432 20.962413556 19.262970780
[204]  4.817623479 29.083105839 27.711425761 21.481919745 13.658935164 11.477169648 10.203962281
[211]  8.500283091 27.787890473 19.506285686 12.874271108  6.679438824 16.128443732 11.731681089
[218] 28.785271287 25.794685623  7.680719208 15.406207643  9.704912525 12.123037668  4.834917985
[225] 27.259598183 26.354258234 21.172300878 11.472856666  5.723868833 24.267136168  7.254719411
[232]  1.998827486  0.071653510 15.283878686 20.179567308 13.950600756 10.915609035  5.031731678
[239] 25.871731307 19.634423497 18.529117587  9.641039432 27.068081937 19.594224423 14.181439661
[246]  7.647201781 27.604256607 25.484503544 24.751495471 20.052652012 27.622287579 26.100198378
[253] 21.467864535 26.768640245 17.168935336 26.512205300 24.889935355 21.463867032 11.042324414
[260] 26.488606232 18.930823101 11.059313535 11.278529932  7.712886340 20.257506173 19.717391374
[267]  1.568822468 25.755526948 23.899099383 20.889923686 20.387864404 11.020748253  7.740303021
[274] 11.041188346 10.753024422 10.675852169 18.631353419 14.111314035  7.486737311  1.511890386
[281] 24.726605673 24.099317255 22.143015956 22.086943753 24.478253165 21.518676510 21.154585430
[288]  4.913605849 21.901276336 15.081601302  4.527367261 22.004434319 25.113789226 16.908278019
[295] 10.967576647 10.814834163 24.155432867  0.628021143 24.732009665  3.743312050 15.747829381
[302] 12.121513042 15.646239917 12.856975232 11.970891922 17.137556096  1.439186654 23.790972633
[309] 20.452060462 16.291829399  9.943362754 23.708215925 18.221356832 18.025069424 17.247577311
[316] 23.446612653 22.795245139 22.171594810  7.849772119  4.645932454  2.221991329 23.455851925
[323] 14.917155563  0.489900209 19.125239447 14.940670475 22.981982891 22.095260109 21.285992365
[330] 13.180089628 10.862387188  2.944107422 20.212833244  7.238684363 20.008082551 16.342588634
[337]  8.022446106 22.411724070 17.601909742 15.964307042 11.391337632 21.572243571 16.593178763
[344] 13.790862586  9.360238400  5.384181461  4.615630770  1.075700425 14.045796741 20.093663964
[351] 16.614198322 13.959704219  4.148049597 17.675265409  5.596135492 21.194096829 19.491685386
[358] 15.851804629 14.438856599  6.722940898 19.708113200 17.905188673 15.613408957 12.261014774
[365] 21.460600306  4.805568026  2.154755604  2.035815345 21.012391984  9.382348848  5.865382413
[372] 18.258980371  2.185176582  1.328843775 17.381525978 19.941781436 12.853540688 19.259624387
[379] 17.771071962 10.012562049 18.954354979  7.961883152  6.842277976  8.110437249  3.240224030
[386] 19.204041024  8.381232571  6.853627276 14.343783008 19.775408964 15.845180983 13.003569642
[393]  0.513485937 17.673774992 14.946803908 14.598152506  4.753386708 16.859306458 10.851449397
[400] 18.342881564 10.020111547  7.138792754  4.804472791  2.976363104  1.249638973 17.742438673
[407]  8.494603432 17.538646264 14.545969772 11.395185799  0.886976858 18.265207865  9.776489734
[414]  4.693256163 15.610575295  9.866684042 19.037502198  2.974452428 13.834025033 15.054834553
[421] 14.959484731 12.729067279  7.719282215  1.579079838 12.508426080  3.975548265  8.427586161
[428]  6.246889830  0.654730401 12.030894983 17.830558517 14.998175815 10.467614430  8.821357169
[435] 14.162637580 11.953143885  7.594888953  7.278364595  8.773028604 16.570293321  7.788162543
[442]  6.025560931  0.075887874 15.096473566  1.142363515 15.298537656 14.163005102  9.820172169
[449]  4.813326333 16.309722170 12.740204963  7.533145682  5.974803410 11.855833579  8.653226801
[456]  6.366541179 15.201566440 14.377992861 14.157311814 16.170954737 15.323605853  5.672689427
[463] 16.382658841 14.470141093 15.412376618  4.670257302 16.539631032  7.597897735  5.762136884
[470]  5.331614366  2.405598949  2.091444273 13.549296578  9.279850704  2.387934408  0.005039481
[477] 14.621869719  4.971014785 14.593329928 15.474551725  4.022895857  6.599433201  9.723624488
[484]  3.901086751  2.415988646  1.690527812 13.862923106  4.068779640  7.268465005 12.413803871
[491]  4.331825620  5.301200164  2.489014551 10.179443976  9.447033373  6.881088787  7.062824281
[498]  2.126898296  6.529645786 15.337685421 15.113751624 10.617181668  9.734201877  0.200478856
[505]  9.025856544  1.884518730 12.603001639 14.447850898 13.418427522 13.903553321  1.271264894
[512]  4.877174787  1.303344115  5.213021341  6.633176501 12.637312595 10.552377544  3.220606913
[519]  5.904626647 14.214706496  0.479760201  6.927541281  5.167558799  4.557713425 11.501766546
[526]  7.141095130 11.191382207  8.801939761  7.972707438 12.604384699 12.186104192 13.898646925
[533]  3.802669105  0.029513773  2.640298412  8.596432307 11.527348065  2.155298691  0.517800373
[540] 13.665062767 13.707797099  4.532634542  1.996390745 10.069361373  5.918717498  0.185443915
[547] 11.942621331  7.968530293 12.739676102  6.294757295  8.128697726  4.985727834  1.929942990
[554] 12.508066776 11.557279657 11.463623511 10.341337056  5.685270045  6.232005890  5.312317309
[561]  3.171310693  5.116219870  9.907218656  9.762589938  4.237413887  2.454613169  8.988911116
[568] 10.437649054  9.609041371 10.174411881  2.026963810 10.959666220  3.729900185  4.798975803
[575]  5.748753422  5.446420292  9.105462320  7.923984999  6.217032213  9.982435437  8.639191497
[582]  7.545363177  4.433324078  6.673754702  5.826659726  8.252572511  3.334289245  5.914444845
[589]  2.115607415  1.435011224  9.422340151  2.951416159  0.801549796  7.653787982  7.543979284
[596]  4.236887089  6.616867072  3.508312249  7.066097569  4.584998399  2.248230056  5.841990013
[603]  5.328426233  1.787327946  5.933360301  1.294989366  6.330305022  8.931527407  8.421052323
[610]  5.893763400  8.332806174  5.783312171  4.919904200  3.877702085  1.825398406  1.205933731
[617]  4.878201802  8.101367216  2.855814259  1.905796697  4.037082484  8.093844951  8.355786073
[624]  6.001227509  7.668692183  5.763009172  7.413633932  8.005401669  0.521317016  7.583778832
[631]  3.857614906  7.393601083  5.169479853  6.621386957  5.404827543  2.500206537  1.668110981
[638]  0.807444411  2.893166908  1.181233247  4.648112067  3.363135414  6.983510076  6.610669062
[645]  4.972290161  2.236820112  0.278850898  1.247399225  0.698424701  4.370060676  0.023894633
[652]  3.642308685  6.867191006  0.140295894  5.219161150  4.283347873  7.138998570  4.429794114
[659]  2.456103254  0.318752892  3.045255616  2.348539606  1.655569842  6.473469240  0.468472836
[666]  4.381513823  2.869703834  4.200001395  5.876096393  3.512050054  0.737786354  5.546878213
[673]  2.650790003  5.612568196  2.242582119  3.993534192  0.221232531  5.680944050  4.132465046
[680]  5.298601844  4.248703146  1.334743794  5.475158904  2.041249758  4.342498826  1.203574120
[687]  4.278238499  1.722045305  4.754403428  3.805670764  2.558099333  1.496436716  4.251692843
[694]  4.915889634  0.446603770  2.178960955  1.244472664  2.238588137  4.177615828  3.886856734
[701]  0.062234142  2.901301843  0.364458079  1.852453864  1.743026680  1.444175259  4.234547592
[708]  0.620447569  1.178640841  3.293097431  4.026683319  0.509054839  2.486235234  1.208992789
[715]  0.139857589  1.277198415  1.308946139  1.709618115  2.996936690  1.200718394  1.351595898
[722]  2.046078239  0.981261563  1.300979878  1.212773563  0.120374848  2.310812918  0.194373649
[729]  1.309795699  0.030285895  1.693746458  1.748527747  0.105359621  0.962866632  0.752812781
[736]  0.999675096  0.175109159  0.172810061  0.301325069

$PAR
  [1]  NA   1   1   1   2   2   2   2   3   3   3   3   4   4   4   4   9   9   9   9   9  17  18
 [24]  19  19  19  20  20  20  20  13  13  13  13   5   5   5   6   6   6   6   6  27  27  27  10
 [47]  10  14  14  14  14  11  11  46  46  46  46  46  46  24  24  24  24  55  55  60  48  48  48
 [70]  66  66  66  66  66  66  66  66  66  66  70  71  71  71  71  43  43  43  43  47  47  47  47
 [93]   7   7   7   7   7  25  36  36  36  36  36  36  12  23  98  98  98  28  28  28  28  28  80
[116]  80  80  80 105 105 105 105 105 119 119 119   8   8  52  52  44  44  56  56  56  57  57  29
[139]  29  29  29 100 100 100  81 124 124 124 124 124 124 101 101 101  72  72 129 127 130 130 130
[162] 130 152 152 152  82 153 146  94  94  94  94 167 167 167 167 167  83  83  61  61  61  61  61
[185]  61 128 128 128 128 102  45  45  45  45  45 116 116  84 163  30  30  85 125 125 198 154 158
[208] 158 158 158 158 136 136 136 136 205 205 120 120 120 173 218 118 118 155 155  49  49  49 180
[231] 180 180 180  37  31  31  31  31  73  73  73  73 212 212 212 212 131 131 131 131 110 110 110
[254] 251 106 121 121 121 121 157 157 157 199 199 254 254 254 182 182 256 256  92  92 145 145 145
[277] 252 252 252 252  50  50  50  50 111 164 164 164 219 219 219  16 103 103 293 293 139 139 249
[300] 249 299 299 281 281 281 285 285 192 192 192 230 297 297 297 282 269 312 312 312 312 312 169
[323]  67  67  32  32 322 322 322 316 316 316 165 327 193 193 317  95 338 338 148 318 328 328 328
[346] 328 328 328 284 292 292 292 292 159 159 133 133 108  74  74 342 342 342 342 286 286 286 286
[369] 207 207 207 253 253 253 258 365 365 356 356 356 227 227 287 369 369 202 202 134  39 271 333
[392] 333 333 112 112 235 235 350 250 335 335 376 376 376 376 266 266 361 361 361 361 240 240 244
[415] 213  40 179 179 386 325 261 261 175 175 156 156 113 113 113 412 122 313 313 313  68  68  68
[438] 362 431 379 379 379 379 406 406 150 354 354 354 394 394 123 123 339 339 375 170 170 170 255
[461] 255 306 294 294 398 398  96  96  96  96  96  96 343 343 343 343 467 467  41  69  69 463 450
[484] 450 310 310 460 216 340  62  62 301 301 303 480 480 465 465 221  33  33 500 461 461 234 234
[507] 144 501 290 420 432 421 421 323 409 464 464 464 359 458 458 389 389 135 520 520 245 245 245
[530] 435 435 459 459 459 349 352 236 236 236 510 532 532 532 487 487 344 540 473 330 330 377 377
[553] 451 422 422 422 422 422 184 516 507 425 554 490 490 490  86 140 140 223 436 555 555 537 525
[576] 556 410 341 341 527 527 527  51 262 262 161 275 276 276 276 176 176 176 568 557 557 210 210
[599] 494 494 570 544 544 544 380 580 416 413 564 569 495 495 495 495 495 495 591 370  75  75 577
[622] 137 608 434 528 439 455 407 387 586 586 551 618 622 622 622 622 628 548 578  63  63 264 264
[645] 264 264 220 246 468 582 595 452 627 438 489 231 188 188 402 497 496 496 496 653 653 634 597
[668] 162 664 607 607 550 579 172 442 545 588 519 519 610 371 371 602 602 626 469 678 674 355 683
[691] 680 680 633 523 523 238 552 478 613 613 288 403 403 397 397 397 466 641 347 542 291 565 481
[714] 676 676  76 700 573 561 404 702 194 194 673 535 691 659 475 538 538 722 543 688 706 307 405
[737] 686 593 324

$EXTANT
  [1] FALSE FALSE FALSE FALSE FALSE FALSE  TRUE FALSE FALSE FALSE FALSE FALSE FALSE FALSE FALSE
 [16] FALSE FALSE FALSE FALSE FALSE FALSE FALSE FALSE  TRUE FALSE FALSE FALSE  TRUE  TRUE  TRUE
 [31]  TRUE  TRUE  TRUE FALSE FALSE  TRUE  TRUE FALSE  TRUE  TRUE FALSE  TRUE  TRUE FALSE  TRUE
 [46]  TRUE FALSE  TRUE  TRUE  TRUE FALSE FALSE FALSE FALSE FALSE  TRUE FALSE  TRUE FALSE FALSE
 [61]  TRUE  TRUE  TRUE FALSE FALSE  TRUE  TRUE  TRUE FALSE FALSE FALSE FALSE  TRUE  TRUE  TRUE
 [76]  TRUE  TRUE  TRUE  TRUE FALSE FALSE FALSE  TRUE FALSE FALSE  TRUE  TRUE  TRUE FALSE FALSE
 [91] FALSE FALSE FALSE  TRUE  TRUE  TRUE  TRUE FALSE FALSE FALSE FALSE FALSE FALSE  TRUE FALSE
[106] FALSE FALSE  TRUE FALSE FALSE FALSE FALSE  TRUE  TRUE FALSE  TRUE FALSE  TRUE  TRUE FALSE
[121]  TRUE FALSE  TRUE FALSE  TRUE  TRUE FALSE FALSE FALSE  TRUE FALSE FALSE FALSE  TRUE  TRUE
[136] FALSE  TRUE FALSE  TRUE FALSE  TRUE FALSE FALSE FALSE FALSE FALSE FALSE FALSE FALSE FALSE
[151]  TRUE FALSE FALSE FALSE  TRUE  TRUE FALSE  TRUE  TRUE  TRUE  TRUE  TRUE FALSE FALSE FALSE
[166] FALSE  TRUE FALSE FALSE FALSE  TRUE  TRUE FALSE  TRUE  TRUE  TRUE  TRUE FALSE FALSE  TRUE
[181]  TRUE  TRUE  TRUE  TRUE  TRUE FALSE  TRUE  TRUE  TRUE FALSE FALSE FALSE FALSE  TRUE FALSE
[196] FALSE FALSE FALSE  TRUE  TRUE  TRUE  TRUE FALSE  TRUE  TRUE FALSE  TRUE FALSE  TRUE  TRUE
[211]  TRUE  TRUE FALSE  TRUE  TRUE  TRUE FALSE  TRUE  TRUE  TRUE  TRUE  TRUE  TRUE  TRUE FALSE
[226] FALSE FALSE FALSE  TRUE  TRUE FALSE  TRUE  TRUE  TRUE  TRUE  TRUE  TRUE  TRUE FALSE FALSE
[241] FALSE  TRUE FALSE  TRUE  TRUE  TRUE FALSE FALSE  TRUE FALSE FALSE FALSE  TRUE  TRUE  TRUE
[256] FALSE FALSE FALSE FALSE FALSE  TRUE FALSE  TRUE  TRUE FALSE  TRUE  TRUE  TRUE FALSE FALSE
[271] FALSE  TRUE  TRUE  TRUE  TRUE  TRUE FALSE FALSE  TRUE  TRUE  TRUE FALSE FALSE  TRUE  TRUE
[286]  TRUE FALSE  TRUE FALSE  TRUE  TRUE  TRUE  TRUE  TRUE  TRUE FALSE  TRUE  TRUE  TRUE  TRUE
[301]  TRUE  TRUE  TRUE FALSE FALSE  TRUE  TRUE FALSE FALSE  TRUE FALSE  TRUE FALSE FALSE FALSE
[316]  TRUE FALSE FALSE  TRUE  TRUE  TRUE FALSE  TRUE  TRUE FALSE FALSE  TRUE  TRUE  TRUE FALSE
[331] FALSE  TRUE  TRUE  TRUE  TRUE FALSE FALSE FALSE  TRUE FALSE  TRUE  TRUE  TRUE  TRUE  TRUE
[346] FALSE  TRUE FALSE  TRUE  TRUE FALSE FALSE  TRUE  TRUE  TRUE FALSE FALSE  TRUE  TRUE  TRUE
[361]  TRUE FALSE  TRUE  TRUE  TRUE  TRUE  TRUE  TRUE  TRUE FALSE  TRUE FALSE  TRUE  TRUE FALSE
[376]  TRUE  TRUE FALSE  TRUE  TRUE  TRUE  TRUE  TRUE  TRUE  TRUE  TRUE  TRUE  TRUE  TRUE  TRUE
[391]  TRUE FALSE  TRUE FALSE FALSE  TRUE  TRUE  TRUE FALSE FALSE  TRUE  TRUE  TRUE  TRUE  TRUE
[406]  TRUE  TRUE FALSE  TRUE FALSE FALSE FALSE FALSE  TRUE FALSE  TRUE  TRUE  TRUE  TRUE FALSE
[421]  TRUE  TRUE  TRUE  TRUE FALSE  TRUE  TRUE  TRUE  TRUE FALSE  TRUE  TRUE  TRUE  TRUE  TRUE
[436]  TRUE  TRUE  TRUE FALSE FALSE  TRUE  TRUE  TRUE FALSE  TRUE FALSE  TRUE  TRUE  TRUE  TRUE
[451]  TRUE  TRUE  TRUE  TRUE  TRUE  TRUE FALSE  TRUE  TRUE  TRUE  TRUE  TRUE  TRUE  TRUE  TRUE
[466]  TRUE  TRUE  TRUE  TRUE  TRUE  TRUE  TRUE  TRUE FALSE  TRUE  TRUE  TRUE  TRUE  TRUE  TRUE
[481]  TRUE  TRUE FALSE  TRUE FALSE  TRUE  TRUE  TRUE  TRUE  TRUE  TRUE  TRUE  TRUE FALSE  TRUE
[496]  TRUE  TRUE  TRUE  TRUE  TRUE FALSE  TRUE  TRUE  TRUE FALSE  TRUE  TRUE FALSE FALSE  TRUE
[511]  TRUE  TRUE  TRUE  TRUE  TRUE  TRUE  TRUE  TRUE  TRUE  TRUE  TRUE  TRUE  TRUE  TRUE  TRUE
[526]  TRUE FALSE  TRUE  TRUE  TRUE  TRUE  TRUE  TRUE  TRUE  TRUE  TRUE FALSE  TRUE  TRUE  TRUE
[541] FALSE  TRUE FALSE  TRUE  TRUE  TRUE FALSE  TRUE FALSE FALSE  TRUE  TRUE  TRUE  TRUE  TRUE
[556]  TRUE  TRUE FALSE  TRUE  TRUE  TRUE FALSE  TRUE  TRUE  TRUE  TRUE  TRUE  TRUE  TRUE  TRUE
[571] FALSE  TRUE  TRUE FALSE FALSE FALSE  TRUE  TRUE  TRUE  TRUE  TRUE  TRUE  TRUE  TRUE FALSE
[586]  TRUE FALSE  TRUE  TRUE  TRUE  TRUE  TRUE  TRUE FALSE  TRUE  TRUE  TRUE FALSE  TRUE FALSE
[601]  TRUE  TRUE  TRUE  TRUE  TRUE  TRUE  TRUE  TRUE FALSE  TRUE FALSE FALSE  TRUE  TRUE  TRUE
[616]  TRUE  TRUE  TRUE  TRUE  TRUE  TRUE  TRUE FALSE  TRUE  TRUE FALSE  TRUE FALSE  TRUE  TRUE
[631]  TRUE  TRUE  TRUE  TRUE FALSE  TRUE  TRUE  TRUE  TRUE  TRUE  TRUE  TRUE  TRUE  TRUE  TRUE
[646] FALSE  TRUE  TRUE  TRUE  TRUE  TRUE  TRUE  TRUE  TRUE  TRUE  TRUE  TRUE  TRUE  TRUE  TRUE
[661]  TRUE  TRUE  TRUE  TRUE  TRUE  TRUE  TRUE  TRUE FALSE  TRUE  TRUE  TRUE  TRUE  TRUE  TRUE
[676]  TRUE  TRUE  TRUE  TRUE  TRUE  TRUE  TRUE FALSE  TRUE  TRUE  TRUE  TRUE  TRUE FALSE  TRUE
[691]  TRUE  TRUE  TRUE  TRUE  TRUE  TRUE  TRUE  TRUE FALSE  TRUE  TRUE  TRUE  TRUE  TRUE  TRUE
[706]  TRUE  TRUE  TRUE  TRUE  TRUE  TRUE  TRUE  TRUE  TRUE  TRUE  TRUE  TRUE FALSE  TRUE  TRUE
[721]  TRUE  TRUE  TRUE  TRUE  TRUE  TRUE  TRUE  TRUE  TRUE  TRUE FALSE  TRUE  TRUE  TRUE  TRUE
[736]  TRUE  TRUE  TRUE  TRUE

