
Birth-death simulation object with 683 species and 500 extant species

Details for some species:

Extinction times (NA means extant)
[1] 82.20490 88.85426 42.40118 74.28396 56.98618       NA


Speciation times 
[1] 94.88953 92.53572 92.06902 89.61553 88.31232 82.29411


Species parents (NA for initial)
[1] NA  1  1  2  3  3


Species status (extinct or extant)
[1] "extinct" "extinct" "extinct" "extinct" "extinct" "extant" 


For more details on vector y, try sim$y, with y one of
TE TS PAR EXTANT



$TE
  [1] 82.2049023 88.8542586 42.4011759 74.2839615 56.9861780         NA 67.1264238 55.3010970
  [9]  1.5415993 21.8433576 17.7902180 80.8884942 72.8231450 15.4707079 64.5625165 35.8189852
 [17] 49.0964551 11.1623133         NA 35.2891613         NA 38.9458216 20.5325101         NA
 [25]         NA 31.5995988 19.3491444         NA  1.4699971  2.4340496         NA         NA
 [33]  8.4343338 22.9396289         NA 17.6538336 49.1202559         NA         NA  0.6583106
 [41]         NA 36.6780224         NA         NA         NA 23.8439509  0.3266264         NA
 [49]  2.4897180         NA         NA         NA  2.1615541         NA         NA  9.1510277
 [57]         NA 43.3099143         NA         NA 44.9484263 15.6487128 19.1099057 23.0065626
 [65]  3.4903056         NA 41.8562483         NA 13.7967703  1.2230615         NA  6.1789030
 [73] 35.5547272         NA 15.5659768 18.7296639 12.2474963         NA         NA 15.8463566
 [81] 37.7418012  5.5097112         NA 20.4787780 11.5850381 25.8690625 21.5722566         NA
 [89]         NA         NA 35.8593002         NA         NA         NA         NA  3.1203995
 [97]  0.4865123         NA 14.9721718  7.6628912  7.4692156 40.1045335         NA  6.1934375
[105] 34.4532819         NA         NA         NA 18.3767583         NA         NA 31.0142239
[113]         NA         NA 31.8380791         NA         NA         NA         NA         NA
[121] 11.6937446         NA  3.2611259         NA         NA  2.0731176         NA         NA
[129]         NA 19.5642891  8.4905772         NA         NA         NA         NA         NA
[137]         NA 15.1401128         NA  2.6060675         NA         NA         NA 15.4259635
[145] 25.6745250 28.4635524 28.9860817  4.2741913 27.5122462 16.4708301 19.6186245         NA
[153] 11.0175942         NA         NA  2.3086762  6.7417539         NA 20.9210558 26.6831127
[161]         NA 11.9091584         NA  1.4145582         NA         NA         NA 10.8065778
[169]         NA         NA 19.2562040         NA         NA         NA 17.7821876         NA
[177]         NA  3.2959583         NA  1.9061906         NA         NA         NA  0.3476752
[185]         NA         NA         NA 12.5770506         NA  4.7842399         NA  4.7477931
[193]         NA         NA         NA         NA 11.0409855         NA         NA         NA
[201]         NA  8.8788212 12.8643241  3.6914148 25.2487740         NA         NA         NA
[209]         NA 10.9865253 17.4364154         NA 18.0239820         NA         NA         NA
[217]         NA  4.5788058         NA         NA 14.6554900 23.0540106 21.5424591 18.2558629
[225]  5.2265807  3.7839419         NA  7.8970375         NA         NA         NA         NA
[233]         NA         NA         NA         NA         NA         NA         NA         NA
[241]         NA         NA         NA  1.9940556         NA 12.6826112         NA         NA
[249]         NA         NA  3.4903557         NA         NA         NA         NA         NA
[257]         NA 10.2399645         NA         NA         NA         NA         NA         NA
[265]         NA         NA         NA  0.1767833         NA         NA         NA 13.8424487
[273]         NA         NA         NA  3.4573128         NA         NA         NA         NA
[281]         NA  0.7746914         NA         NA         NA         NA  4.2876212         NA
[289]         NA 10.9232704         NA         NA  8.1202589         NA         NA 15.3333431
[297]         NA         NA         NA         NA         NA         NA         NA         NA
[305]         NA 13.0531410 12.9271754         NA         NA 16.9173560         NA  1.1003562
[313]         NA         NA         NA         NA         NA  3.8625476         NA         NA
[321]         NA         NA 14.0298800  3.6771225         NA  7.2459936 14.5761010         NA
[329]         NA         NA         NA         NA  0.2881004         NA  7.2868745 13.6505113
[337]         NA  8.0331389         NA         NA         NA         NA         NA         NA
[345]         NA         NA         NA         NA         NA         NA         NA         NA
[353]         NA         NA         NA 15.1421481         NA  0.4757939         NA         NA
[361] 14.1674731         NA         NA 10.7237467         NA 12.4005663         NA         NA
[369]         NA  2.1654819         NA         NA         NA         NA  0.6024779 14.1226107
[377]         NA         NA         NA         NA         NA 14.9397652         NA         NA
[385]         NA         NA         NA         NA         NA         NA         NA         NA
[393]  4.3417381         NA         NA         NA  1.4788227         NA         NA         NA
[401]         NA         NA         NA         NA         NA         NA         NA         NA
[409] 10.9836084  6.6731024         NA         NA         NA         NA         NA         NA
[417]         NA         NA         NA  0.3928637         NA  4.8734444         NA         NA
[425]         NA         NA         NA         NA  7.0855453         NA  1.6104845         NA
[433]         NA         NA         NA  3.3786062         NA         NA         NA         NA
[441]         NA         NA         NA         NA         NA         NA  1.9907442         NA
[449]         NA  7.3910454         NA  6.1149925         NA         NA  0.5829073         NA
[457]         NA         NA         NA  2.0853541  4.1376246  2.8137829         NA         NA
[465]         NA         NA         NA         NA         NA  5.8894396         NA         NA
[473]         NA         NA         NA         NA         NA         NA         NA         NA
[481]  2.5012225         NA  9.9997824         NA         NA         NA         NA         NA
[489]         NA         NA         NA  2.5151270  1.2645150         NA         NA  5.9821124
[497]         NA         NA         NA         NA         NA         NA         NA  0.3315324
[505]  1.7497986         NA         NA         NA         NA         NA  6.1684694  0.7553375
[513]         NA         NA         NA         NA         NA         NA         NA         NA
[521]         NA  0.9090331         NA         NA  6.7757107  1.5565284         NA  1.3795027
[529]         NA         NA         NA         NA         NA         NA         NA         NA
[537]         NA         NA         NA         NA         NA         NA         NA         NA
[545]         NA         NA  2.0470900         NA         NA         NA         NA         NA
[553]         NA         NA         NA         NA  1.1678916         NA         NA         NA
[561]         NA         NA         NA         NA         NA         NA         NA         NA
[569]         NA         NA         NA         NA         NA         NA         NA         NA
[577]         NA         NA         NA         NA         NA         NA         NA         NA
[585]         NA         NA         NA         NA         NA         NA         NA         NA
[593]         NA         NA         NA         NA         NA         NA         NA         NA
[601]         NA         NA         NA         NA         NA         NA         NA         NA
[609]         NA         NA         NA         NA         NA         NA         NA  1.6661920
[617]         NA         NA         NA         NA         NA         NA         NA         NA
[625]         NA         NA         NA         NA         NA         NA         NA         NA
[633]         NA         NA         NA         NA         NA         NA         NA         NA
[641]         NA         NA         NA         NA         NA         NA         NA         NA
[649]         NA         NA         NA         NA         NA         NA         NA         NA
[657]         NA         NA         NA  0.7351635         NA         NA         NA         NA
[665]         NA         NA         NA         NA         NA         NA         NA         NA
[673]         NA         NA         NA         NA         NA         NA         NA         NA
[681]         NA         NA         NA

$TS
  [1] 9.488953e+01 9.253572e+01 9.206902e+01 8.961553e+01 8.831232e+01 8.229411e+01 7.157023e+01
  [8] 6.628957e+01 5.348292e+01 5.050422e+01 4.289752e+01 8.361042e+01 8.249574e+01 7.241151e+01
 [15] 8.084653e+01 6.410188e+01 5.823841e+01 5.546065e+01 5.456431e+01 5.258623e+01 4.368672e+01
 [22] 4.080450e+01 4.050341e+01 3.962591e+01 3.924093e+01 3.813252e+01 3.607203e+01 1.381956e+01
 [29] 1.369229e+01 3.851193e+00 2.604988e+00 2.472824e+00 5.672711e+01 2.358396e+01 5.218235e+01
 [36] 4.519714e+01 5.660499e+01 3.849638e+01 2.218219e+01 2.062260e+01 1.898956e+01 5.308959e+01
 [43] 3.330554e+01 2.348565e+01 4.517923e+01 3.740705e+01 3.278869e+01 2.977154e+01 2.787134e+01
 [50] 4.657601e+00 4.094308e+00 5.243418e+01 2.274012e+01 1.032414e+01 5.305052e+01 5.073344e+01
 [57] 4.870608e+01 4.400015e+01 3.883126e+01 4.591668e+01 4.513243e+01 2.848263e+01 2.416704e+01
 [64] 2.367351e+01 2.028441e+01 8.145272e+00 4.880163e+01 4.772505e+01 3.601545e+01 1.794964e+01
 [71] 1.622966e+01 7.946241e+00 4.126202e+01 2.146646e+01 3.998460e+01 3.822895e+01 3.768637e+01
 [78] 2.945022e+01 1.352491e+01 3.007388e+01 4.350609e+01 4.346432e+01 4.210407e+01 3.905464e+01
 [85] 1.162816e+01 3.801729e+01 2.993533e+01 7.311078e+00 3.884171e+00 1.979889e+00 4.521670e+01
 [92] 3.485982e+01 2.723947e+01 3.283397e-01 3.979988e+01 4.067306e+01 1.778827e+01 3.238411e+01
 [99] 2.501224e+01 1.511771e+01 2.966209e+01 4.118918e+01 2.337000e+01 1.673141e+01 3.561534e+01
[106] 3.317318e+01 1.878501e+01 3.261149e+00 3.172067e+01 3.027705e+01 1.639779e+01 3.829070e+01
[113] 2.150967e+01 3.859829e+01 3.560297e+01 3.210665e+01 3.692722e+00 2.589340e+01 2.510279e+01
[120] 2.438082e+01 2.101587e+01 1.551033e+01 1.173780e+01 8.717714e-01 2.378097e+01 1.022193e+01
[127] 9.944337e+00 4.342815e+00 3.100296e+00 2.234903e+01 1.814845e+01 1.248999e+01 9.819661e+00
[134] 7.676670e+00 1.400523e+01 1.149760e+01 6.957898e+00 2.991581e+01 1.292533e+01 1.173676e+01
[141] 4.095901e-01 2.220956e+01 1.997062e+01 1.980644e+01 3.351032e+01 2.906258e+01 2.970955e+01
[148] 1.319729e+01 3.259292e+01 2.908783e+01 2.827494e+01 2.309237e+01 2.772802e+01 1.698327e+01
[155] 1.405812e+01 1.447971e+01 9.186273e+00 4.021858e+00 2.653212e+01 3.103371e+01 2.453915e+01
[162] 1.441560e+01 8.718376e+00 6.280548e+00 7.261082e-01 2.505864e+01 2.178616e+01 2.988817e+01
[169] 2.569441e+01 1.240415e+01 2.282149e+01 1.191303e+01 1.094898e+01 1.082114e+01 2.963908e+01
[176] 1.125515e+01 2.630149e+01 2.280324e+01 3.017911e+01 1.059323e+01 1.044171e+01 9.989466e+00
[183] 6.877851e+00 2.917566e+01 2.079534e+01 9.711084e+00 2.541449e+00 2.955688e+01 2.045597e+01
[190] 2.088274e+01 1.999492e+01 1.601073e+01 1.203422e+01 2.377019e+00 2.471344e+01 1.933820e+01
[197] 1.651800e+01 1.621645e+01 2.459864e+01 1.937042e+01 2.315347e+01 1.268338e+01 2.256332e+01
[204] 1.396650e+01 2.599358e+01 9.387681e+00 2.659375e+01 2.113777e+01 2.385185e+01 2.296229e+01
[211] 1.919998e+01 2.676992e+01 2.412574e+01 1.027362e+01 1.024073e+01 1.830974e+01 9.000946e+00
[218] 1.648611e+01 1.260826e+01 1.971460e+00 1.993579e+01 2.387966e+01 2.388301e+01 2.054836e+01
[225] 1.725143e+01 1.313779e+01 1.635116e+01 2.123700e+01 1.631448e+01 1.532317e+01 1.245572e+01
[232] 2.158212e+01 1.324836e+01 1.130489e+01 1.724519e+01 1.827794e+01 2.362045e+01 1.426094e+01
[239] 3.580481e+00 9.847270e-01 2.277470e+01 1.094592e+01 9.486382e+00 6.756884e+00 2.298482e+01
[246] 2.415015e+01 2.144139e+01 2.213928e+01 1.924722e+01 1.848362e+01 1.119723e+01 5.016446e+00
[253] 4.690165e+00 9.032514e+00 7.719904e+00 4.088702e+00 2.159633e+01 1.223517e+01 7.806700e+00
[260] 6.612362e-01 1.707788e+01 1.493369e+00 2.022455e+00 1.145759e+01 6.734462e+00 4.519011e+00
[267] 1.537496e+01 3.404172e+00 8.102598e-01 1.631897e+01 1.270342e+01 1.668461e+01 1.657712e+01
[274] 1.287961e+01 4.916103e+00 3.513665e+00 1.545127e+01 1.454185e+01 1.349052e+01 1.004002e+01
[281] 9.622917e+00 6.992699e+00 3.505964e+00 2.726553e+00 2.118023e+01 1.537897e+01 1.442063e+01
[288] 6.622094e+00 1.946772e+01 1.850157e+01 1.605734e+01 1.256932e+00 1.370875e+01 1.255244e+01
[295] 1.796407e+01 1.638828e+01 1.837576e+01 5.481426e-01 1.643040e+01 9.334845e+00 1.058881e+01
[302] 6.134675e+00 6.981574e-01 1.035932e+01 8.367440e+00 1.540068e+01 1.528799e+01 1.159936e+01
[309] 6.364433e+00 1.825664e+01 1.775297e+01 8.849816e+00 9.608579e+00 5.127342e+00 1.050194e+01
[316] 1.991730e+01 1.793547e+01 9.943858e+00 9.764035e-01 1.195267e+01 4.572192e+00 8.262643e-01
[323] 1.436388e+01 8.720851e+00 1.503651e+01 1.167390e+01 1.867150e+01 9.991050e+00 1.589294e+01
[330] 1.477782e+01 4.221308e+00 1.791301e+00 1.781574e+01 1.727126e+01 1.357694e+01 1.812327e+01
[337] 1.714496e+01 1.331095e+01 1.414388e+01 1.408127e+01 1.757346e+01 1.518798e+01 1.806116e+01
[344] 1.673483e+01 5.362301e+00 4.236636e+00 9.114360e+00 5.490852e+00 7.329028e+00 4.099061e+00
[351] 1.342417e+01 1.614604e+01 1.067568e+01 9.955360e+00 2.057224e+00 1.632548e+01 1.485962e+01
[358] 1.060460e+01 1.551421e+01 1.705897e+01 1.674356e+01 2.836670e+00 1.511970e+00 1.620640e+01
[365] 1.011955e+01 1.525984e+01 7.290610e+00 1.165933e+01 1.063872e+01 2.318342e+00 6.075794e+00
[372] 1.523954e+01 1.258271e+01 3.768305e+00 9.835688e-01 1.629599e+01 1.309436e+01 1.255016e+01
[379] 8.548266e+00 7.779429e-01 1.531476e+01 1.531068e+01 9.127457e+00 5.171261e+00 1.221000e+00
[386] 5.439392e+00 3.859007e+00 7.515686e-01 1.009093e+01 4.491708e+00 8.860442e+00 7.917517e+00
[393] 7.808973e+00 5.132890e+00 1.073172e+01 4.125413e-01 1.244383e+01 1.178865e+01 3.724938e+00
[400] 3.202303e+00 8.592167e+00 1.262083e+01 6.266999e+00 1.133984e+01 5.437657e+00 1.157281e-02
[407] 7.629219e+00 4.347815e+00 1.171212e+01 7.431525e+00 1.244915e+01 5.608869e+00 4.087586e+00
[414] 1.952489e+00 1.077908e+00 4.640494e+00 1.250457e+01 7.413717e+00 2.340934e+00 1.056503e+01
[421] 9.939541e+00 7.590337e+00 3.899834e+00 8.213044e+00 4.289503e+00 4.966657e+00 8.132387e+00
[428] 3.942601e+00 8.259916e+00 7.282664e+00 1.206129e+01 4.458741e+00 4.489937e-01 4.135035e-01
[435] 3.256455e+00 1.238845e+01 1.196677e+01 9.903453e+00 3.517980e+00 1.193895e+00 2.625533e+00
[442] 6.216247e+00 3.178063e+00 1.088554e+01 9.499177e+00 9.240700e+00 6.955339e+00 1.016238e+01
[449] 4.679786e+00 8.551866e+00 2.981939e+00 1.148088e+01 4.199086e+00 8.240266e+00 5.915030e+00
[456] 1.062601e+01 6.872383e+00 5.692495e+00 2.258821e+00 7.727925e+00 8.995164e+00 1.139851e+01
[463] 1.061603e+01 9.952525e+00 2.863443e+00 7.800005e+00 6.616122e+00 1.573218e-01 1.011469e+00
[470] 8.900636e+00 8.604395e+00 6.863410e+00 1.862304e-01 3.832967e+00 1.718884e+00 9.957194e-02
[477] 3.481824e+00 9.828701e+00 9.561097e+00 2.270323e+00 7.454605e+00 1.510844e+00 1.043594e+01
[484] 4.667763e+00 1.613983e+00 6.956177e+00 4.621239e+00 8.113281e-01 8.403856e+00 6.618663e+00
[491] 4.142849e+00 3.752059e+00 5.671339e+00 2.086037e+00 9.852993e+00 6.737968e+00 3.063440e-01
[498] 5.314134e+00 3.179428e+00 9.005379e+00 3.426908e-02 6.621958e+00 6.227007e+00 5.444619e+00
[505] 3.586801e+00 9.417996e-01 2.665370e+00 2.304866e+00 7.589901e+00 9.017355e+00 7.265570e+00
[512] 3.943004e+00 4.330910e+00 9.563853e+00 3.143522e+00 4.386579e+00 2.304136e+00 7.865371e+00
[519] 1.938007e+00 7.950006e+00 3.229920e+00 5.033447e+00 2.937892e+00 3.262503e+00 9.426750e+00
[526] 7.312834e+00 8.214255e+00 2.431993e+00 4.661404e+00 4.339399e+00 4.175012e+00 9.326231e+00
[533] 9.242637e+00 7.291659e+00 6.648434e+00 6.545108e+00 5.281199e+00 6.728666e+00 5.790655e-01
[540] 1.261194e+00 8.461699e+00 4.749108e+00 4.708372e+00 7.180540e+00 6.100950e+00 7.269358e+00
[547] 8.451742e+00 6.433927e+00 4.294702e+00 2.665367e+00 1.579557e+00 1.510955e+00 2.170856e+00
[554] 6.879959e-04 4.601654e+00 1.701662e+00 7.729523e+00 5.076415e+00 8.024326e+00 2.310640e-01
[561] 7.600371e+00 7.552681e-01 2.555074e+00 1.813267e+00 4.161810e+00 8.479650e-01 3.130822e+00
[568] 6.715826e+00 6.160788e+00 7.147194e+00 6.105328e+00 5.065780e+00 4.753031e+00 7.830825e-01
[575] 1.753346e+00 4.172083e+00 4.538717e+00 1.092208e+00 2.046942e-01 2.064726e+00 2.249470e+00
[582] 4.950174e+00 7.768223e-01 2.906740e+00 2.095239e+00 1.965760e+00 4.055967e+00 1.545849e+00
[589] 4.451013e+00 3.612787e+00 3.807264e+00 4.055009e+00 4.133998e-03 7.908259e-01 2.734696e+00
[596] 1.168523e+00 2.647629e+00 2.591666e+00 2.435806e+00 2.122654e+00 4.753843e+00 2.250864e+00
[603] 5.395717e+00 3.712351e+00 3.691965e+00 1.908928e+00 8.473925e-01 1.565080e-01 7.101522e-02
[610] 4.774724e+00 2.444335e+00 3.319307e+00 1.540584e-01 3.311485e+00 3.903323e+00 3.926514e+00
[617] 1.245450e+00 4.565189e+00 3.765221e+00 1.262214e+00 3.511375e+00 1.178202e+00 2.389714e-01
[624] 3.785718e+00 3.672424e+00 3.232558e+00 2.311808e-01 1.694280e+00 3.032989e+00 2.809337e+00
[631] 1.091541e-01 3.735103e-01 2.044104e+00 2.323779e+00 2.151151e-01 1.960837e+00 2.290389e+00
[638] 1.257847e+00 1.793762e+00 4.959249e-01 1.359231e+00 1.047014e-01 1.637521e+00 8.712165e-01
[645] 9.364752e-01 3.005613e+00 2.387954e+00 1.204111e+00 3.040343e-01 1.079513e+00 1.136750e+00
[652] 1.143610e+00 1.084002e+00 6.267788e-01 4.077259e-01 2.519480e+00 7.084683e-01 2.456767e+00
[659] 4.929479e-01 2.260709e+00 4.111476e-01 1.746705e+00 1.792532e+00 8.618656e-02 6.722793e-01
[666] 6.573559e-01 1.660043e+00 1.274543e+00 1.204645e-01 1.722967e+00 1.924044e+00 1.782334e-01
[673] 2.470431e-01 2.060731e-01 2.411440e-01 5.295228e-01 4.413593e-01 5.727382e-01 2.961670e-01
[680] 4.679764e-03 4.119545e-01 7.847888e-02 1.142088e-01

$PAR
  [1]  NA   1   1   2   3   3   3   3   3   3   3   4   4   5  13   6   6   6   6   6   6   6   6
 [24]   6   6   6   6   6   6   6   6   6  14  14  16  16  17  33  33  33  33  18  18  18  19  19
 [47]  19  19  19  19  19   9   9   9  42  42  42  42  42  55  55  55  55  55  55  55  20  20  52
 [70]  52  52  52  35  35  56  56  56  56  56  10  67  67  57  57  57  68  68  68  68  68  60  60
 [93]  60  60  91  36  36  45  45  45  21  82  82  82  11  11  83  83  96  96  96  23  23  75  95
[116]  95  95  24  24  24  24  24  24  24  25  25  25  25  25  59  59  59  59  59 114 114 114  38
[139]  38  38  38  76  76  76  86  86  77  77  27  27  27  27  69  69  69  92  92  92 145  43  43
[162]  43  43  43  43 106 106  47  47  47  98  98  98  98 116 116 109 109 110 110 110 110 110 179
[185] 179 179 179  87 138 168 168 168  48  48 101 101 101 101 175 175 188 188  78  78 184 184 150
[208] 150  62  62  62 151 151  49  49 153  93 212 212 212 207 159 177 177 177 177 118 169 169 119
[231] 119 166 166 166  99 195 199 199 199 199 161 161 161 161 120  63  63 223 209 209 209 209 209
[254] 125 125 125 237 237 237 237  44  44 103 201 152 152 245 245 245 210 178  53  53  53  53  53
[277] 203 203 203 142 142 142 142 142  39  39  39  39 248 248 248 248 167 167 257 257 232 232 113
[300] 113  74 247 247 285 285 208 208 208 208  40 189 189  65  65 191 143 143 143 143 316 316 316
[323] 289 289 200 200 196 196 249 249  41 107 290 250 297 216 216 216 236 236 310 131 336 343 343
[346] 295 317 317 333 333  97 341 341 341 341 334 225 225 235 261 261 154 154 344 104 272 273 197
[369] 299 299 111 227 227 227 227 270 229 229 229 229 198 198 198 198 198 352 352 352 291 291 192
[392] 192 329 329 359 277 267 267 267 267 230 381 381 372 342 342 330 330 278 287 238 238 238 238
[415] 238 340 135 135 135 204  29  29  29  79  79 279 351 351 338 233 226 226 377 139 274 402 402
[438] 402 219 294 378 417 132 231 231 411 411 397 397 170 170 258 431 193 437 320 320 320 320 398
[461] 123 140 308 136 136 452 264 264 404 234 234 234 234 176 176 176 174 369 456 456 463 463 180
[484] 180 301 420 420 315 181 181 181 181 304  54 215 215 215 126 126 365 365 389 389 280 328 182
[507] 354 354 464 127 127 127 318 421 421 438 495 478 478 133 133 186 186 281 313 514 445 445 243
[530] 243 243 525 206 206 206 532 446 383 347 254 510 500 500 217 391 324 163 163 163 163 471 471
[553] 379 379 547 489 429 527 424 424 427 427 559 392 518 518 466 255 407 418 418 349 534 534 570
[576] 282 137 137 457 244 265 538 538 568 568 535 502 502 490 467 164 569 569 302 545 545 371 371
[599] 371 458 493 493 412 537 537 314 558 558 582 275 275 542 542 543 484 529 529  50 416 321 390
[622] 390 390 128 128 530 331 453 531 576 565 491 158 512 625 239 439 283 477 524 435 626 400 515
[645] 129 629 451 451 451 465 362 595 284 507 507 441 441 598 563 658 611 528 508 517 581 355  90
[668]  90  90 586 636 668 292 292 617 648 650 666 654 654 298 141 623

$EXTANT
  [1] FALSE FALSE FALSE FALSE FALSE  TRUE FALSE FALSE FALSE FALSE FALSE FALSE FALSE FALSE FALSE
 [16] FALSE FALSE FALSE  TRUE FALSE  TRUE FALSE FALSE  TRUE  TRUE FALSE FALSE  TRUE FALSE FALSE
 [31]  TRUE  TRUE FALSE FALSE  TRUE FALSE FALSE  TRUE  TRUE FALSE  TRUE FALSE  TRUE  TRUE  TRUE
 [46] FALSE FALSE  TRUE FALSE  TRUE  TRUE  TRUE FALSE  TRUE  TRUE FALSE  TRUE FALSE  TRUE  TRUE
 [61] FALSE FALSE FALSE FALSE FALSE  TRUE FALSE  TRUE FALSE FALSE  TRUE FALSE FALSE  TRUE FALSE
 [76] FALSE FALSE  TRUE  TRUE FALSE FALSE FALSE  TRUE FALSE FALSE FALSE FALSE  TRUE  TRUE  TRUE
 [91] FALSE  TRUE  TRUE  TRUE  TRUE FALSE FALSE  TRUE FALSE FALSE FALSE FALSE  TRUE FALSE FALSE
[106]  TRUE  TRUE  TRUE FALSE  TRUE  TRUE FALSE  TRUE  TRUE FALSE  TRUE  TRUE  TRUE  TRUE  TRUE
[121] FALSE  TRUE FALSE  TRUE  TRUE FALSE  TRUE  TRUE  TRUE FALSE FALSE  TRUE  TRUE  TRUE  TRUE
[136]  TRUE  TRUE FALSE  TRUE FALSE  TRUE  TRUE  TRUE FALSE FALSE FALSE FALSE FALSE FALSE FALSE
[151] FALSE  TRUE FALSE  TRUE  TRUE FALSE FALSE  TRUE FALSE FALSE  TRUE FALSE  TRUE FALSE  TRUE
[166]  TRUE  TRUE FALSE  TRUE  TRUE FALSE  TRUE  TRUE  TRUE FALSE  TRUE  TRUE FALSE  TRUE FALSE
[181]  TRUE  TRUE  TRUE FALSE  TRUE  TRUE  TRUE FALSE  TRUE FALSE  TRUE FALSE  TRUE  TRUE  TRUE
[196]  TRUE FALSE  TRUE  TRUE  TRUE  TRUE FALSE FALSE FALSE FALSE  TRUE  TRUE  TRUE  TRUE FALSE
[211] FALSE  TRUE FALSE  TRUE  TRUE  TRUE  TRUE FALSE  TRUE  TRUE FALSE FALSE FALSE FALSE FALSE
[226] FALSE  TRUE FALSE  TRUE  TRUE  TRUE  TRUE  TRUE  TRUE  TRUE  TRUE  TRUE  TRUE  TRUE  TRUE
[241]  TRUE  TRUE  TRUE FALSE  TRUE FALSE  TRUE  TRUE  TRUE  TRUE FALSE  TRUE  TRUE  TRUE  TRUE
[256]  TRUE  TRUE FALSE  TRUE  TRUE  TRUE  TRUE  TRUE  TRUE  TRUE  TRUE  TRUE FALSE  TRUE  TRUE
[271]  TRUE FALSE  TRUE  TRUE  TRUE FALSE  TRUE  TRUE  TRUE  TRUE  TRUE FALSE  TRUE  TRUE  TRUE
[286]  TRUE FALSE  TRUE  TRUE FALSE  TRUE  TRUE FALSE  TRUE  TRUE FALSE  TRUE  TRUE  TRUE  TRUE
[301]  TRUE  TRUE  TRUE  TRUE  TRUE FALSE FALSE  TRUE  TRUE FALSE  TRUE FALSE  TRUE  TRUE  TRUE
[316]  TRUE  TRUE FALSE  TRUE  TRUE  TRUE  TRUE FALSE FALSE  TRUE FALSE FALSE  TRUE  TRUE  TRUE
[331]  TRUE  TRUE FALSE  TRUE FALSE FALSE  TRUE FALSE  TRUE  TRUE  TRUE  TRUE  TRUE  TRUE  TRUE
[346]  TRUE  TRUE  TRUE  TRUE  TRUE  TRUE  TRUE  TRUE  TRUE  TRUE FALSE  TRUE FALSE  TRUE  TRUE
[361] FALSE  TRUE  TRUE FALSE  TRUE FALSE  TRUE  TRUE  TRUE FALSE  TRUE  TRUE  TRUE  TRUE FALSE
[376] FALSE  TRUE  TRUE  TRUE  TRUE  TRUE FALSE  TRUE  TRUE  TRUE  TRUE  TRUE  TRUE  TRUE  TRUE
[391]  TRUE  TRUE FALSE  TRUE  TRUE  TRUE FALSE  TRUE  TRUE  TRUE  TRUE  TRUE  TRUE  TRUE  TRUE
[406]  TRUE  TRUE  TRUE FALSE FALSE  TRUE  TRUE  TRUE  TRUE  TRUE  TRUE  TRUE  TRUE  TRUE FALSE
[421]  TRUE FALSE  TRUE  TRUE  TRUE  TRUE  TRUE  TRUE FALSE  TRUE FALSE  TRUE  TRUE  TRUE  TRUE
[436] FALSE  TRUE  TRUE  TRUE  TRUE  TRUE  TRUE  TRUE  TRUE  TRUE  TRUE FALSE  TRUE  TRUE FALSE
[451]  TRUE FALSE  TRUE  TRUE FALSE  TRUE  TRUE  TRUE  TRUE FALSE FALSE FALSE  TRUE  TRUE  TRUE
[466]  TRUE  TRUE  TRUE  TRUE FALSE  TRUE  TRUE  TRUE  TRUE  TRUE  TRUE  TRUE  TRUE  TRUE  TRUE
[481] FALSE  TRUE FALSE  TRUE  TRUE  TRUE  TRUE  TRUE  TRUE  TRUE  TRUE FALSE FALSE  TRUE  TRUE
[496] FALSE  TRUE  TRUE  TRUE  TRUE  TRUE  TRUE  TRUE FALSE FALSE  TRUE  TRUE  TRUE  TRUE  TRUE
[511] FALSE FALSE  TRUE  TRUE  TRUE  TRUE  TRUE  TRUE  TRUE  TRUE  TRUE FALSE  TRUE  TRUE FALSE
[526] FALSE  TRUE FALSE  TRUE  TRUE  TRUE  TRUE  TRUE  TRUE  TRUE  TRUE  TRUE  TRUE  TRUE  TRUE
[541]  TRUE  TRUE  TRUE  TRUE  TRUE  TRUE FALSE  TRUE  TRUE  TRUE  TRUE  TRUE  TRUE  TRUE  TRUE
[556]  TRUE FALSE  TRUE  TRUE  TRUE  TRUE  TRUE  TRUE  TRUE  TRUE  TRUE  TRUE  TRUE  TRUE  TRUE
[571]  TRUE  TRUE  TRUE  TRUE  TRUE  TRUE  TRUE  TRUE  TRUE  TRUE  TRUE  TRUE  TRUE  TRUE  TRUE
[586]  TRUE  TRUE  TRUE  TRUE  TRUE  TRUE  TRUE  TRUE  TRUE  TRUE  TRUE  TRUE  TRUE  TRUE  TRUE
[601]  TRUE  TRUE  TRUE  TRUE  TRUE  TRUE  TRUE  TRUE  TRUE  TRUE  TRUE  TRUE  TRUE  TRUE  TRUE
[616] FALSE  TRUE  TRUE  TRUE  TRUE  TRUE  TRUE  TRUE  TRUE  TRUE  TRUE  TRUE  TRUE  TRUE  TRUE
[631]  TRUE  TRUE  TRUE  TRUE  TRUE  TRUE  TRUE  TRUE  TRUE  TRUE  TRUE  TRUE  TRUE  TRUE  TRUE
[646]  TRUE  TRUE  TRUE  TRUE  TRUE  TRUE  TRUE  TRUE  TRUE  TRUE  TRUE  TRUE  TRUE  TRUE FALSE
[661]  TRUE  TRUE  TRUE  TRUE  TRUE  TRUE  TRUE  TRUE  TRUE  TRUE  TRUE  TRUE  TRUE  TRUE  TRUE
[676]  TRUE  TRUE  TRUE  TRUE  TRUE  TRUE  TRUE  TRUE

