
Birth-death simulation object with 683 species and 500 extant species

Details for some species:

Extinction times (NA means extant)
[1] 17.90434 65.25544 65.05063 19.73158 18.23921 66.55614


Speciation times 
[1] 84.37426 78.67089 73.26849 50.47722 28.76392 72.47422


Species parents (NA for initial)
[1] NA  1  1  1  1  2


Species status (extinct or extant)
[1] "extinct" "extinct" "extinct" "extinct" "extinct" "extinct"


For more details on vector y, try sim$y, with y one of
TE TS PAR EXTANT



$TE
  [1] 17.9043374 65.2554367 65.0506321 19.7315829 18.2392132 66.5561442         NA 10.9291354
  [9] 39.8889492         NA         NA 27.0592428         NA 11.3824441         NA         NA
 [17]         NA 61.4053069 44.8773276 34.7129793 20.9326148  7.5201329 50.6265348         NA
 [25] 34.1843593 58.6401810         NA         NA 37.5042153 17.8479662 37.7406119 16.0222148
 [33] 15.8749717  5.9244364         NA  2.2965806         NA 21.4458245 16.7814934         NA
 [41] 35.9113941         NA 21.8120597         NA         NA  7.7236412         NA         NA
 [49]         NA         NA         NA         NA         NA 31.2543826 22.7837618         NA
 [57] 11.3252654         NA 32.6063863 28.0005168 25.2195374  2.2330231         NA 12.2783786
 [65] 20.8414858         NA         NA 32.6599366 27.7215106  6.8249000         NA         NA
 [73]         NA 13.4331102         NA         NA  4.5241091         NA         NA 30.3501605
 [81]         NA         NA         NA 22.8137861 23.7244335         NA         NA         NA
 [89] 24.2913439         NA 17.2072288         NA         NA 20.6875256         NA 20.8787776
 [97]         NA  4.3222546         NA  3.0078822 29.0522963         NA 11.4341355         NA
[105]         NA         NA         NA  0.8886529 14.8130218 23.3501716         NA         NA
[113] 25.6292179         NA 30.4646699  9.3986520         NA         NA         NA 18.2856910
[121]         NA         NA  5.6208009 20.3535939         NA         NA         NA         NA
[129]         NA         NA         NA 24.8586398         NA 14.9715458 10.7116754 15.3031749
[137]         NA 10.6332625         NA  9.8995626         NA         NA         NA         NA
[145]         NA         NA         NA  6.9299553  7.6675787         NA  7.8896811         NA
[153]         NA 12.3570675         NA         NA         NA  3.9286860         NA         NA
[161]         NA         NA  4.5752485         NA  7.7507902         NA 21.2905816  6.1089147
[169]  9.8066383         NA         NA         NA  0.8880153  4.5441693         NA         NA
[177]         NA         NA  1.8839246         NA 27.2459864 23.6629965         NA 17.0364329
[185]         NA 16.7046059         NA         NA         NA  4.9017332         NA         NA
[193]         NA         NA  1.7090261         NA 14.3884540 16.6380523         NA         NA
[201] 10.7536981         NA         NA  3.1993193         NA         NA         NA  4.5768356
[209]         NA         NA         NA         NA 15.0267364         NA         NA         NA
[217]         NA         NA  4.9576056  7.5182968         NA 15.3081223         NA         NA
[225]         NA 13.6286513  7.9944429         NA  8.2983410         NA  8.9721541         NA
[233] 17.7723922         NA         NA  8.2128256         NA         NA         NA 17.4202008
[241]  5.0389657         NA         NA         NA         NA  9.8420251         NA 15.7247022
[249]         NA         NA         NA  4.6168087         NA  4.2728452         NA         NA
[257]         NA         NA  1.7594498         NA         NA 12.3352405  1.4401981         NA
[265]  9.9242722         NA         NA         NA  1.3100898  9.5809821         NA 13.3785509
[273]         NA 12.8810775  4.6312444  9.6148719         NA         NA         NA         NA
[281]         NA         NA 17.3676254         NA  8.9855492  8.8297869 13.2929379         NA
[289] 11.4926892 11.3805943         NA         NA         NA         NA         NA         NA
[297] 18.4376823  9.1560809         NA  6.0747232         NA         NA         NA         NA
[305]  2.7929731         NA         NA         NA         NA         NA  2.4870757         NA
[313]         NA         NA         NA         NA         NA 16.9425627         NA  2.4833570
[321]         NA         NA         NA  8.9761769         NA         NA  4.6159901         NA
[329]         NA         NA         NA         NA  3.2250891         NA         NA         NA
[337]         NA         NA         NA  7.2473398         NA  2.9519417         NA         NA
[345]  9.1890642         NA         NA         NA         NA         NA         NA         NA
[353]         NA         NA         NA  7.2005009  4.5708044  7.3133698         NA         NA
[361]         NA         NA 14.6827223         NA  9.6715961  3.9153720         NA         NA
[369]         NA         NA  7.2684464         NA         NA         NA         NA         NA
[377]         NA         NA         NA         NA         NA         NA         NA         NA
[385]         NA  8.2356088         NA 12.5057620  6.2946518  4.7133906  7.5098941         NA
[393]         NA  5.1628385         NA         NA 10.3641269  6.0793365         NA  8.9407951
[401]  6.7459068         NA 10.7303293         NA         NA         NA         NA  7.9607178
[409]         NA         NA         NA         NA         NA         NA         NA         NA
[417]  2.2019629         NA 12.1005889         NA  4.0315751         NA         NA  0.4030059
[425]  2.3250213         NA         NA         NA         NA         NA         NA         NA
[433]         NA         NA         NA         NA         NA         NA         NA         NA
[441]  1.7333235         NA         NA         NA         NA         NA         NA         NA
[449]         NA  3.9311082  0.7292256         NA         NA  5.0966366         NA         NA
[457]         NA         NA         NA         NA  6.1398205         NA         NA         NA
[465]         NA         NA         NA         NA         NA         NA  0.8971553         NA
[473]         NA  0.1736005         NA         NA         NA  2.6369540         NA         NA
[481]         NA         NA         NA         NA         NA         NA         NA         NA
[489]         NA         NA         NA         NA         NA         NA  6.1602319         NA
[497]         NA         NA         NA         NA         NA         NA         NA         NA
[505]         NA         NA         NA         NA         NA         NA  1.2305057         NA
[513]  3.3754283         NA         NA         NA         NA         NA  0.8609853         NA
[521]  0.2353997         NA         NA         NA         NA         NA         NA         NA
[529]         NA         NA         NA         NA         NA         NA         NA         NA
[537]         NA         NA         NA         NA         NA         NA  3.3047250         NA
[545]         NA         NA         NA         NA         NA         NA         NA         NA
[553]         NA         NA         NA         NA         NA         NA         NA         NA
[561]  2.3448145         NA         NA         NA         NA         NA         NA         NA
[569]         NA         NA         NA         NA         NA         NA         NA  4.1056845
[577]         NA         NA         NA         NA         NA  1.3025131  0.7544944         NA
[585]         NA         NA         NA         NA         NA         NA         NA         NA
[593]         NA         NA         NA         NA         NA         NA         NA         NA
[601]         NA  1.1048317         NA         NA         NA         NA         NA         NA
[609]         NA         NA         NA         NA         NA         NA         NA         NA
[617]         NA         NA         NA         NA         NA         NA         NA         NA
[625]         NA         NA         NA         NA         NA         NA         NA         NA
[633]         NA         NA         NA         NA         NA         NA         NA         NA
[641]         NA         NA         NA         NA         NA         NA         NA         NA
[649]         NA         NA         NA         NA         NA         NA         NA         NA
[657]         NA         NA         NA         NA         NA         NA  1.5916959         NA
[665]         NA         NA         NA         NA         NA         NA         NA         NA
[673]         NA         NA         NA         NA         NA         NA         NA         NA
[681]         NA         NA         NA

$TS
  [1] 84.374260443 78.670890394 73.268485239 50.477224740 28.763921590 72.474222768 69.247627816
  [8] 66.262443595 60.468092746 48.286206032 33.636121860 28.437224662 19.515971810 12.694816830
 [15]  1.256097750  0.932791223  0.258065044 65.972269761 64.543637905 57.962398242 25.498278749
 [22] 22.912113993 63.399076146 55.326038470 63.256530195 60.977344012 42.208461653 40.304892491
 [29] 57.086166623 40.131470464 45.323232029 36.554118911 30.779757736 20.307117356 14.433546928
 [36] 10.979147260  5.457175126 47.343915117 39.460560646 22.555006914 47.054331055 43.643611720
 [43] 32.322726524 23.129502819 13.682950224 13.351584940  7.872848121  5.808131175  2.424100262
 [50]  1.428495846  1.331659983  0.680235623  0.362725158 44.601489402 41.437079999 40.673810019
 [57] 43.626986442 41.887930405 37.465661761 43.595823286 37.824812279 21.961012156  2.777912832
 [64] 29.221097751 22.998352352 21.259463158 13.699107880 39.217778294 35.747106404 35.048759735
 [71] 29.161570107 11.408804634  0.987435931 40.251339596 39.288642179 30.456497190 29.439512762
 [78] 29.169530256 25.527055940 38.913341364 38.130064462 13.402290890 11.650781537 29.392416589
 [85] 28.960447603 18.041276767  7.249558353  4.713499019 35.906402132 33.577837724 29.303703968
 [92] 23.532221616 24.691258085 21.105223302 19.470123909 33.163966970 28.791555278  4.682037925
 [99] 38.353572314 34.742507729 33.162990760 31.830000158 25.934167665 17.953167882  7.707241353
[106] 20.963371849  5.604713249 33.003350157 32.074456192 29.075248288 35.044229398 20.737506883
[113] 27.283882087 35.650860894 30.687015068 26.181578024 21.611313585 17.601417482  6.295279839
[120] 34.987863774 11.253288685 10.787316567 25.992046155 22.391066548 20.244114992 19.737074116
[127] 13.115360887  2.888458256  2.834253969  1.014013482 33.866522148 33.022655326 29.737240698
[134] 29.280375250 23.524659339 21.382081619 20.653992778 13.785556618 12.782302642 33.538595348
[141] 31.049146475 30.659702832  9.667271956 32.113149304 26.449628126 13.225902476 27.217798828
[148] 21.466872300 17.284174700  8.159766417 24.807990951 20.538744222 17.386897249 16.834182293
[155] 32.030508356 26.424359018 24.551518885 11.393636372  4.538836353  1.145564927 24.896217289
[162] 21.015310138  6.680170726 29.040381327 26.658557081 14.421098843 28.011551575 25.520351260
[169] 21.998264507 13.153120882 26.419086466 13.829278080 12.177455253  8.024648480  1.516542836
[176]  0.884840782 22.110886476 25.776667246 18.587330604 13.468513020 29.453717031 25.120277175
[183]  3.074285714 22.846342722  8.585041600 25.151766387 24.689658813 21.276142693 19.031598906
[190] 28.879768959 15.635643780 26.131242986 22.770603470 11.502689844  9.599365843  4.241120824
[197] 24.944128317 25.142254331 26.093334388 24.613326188 22.119968550 17.994044752 11.102103589
[204]  4.882587276 24.522338489 21.139995959 16.410104371 25.222010951 12.955311342 10.514409915
[211]  9.983531568  5.504550683 16.917195994 23.389966074 18.345875158 11.665318692  1.919189525
[218] 18.069500870 23.993152456 22.455914926 17.176053856 15.590016783  5.260520438  0.297293076
[225]  0.089231734 18.751481670 12.973366697  9.728987492 23.277145096 19.056205194 16.833760193
[232] 13.073251717 21.284764359  7.267874299  4.436982201 23.116909388 13.350307904  3.121518202
[239] 13.772249819 21.310947321  9.707532175 15.478215584 12.273225471 23.447934064 19.052806907
[246] 17.228878723 13.781117909 23.160918297 21.481255714 14.015052824  0.463834446 20.252967954
[253] 23.654504023 11.570970406  4.669246277  1.128989854  0.641442360 13.788094124 12.897768674
[260] 21.924615384 21.638144122 17.334916282 15.541844822  6.679657639 18.166281870 16.747460557
[267]  7.020965063  2.516861724 17.703192208 13.326687894 23.523193610 15.776223660 23.268905001
[274] 18.152696484  5.868971081 16.562267691  2.874397003 19.767705123 12.661595117 11.826459410
[281] 10.736693026  8.060036397 21.477348599 18.425704492 18.304619104 19.265135244 18.684418184
[288] 17.560393910 22.145710887 19.701836398 19.081011100  9.017486772  7.584888231  1.874289298
[295] 14.458062245  1.048441573 20.654592981 15.716632872 11.192410717 21.277990830 14.413587683
[302] 14.328799977  8.267588781  1.542281716 10.271009123  7.746198990 12.857844398 11.664766539
[309]  6.859449982  3.382132447 13.572487177 11.941713796  6.107925320  3.576781313  3.111782163
[316]  1.539509013 14.532460970 19.694862154 20.153422062  8.569877119  3.755817455  2.733683940
[323] 13.886804787 10.812092178  9.737822806 16.289902298 14.350509544 10.455411238  7.178410039
[330]  4.835745216 16.489414669 12.013618332  4.201057350  2.500480643  0.428755134 15.228543212
[337] 18.467104644 17.908239931  9.967701768 17.492382840 14.067878246 13.333571492 12.653751588
[344]  8.728853464 11.609096459 12.363564416  4.990004452 17.243143980 19.296527164  4.988699532
[351]  1.031091380  0.581922870  5.051519866  2.450783058  1.534144384 15.532700910 18.872186384
[358] 14.099986598  2.652131579 10.143011463 12.382309358  8.010418220 16.562641878  8.000464369
[365] 17.896191641 17.229190185  9.831487868 16.380815507 10.886923337  9.838677542 10.224883801
[372]  0.176389678  8.189854546  6.618108310  0.115225854 12.609205602  9.350229681  7.487382598
[379]  7.163234123  5.768583094  4.057126799  3.309046169 16.072974417 14.768454834  7.229820096
[386] 16.935432998 15.927171267 15.416125603 10.055942372  6.560144041  8.347663774  7.305244890
[393] 15.974938065 15.920174494  7.919184729  4.132890357 16.210205296 10.275255615  3.275576305
[400] 14.736472743 15.567643794 13.062924540 12.870155254  6.595219907  2.534377316  0.843892210
[407]  3.417109435 11.424984079 12.443151686 11.203359900  9.111098761 14.561536216 12.096337040
[414]  8.375093130  5.078594465 14.648436828 14.635907509 13.096924661 12.527107169  2.882620806
[421] 11.080520988  2.246112310 11.919469020  6.007285851  7.175328312  9.966274059  5.313405014
[428]  5.057751672  0.298408093  4.850845548  4.303542838  1.880558348  9.084203476  2.861534231
[435] 13.730195900 13.654972664  6.179619138 11.328048290  7.845119173  2.177159525  7.544683682
[442]  4.998747403  0.691341682 12.681218102  1.577789665  6.128140367 12.942473022  3.777151458
[449]  1.487518693 13.306673232  6.038048657  3.294596494  9.816518101 13.319665097  0.276716749
[456]  9.687390750  8.964665480 12.370501425  7.769512468  3.984728593 12.566307224 12.542241498
[463]  9.561667962  9.641798628  5.641955632  2.895566924  1.733739451 10.852222566 10.416721105
[470] 11.613557946  1.534456976  0.473991236 12.597731723 11.822517138 10.285223914  4.097982208
[477] 10.985961915  8.749243961  1.312894476  7.728688996 11.976043501  5.228310477 10.934322739
[484]  7.482217777  3.990227369  7.328019056  2.693989391  1.954870175  7.698604356  6.063469602
[491]  5.495345073  1.385244212 11.127446099 11.338911540  8.783620604  9.438322138 10.863378176
[498]  6.525619749  3.656726823  9.110026779 10.665825195  6.067655547  4.152350263  3.203444951
[505]  2.061836124 10.099162252  7.935681187  4.054412693  8.386651380  7.074454457  6.666188391
[512]  5.648844351  6.206544063 10.072760470  7.582897352  3.622121191  1.575089516  3.452771109
[519]  2.036971809  5.515117060  1.568871378  7.530676671  7.226274032  3.380266670  7.147693031
[526]  3.469918946  0.631014009  8.433269283  6.512521491  8.959069511  7.332730510  5.638098678
[533]  4.411463233  5.244466695  1.092008390  0.662847202  7.705391776  1.932422035  4.120568528
[540]  8.368328953  6.879840075  5.071449635  3.629148489  6.462317040  5.186529636  3.022019296
[547]  2.970601866  7.004580607  6.807902112  5.561540201  5.141866308  0.134924234  7.658951613
[554]  4.387278059  5.408170753  1.875216671  4.601121642  3.783347351  7.720470628  3.056918099
[561]  2.778403989  6.542409480  2.831089602  5.762187142  3.601252804  6.281791607  3.210055198
[568]  8.158629777  2.578787956  1.400979020  4.303270483  5.628540174  7.989207041  6.310692411
[575]  4.562423337  5.247425413  3.622983956  3.077872895  7.802922777  1.359508192  6.198922740
[582]  4.291617013  7.560145501  1.849784893  4.157175006  2.468016703  6.923255099  5.750293994
[589]  0.996051493  0.454516247  5.759986527  4.311880938  0.071860762  7.035694591  1.091895786
[596]  2.999097740  0.157417573  0.164365101  0.352367777  4.747300355  1.311575256  5.160820031
[603]  4.118018665  4.773529371  5.129213150  2.362947379  5.262618074  0.797635876  0.761863037
[610]  0.569811578  1.849072259  3.265872000  1.881532435  5.906080073  4.761436374  4.151378437
[617]  2.403664624  0.413731972  2.495536997  1.968648109  1.796398358  4.089788251  3.030297394
[624]  0.527412898  3.135050548  4.890487438  3.972159694  0.037615649  3.677118092  2.956400867
[631]  2.870442802  4.535355192  3.633474336  4.749182323  2.004311880  1.491930088  1.457322609
[638]  3.375964482  2.030283759  4.001074881  4.501793766  4.081751741  2.329475275  1.099242882
[645]  2.601239864  2.390221996  2.401290833  2.786070052  2.997430433  2.685392399  0.994662943
[652]  2.176178878  0.843720513  3.947677109  2.016942564  0.437252820  0.279789405  3.497964313
[659]  1.813792653  3.045801764  3.137491357  0.008588582  1.881916828  0.485624595  2.696293899
[666]  0.516327976  0.908849037  2.417728213  2.352262462  0.335378225  0.824333511  0.476528590
[673]  0.424928338  0.662789300  0.532894523  1.467953213  1.509465407  0.934771683  0.873514357
[680]  0.246985455  0.396738046  0.681201018  0.163805907

$PAR
  [1]  NA   1   1   1   1   2   3   7   7   7   7   7   7   7   7   7   7   8   8   8   8   8  18
 [24]  19  23  23  25   9  20  20  24  24  24  24  24  24  24   4   4   4  10  10  10  10  10  10
 [47]  10  10  10  10  10  10  10  38  41  41  31  54  54  42  42  42  42  57  57  57  57  60  27
 [70]  58  58  58  58  55  55  55  55  55  55  56  56  56  56  28  28  28  28  28  74  74  74  74
 [93]  30  39  39  75  75  75  68  80  99  99  99  99  99  81  81  61  61  61  59  32  89  69 114
[116] 114 114 114 114  70  70  70 111 111 111 111 111 111 111 111 100 100 100 100 100 100 100 100
[139] 100 131 131 131 131  11  11  11  90  90  90  90 140 140 140 140  96  96 108 108 108 108  43
[162] 144 144 155 155 155 102 102 102 102 141 141 141 141 141 141  33  76  76  76 133 133 133  77
[185]  77  91 134 134 134  64  64  78  78  78  78  78  71 110 164 164 164 164 164 164  85  97  97
[208]   5 147 147 147 147 145 156 156 156 156 116 192 192 192 192 192 192 192 199 199 199 123 123
[231] 123 123 178 178 178  79  79  79 168  21 208 161 161 151 151 151 151  93  93  93  93 187 200
[254] 157 157 157 157 205 205 219 219 219 219 219 253 253 253 253  92  92 135 135 271 271 271 244
[277] 244 214 214 214 214 214  44  44  44 236 236 236  65  22 184 193 193 193  40  40 289 289 201
[300] 177 177 177 177 177  62 260 261 261 261 261 117 117 249 249 249 249 148 136 240  66  66  66
[323] 206 106 106 112 112 112 137 137 152 152 152 152 152  34 252 252 252 125 125 319 319 319 278
[346] 126 126 318  13  13  13  13 349 349 349 291 245 245 245 189 357 357 226 337 215 265 218  86
[369]  86  86 202 202 104 104 104 118 118 288 288 288 288 288 340 153 153 262 262 149 149 348 366
[392] 366 154 154 266 266 331 326 326 397 383 383 383 383 383 383 387 394 191 191 401 263 263 242
[415] 242 388 336 336 336 336 384 416 412 412 317 295 295  35  35 166 166 166 301 301 327 327 327
[438] 302 358 341 250 250 250 258 247 239 435 435 435  67  67  67 180  82  82 237 342 450 146 170
[461] 418 402 402 227 209 209 209 403 307 139 139 139  14 279 343 343 376 376 473 461 409 409 458
[484] 458 458 346 346 346 243 243 243 243 173 413 413 481 312 423 280 474 216 216 216 194 194  72
[507]  72 158 438 438 438 438 121 410 410 410 410 203 203 421 477  36  36  36 483 497 497 468 122
[530] 281 281 281 281 501 210 328 475 475 305 360 360 367 367 453 325 228 228 456 456 195 463 463
[553] 411 500 292 292 457 457 495 344 185 320 320 528 509 540 540 391 303 568 282 174 362 362 362
[576] 364 395  47 439 439 306 480 105 537 293 583 441 486 486  87 425 379 525 510 267 548 548 587
[599] 309 549 264 374 404 390 562 562 574 574 119 566 581 437 437 313 313 614 380 380 588 588 588
[622] 512 512 107 550 520  37  37 427 602 602 542 542 428 442 442 626 430 430 330 159 641 235 592
[645] 431 582 585 616 476 476 476 640 640 485 485 558 499 565 658 524 638 382 625 238 315 547 434
[668] 129 322 487 650 405 606 669 655 584 521 676 637 595 130 406  53

$EXTANT
  [1] FALSE FALSE FALSE FALSE FALSE FALSE  TRUE FALSE FALSE  TRUE  TRUE FALSE  TRUE FALSE  TRUE
 [16]  TRUE  TRUE FALSE FALSE FALSE FALSE FALSE FALSE  TRUE FALSE FALSE  TRUE  TRUE FALSE FALSE
 [31] FALSE FALSE FALSE FALSE  TRUE FALSE  TRUE FALSE FALSE  TRUE FALSE  TRUE FALSE  TRUE  TRUE
 [46] FALSE  TRUE  TRUE  TRUE  TRUE  TRUE  TRUE  TRUE FALSE FALSE  TRUE FALSE  TRUE FALSE FALSE
 [61] FALSE FALSE  TRUE FALSE FALSE  TRUE  TRUE FALSE FALSE FALSE  TRUE  TRUE  TRUE FALSE  TRUE
 [76]  TRUE FALSE  TRUE  TRUE FALSE  TRUE  TRUE  TRUE FALSE FALSE  TRUE  TRUE  TRUE FALSE  TRUE
 [91] FALSE  TRUE  TRUE FALSE  TRUE FALSE  TRUE FALSE  TRUE FALSE FALSE  TRUE FALSE  TRUE  TRUE
[106]  TRUE  TRUE FALSE FALSE FALSE  TRUE  TRUE FALSE  TRUE FALSE FALSE  TRUE  TRUE  TRUE FALSE
[121]  TRUE  TRUE FALSE FALSE  TRUE  TRUE  TRUE  TRUE  TRUE  TRUE  TRUE FALSE  TRUE FALSE FALSE
[136] FALSE  TRUE FALSE  TRUE FALSE  TRUE  TRUE  TRUE  TRUE  TRUE  TRUE  TRUE FALSE FALSE  TRUE
[151] FALSE  TRUE  TRUE FALSE  TRUE  TRUE  TRUE FALSE  TRUE  TRUE  TRUE  TRUE FALSE  TRUE FALSE
[166]  TRUE FALSE FALSE FALSE  TRUE  TRUE  TRUE FALSE FALSE  TRUE  TRUE  TRUE  TRUE FALSE  TRUE
[181] FALSE FALSE  TRUE FALSE  TRUE FALSE  TRUE  TRUE  TRUE FALSE  TRUE  TRUE  TRUE  TRUE FALSE
[196]  TRUE FALSE FALSE  TRUE  TRUE FALSE  TRUE  TRUE FALSE  TRUE  TRUE  TRUE FALSE  TRUE  TRUE
[211]  TRUE  TRUE FALSE  TRUE  TRUE  TRUE  TRUE  TRUE FALSE FALSE  TRUE FALSE  TRUE  TRUE  TRUE
[226] FALSE FALSE  TRUE FALSE  TRUE FALSE  TRUE FALSE  TRUE  TRUE FALSE  TRUE  TRUE  TRUE FALSE
[241] FALSE  TRUE  TRUE  TRUE  TRUE FALSE  TRUE FALSE  TRUE  TRUE  TRUE FALSE  TRUE FALSE  TRUE
[256]  TRUE  TRUE  TRUE FALSE  TRUE  TRUE FALSE FALSE  TRUE FALSE  TRUE  TRUE  TRUE FALSE FALSE
[271]  TRUE FALSE  TRUE FALSE FALSE FALSE  TRUE  TRUE  TRUE  TRUE  TRUE  TRUE FALSE  TRUE FALSE
[286] FALSE FALSE  TRUE FALSE FALSE  TRUE  TRUE  TRUE  TRUE  TRUE  TRUE FALSE FALSE  TRUE FALSE
[301]  TRUE  TRUE  TRUE  TRUE FALSE  TRUE  TRUE  TRUE  TRUE  TRUE FALSE  TRUE  TRUE  TRUE  TRUE
[316]  TRUE  TRUE FALSE  TRUE FALSE  TRUE  TRUE  TRUE FALSE  TRUE  TRUE FALSE  TRUE  TRUE  TRUE
[331]  TRUE  TRUE FALSE  TRUE  TRUE  TRUE  TRUE  TRUE  TRUE FALSE  TRUE FALSE  TRUE  TRUE FALSE
[346]  TRUE  TRUE  TRUE  TRUE  TRUE  TRUE  TRUE  TRUE  TRUE  TRUE FALSE FALSE FALSE  TRUE  TRUE
[361]  TRUE  TRUE FALSE  TRUE FALSE FALSE  TRUE  TRUE  TRUE  TRUE FALSE  TRUE  TRUE  TRUE  TRUE
[376]  TRUE  TRUE  TRUE  TRUE  TRUE  TRUE  TRUE  TRUE  TRUE  TRUE FALSE  TRUE FALSE FALSE FALSE
[391] FALSE  TRUE  TRUE FALSE  TRUE  TRUE FALSE FALSE  TRUE FALSE FALSE  TRUE FALSE  TRUE  TRUE
[406]  TRUE  TRUE FALSE  TRUE  TRUE  TRUE  TRUE  TRUE  TRUE  TRUE  TRUE FALSE  TRUE FALSE  TRUE
[421] FALSE  TRUE  TRUE FALSE FALSE  TRUE  TRUE  TRUE  TRUE  TRUE  TRUE  TRUE  TRUE  TRUE  TRUE
[436]  TRUE  TRUE  TRUE  TRUE  TRUE FALSE  TRUE  TRUE  TRUE  TRUE  TRUE  TRUE  TRUE  TRUE FALSE
[451] FALSE  TRUE  TRUE FALSE  TRUE  TRUE  TRUE  TRUE  TRUE  TRUE FALSE  TRUE  TRUE  TRUE  TRUE
[466]  TRUE  TRUE  TRUE  TRUE  TRUE FALSE  TRUE  TRUE FALSE  TRUE  TRUE  TRUE FALSE  TRUE  TRUE
[481]  TRUE  TRUE  TRUE  TRUE  TRUE  TRUE  TRUE  TRUE  TRUE  TRUE  TRUE  TRUE  TRUE  TRUE FALSE
[496]  TRUE  TRUE  TRUE  TRUE  TRUE  TRUE  TRUE  TRUE  TRUE  TRUE  TRUE  TRUE  TRUE  TRUE  TRUE
[511] FALSE  TRUE FALSE  TRUE  TRUE  TRUE  TRUE  TRUE FALSE  TRUE FALSE  TRUE  TRUE  TRUE  TRUE
[526]  TRUE  TRUE  TRUE  TRUE  TRUE  TRUE  TRUE  TRUE  TRUE  TRUE  TRUE  TRUE  TRUE  TRUE  TRUE
[541]  TRUE  TRUE FALSE  TRUE  TRUE  TRUE  TRUE  TRUE  TRUE  TRUE  TRUE  TRUE  TRUE  TRUE  TRUE
[556]  TRUE  TRUE  TRUE  TRUE  TRUE FALSE  TRUE  TRUE  TRUE  TRUE  TRUE  TRUE  TRUE  TRUE  TRUE
[571]  TRUE  TRUE  TRUE  TRUE  TRUE FALSE  TRUE  TRUE  TRUE  TRUE  TRUE FALSE FALSE  TRUE  TRUE
[586]  TRUE  TRUE  TRUE  TRUE  TRUE  TRUE  TRUE  TRUE  TRUE  TRUE  TRUE  TRUE  TRUE  TRUE  TRUE
[601]  TRUE FALSE  TRUE  TRUE  TRUE  TRUE  TRUE  TRUE  TRUE  TRUE  TRUE  TRUE  TRUE  TRUE  TRUE
[616]  TRUE  TRUE  TRUE  TRUE  TRUE  TRUE  TRUE  TRUE  TRUE  TRUE  TRUE  TRUE  TRUE  TRUE  TRUE
[631]  TRUE  TRUE  TRUE  TRUE  TRUE  TRUE  TRUE  TRUE  TRUE  TRUE  TRUE  TRUE  TRUE  TRUE  TRUE
[646]  TRUE  TRUE  TRUE  TRUE  TRUE  TRUE  TRUE  TRUE  TRUE  TRUE  TRUE  TRUE  TRUE  TRUE  TRUE
[661]  TRUE  TRUE FALSE  TRUE  TRUE  TRUE  TRUE  TRUE  TRUE  TRUE  TRUE  TRUE  TRUE  TRUE  TRUE
[676]  TRUE  TRUE  TRUE  TRUE  TRUE  TRUE  TRUE  TRUE

