
Birth-death simulation object with 688 species and 500 extant species

Details for some species:

Extinction times (NA means extant)
[1] 83.08620       NA 23.75620 88.20285       NA       NA


Speciation times 
[1] 99.04904 92.38161 90.78308 89.60342 55.68993 15.41323


Species parents (NA for initial)
[1] NA  1  2  2  2  2


Species status (extinct or extant)
[1] "extinct" "extant"  "extinct" "extinct" "extant"  "extant" 


For more details on vector y, try sim$y, with y one of
TE TS PAR EXTANT



$TE
  [1] 83.0861979         NA 23.7561963 88.2028468         NA         NA 78.4326239 19.3776676
  [9] 57.2668862 32.3540615         NA         NA 76.0929325 77.0174141 74.3749398 73.6480656
 [17] 21.2293604 36.0166559 16.0173562  6.4744808 41.1937032 12.0592932         NA         NA
 [25]         NA         NA         NA  2.8071684 26.5623146         NA 41.0427904 40.2137749
 [33]         NA 43.8531494 26.2073414 34.5895497 22.9281596         NA         NA 14.5981635
 [41] 11.0212934 30.2187444         NA         NA 46.0176895 33.8374536         NA 19.2894458
 [49]         NA         NA 22.6333504 21.1889438 19.5315645         NA         NA         NA
 [57] 23.4213956 10.3888387         NA  9.1449154 45.9058036 28.2742601         NA 32.7500131
 [65] 26.3685082         NA 25.0076819 22.7364381 25.9435401         NA         NA 19.1763339
 [73]         NA 25.8620773 16.3084945 15.7726854         NA         NA 25.9416117         NA
 [81]         NA 17.3872172         NA         NA         NA 27.4419566 39.9129713         NA
 [89]         NA 20.5000913 13.3977486 15.5450847 21.5122593 29.5031695         NA         NA
 [97] 29.3016006         NA         NA         NA  3.8114760 29.9053562         NA  5.1454233
[105]         NA         NA 21.4801223 19.8720411         NA         NA         NA 17.0808804
[113]         NA         NA 29.4974262         NA 29.4219204         NA         NA         NA
[121] 19.0037937 19.2536284  1.8162401  4.8895335         NA         NA         NA 24.6793443
[129]  0.9578389         NA         NA         NA 18.3768919         NA         NA         NA
[137]         NA         NA         NA 26.5732238 13.5148247         NA 17.9755756         NA
[145]         NA         NA  4.9907547         NA         NA 12.3201585         NA         NA
[153]         NA 20.6896071         NA         NA         NA         NA         NA  4.9534634
[161]         NA         NA         NA         NA         NA 14.0362904         NA  7.2092418
[169]         NA         NA         NA  3.6203338         NA 12.9441895         NA         NA
[177]         NA  5.9763191         NA  3.9325290         NA         NA         NA         NA
[185]  0.8998550         NA  0.8489863         NA  7.0384381  0.6781139         NA 18.5187733
[193]         NA  4.5616905         NA         NA         NA         NA  2.8344416         NA
[201]         NA         NA         NA  2.1306842 12.9907807         NA  6.2452617         NA
[209]         NA         NA         NA  6.7213195         NA  4.0110118         NA         NA
[217]         NA         NA 11.4451262 12.8915858         NA         NA         NA         NA
[225] 22.0147237  3.2602654         NA         NA         NA 12.3708861         NA         NA
[233]         NA  0.7535001  4.8058625         NA         NA  0.7432447         NA         NA
[241] 16.5639639         NA         NA         NA  3.6787181         NA         NA  5.1293530
[249]         NA 20.8931666         NA         NA         NA         NA  4.3609020         NA
[257]         NA  6.5442054         NA 17.4777028  9.2301291         NA  7.3619222         NA
[265]         NA 11.0623954         NA         NA         NA         NA         NA         NA
[273]         NA         NA 10.5324114         NA         NA         NA         NA 11.8493549
[281]         NA 13.5440155 14.8303050         NA         NA  8.5478834         NA         NA
[289]         NA         NA  6.2223732         NA         NA         NA         NA  2.3328251
[297]         NA         NA         NA         NA         NA         NA         NA  5.5017716
[305]         NA         NA         NA 10.4131893  2.0906605         NA         NA         NA
[313]  2.4045600         NA         NA 11.2053686 11.7424556         NA         NA  1.9906172
[321]  2.6518504         NA         NA         NA         NA         NA         NA  5.3002709
[329]         NA         NA         NA 11.9511748  7.8427358 13.0828083  8.3319697         NA
[337]         NA         NA         NA         NA  7.8861864  8.0083600         NA         NA
[345]         NA         NA         NA         NA  0.5152829         NA         NA         NA
[353]         NA         NA         NA         NA         NA         NA  1.8019370         NA
[361]         NA         NA         NA  7.7190182         NA         NA         NA         NA
[369]         NA         NA         NA         NA  1.6526508         NA         NA 11.5708063
[377]         NA         NA         NA         NA 10.9789263         NA         NA         NA
[385]         NA         NA         NA         NA         NA  3.4372210         NA         NA
[393] 11.8871797  3.8614930         NA         NA         NA  6.1580976  4.2337161         NA
[401]         NA         NA         NA         NA  8.0334142  2.3370013         NA         NA
[409]         NA 10.3882840  2.5122347         NA         NA         NA  4.8311326         NA
[417]         NA 10.8867579         NA         NA  0.3626627         NA         NA         NA
[425]  0.8162543         NA  5.9964623  8.6081521         NA         NA  4.7475243         NA
[433]  1.8110016         NA  9.1773220         NA         NA         NA         NA         NA
[441]         NA         NA         NA         NA         NA         NA  3.0841524         NA
[449]         NA         NA         NA         NA         NA         NA         NA         NA
[457]         NA         NA         NA         NA         NA         NA  0.1054132         NA
[465]  4.9299225         NA         NA         NA         NA         NA         NA         NA
[473]  0.3988427         NA         NA         NA         NA  4.8456226  4.8217148         NA
[481]         NA         NA         NA         NA         NA         NA         NA         NA
[489]         NA         NA         NA         NA         NA         NA         NA         NA
[497]         NA         NA         NA  0.7425443         NA         NA         NA         NA
[505]  4.0922392         NA  6.5535790         NA         NA         NA         NA         NA
[513]         NA         NA         NA  7.2255246         NA         NA  2.3795631         NA
[521]  0.2568599         NA         NA  6.2139935         NA         NA         NA         NA
[529]         NA         NA         NA         NA         NA  5.0560819         NA         NA
[537]         NA         NA         NA         NA         NA         NA         NA         NA
[545]         NA         NA         NA         NA         NA         NA  0.7847548         NA
[553]         NA         NA         NA         NA         NA         NA         NA  2.0891820
[561]         NA         NA         NA         NA         NA         NA         NA  1.9716532
[569]         NA         NA         NA         NA         NA  3.2312082         NA         NA
[577]  4.3101295  1.1179887         NA         NA         NA         NA         NA         NA
[585]         NA         NA         NA         NA         NA         NA  0.3450363         NA
[593]         NA         NA         NA         NA         NA  5.3215266         NA         NA
[601]         NA  5.0159623         NA         NA         NA         NA         NA         NA
[609]         NA         NA         NA         NA         NA         NA         NA         NA
[617]         NA         NA         NA         NA         NA         NA  3.0590835         NA
[625]         NA         NA         NA         NA         NA         NA         NA         NA
[633]         NA         NA         NA         NA         NA         NA         NA         NA
[641]         NA         NA         NA         NA         NA         NA         NA         NA
[649]         NA  0.5744777         NA         NA         NA  0.1359758         NA         NA
[657]         NA         NA         NA         NA         NA         NA         NA         NA
[665]         NA         NA         NA         NA         NA         NA         NA         NA
[673]         NA         NA         NA         NA         NA         NA         NA         NA
[681]         NA         NA         NA         NA         NA         NA         NA         NA

$TS
  [1] 99.04903655 92.38160535 90.78308358 89.60341631 55.68992681 15.41323425 83.69095997
  [8] 75.12987249 60.32943361 55.50989699 55.26160135 39.34588860 83.28298394 79.83287543
 [15] 78.69968087 77.85877011 76.78508519 71.57715213 65.50439898 54.11743173 50.89543904
 [22] 31.38707831 25.17555843 41.39336110 35.07280015 28.36268704 28.20616961 27.99036761
 [29] 27.32428488 24.04436090 69.24868410 57.15038376 51.25304720 49.63048737 40.71159480
 [36] 61.07456184 57.56421425 27.54801520 19.88132645 36.26372803 59.99163021 57.46062940
 [43] 29.21749371 13.16898589 51.49301062 45.15528065 49.91147547 30.36703098 12.87059057
 [50]  9.92262641 34.75735188 48.21327399 34.88569212 23.37638625 16.91702540 41.10514996
 [57] 25.04589409 20.68255611 19.78081127 14.01689766 48.50785663 47.02457630 36.21960605
 [64] 34.34605304 27.07277116  0.25858907 39.36068451 38.40672063 26.17476277 23.95504686
 [71] 44.18663543 29.04517464 24.24279488 41.22740228 24.17981895 16.40118235 11.95202374
 [78]  3.57287080 36.02936823 35.96643080 34.48363019 25.21920135 13.00738528 12.51887013
 [85]  4.62201940 34.04194079 40.39471972 35.57159147 25.93832403 23.97513729 33.46238776
 [92] 32.97581439 32.32963118 30.68308877 29.44422034 37.59602795 36.67947428 25.47059868
 [99]  6.97243547  0.33350265 36.85307871 32.89798784 13.72796333  8.42301540 28.13068305
[106] 10.45587989 35.57287551 24.08568065 20.35844998 35.69578123 22.96125304 17.61381617
[113]  3.62248634  1.57181703 31.47222064 26.13950233 30.08703005 15.63049954 35.07104667
[120] 31.38643324 26.00880804 25.51495222 22.59558145 30.64188112 11.84608374  8.38438109
[127]  7.84537766 34.05783201  9.02249773  2.75913113  2.54014548 28.93829986 26.98094408
[134] 14.42691132  5.75844191  3.19667095 24.13426265 32.71906899 29.97410609 28.70996187
[141] 24.51186412 23.98171437 32.88258261 24.82781465 21.13269635 18.65970560 31.10636376
[148] 26.06906006 22.12965982 21.08090663 10.80314114  5.72180662 30.66918395 29.04832765
[155] 19.78145612 19.25222750 14.92122428 19.06409092 14.93768360 21.20247390  6.53511640
[162]  7.83019492  9.67612243  7.37831856  5.11599309 25.82797108 14.61111078 13.59006722
[169]  9.45397954  5.43672483 23.21505470 21.32089352 11.11986686 20.23255071  7.32156881
[176]  3.73387637  1.18444728 20.44032660 26.17937908 27.22999850 19.25033709 12.28533532
[183]  8.74317421  5.10016816  9.73561571 27.10005912 12.61241547 27.32323103 12.23403473
[190] 11.87084314  3.68017549 20.89526464 20.42972850  9.49155845  7.77328765 13.79343189
[197] 11.06685365 10.22674550 24.11595979 13.36485184 11.67141908  6.21331215  4.66246397
[204] 23.37806027 22.56308716 22.49824403 19.59431922 10.03812777  8.45044028 26.10517444
[211] 21.78438022 21.23770778 11.27861807  7.94318603  7.46855746  3.13079129 22.46031238
[218] 22.22397743 12.78143351 14.33165099 10.64028103  7.12084405  6.70682731  6.52898055
[225] 25.83925271 20.20062967  3.67849877 22.22819169 23.55945735 18.46886245 25.11591346
[232] 15.87633460 10.68079827  3.07107215 22.62004259 19.21952095 10.41026563  6.07127191
[239]  2.62396261 21.79827561 17.79955491 21.24737491 19.31457246 24.01896703 17.90558064
[246] 10.16065879  9.74034344 16.50744435  5.62057891 21.72594313 16.85601321 11.17755458
[253] 10.90038273  8.33550459 10.93460068  5.62416184  0.21565635 23.67304242 22.14730727
[260] 23.30141933 12.04039455 11.42343764  7.50353629 17.24812506 15.37253523 13.10912574
[267]  0.90009931 19.18170123  4.99311077 22.02287261 20.68983769 11.61579150 11.00475586
[274] 19.43724607 14.06177481 10.77744587  7.64322815  6.06879565  5.19159805 16.44642638
[281] 13.45476612 22.21126061 16.34394361  3.28780327  0.31050479 20.52852000 13.99597259
[288]  2.02761811  1.41132613 17.97002267 12.87152494  7.75135666  2.85831272  0.90743783
[295] 16.13183652 20.74730131  3.64562092  0.24606324  7.49594904  0.20399782  6.68451686
[302]  6.57716259  8.90076348  7.42204748 21.23109843 20.24817297 19.48548975 19.31534705
[309] 11.75526211  3.45843039  3.41466087 18.39659486 12.51383514  8.74239572 17.87990644
[316] 16.76855555 15.27302485 10.83400084 12.14157077 11.70022393  7.20550601 16.79081252
[323] 13.79203638 10.77519478  4.32513315  2.60861613 17.26586745 11.13918289  3.87765921
[330] 10.18379903 20.27837174 13.19116351 12.42846579 14.16381604 13.81483680  6.49947192
[337]  3.51513028  1.56844204  1.15876139 11.74547326  8.34431232 14.23799640  9.25884730
[344]  3.37175732  2.51979777 14.38955218 19.79959071  9.34320637  9.08396855  4.11519435
[351] 13.30250361  8.61088134 13.37024233  8.99415485  4.49890464 13.62137673 11.04463845
[358] 16.01679311 13.42164768  3.59277508  3.37765187 13.95362167 16.08471400 15.00844809
[365] 19.27330576 18.61453153 10.13755433  6.15708545  4.79494630  3.20969159  4.03818122
[372]  1.90763551 17.10555410 13.55476660  4.68595847 13.08038252 17.21243871  6.57896482
[379]  4.38405246 17.62940100 11.65949028  5.14791494 16.98671980  7.26325903  4.93832570
[386]  4.88683741 17.19089486  5.55641532  1.34349752 10.31124807  7.92268590  7.82577189
[393] 16.94821415 11.96789579  9.52619978  0.23138951 11.26325662  9.04508788  7.89292128
[400]  2.78895875  2.39022578 13.39479747  7.34045957  0.23945050 15.02660759 10.20309269
[407] 13.43637580 11.76573369  4.51394291 13.85343955 10.59685384  6.11402428  1.30898413
[414] 14.96360476 12.96324985 13.65525004  6.09652738 16.05666784  8.11423843  3.15884544
[421]  1.88962273 14.55714758 10.92142690  3.39798492 14.39898158 12.73150697 12.84100257
[428] 12.64176283  0.07880807  5.11708040 10.14944500  8.63881149  5.39607692 10.29781593
[435]  9.23858086  3.80294703  3.41132126 13.21167301  1.56634747 10.11226605 10.35271769
[442] 11.22949206 10.68814271  2.91814014  2.11454545  8.95400271 11.49435756 11.17403218
[449] 11.65415520  2.95890925  7.59676751 10.08841765 10.48881914  5.25765637  0.31151588
[456]  9.54329168  7.95702923  5.62247436  4.40158500  0.82190054  1.52612599 12.61123102
[463]  5.22585130  8.25865446 11.65513740  8.58092417  3.65632886  8.23616795  3.81318118
[470]  8.41040335  7.27794801  3.62349048  6.42222947  3.34626497  7.39002293  4.57078359
[477]  4.31187836 11.42942552  5.10033133  4.11733885  7.28359938  2.92980835  4.70251135
[484]  9.00366044  8.98407991  3.94006931  2.96731257  4.66837095  0.14664446  5.16573970
[491]  0.44420931  9.25905185  1.11593572  0.32587549  3.66108873 10.42308433  7.12417231
[498]  9.09437524  5.12113203  6.79396619  6.17854919  0.02641687  7.59754349  7.49490638
[505]  8.55858059  1.43833062  8.39274705  6.29128702  5.88414301  4.24513928  8.52051902
[512]  3.22108925  0.91617624  9.89502175  0.19987353  9.92846375  2.59268373  5.48672112
[519]  9.75508516  6.25569221  1.36397331  8.31281177  8.24236242  9.14726625  8.50729799
[526]  4.71674018  6.25725035  8.07011473  3.17862813  8.17129989  9.64747723  8.52787822
[533]  9.36311735  7.95275029  7.47431070  6.08159958  0.42979674  5.47596863  5.39278298
[540]  2.67105551  5.90589170  4.79056140  2.46971939  3.72248480  1.26233832  5.68235729
[547]  1.94071582  1.44892821  0.82538002  1.54464095  1.10886887  6.94951236  4.63849628
[554]  5.46807746  5.20849581  4.05459059  7.22109810  3.22996308  1.88687031  4.16986723
[561]  2.97579955  6.33773533  4.00378191  1.77736998  5.35142771  5.68089035  3.57410175
[568]  7.35362670  7.26183722  5.76709175  7.57508903  7.21934963  4.31532015  7.28257693
[575]  2.26451365  3.31969578  7.06291733  2.88540401  2.64778741  3.06761823  5.58112554
[582]  2.48165390  6.70342326  2.02738752  3.50534944  3.38279992  7.17599750  4.78657677
[589]  1.35898046  4.36434836  2.45421136  5.82581337  5.03000247  0.12328934  5.40861627
[596]  0.26579107  4.56021812  5.36169473  4.29746321  3.20314465  5.49599968  5.34064556
[603]  1.04825677  1.69222958  3.20742044  1.22053760  1.15968689  5.48670177  3.28908484
[610]  6.01211808  4.16051864  3.54191956  0.94623666  4.45025062  2.90990660  1.25681984
[617]  4.17363307  2.04651385  5.32174671  5.14510834  1.94750408  4.55321591  3.18091804
[624]  3.15134638  0.65214528  1.91731707  5.03808050  0.31027454  3.95724408  4.55474872
[631]  2.21441992  1.63705912  4.13656978  3.50512886  0.12310375  3.28180169  2.60381410
[638]  1.41160672  1.37825739  0.35027873  2.02810609  1.24412366  1.46852754  3.04563864
[645]  2.24913044  3.00651050  1.44791332  3.69221408  0.71247934  2.16043333  0.78660281
[652]  2.62479771  0.38734407  1.31711215  3.34082235  2.79813964  0.75968357  1.85520038
[659]  2.12711645  0.58392957  0.25713253  3.00649433  1.98174227  0.78345509  0.65253944
[666]  2.84218583  2.01517818  0.10966870  1.69018752  2.64924432  1.43374223  0.16278992
[673]  2.36739334  0.52282730  1.36796594  1.87243694  1.99958460  0.76662916  0.56014560
[680]  1.82453535  0.26761349  0.68996430  1.82765121  0.08766003  0.82459312  0.37201398
[687]  1.13080559  0.25110332

$PAR
  [1]  NA   1   2   2   2   2   3   3   3   3   3   3   7   7   7  15  15  17  17  17  17  17  17
 [24]   8   8   8   8   8   8   8  18  18  18  18  18  19  19  19  19  36   9   9  41  41  37  32
 [47]   5   5   5   5  10  11  11  11  11  20  20  20  20  20  45  45  33  33  33  33  47  47  47
 [70]  47  34  52  52  46  71  71  71  71  24  24  24  24  24  24  24  74  56  56  56  56  35  35
 [93]  35  35  35  67  67  12  12  12  96  96  96  96 101 101  40  40  40  63  63  63  63  63  79
[116]  79  80  80 110 110 110 107 107  88  88  88  88  25  25  25  25 119 119 119 119 119  81 128
[139]  86  86  91  91  92  92  92  92 102 143 143 143 138 138 115  22  22  22  22 120 120 147 147
[162] 153 124 124 124 139 139 139 139 139  95  95  95  43  43  43  43  72 132  26  26  26  26  26
[185]  27 105 105  28  28  28  28  38  38  38 188 180 180 180 186 186 186 186 186 133 133 133 179
[208] 179 179  69 116 116 116 116 116 116 210 210 210 148 148 148 148 148  89  89  89 225 166 166
[231]  98  98  98  23 231 231 231 231 231 141 141  73  73  75 137 137 137 199 199 108  30  30  30
[254]  30 244 244 244 142 142  90  70  70  70 258 258 229 229 204 204  54 171 171 171 235 235 235
[277] 235 235 235 123 123 205 206 206 206 217 217 217 217 218 218 218 218 218 282 259 259 259 149
[300] 149 270 270 240 240 211 211 211 211 172 242 242 212 212 212 160 160 160 160 145 145 145 296
[323] 296 296 296 296 271 271 271 286 178 178 178 193 193 193 193 193 193 109 331 306 306 306 306
[346] 174 226 226 226 226  39  39 347 347 155  59  59 207 207 307 307 274 308 308 243 156 156 156
[369] 156 181 236 236 268 268 268 158 312 312 312 290 290 290 245 245 315 315 241 380 380 327 327
[392] 327 264 264 264 264 377 377 377 377 377 387 387 387 373 383  55  55  55 251 251 251 251 322
[415] 280 295 295 363 358 232 118   6 265 265 405 364 414 414 414 159 157 157 167 422 134 425 346
[438] 287 287 362 196 416 356 356 356 168 374 374 281 281 407 359 402 353 353 200 200 200 200 200
[461] 351 266  83 415  49  49 187 462 313 333 182 319  77 125 408 309 309 201 201 272 478 262 213
[484] 397 397 397 442 252 252 173 173 197 197 357 273 255 253 151 151 276 276 276 324 443 221 221
[507] 453 496 496 496 237 237 441 434 198 406 406 330 246 246 246 440 440 452 452 452 208 514 514
[530] 247 185 163 531 531 531 531 456 395 194 169 348 343 498 349 349 129 484 484 485 446 446 303
[553] 303 183 352 352 511 525 470 126 126 254 523 523 468 530 457 534 214 214 399 399 399 127 127
[576] 162 392 392 392 195 292 277 503 451 571 299 475 475 164 403 403 175 175 481 384 569 557 572
[599] 572 321 552 552 552 500 301 378 378 161 473 368 368 278 541 546 546 566 256 581 388 601 601
[622] 608 595 565 565 454 463 463 555 490 382 382 165 385 369 526 488 476 476 476 630 379 325 573
[645] 510 556 371 629 486 467 113  78 612 634 310 437 586 370 600 136 136 529 420 420 624 216 662
[668] 662 444 615 615 615 293 293 666 656 637 582 673 575 445 372 676 550 643 506 607 100

$EXTANT
  [1] FALSE  TRUE FALSE FALSE  TRUE  TRUE FALSE FALSE FALSE FALSE  TRUE  TRUE FALSE FALSE FALSE
 [16] FALSE FALSE FALSE FALSE FALSE FALSE FALSE  TRUE  TRUE  TRUE  TRUE  TRUE FALSE FALSE  TRUE
 [31] FALSE FALSE  TRUE FALSE FALSE FALSE FALSE  TRUE  TRUE FALSE FALSE FALSE  TRUE  TRUE FALSE
 [46] FALSE  TRUE FALSE  TRUE  TRUE FALSE FALSE FALSE  TRUE  TRUE  TRUE FALSE FALSE  TRUE FALSE
 [61] FALSE FALSE  TRUE FALSE FALSE  TRUE FALSE FALSE FALSE  TRUE  TRUE FALSE  TRUE FALSE FALSE
 [76] FALSE  TRUE  TRUE FALSE  TRUE  TRUE FALSE  TRUE  TRUE  TRUE FALSE FALSE  TRUE  TRUE FALSE
 [91] FALSE FALSE FALSE FALSE  TRUE  TRUE FALSE  TRUE  TRUE  TRUE FALSE FALSE  TRUE FALSE  TRUE
[106]  TRUE FALSE FALSE  TRUE  TRUE  TRUE FALSE  TRUE  TRUE FALSE  TRUE FALSE  TRUE  TRUE  TRUE
[121] FALSE FALSE FALSE FALSE  TRUE  TRUE  TRUE FALSE FALSE  TRUE  TRUE  TRUE FALSE  TRUE  TRUE
[136]  TRUE  TRUE  TRUE  TRUE FALSE FALSE  TRUE FALSE  TRUE  TRUE  TRUE FALSE  TRUE  TRUE FALSE
[151]  TRUE  TRUE  TRUE FALSE  TRUE  TRUE  TRUE  TRUE  TRUE FALSE  TRUE  TRUE  TRUE  TRUE  TRUE
[166] FALSE  TRUE FALSE  TRUE  TRUE  TRUE FALSE  TRUE FALSE  TRUE  TRUE  TRUE FALSE  TRUE FALSE
[181]  TRUE  TRUE  TRUE  TRUE FALSE  TRUE FALSE  TRUE FALSE FALSE  TRUE FALSE  TRUE FALSE  TRUE
[196]  TRUE  TRUE  TRUE FALSE  TRUE  TRUE  TRUE  TRUE FALSE FALSE  TRUE FALSE  TRUE  TRUE  TRUE
[211]  TRUE FALSE  TRUE FALSE  TRUE  TRUE  TRUE  TRUE FALSE FALSE  TRUE  TRUE  TRUE  TRUE FALSE
[226] FALSE  TRUE  TRUE  TRUE FALSE  TRUE  TRUE  TRUE FALSE FALSE  TRUE  TRUE FALSE  TRUE  TRUE
[241] FALSE  TRUE  TRUE  TRUE FALSE  TRUE  TRUE FALSE  TRUE FALSE  TRUE  TRUE  TRUE  TRUE FALSE
[256]  TRUE  TRUE FALSE  TRUE FALSE FALSE  TRUE FALSE  TRUE  TRUE FALSE  TRUE  TRUE  TRUE  TRUE
[271]  TRUE  TRUE  TRUE  TRUE FALSE  TRUE  TRUE  TRUE  TRUE FALSE  TRUE FALSE FALSE  TRUE  TRUE
[286] FALSE  TRUE  TRUE  TRUE  TRUE FALSE  TRUE  TRUE  TRUE  TRUE FALSE  TRUE  TRUE  TRUE  TRUE
[301]  TRUE  TRUE  TRUE FALSE  TRUE  TRUE  TRUE FALSE FALSE  TRUE  TRUE  TRUE FALSE  TRUE  TRUE
[316] FALSE FALSE  TRUE  TRUE FALSE FALSE  TRUE  TRUE  TRUE  TRUE  TRUE  TRUE FALSE  TRUE  TRUE
[331]  TRUE FALSE FALSE FALSE FALSE  TRUE  TRUE  TRUE  TRUE  TRUE FALSE FALSE  TRUE  TRUE  TRUE
[346]  TRUE  TRUE  TRUE FALSE  TRUE  TRUE  TRUE  TRUE  TRUE  TRUE  TRUE  TRUE  TRUE FALSE  TRUE
[361]  TRUE  TRUE  TRUE FALSE  TRUE  TRUE  TRUE  TRUE  TRUE  TRUE  TRUE  TRUE FALSE  TRUE  TRUE
[376] FALSE  TRUE  TRUE  TRUE  TRUE FALSE  TRUE  TRUE  TRUE  TRUE  TRUE  TRUE  TRUE  TRUE FALSE
[391]  TRUE  TRUE FALSE FALSE  TRUE  TRUE  TRUE FALSE FALSE  TRUE  TRUE  TRUE  TRUE  TRUE FALSE
[406] FALSE  TRUE  TRUE  TRUE FALSE FALSE  TRUE  TRUE  TRUE FALSE  TRUE  TRUE FALSE  TRUE  TRUE
[421] FALSE  TRUE  TRUE  TRUE FALSE  TRUE FALSE FALSE  TRUE  TRUE FALSE  TRUE FALSE  TRUE FALSE
[436]  TRUE  TRUE  TRUE  TRUE  TRUE  TRUE  TRUE  TRUE  TRUE  TRUE  TRUE FALSE  TRUE  TRUE  TRUE
[451]  TRUE  TRUE  TRUE  TRUE  TRUE  TRUE  TRUE  TRUE  TRUE  TRUE  TRUE  TRUE FALSE  TRUE FALSE
[466]  TRUE  TRUE  TRUE  TRUE  TRUE  TRUE  TRUE FALSE  TRUE  TRUE  TRUE  TRUE FALSE FALSE  TRUE
[481]  TRUE  TRUE  TRUE  TRUE  TRUE  TRUE  TRUE  TRUE  TRUE  TRUE  TRUE  TRUE  TRUE  TRUE  TRUE
[496]  TRUE  TRUE  TRUE  TRUE FALSE  TRUE  TRUE  TRUE  TRUE FALSE  TRUE FALSE  TRUE  TRUE  TRUE
[511]  TRUE  TRUE  TRUE  TRUE  TRUE FALSE  TRUE  TRUE FALSE  TRUE FALSE  TRUE  TRUE FALSE  TRUE
[526]  TRUE  TRUE  TRUE  TRUE  TRUE  TRUE  TRUE  TRUE FALSE  TRUE  TRUE  TRUE  TRUE  TRUE  TRUE
[541]  TRUE  TRUE  TRUE  TRUE  TRUE  TRUE  TRUE  TRUE  TRUE  TRUE FALSE  TRUE  TRUE  TRUE  TRUE
[556]  TRUE  TRUE  TRUE  TRUE FALSE  TRUE  TRUE  TRUE  TRUE  TRUE  TRUE  TRUE FALSE  TRUE  TRUE
[571]  TRUE  TRUE  TRUE FALSE  TRUE  TRUE FALSE FALSE  TRUE  TRUE  TRUE  TRUE  TRUE  TRUE  TRUE
[586]  TRUE  TRUE  TRUE  TRUE  TRUE FALSE  TRUE  TRUE  TRUE  TRUE  TRUE  TRUE FALSE  TRUE  TRUE
[601]  TRUE FALSE  TRUE  TRUE  TRUE  TRUE  TRUE  TRUE  TRUE  TRUE  TRUE  TRUE  TRUE  TRUE  TRUE
[616]  TRUE  TRUE  TRUE  TRUE  TRUE  TRUE  TRUE FALSE  TRUE  TRUE  TRUE  TRUE  TRUE  TRUE  TRUE
[631]  TRUE  TRUE  TRUE  TRUE  TRUE  TRUE  TRUE  TRUE  TRUE  TRUE  TRUE  TRUE  TRUE  TRUE  TRUE
[646]  TRUE  TRUE  TRUE  TRUE FALSE  TRUE  TRUE  TRUE FALSE  TRUE  TRUE  TRUE  TRUE  TRUE  TRUE
[661]  TRUE  TRUE  TRUE  TRUE  TRUE  TRUE  TRUE  TRUE  TRUE  TRUE  TRUE  TRUE  TRUE  TRUE  TRUE
[676]  TRUE  TRUE  TRUE  TRUE  TRUE  TRUE  TRUE  TRUE  TRUE  TRUE  TRUE  TRUE  TRUE

