
Birth-death simulation object with 668 species and 500 extant species

Details for some species:

Extinction times (NA means extant)
[1]       NA 19.65824 28.30981 48.55952       NA 31.56038


Speciation times 
[1] 80.56764 64.80796 56.56459 48.79569 44.60560 40.33063


Species parents (NA for initial)
[1] NA  1  1  1  1  1


Species status (extinct or extant)
[1] "extant"  "extinct" "extinct" "extinct" "extant"  "extinct"


For more details on vector y, try sim$y, with y one of
TE TS PAR EXTANT



$TE
  [1]         NA 19.6582447 28.3098141 48.5595232         NA 31.5603824  6.1560361 20.3953214
  [9]         NA         NA 54.3421452 39.0745036 19.4551773 36.7625855         NA 31.0399081
 [17]         NA 53.0609980         NA 17.2645271         NA         NA         NA 41.3617681
 [25]  2.9093049 10.2222377 39.9026721         NA  2.1025627         NA 17.8545829         NA
 [33]         NA         NA  8.4687412         NA         NA         NA 16.0091771         NA
 [41] 27.3313290 14.4573986         NA  6.4223934         NA         NA         NA         NA
 [49] 25.7316491         NA  3.1903044         NA         NA         NA 17.2696693         NA
 [57]  0.7008246         NA         NA         NA         NA  5.7467078         NA         NA
 [65]  2.3718675         NA         NA         NA         NA         NA         NA 21.0583039
 [73] 22.9356376 28.0951688  1.4916899  0.5234832         NA  6.5222776         NA         NA
 [81] 26.6816249  5.7589733  3.0007862 13.0923989  2.6637140         NA  6.8638564         NA
 [89]         NA 16.3503611 18.5476457 17.1312125 10.1335641 27.0267500 12.9207328         NA
 [97] 17.1770833         NA         NA 36.1047847  9.1442701         NA 17.4240269 19.5990720
[105]         NA         NA 26.8324720 12.8860350         NA  3.5008942 27.4021564  1.2957073
[113]         NA         NA         NA 18.4520012         NA 15.4281933 15.8913525         NA
[121] 16.4090406         NA         NA  6.2181506         NA 31.4141974 13.7062287         NA
[129]         NA         NA         NA         NA         NA  0.3461646         NA         NA
[137]         NA         NA         NA         NA         NA         NA         NA  7.7546338
[145]         NA         NA         NA         NA 13.0397686         NA         NA         NA
[153]         NA         NA         NA         NA         NA  0.5169282         NA  3.8552939
[161]         NA 15.7504849 22.9713362 12.5351144  8.3950017         NA  5.8011704         NA
[169]         NA  6.9036650         NA         NA  9.1495534         NA         NA  1.2545999
[177]         NA  5.4431309         NA         NA         NA  0.1230835         NA 21.2673762
[185]         NA         NA  1.5547272         NA         NA         NA 14.5838249         NA
[193]         NA         NA         NA         NA         NA         NA  3.8183193 10.0433195
[201]         NA         NA         NA 10.2499509         NA         NA         NA         NA
[209]  7.2811821         NA         NA  9.3370209         NA         NA         NA         NA
[217]         NA         NA 20.3486488         NA         NA 10.4027195         NA         NA
[225]         NA         NA         NA         NA         NA         NA         NA         NA
[233]         NA         NA         NA 16.9801068         NA 21.7277244 13.0338105         NA
[241]  7.4741542         NA         NA         NA         NA         NA         NA         NA
[249]         NA         NA         NA         NA         NA         NA         NA         NA
[257]         NA  7.7799927         NA         NA         NA         NA  6.6746469         NA
[265]         NA         NA         NA 15.8713114 17.2530484         NA         NA  3.5256451
[273]         NA         NA         NA  5.0231953  1.7144865         NA 13.1352946         NA
[281]         NA         NA         NA         NA         NA         NA         NA  2.4561904
[289]  1.2811922         NA         NA  8.7813413         NA         NA  4.0769427         NA
[297]         NA         NA  5.1029413  8.1568611  2.3402261         NA         NA  4.4263908
[305] 15.5813351         NA         NA 12.8963922         NA         NA         NA         NA
[313]         NA         NA         NA         NA  7.3402240         NA         NA         NA
[321]         NA  5.3783190         NA         NA         NA  1.6135225         NA         NA
[329]         NA         NA         NA         NA         NA         NA         NA         NA
[337]         NA  7.9663960  5.0120658         NA         NA  3.2194688         NA         NA
[345]         NA         NA         NA         NA         NA         NA  8.8317585         NA
[353]         NA  9.7018449         NA  2.6487829         NA  8.7586162         NA  3.8894786
[361] 11.2283743  1.1606781         NA         NA         NA         NA  0.8945264         NA
[369] 10.0478294         NA         NA         NA         NA         NA         NA  6.3287346
[377]         NA         NA  2.3004386         NA         NA  1.1807821         NA  5.3774870
[385]         NA         NA         NA         NA  0.3467102  0.4770960  2.0174234  8.7725527
[393]         NA         NA         NA         NA         NA  7.0219861 12.0175418         NA
[401]  3.8277290         NA         NA         NA         NA         NA         NA         NA
[409]  8.9337733         NA         NA         NA         NA 12.4830987         NA         NA
[417]         NA         NA  3.3919960         NA         NA         NA         NA         NA
[425]         NA         NA         NA         NA         NA         NA         NA         NA
[433]         NA         NA         NA  4.3460381         NA         NA  9.0340685  4.6034567
[441]         NA         NA  4.5256508         NA         NA         NA         NA         NA
[449]         NA 10.2486273         NA         NA         NA         NA         NA         NA
[457]         NA         NA         NA         NA         NA  2.1878394         NA         NA
[465]         NA         NA         NA         NA  0.6401032         NA         NA  5.8971130
[473]  3.2515550         NA         NA         NA         NA         NA         NA         NA
[481]         NA         NA         NA  2.9232972         NA         NA         NA  0.2594116
[489]         NA         NA  1.4308644         NA         NA         NA         NA  1.1140557
[497]         NA         NA         NA         NA         NA         NA         NA         NA
[505]         NA  2.8820371         NA         NA         NA  3.9380280  4.0233451         NA
[513]         NA         NA         NA         NA         NA         NA         NA         NA
[521]         NA         NA         NA         NA         NA         NA         NA         NA
[529]         NA  0.2902178         NA         NA         NA         NA         NA  6.2575330
[537]         NA         NA         NA         NA         NA         NA         NA         NA
[545]         NA         NA         NA         NA         NA         NA  1.0444849         NA
[553]         NA         NA         NA         NA         NA         NA         NA         NA
[561]         NA         NA         NA         NA         NA         NA  1.0325663         NA
[569]         NA         NA         NA         NA         NA  2.5100576         NA         NA
[577]         NA  4.3137096         NA         NA         NA  3.3970397         NA         NA
[585]         NA         NA         NA         NA         NA         NA  0.7153737         NA
[593]         NA         NA         NA         NA         NA         NA         NA         NA
[601]         NA         NA         NA         NA         NA         NA  2.6782488         NA
[609]         NA         NA         NA         NA         NA         NA         NA         NA
[617]         NA         NA         NA         NA         NA         NA         NA         NA
[625]         NA         NA         NA         NA         NA         NA         NA         NA
[633]         NA         NA  0.6132868         NA  1.7774959         NA         NA         NA
[641]         NA         NA         NA         NA         NA         NA         NA         NA
[649]         NA         NA         NA         NA         NA         NA         NA         NA
[657]         NA         NA         NA         NA         NA         NA         NA         NA
[665]         NA         NA         NA         NA

$TS
  [1] 80.56763625 64.80795915 56.56458994 48.79569133 44.60560280 40.33062950 28.46159730
  [8] 22.48495285 13.05917188  4.07020306 61.21559235 52.35742859 51.60177969 43.93806154
 [15] 42.61297750 38.35731944 57.93537927 55.28136450 44.86477474 26.56318788 10.32036500
 [22]  4.09405874 47.35797132 43.69180553 36.71422589 47.93671772 46.58964478 34.78220259
 [29] 28.13758009 25.11262002 24.78499341 45.72072852 44.94438710 39.57756464 38.70933165
 [36] 31.23092003 30.03322532 27.70573102 21.52168560 11.97232273 34.12942640 33.22248562
 [43] 32.62193670 30.42250793 28.12907165 25.07090115 10.77217753  2.26840292 32.16982509
 [50] 23.23683470 23.12828519 17.44870723  5.03542928 38.22560629 27.38287621  6.82765969
 [57] 44.65476576 43.53882645  7.10451809  5.09586918  1.08325994 21.57348820 20.95960455
 [64] 30.28699525 29.04423965 27.26127929 19.42134080 17.82615143 26.45600664 19.51657593
 [71]  3.69122471 41.68655821 39.96165237 31.40401773 20.17879613 16.81166274 32.93227236
 [78] 28.69537339 26.28186658 22.23517877 39.71802838 38.15698968 32.94015925 38.57738521
 [85] 29.83628468 30.75371536 37.87394140 37.49033137  3.29416997 20.20852390 25.96661314
 [92] 17.60510260 15.21010767 31.63550563 26.90804347  5.64535489 28.11457844 27.34028639
 [99] 23.02522830 37.35964283 36.85793873 33.10735944 21.32113593 23.38101810  3.13583849
[106] 26.25539857 32.50594855 23.84042646 18.61110103 10.07223748 33.90269795 10.57758811
[113] 32.39294742 27.90361814 19.99497643 19.16722007 32.05880751 23.63567581 19.00405313
[120] 16.81790036 31.08538423 25.03574755 12.98261850  6.98949548  1.26143317 32.21090464
[127] 24.62025912  2.71251888 13.63004771  7.40620531  4.44424087  2.46912338  1.46725149
[134] 28.16814100 26.16192079 19.30006497  7.82001774  5.99137628 20.71669898 17.65333357
[141] 13.54197249  4.59133653 26.24519270 17.44104656 20.66609373 16.21382126  8.23920277
[148]  6.64975712 14.11955434 11.49282496  7.46156800  4.80361864  2.80908101 26.39774200
[155] 20.55229283 17.95280454 13.01319740 28.38107603 16.26054331 10.85360037  3.68947056
[162] 28.10172721 27.40809813 18.14963640  9.82906975  7.66993725 12.49273468  9.36545300
[169]  7.06525413  7.04695656  3.10525090  0.68003729 21.32174984 19.65209918 17.50450052
[176] 14.72384405 25.77246778 25.32742330 11.17541312  3.15791771  2.52749282 21.74074637
[183] 27.52845745 23.10933749 19.58354566 18.81937428 10.13904126  0.83042103 18.91214411
[190] 27.02898179 20.85288299  7.08647236  1.87553142 20.66903841 20.46200124 18.04851710
[197] 13.82270850  1.45567090 23.97006351 12.93719986  7.20177617  6.51175802 23.80719622
[204] 12.86950347 11.04649319 10.16614597  4.25299938  3.21671213 16.15434166  5.87465293
[211] 15.16856138  9.92076581 20.94010463 18.97380711  2.02586894 23.07867549  9.48308898
[218]  4.85661965 25.09200840  2.41077666 18.37335915 10.69330144  7.94042038  6.78394819
[225]  9.19510973  4.86038166  2.17788276 20.94430160 15.97848025 13.60410164  4.06061676
[232]  3.95777886 24.01342084 18.53535257 23.64642863 17.85213832 16.22358144 22.95422555
[239] 21.74240598 18.00024489 20.61816062 17.15238422  7.87036162  0.13847761 20.54150838
[246] 12.78649231  0.07511589 22.26030860 18.32680837 11.43422460 10.49085766  8.74521629
[253] 11.79046892  9.99451294 16.19816061 15.67392371  6.99193586 11.19158378 12.22658336
[260]  7.24469365 10.87813928  7.62643670 13.27087781 16.85745442 18.09356354 13.08776582
[267] 10.29370572 20.64161960 19.67571581 19.31547880 13.94971952 12.94015311  9.76888499
[274]  9.48750331 19.48644191 18.07058363 14.69871430  3.89305612 18.85920280 10.83073947
[281]  8.62137970  6.13268814  2.52125598 19.66768289 12.40215733 18.33345135 16.79036834
[288] 14.80401354 11.52360733  6.43362883 15.09628782 12.19138640  3.30579319  2.86351221
[295]  9.76901777 17.94373555  0.49429422 17.88891481 16.63499074 16.36169957 13.52005415
[302] 10.52361567 10.25745163  6.92018115 15.91424408 11.83277925 19.02438973 14.33696583
[309]  9.62608790  4.39567758  2.99922736  0.73964154 17.88130494 15.92612469 11.50791168
[316] 10.70060557  8.36444339 18.01049412 10.06465020  5.33231645 15.43159373  9.27876481
[323]  3.04730608 12.68669776  8.62423635  9.52538999  0.62539998 15.47684742 14.87799504
[330] 14.25483429 16.04369219  9.21069958  8.35365938  4.83681610 17.14184347 15.74505037
[337] 15.44968502 13.29545275 12.71655248  7.02402482  0.97094566  6.39594306  7.92776706
[344]  4.91662448 17.71998236 16.31121510 10.30382748  9.76204408  1.85166760  0.08644940
[351] 15.29869428 11.39516408 17.52413694 11.41167906  5.99002368  7.99513937 17.46592618
[358] 14.25837108 13.15706149 14.59755813 13.54648595 11.20914396 10.78856469  0.30381692
[365] 16.32490382  8.41033736  9.63835272  5.01075117 11.83330475 11.66882551  1.80910541
[372]  2.23993272  5.15274967  1.14810621 15.58926367  9.58043371  1.98899602  3.68774158
[379] 12.27148602  1.70457423  0.55456402  3.26192832  1.87642563 13.12165533  6.29210380
[386] 12.40672217  5.20265848  2.41620573 15.88808819  8.52795334  4.53249098  9.17873663
[393]  3.77541696 14.41810926  3.58973597  0.28779315  5.72509406 15.28254255 12.15910354
[400]  2.24713224 12.21334697  5.13172863  3.20667762  0.04368083 11.34683000  8.91160475
[407] 12.07432547 10.53344577 14.48183365  7.92804733  8.64082655  0.49215500 13.44061938
[414] 13.22018305  9.85166467 13.71327624  3.84353594  1.48843708  9.59426950 11.36483783
[421]  7.98945728 10.40982620  3.18358173  3.12553235 11.66071133  0.92643239 11.20891621
[428]  1.29709529  8.16940117  4.68053976  6.39904871  5.01238891  0.53016684 10.32723244
[435]  9.17685364  4.46853523  3.78858318  3.08583416 11.38368652  7.82542975 11.30850246
[442] 11.19247139 10.20894149 11.29598579  6.26979192 10.01238046  5.75247422  4.05207702
[449]  1.35874410 11.77930107  5.47823620  9.63800130  8.73694345  1.25705811  3.54455460
[456]  2.03331280  9.14755725  1.87629600  0.11762895 10.42942961  6.66446957  3.58495833
[463]  3.17230190  1.80117205  9.54992597 10.06302290  1.95066516  8.25633814 10.69625181
[470]  3.82570097  0.50810448  8.45309690  6.53932785  2.30004269  0.24149822  5.50965518
[477]  7.82235827  0.01147810  8.31812415  1.68251422  7.32071425  5.91947085  4.54815529
[484]  3.60817722  8.45984552  6.69323161  5.37000548  1.87166865  9.44031407  8.38275014
[491]  1.52806017  3.07655343  1.95286089  9.63572559  4.09783573  3.61041316  8.48087375
[498]  6.08021263  1.80180000  1.72741620  3.93171726  0.04156749  9.37934681  8.77287498
[505]  6.04312197  8.77869356  0.76029922  4.55541233  5.51774827  6.34289127  5.00845381
[512]  3.19556925  7.74640763  6.46903480  8.02619582  3.46347542  0.97231183  7.01034664
[519]  4.97692494  4.78247626  3.79982688  5.61651684  0.61875893  3.60686000  8.99261287
[526]  4.76371366  8.59490528  5.52567012  1.46148662  0.57449068  8.35373808  2.75889244
[533]  0.57662517  8.35394287  1.56603768  8.97152108  4.19450748  7.45448033  2.14058698
[540]  5.73308698  0.31476380  5.58532358  3.42135219  2.97138614  1.69244079  8.42052141
[547]  6.84078062  5.56606343  0.83160232  7.99449051  7.60042166  6.81888697  5.29330030
[554]  3.95110550  3.21692145  0.11284410  4.04445816  2.23769028  0.71905515  2.59861514
[561]  7.24322798  5.02222503  5.04162912  7.00148587  2.90700582  2.27099534  3.11925144
[568]  0.71351681  2.84489242  5.24979152  7.02206877  5.81794778  5.53785336  3.89877733
[575]  2.54320269  0.95644359  3.93308259  5.41307183  2.66110136  5.33029903  4.32864416
[582]  4.66619184  6.33386318  4.35213727  6.03794607  5.51281888  4.15293396  5.52009968
[589]  4.75589996  3.25068833  2.34461178  0.55582597  5.71250213  4.86539131  3.45579767
[596]  2.18193549  4.62161782  2.53783718  1.53741162  2.78305904  4.06919089  4.23984844
[603]  1.47519060  3.16907681  0.24313256  3.91468657  4.45848952  3.23153818  4.97289858
[610]  4.43023603  2.97227988  1.62254804  3.72379313  0.64183409  3.22867929  4.72814394
[617]  1.50913037  2.57864925  3.37455920  1.07927338  0.13139482  4.69536712  1.99298179
[624]  0.91458366  3.89938813  4.23080916  0.64162418  3.14205865  1.99620264  1.11317151
[631]  3.44478418  3.65131667  2.60719915  0.66821789  2.28072752  0.35203689  1.91628267
[638]  2.57440745  0.24747406  0.43679469  0.22397039  1.54998761  2.23155866  1.46585373
[645]  0.57729457  2.77168543  0.99119241  2.01456911  1.28120066  0.47506062  0.66438659
[652]  0.09693150  1.68767940  1.00898093  1.68595754  0.67555413  0.20313740  1.54335357
[659]  1.16663729  0.81158845  0.37848843  0.97595559  0.40019799  0.30151583  0.88849446
[666]  0.66059421  0.49212625  0.22066106

$PAR
  [1]  NA   1   1   1   1   1   1   1   1   1   2   2   2   2   2   2  11  17  17  17  17  17   3
 [24]   3   3  12  12  13  13  13  13  26  26  26  26  26  26  26  26  26  23  23  23  23  23  23
 [47]  23  23  32  32  32  32  32  33  33  33  19  19  19  19  19  57  57   5   5   5   5   5  58
 [70]  58  58  15  15  15  15  15  72  72  72  72   6   6   6  73  73  81  34  34  34  35  84  84
 [93]  84  54  54  54  82  82  82  87  87  87  87  88  88 101  25  25  25  25  28  28  41  42  42
[116]  42 102 102 102  83  77  77  77  77  77  43  43  43 113 113 113 113 113  49 117 117 117 117
[139]  36  36  36  36 121 121  86  86  86  86  64  64  64  37  37  85  85  85  85  65  65  65  65
[162]  78  78  78  78  78   7   7 158 158 158 158 134 134  29  29  45  45  45  45  45 162 114 114
[185]  38  38  38  38 183  55  55  98  98  66  66  66  66  66 190 190 190 190  20  69  69  69  69
[208]  69 154 154  79  79 143 143 143 135 135 135 177 177 178 178 178 178  30  30  30  46  46  46
[231]  46 122  31  31 127 127 199 108 108 108 203 203 203 203 235 235 235 118  50  50  50  50  51
[254]  51 216 216 216  99 248 248  80  80 239 182  62  62  62  39  39  63  63  63 228 228 213 213
[277] 139 139 194 145 145 145 145 241 155 245 245 245 245 245 195  75  75  75 284 185 185  70 275
[300] 275 275 275 275 275  67  67 136 136 307 307 307 307 119 119 214 214 214 189 189 189 186 186
[323] 109 234 234 221 221 286 286 286 249 249 249 249 164 164 164 276 276 196 196 318 240 240 156
[346] 156 156 156 156 156 296 296 298 298 298 313 345 140 140 353 175 175 357 357 144 144 242 242
[369] 264 264 264 120  76  76 287 287 287 365 346 159 159 237 237 146 146 255 255 255 331 331 331
[392] 229 229 314 314 314 389 336 336 336 256 256 256 256 328 328 321 321  93 211 291 291 288 288
[415] 394 308 330 330 271 416 416 129 230 230 361 141 301 413 263 359 266 266 266 157 157 123 123
[438] 123 272 272 246 246 246 339 339 324 324 324 386 285 379 259 401 407  40 306 370 425 425 289
[461] 289 315 315 315 250 352 352 420 405 405 405 441 444 444 444 362 427 427 442 442 179 205 205
[484] 205 261 261 261 280 316 316 316 469 469 112 112 408 302 460 434 434 303 303 206 110 110 466
[507] 446 415 295 273 273 273 348 348 367 452 494 419 465 326 326 274 217 489 503 168 332 332 332
[530] 225 435 435 435 457 457 525 406 252 453 411 411 281 281 527 527 472 366 366 366 490 534 333
[553] 479 147 147 147 356 550 421 410 440 440 477 137 166 262 538 538 481 260  59  59  59  59 340
[576] 571 564 257  56 224 224 461 473 473 202 514 514 290 431 431 583 445 498 505 505 138 482 572
[599] 540  96 548 573 528 586 586 476 451 451 578 578 320 580 563  53 562 432 609 344 226 218 152
[622] 520 526 589 207 602 602 537 537 495 448 232 577 521 613 632 496 455 631 543 543 619 590 615
[645] 615 604 628 424 323 565 566 558 643 648 629 380 653 480 535 535 603 125 125 125 654 634 627
[668] 396

$EXTANT
  [1]  TRUE FALSE FALSE FALSE  TRUE FALSE FALSE FALSE  TRUE  TRUE FALSE FALSE FALSE FALSE  TRUE
 [16] FALSE  TRUE FALSE  TRUE FALSE  TRUE  TRUE  TRUE FALSE FALSE FALSE FALSE  TRUE FALSE  TRUE
 [31] FALSE  TRUE  TRUE  TRUE FALSE  TRUE  TRUE  TRUE FALSE  TRUE FALSE FALSE  TRUE FALSE  TRUE
 [46]  TRUE  TRUE  TRUE FALSE  TRUE FALSE  TRUE  TRUE  TRUE FALSE  TRUE FALSE  TRUE  TRUE  TRUE
 [61]  TRUE FALSE  TRUE  TRUE FALSE  TRUE  TRUE  TRUE  TRUE  TRUE  TRUE FALSE FALSE FALSE FALSE
 [76] FALSE  TRUE FALSE  TRUE  TRUE FALSE FALSE FALSE FALSE FALSE  TRUE FALSE  TRUE  TRUE FALSE
 [91] FALSE FALSE FALSE FALSE FALSE  TRUE FALSE  TRUE  TRUE FALSE FALSE  TRUE FALSE FALSE  TRUE
[106]  TRUE FALSE FALSE  TRUE FALSE FALSE FALSE  TRUE  TRUE  TRUE FALSE  TRUE FALSE FALSE  TRUE
[121] FALSE  TRUE  TRUE FALSE  TRUE FALSE FALSE  TRUE  TRUE  TRUE  TRUE  TRUE  TRUE FALSE  TRUE
[136]  TRUE  TRUE  TRUE  TRUE  TRUE  TRUE  TRUE  TRUE FALSE  TRUE  TRUE  TRUE  TRUE FALSE  TRUE
[151]  TRUE  TRUE  TRUE  TRUE  TRUE  TRUE  TRUE FALSE  TRUE FALSE  TRUE FALSE FALSE FALSE FALSE
[166]  TRUE FALSE  TRUE  TRUE FALSE  TRUE  TRUE FALSE  TRUE  TRUE FALSE  TRUE FALSE  TRUE  TRUE
[181]  TRUE FALSE  TRUE FALSE  TRUE  TRUE FALSE  TRUE  TRUE  TRUE FALSE  TRUE  TRUE  TRUE  TRUE
[196]  TRUE  TRUE  TRUE FALSE FALSE  TRUE  TRUE  TRUE FALSE  TRUE  TRUE  TRUE  TRUE FALSE  TRUE
[211]  TRUE FALSE  TRUE  TRUE  TRUE  TRUE  TRUE  TRUE FALSE  TRUE  TRUE FALSE  TRUE  TRUE  TRUE
[226]  TRUE  TRUE  TRUE  TRUE  TRUE  TRUE  TRUE  TRUE  TRUE  TRUE FALSE  TRUE FALSE FALSE  TRUE
[241] FALSE  TRUE  TRUE  TRUE  TRUE  TRUE  TRUE  TRUE  TRUE  TRUE  TRUE  TRUE  TRUE  TRUE  TRUE
[256]  TRUE  TRUE FALSE  TRUE  TRUE  TRUE  TRUE FALSE  TRUE  TRUE  TRUE  TRUE FALSE FALSE  TRUE
[271]  TRUE FALSE  TRUE  TRUE  TRUE FALSE FALSE  TRUE FALSE  TRUE  TRUE  TRUE  TRUE  TRUE  TRUE
[286]  TRUE  TRUE FALSE FALSE  TRUE  TRUE FALSE  TRUE  TRUE FALSE  TRUE  TRUE  TRUE FALSE FALSE
[301] FALSE  TRUE  TRUE FALSE FALSE  TRUE  TRUE FALSE  TRUE  TRUE  TRUE  TRUE  TRUE  TRUE  TRUE
[316]  TRUE FALSE  TRUE  TRUE  TRUE  TRUE FALSE  TRUE  TRUE  TRUE FALSE  TRUE  TRUE  TRUE  TRUE
[331]  TRUE  TRUE  TRUE  TRUE  TRUE  TRUE  TRUE FALSE FALSE  TRUE  TRUE FALSE  TRUE  TRUE  TRUE
[346]  TRUE  TRUE  TRUE  TRUE  TRUE FALSE  TRUE  TRUE FALSE  TRUE FALSE  TRUE FALSE  TRUE FALSE
[361] FALSE FALSE  TRUE  TRUE  TRUE  TRUE FALSE  TRUE FALSE  TRUE  TRUE  TRUE  TRUE  TRUE  TRUE
[376] FALSE  TRUE  TRUE FALSE  TRUE  TRUE FALSE  TRUE FALSE  TRUE  TRUE  TRUE  TRUE FALSE FALSE
[391] FALSE FALSE  TRUE  TRUE  TRUE  TRUE  TRUE FALSE FALSE  TRUE FALSE  TRUE  TRUE  TRUE  TRUE
[406]  TRUE  TRUE  TRUE FALSE  TRUE  TRUE  TRUE  TRUE FALSE  TRUE  TRUE  TRUE  TRUE FALSE  TRUE
[421]  TRUE  TRUE  TRUE  TRUE  TRUE  TRUE  TRUE  TRUE  TRUE  TRUE  TRUE  TRUE  TRUE  TRUE  TRUE
[436] FALSE  TRUE  TRUE FALSE FALSE  TRUE  TRUE FALSE  TRUE  TRUE  TRUE  TRUE  TRUE  TRUE FALSE
[451]  TRUE  TRUE  TRUE  TRUE  TRUE  TRUE  TRUE  TRUE  TRUE  TRUE  TRUE FALSE  TRUE  TRUE  TRUE
[466]  TRUE  TRUE  TRUE FALSE  TRUE  TRUE FALSE FALSE  TRUE  TRUE  TRUE  TRUE  TRUE  TRUE  TRUE
[481]  TRUE  TRUE  TRUE FALSE  TRUE  TRUE  TRUE FALSE  TRUE  TRUE FALSE  TRUE  TRUE  TRUE  TRUE
[496] FALSE  TRUE  TRUE  TRUE  TRUE  TRUE  TRUE  TRUE  TRUE  TRUE FALSE  TRUE  TRUE  TRUE FALSE
[511] FALSE  TRUE  TRUE  TRUE  TRUE  TRUE  TRUE  TRUE  TRUE  TRUE  TRUE  TRUE  TRUE  TRUE  TRUE
[526]  TRUE  TRUE  TRUE  TRUE FALSE  TRUE  TRUE  TRUE  TRUE  TRUE FALSE  TRUE  TRUE  TRUE  TRUE
[541]  TRUE  TRUE  TRUE  TRUE  TRUE  TRUE  TRUE  TRUE  TRUE  TRUE FALSE  TRUE  TRUE  TRUE  TRUE
[556]  TRUE  TRUE  TRUE  TRUE  TRUE  TRUE  TRUE  TRUE  TRUE  TRUE  TRUE FALSE  TRUE  TRUE  TRUE
[571]  TRUE  TRUE  TRUE FALSE  TRUE  TRUE  TRUE FALSE  TRUE  TRUE  TRUE FALSE  TRUE  TRUE  TRUE
[586]  TRUE  TRUE  TRUE  TRUE  TRUE FALSE  TRUE  TRUE  TRUE  TRUE  TRUE  TRUE  TRUE  TRUE  TRUE
[601]  TRUE  TRUE  TRUE  TRUE  TRUE  TRUE FALSE  TRUE  TRUE  TRUE  TRUE  TRUE  TRUE  TRUE  TRUE
[616]  TRUE  TRUE  TRUE  TRUE  TRUE  TRUE  TRUE  TRUE  TRUE  TRUE  TRUE  TRUE  TRUE  TRUE  TRUE
[631]  TRUE  TRUE  TRUE  TRUE FALSE  TRUE FALSE  TRUE  TRUE  TRUE  TRUE  TRUE  TRUE  TRUE  TRUE
[646]  TRUE  TRUE  TRUE  TRUE  TRUE  TRUE  TRUE  TRUE  TRUE  TRUE  TRUE  TRUE  TRUE  TRUE  TRUE
[661]  TRUE  TRUE  TRUE  TRUE  TRUE  TRUE  TRUE  TRUE

