
Birth-death simulation object with 721 species and 500 extant species

Details for some species:

Extinction times (NA means extant)
[1] 17.80321 50.59567 30.72144 73.75160 22.02460 22.14398


Speciation times 
[1] 94.21732 83.05452 82.05521 78.95937 52.70038 25.35412


Species parents (NA for initial)
[1] NA  1  1  1  1  1


Species status (extinct or extant)
[1] "extinct" "extinct" "extinct" "extinct" "extinct" "extinct"


For more details on vector y, try sim$y, with y one of
TE TS PAR EXTANT



$TE
  [1] 17.80320608 50.59567217 30.72144003 73.75160036 22.02459517 22.14398179  9.32211801
  [8] 13.32864127 30.06449006 36.39667959 25.72674972 25.32074455          NA          NA
 [15]  5.01923219 21.66558895  4.51867979 13.20972173 46.01357069          NA  9.53526194
 [22] 13.04757364          NA 18.37196942          NA 29.02471289 25.20372279          NA
 [29]  0.74160301          NA 32.55107320  3.80890124 11.67106325          NA          NA
 [36] 25.23768416          NA 11.54798743 21.81601824 37.16646583          NA          NA
 [43]  5.02810883          NA 14.92061334  1.19508717          NA 44.02815607          NA
 [50] 42.48238376          NA 13.63136142 25.46133185          NA 15.07767491 16.23874401
 [57] 21.37385156          NA 23.70109200  6.27178680          NA 16.20469007 38.66550860
 [64] 32.29455412          NA  2.70112753          NA  2.58676802 13.54243402 32.53426992
 [71] 28.53673889 16.24672957  6.41861725 37.49304509          NA 27.41353966          NA
 [78]          NA  9.53491089 11.34761171  7.20815229          NA 19.26991876          NA
 [85] 23.38614231 11.11819938          NA  3.52002235 30.47230051          NA 23.31019591
 [92]          NA 30.88617799 14.77757829          NA          NA  2.89347965 18.95665645
 [99] 13.42563034 33.12358803 19.27424455          NA 18.42619070          NA          NA
[106]          NA 28.57342876          NA          NA 26.90149238  8.45336680          NA
[113]          NA          NA          NA 13.74073051          NA          NA          NA
[120]          NA 29.91975367 25.65201801          NA 21.94819639  2.86402204          NA
[127]          NA          NA          NA 35.28225660  5.16718970  7.95240467          NA
[134]          NA          NA          NA  9.16343225 17.91126719  1.52716437          NA
[141]  2.30365850          NA  2.29473160          NA  0.90288751          NA 14.50658857
[148]          NA  5.51281293          NA          NA          NA          NA          NA
[155]  9.84659224          NA          NA          NA          NA  1.21615332 27.13280077
[162] 26.61373806          NA          NA          NA          NA          NA  7.60770198
[169]          NA 17.75972247          NA  5.96314292 26.22328528  4.53419702 26.32371243
[176]  9.38203495  8.44277987          NA          NA          NA          NA          NA
[183] 17.18111578 10.05576851          NA          NA          NA          NA          NA
[190] 26.02570481 12.08783033 19.15091973 17.65214196          NA          NA 13.77407674
[197]          NA 24.55087471          NA  1.75753386          NA  7.93275114          NA
[204]  6.60196102          NA          NA          NA 13.29669017  4.16723972 13.49835037
[211]          NA          NA          NA          NA 17.83616038          NA          NA
[218]          NA          NA 14.02889622          NA          NA          NA          NA
[225]  0.18102586  4.84799746          NA          NA 15.87468868          NA          NA
[232]          NA  3.49482236          NA          NA          NA  1.65888129  0.32198837
[239]          NA          NA          NA          NA          NA          NA  6.76027441
[246]  1.53939637  6.58165459  5.49054175  3.47690203          NA          NA  4.26800052
[253]          NA          NA          NA  6.80603759  9.66956245          NA  3.70736912
[260]  8.88125625 14.98671822  9.93212200          NA          NA 19.08941090          NA
[267]          NA          NA          NA          NA          NA  6.68968344          NA
[274]  7.61026145          NA  1.98454647          NA          NA          NA  4.68753410
[281]          NA  0.02755616          NA          NA          NA 15.18485298          NA
[288]          NA          NA          NA          NA  1.64360348          NA          NA
[295]          NA  0.32432734          NA          NA          NA          NA  3.67491010
[302]  4.70041958          NA          NA          NA          NA          NA  8.15427631
[309]  7.72355842          NA  8.36209291          NA          NA          NA          NA
[316]          NA          NA          NA  1.89729208          NA          NA  0.06674165
[323]          NA          NA          NA          NA          NA          NA          NA
[330] 14.70555185          NA  2.39484716          NA          NA  4.34923516          NA
[337]          NA          NA          NA          NA          NA          NA 16.33988112
[344] 11.50078715          NA          NA 17.59307208          NA          NA          NA
[351]  5.15895899          NA          NA          NA          NA  1.17389133          NA
[358]          NA          NA          NA          NA          NA          NA          NA
[365]  5.71405744          NA  3.06348710          NA          NA          NA  8.85873407
[372]  6.68654850  3.89510876          NA          NA          NA          NA          NA
[379]          NA          NA 10.97342903          NA  4.62972896          NA          NA
[386]          NA          NA          NA  6.38986438          NA          NA          NA
[393]          NA  3.24689075          NA          NA          NA          NA          NA
[400]          NA  4.31462893          NA          NA          NA          NA 11.22997095
[407]          NA 11.33770456          NA          NA  0.22782075          NA  2.75866674
[414]  3.74377016  0.02723334          NA          NA          NA  5.91077417          NA
[421]          NA          NA          NA          NA  9.74604050          NA          NA
[428]          NA          NA  0.82664144          NA          NA          NA          NA
[435]          NA          NA          NA  6.46132435          NA 11.02651893  2.42722766
[442]          NA          NA  6.30893365  0.65389270          NA          NA          NA
[449]          NA  6.07943984  0.23777443          NA          NA          NA          NA
[456]  3.36507040          NA          NA          NA          NA          NA          NA
[463]          NA          NA          NA          NA  6.37381523          NA          NA
[470]          NA          NA  7.12673197          NA          NA          NA          NA
[477]          NA          NA          NA          NA          NA  7.99574452          NA
[484]          NA          NA          NA          NA          NA          NA          NA
[491]          NA          NA          NA          NA          NA          NA          NA
[498] 10.39045319          NA  2.87892413          NA          NA          NA  1.75901468
[505]          NA          NA          NA  7.85250808          NA          NA  0.29428411
[512]          NA  2.40686566          NA          NA          NA          NA  5.41494789
[519]          NA          NA          NA  2.79198695          NA          NA          NA
[526]          NA          NA          NA  3.52152290          NA  4.83140782          NA
[533]          NA  5.11792087          NA  3.51932235  0.95508995          NA          NA
[540]          NA          NA          NA          NA          NA          NA          NA
[547]          NA          NA          NA          NA          NA          NA          NA
[554]          NA          NA          NA          NA          NA          NA          NA
[561]  2.44381179          NA  5.69000176          NA          NA          NA  7.41340970
[568]          NA          NA          NA          NA          NA          NA          NA
[575]          NA          NA          NA          NA          NA          NA          NA
[582]          NA          NA          NA          NA  1.24653421          NA          NA
[589]          NA          NA          NA          NA          NA  5.53135398  1.61578466
[596]          NA          NA          NA          NA          NA          NA          NA
[603]          NA          NA          NA          NA          NA          NA          NA
[610]          NA  1.41203942          NA          NA          NA          NA          NA
[617]          NA          NA          NA          NA          NA          NA          NA
[624]          NA          NA          NA          NA          NA          NA          NA
[631]          NA          NA          NA          NA          NA          NA          NA
[638]          NA          NA  1.30923716          NA          NA          NA  0.22447476
[645]          NA          NA          NA  0.97506751          NA  1.13984476          NA
[652]          NA          NA          NA          NA          NA  4.07172307  0.72524781
[659]          NA          NA          NA          NA          NA          NA          NA
[666]          NA          NA          NA  3.90790750          NA          NA          NA
[673]          NA          NA  0.57658217          NA          NA          NA          NA
[680]          NA          NA          NA          NA          NA          NA          NA
[687]  2.65671777  0.82204301          NA          NA          NA          NA          NA
[694]          NA          NA          NA          NA          NA          NA          NA
[701]          NA          NA          NA          NA          NA          NA          NA
[708]          NA          NA          NA          NA  0.13642371          NA          NA
[715]          NA          NA          NA          NA          NA          NA          NA

$TS
  [1] 9.421732e+01 8.305452e+01 8.205521e+01 7.895937e+01 5.270038e+01 2.535412e+01 2.364294e+01
  [8] 2.182207e+01 5.810294e+01 5.662985e+01 7.233469e+01 6.353845e+01 5.429678e+01 5.249084e+01
 [15] 4.658568e+01 2.908645e+01 2.837107e+01 2.624618e+01 6.012975e+01 5.961586e+01 4.830326e+01
 [22] 4.605710e+01 4.289152e+01 3.769017e+01 3.483459e+01 3.043487e+01 4.830604e+01 5.946539e+01
 [29] 2.550470e+01 4.917063e+00 5.183459e+01 3.802545e+01 2.811904e+01 1.337919e+01 2.518409e+00
 [36] 4.098600e+01 3.881973e+01 5.578620e+01 5.310555e+01 4.911830e+01 2.539604e+01 2.528224e+01
 [43] 1.593166e+01 3.258872e+01 2.842581e+01 2.338604e+01 1.117303e+01 4.675617e+01 4.624903e+01
 [50] 4.373804e+01 3.517788e+01 2.182521e+01 4.923676e+01 3.921543e+01 3.199855e+01 2.298966e+01
 [57] 5.111616e+01 3.537251e+01 2.405924e+01 2.269047e+01 7.055341e+00 3.378528e+01 4.672608e+01
 [64] 3.684837e+01 3.063058e+01 2.159862e+01 4.168091e+01 4.004340e+01 3.931991e+01 3.654070e+01
 [71] 3.105965e+01 2.666388e+01 4.597722e+01 3.832133e+01 3.814074e+01 3.757380e+01 3.091513e+01
 [78] 1.893155e+01 1.559363e+01 4.261409e+01 3.264949e+01 7.896482e+00 2.152739e+01 3.920506e+01
 [85] 3.686330e+01 2.559487e+01 2.148117e+01 8.808321e+00 3.182724e+01 1.007334e+01 3.938587e+01
 [92] 3.744316e+01 3.589385e+01 2.428635e+01 2.259208e+01 1.750156e+01 5.344483e+00 3.748785e+01
 [99] 2.076248e+01 3.873237e+01 3.416078e+01 2.665614e+01 3.188140e+01 1.278299e+00 2.119285e+01
[106] 1.682915e+01 3.079127e+01 1.667896e+01 8.498620e+00 3.632164e+01 3.582463e+01 2.621122e+01
[113] 1.737751e+01 7.516911e+00 3.748381e+01 3.057296e+01 2.452290e+01 2.217671e+01 1.801003e+01
[120] 2.417989e+01 3.605304e+01 2.965933e+01 3.627140e+01 3.443410e+01 2.497021e+01 8.102807e+00
[127] 5.696034e+00 5.193515e+00 4.943918e+00 3.627478e+01 1.648382e+01 1.289865e+01 7.831075e+00
[134] 3.197018e+01 2.474550e+01 3.340275e+01 3.157929e+01 2.457130e+01 1.441939e+01 3.111143e+01
[141] 3.577829e+01 3.556591e+01 3.259451e+01 2.858541e+01 9.993736e+00 6.275665e+00 2.855981e+01
[148] 2.140484e+01 1.424951e+01 7.064658e+00 3.100214e+01 2.409024e+01 1.313049e+00 2.487868e+01
[155] 1.378437e+01 8.702445e+00 6.940333e+00 7.427342e-04 8.292475e+00 6.107923e+00 3.408407e+01
[162] 3.164230e+01 2.750703e+01 3.015745e+01 1.108011e+01 8.662228e+00 2.626475e+01 2.075013e+01
[169] 7.172276e+00 2.728875e+01 1.718636e+01 9.502503e+00 2.678687e+01 2.239976e+01 2.726034e+01
[176] 2.049209e+01 1.673181e+01 2.496582e+01 1.149546e+01 2.067301e+01 6.839849e+00 2.786839e+01
[183] 2.852578e+01 1.521627e+01 1.505782e+01 2.847727e+00 1.590219e+01 2.832324e-01 2.700071e+01
[190] 2.743452e+01 2.703358e+01 2.542285e+01 2.230587e+01 2.142048e+01 1.950916e+01 1.608426e+01
[197] 1.583104e+01 2.739756e+01 2.606995e+01 2.123551e+01 2.657037e+01 2.139395e+01 1.312179e+01
[204] 2.620845e+01 1.282341e+01 7.515819e+00 7.146140e+00 2.739902e+01 2.442458e+01 2.086553e+01
[211] 1.907012e+01 1.499382e+01 1.458117e+01 2.686592e+01 2.502333e+01 2.492299e+01 1.721751e+01
[218] 2.029233e+01 1.139731e+01 1.830848e+01 2.932610e+00 2.261978e+01 2.403172e+01 2.285112e+01
[225] 2.283175e+01 9.041764e+00 2.394727e+01 8.101608e-01 1.946833e+01 1.381442e+01 6.210348e+00
[232] 5.823491e+00 1.862716e+01 1.204398e+01 1.191599e+01 2.489984e+01 2.141815e+01 1.424046e+01
[239] 6.183492e+00 2.961659e+00 1.977939e+01 2.833216e+00 2.605193e+00 2.109917e+01 1.746531e+01
[246] 4.843763e+00 2.302954e+01 1.406694e+01 1.059196e+01 1.190547e+01 1.437518e+01 9.541887e+00
[253] 8.378444e+00 4.224775e+00 2.398173e+01 1.408107e+01 1.040036e+01 7.767286e+00 6.582658e+00
[260] 9.080108e+00 1.687407e+01 1.507884e+01 1.405775e+01 1.107948e+01 2.427522e+01 2.132775e+01
[267] 1.752366e+01 4.269653e+00 1.884026e+01 2.391143e+01 9.840643e+00 1.407257e+01 1.108064e+01
[274] 1.751232e+01 8.729278e+00 2.216225e+01 2.019410e+01 1.899796e+01 1.681132e+01 1.939031e+01
[281] 1.261422e+01 1.563857e+01 5.715254e+00 1.633730e+01 4.559480e+00 1.716892e+01 2.206877e+01
[288] 1.392582e+01 7.190098e+00 1.680550e+01 1.559675e+01 1.671329e+01 1.371415e+01 7.647229e+00
[295] 4.680944e+00 1.466101e+01 1.130912e+01 2.529909e+00 3.831338e-01 2.083402e+01 1.328360e+01
[302] 1.103399e+01 9.251178e+00 1.214733e+01 1.099861e+01 4.085015e+00 1.226651e+01 1.659651e+01
[309] 1.569657e+01 1.245638e+01 9.953443e+00 4.389588e+00 2.015247e+00 1.525913e+01 2.068081e+01
[316] 2.004928e+01 1.703940e+01 3.342257e+00 1.417884e+01 6.826023e+00 3.646303e+00 1.613623e+01
[323] 1.921208e+01 4.985701e+00 4.975449e+00 1.225309e+00 1.801080e+01 1.996532e+01 9.408663e+00
[330] 1.668441e+01 1.653440e+01 1.563879e+01 1.322378e+01 1.285045e+01 1.153644e+01 1.285761e+00
[337] 1.188234e+01 1.177060e+01 1.373533e+01 3.072192e+00 1.410867e+01 2.357167e+00 1.899875e+01
[344] 1.508969e+01 7.675190e+00 1.119222e+01 1.857124e+01 1.474796e+00 1.096982e+01 1.014268e+01
[351] 5.915958e+00 1.858974e+01 1.551632e+01 8.730059e+00 1.866329e+01 1.854751e+01 1.388390e+01
[358] 1.134792e+01 6.412917e+00 1.680433e+01 1.596775e+01 1.566367e+01 1.488692e+01 9.034929e+00
[365] 1.691957e+01 1.404310e+01 8.155040e+00 7.967467e+00 2.771810e+00 1.900251e+00 1.300013e+01
[372] 1.180122e+01 8.820884e+00 1.553354e+01 9.773640e+00 7.711427e+00 1.296981e+01 6.819440e+00
[379] 1.692198e+01 1.522320e+01 1.153032e+01 9.709173e+00 1.565315e+01 1.464948e+01 1.141531e+01
[386] 9.869655e+00 6.980075e+00 8.020175e+00 1.356450e+01 1.232401e+01 8.483006e+00 1.183400e+01
[393] 9.756539e+00 8.482763e+00 1.917027e+00 1.528917e+01 1.551086e+01 3.636333e+00 1.072408e+01
[400] 4.693675e+00 6.775097e+00 5.254957e-03 2.640018e+00 7.412332e-01 4.761178e+00 1.311966e+01
[407] 1.301923e+01 1.429815e+01 7.960293e+00 5.280977e+00 5.861841e+00 8.452389e+00 6.000530e+00
[414] 1.463086e+01 9.345296e+00 1.513420e+01 1.263928e+01 7.010984e+00 1.089534e+01 1.033781e+01
[421] 6.977297e+00 5.867668e+00 4.813297e+00 2.195833e+00 9.980996e+00 3.847002e+00 2.583046e+00
[428] 5.315581e+00 9.961617e+00 1.230344e+01 8.826826e+00 8.876488e+00 5.400214e+00 1.256561e+01
[435] 9.349741e+00 1.229989e+00 5.863687e-01 1.336932e+01 1.301598e+01 1.198375e+01 1.102523e+01
[442] 1.208805e+01 1.181223e+01 1.022025e+01 1.305460e+01 6.819750e+00 5.238823e+00 1.053986e+01
[449] 1.096432e+01 9.442409e+00 3.661294e+00 2.104124e+00 1.265331e+01 1.048109e+01 1.045342e+01
[456] 5.525325e+00 6.847276e-01 1.343410e+01 9.739764e+00 8.873283e+00 1.309674e+01 6.113062e+00
[463] 3.273600e+00 1.137442e+00 1.270263e+01 1.173785e+01 1.113321e+01 1.089189e+01 2.926655e+00
[470] 1.074712e+00 1.305536e+01 8.128315e+00 2.110835e+00 1.269727e+01 9.023991e+00 6.682733e+00
[477] 3.973302e-01 9.813822e+00 9.498381e+00 2.889831e+00 1.205017e+01 8.243410e+00 4.007824e+00
[484] 6.560661e-01 7.353835e+00 2.841916e+00 6.532963e+00 1.015093e+00 9.835535e-01 4.415909e+00
[491] 5.237989e+00 4.110049e+00 3.213701e-01 1.718580e+00 1.567441e+00 4.989508e+00 8.952319e+00
[498] 1.044731e+01 4.881464e+00 3.556480e+00 1.095233e+01 5.566793e+00 1.551582e+00 6.585930e+00
[505] 1.152857e+01 1.280852e+00 5.719350e+00 7.974983e+00 7.934585e+00 9.588396e+00 3.296088e+00
[512] 7.080129e+00 3.422080e+00 3.725678e+00 1.083710e+01 6.518666e+00 1.094051e+01 5.582122e+00
[519] 4.473919e+00 7.277212e-01 4.414129e+00 6.935385e+00 2.881236e+00 1.880071e+00 1.727846e+00
[526] 9.030247e-01 1.077345e+00 9.877810e+00 1.018033e+01 1.470671e+00 8.695437e+00 1.002737e+01
[533] 1.812424e+00 5.652068e+00 1.014984e+01 7.966675e+00 5.554503e+00 4.868601e+00 4.668059e-01
[540] 8.107353e+00 3.543651e+00 8.001576e+00 9.415524e+00 7.692470e+00 6.548674e+00 5.866284e+00
[547] 9.079468e+00 3.647084e+00 9.208370e+00 7.792921e+00 1.720200e+00 8.922518e+00 4.893138e+00
[554] 9.469865e+00 7.111947e+00 1.671924e+00 1.238828e+00 4.742792e+00 4.662088e+00 9.531374e+00
[561] 8.414185e+00 6.585790e+00 7.813137e+00 2.347043e-01 8.417852e+00 8.215297e+00 8.336743e+00
[568] 5.538806e+00 4.724477e+00 7.744169e-01 4.755641e+00 6.540714e+00 8.834414e-01 3.202606e-01
[575] 7.590066e-01 3.198724e+00 5.424035e-01 5.952164e+00 8.625754e+00 1.613586e+00 5.973851e+00
[582] 5.771521e+00 1.694982e-01 8.074095e+00 7.648026e+00 2.540211e+00 2.505984e+00 1.307193e+00
[589] 4.992364e+00 4.923784e+00 4.223465e+00 6.268330e+00 7.805428e+00 6.720633e+00 3.676933e+00
[596] 3.522764e+00 1.703290e+00 1.201931e+00 8.049140e+00 7.574027e+00 5.084512e+00 4.942579e+00
[603] 9.759578e-01 6.282238e+00 1.739331e+00 2.116272e+00 7.721215e+00 6.554637e+00 7.874332e+00
[610] 4.110721e+00 4.301821e+00 5.375626e+00 3.353145e+00 4.904710e+00 3.373100e+00 3.936619e+00
[617] 3.307666e+00 6.848468e+00 6.652875e+00 7.591804e+00 6.105213e+00 5.410387e+00 2.098078e+00
[624] 6.670277e+00 5.004452e+00 5.579596e+00 6.371718e+00 6.364063e+00 5.304168e+00 1.800433e+00
[631] 5.812461e-01 2.370761e+00 4.846923e+00 5.197687e+00 5.552506e+00 2.310493e-02 1.998030e+00
[638] 5.222985e-01 2.137414e+00 2.418171e+00 5.661802e+00 4.821825e+00 1.429581e+00 8.594230e-01
[645] 4.620344e+00 3.161853e+00 2.301107e+00 3.552574e+00 1.345787e+00 2.139695e+00 2.074738e+00
[652] 5.486911e+00 2.968184e+00 1.468463e+00 6.815479e-01 2.008973e-01 4.698807e+00 8.116830e-01
[659] 2.373999e+00 5.525962e+00 1.514509e+00 3.938655e+00 3.195239e+00 4.171336e+00 3.482541e+00
[666] 3.868243e-01 6.806757e-02 2.785612e+00 4.148805e+00 7.025317e-01 3.993864e+00 1.206458e+00
[673] 2.570647e+00 6.692608e-01 3.088434e+00 4.486861e+00 8.675962e-01 1.286583e-01 3.583069e+00
[680] 1.534494e+00 3.433435e+00 1.821934e+00 4.140741e+00 5.364548e-01 2.944747e+00 2.463474e+00
[687] 4.030275e+00 2.115613e+00 2.256711e-02 3.823587e+00 3.818562e+00 2.229160e-01 6.764303e-01
[694] 1.229431e+00 3.391128e+00 2.527067e+00 9.507119e-01 2.985769e+00 2.975161e+00 6.957671e-01
[701] 2.097793e+00 5.132132e-01 2.371789e+00 1.935552e+00 1.841507e+00 2.215901e+00 1.506165e+00
[708] 1.372003e+00 1.260808e+00 1.961769e+00 8.484172e-01 1.965739e+00 9.167162e-03 6.955320e-01
[715] 1.043056e+00 5.315092e-02 2.162776e-01 5.546581e-01 9.952289e-01 4.305781e-01 1.819334e-01

$PAR
  [1]  NA   1   1   1   1   1   1   1   2   2   3  11  11  11  11  11  11  11  12  12  12  12  12
 [24]  12  12  12  19  20  20  20  28  28  28  28  28   9   9  10  10  38  38  38  38  13  13  13
 [47]  13  39  39  39  39  39   5   5   5   5  14  14  14  14  14  31  57  57  57  57  27  27  27
 [70]  27  21  21  63  15  15  15  15  15  15  49  49  49  22  73  73  73  73  73  23  23  80  80
 [93]  67  67  67  67  67  68  68  69  69  69  54  54  84  84  37  37  37  75  75  75  75  75  32
[116]  32  32  32  32  24  76  76  98 115 115 115 115 115 115  92  92  92  92  85  85  70 123 123
[139] 123 121  93  93 111 111 141 141 142 142 142 142  58  58  58  51  51  51  51  51  25  25 124
[162] 124  62 136 136  81 143 143 143  44  44  44  55 103 137 137 137 140 140 151 151  77  65  65
[185]  65  65 164 164  16 144 144  45  45  45  45  45  45  17  17  17  33  33  33 182 182 182 182
[208] 163 163 163 163 163 163 208 208 208 191 189 189 214 214 102 201 201 201 201 167 167  18 112
[231] 112 112 204 204 204 199 199 199 199 199  29  41  41  42  42  42 125 125 125 178 216 216 216
[254] 216 154 154 154 154 154 135 117 209 209 209  94 265 120 120 152 223 223 255 255 227 227 270
[277] 270   7   7  46 224 225 225 222 222 174 193 118 118 276 276  52   8  66  66  87  87  87  87
[300] 194 194 194 194 237 237 148 202 266 266 266 266 266 266 200 105 105 105 105 244 244 244 210
[323] 300 300 300 300  99 168 168 315 315 315 180 180 180 180 176 218 277 316 328 328 241 241 195
[346] 280 323 323 211 211 211 343 278 278  78 269 269 355 355 356 356 356 356 356 220 220 327 327
[369] 327 119 267 267 267  96  96  96 245 113 171 171 171 171 317 317 379 379 379 365 106 106 106
[392] 279 279 279 290 330 108 108 308 331 284 284 322 322 361  43  43 187 187 187 197 383 383 282
[415] 282  79 374 374 353 353 397 397 397 397 396 314 314 380 416 384 384 414 213 139 251 251 251
[438] 149 238 319 319 341 256 256 272 248 263 366 288 288 288 288 357 357 155 339 339 293 389 389
[461] 458 458 458  34 438 301 301 301 333 203 461 471 439 371 377 377 377 132 334 334 205 205 465
[484] 465 474 474 281 390 390 430 307 307 307 442 442 481 234 235 250 250 337 337 337 392 338 338
[507] 466 179 179 385 219 358 358 297 346  47 165 165 165 165 264 305 305 305 305 305 449 501 517
[530] 517 468 399 399 249 448 454 454 454 454 455 455 420 444 529 535 535  90 532 145 429 429 386
[553] 386 271 478 478 478 393 382 510 510 510 252 560 172 479 543 543 329 329 435 415 415 547 364
[576] 475 475 552 431 275 156 156 156 531 166 166 166 579 109 109 109 394 412 412 412 253 253 253
[599] 482 367 126 126 126 584 584 388 542 542 368 368 509 609 133 258 607 376 376 544 585 294 114
[622] 114 114 485 512 387 421 522 522 181 320 446 401 624 562 545 516 628 604 146 160 160 621 581
[645] 578 422 422 546 411 582 582 507 127 127 641 626 502 502 537 568 660 652 622 433 612 428 629
[668] 589 496 324  30 614 553 538 633 246 423 405 558 295 559 285 519 519 521 591 610 610 492 483
[691] 483 662 691 321 398 648 665 681 513 511 576 653 427 586 298 659 647 706 606 473 473 623 370
[714] 494 597 708 506 598 715 404 574

$EXTANT
  [1] FALSE FALSE FALSE FALSE FALSE FALSE FALSE FALSE FALSE FALSE FALSE FALSE  TRUE  TRUE FALSE
 [16] FALSE FALSE FALSE FALSE  TRUE FALSE FALSE  TRUE FALSE  TRUE FALSE FALSE  TRUE FALSE  TRUE
 [31] FALSE FALSE FALSE  TRUE  TRUE FALSE  TRUE FALSE FALSE FALSE  TRUE  TRUE FALSE  TRUE FALSE
 [46] FALSE  TRUE FALSE  TRUE FALSE  TRUE FALSE FALSE  TRUE FALSE FALSE FALSE  TRUE FALSE FALSE
 [61]  TRUE FALSE FALSE FALSE  TRUE FALSE  TRUE FALSE FALSE FALSE FALSE FALSE FALSE FALSE  TRUE
 [76] FALSE  TRUE  TRUE FALSE FALSE FALSE  TRUE FALSE  TRUE FALSE FALSE  TRUE FALSE FALSE  TRUE
 [91] FALSE  TRUE FALSE FALSE  TRUE  TRUE FALSE FALSE FALSE FALSE FALSE  TRUE FALSE  TRUE  TRUE
[106]  TRUE FALSE  TRUE  TRUE FALSE FALSE  TRUE  TRUE  TRUE  TRUE FALSE  TRUE  TRUE  TRUE  TRUE
[121] FALSE FALSE  TRUE FALSE FALSE  TRUE  TRUE  TRUE  TRUE FALSE FALSE FALSE  TRUE  TRUE  TRUE
[136]  TRUE FALSE FALSE FALSE  TRUE FALSE  TRUE FALSE  TRUE FALSE  TRUE FALSE  TRUE FALSE  TRUE
[151]  TRUE  TRUE  TRUE  TRUE FALSE  TRUE  TRUE  TRUE  TRUE FALSE FALSE FALSE  TRUE  TRUE  TRUE
[166]  TRUE  TRUE FALSE  TRUE FALSE  TRUE FALSE FALSE FALSE FALSE FALSE FALSE  TRUE  TRUE  TRUE
[181]  TRUE  TRUE FALSE FALSE  TRUE  TRUE  TRUE  TRUE  TRUE FALSE FALSE FALSE FALSE  TRUE  TRUE
[196] FALSE  TRUE FALSE  TRUE FALSE  TRUE FALSE  TRUE FALSE  TRUE  TRUE  TRUE FALSE FALSE FALSE
[211]  TRUE  TRUE  TRUE  TRUE FALSE  TRUE  TRUE  TRUE  TRUE FALSE  TRUE  TRUE  TRUE  TRUE FALSE
[226] FALSE  TRUE  TRUE FALSE  TRUE  TRUE  TRUE FALSE  TRUE  TRUE  TRUE FALSE FALSE  TRUE  TRUE
[241]  TRUE  TRUE  TRUE  TRUE FALSE FALSE FALSE FALSE FALSE  TRUE  TRUE FALSE  TRUE  TRUE  TRUE
[256] FALSE FALSE  TRUE FALSE FALSE FALSE FALSE  TRUE  TRUE FALSE  TRUE  TRUE  TRUE  TRUE  TRUE
[271]  TRUE FALSE  TRUE FALSE  TRUE FALSE  TRUE  TRUE  TRUE FALSE  TRUE FALSE  TRUE  TRUE  TRUE
[286] FALSE  TRUE  TRUE  TRUE  TRUE  TRUE FALSE  TRUE  TRUE  TRUE FALSE  TRUE  TRUE  TRUE  TRUE
[301] FALSE FALSE  TRUE  TRUE  TRUE  TRUE  TRUE FALSE FALSE  TRUE FALSE  TRUE  TRUE  TRUE  TRUE
[316]  TRUE  TRUE  TRUE FALSE  TRUE  TRUE FALSE  TRUE  TRUE  TRUE  TRUE  TRUE  TRUE  TRUE FALSE
[331]  TRUE FALSE  TRUE  TRUE FALSE  TRUE  TRUE  TRUE  TRUE  TRUE  TRUE  TRUE FALSE FALSE  TRUE
[346]  TRUE FALSE  TRUE  TRUE  TRUE FALSE  TRUE  TRUE  TRUE  TRUE FALSE  TRUE  TRUE  TRUE  TRUE
[361]  TRUE  TRUE  TRUE  TRUE FALSE  TRUE FALSE  TRUE  TRUE  TRUE FALSE FALSE FALSE  TRUE  TRUE
[376]  TRUE  TRUE  TRUE  TRUE  TRUE FALSE  TRUE FALSE  TRUE  TRUE  TRUE  TRUE  TRUE FALSE  TRUE
[391]  TRUE  TRUE  TRUE FALSE  TRUE  TRUE  TRUE  TRUE  TRUE  TRUE FALSE  TRUE  TRUE  TRUE  TRUE
[406] FALSE  TRUE FALSE  TRUE  TRUE FALSE  TRUE FALSE FALSE FALSE  TRUE  TRUE  TRUE FALSE  TRUE
[421]  TRUE  TRUE  TRUE  TRUE FALSE  TRUE  TRUE  TRUE  TRUE FALSE  TRUE  TRUE  TRUE  TRUE  TRUE
[436]  TRUE  TRUE FALSE  TRUE FALSE FALSE  TRUE  TRUE FALSE FALSE  TRUE  TRUE  TRUE  TRUE FALSE
[451] FALSE  TRUE  TRUE  TRUE  TRUE FALSE  TRUE  TRUE  TRUE  TRUE  TRUE  TRUE  TRUE  TRUE  TRUE
[466]  TRUE FALSE  TRUE  TRUE  TRUE  TRUE FALSE  TRUE  TRUE  TRUE  TRUE  TRUE  TRUE  TRUE  TRUE
[481]  TRUE FALSE  TRUE  TRUE  TRUE  TRUE  TRUE  TRUE  TRUE  TRUE  TRUE  TRUE  TRUE  TRUE  TRUE
[496]  TRUE  TRUE FALSE  TRUE FALSE  TRUE  TRUE  TRUE FALSE  TRUE  TRUE  TRUE FALSE  TRUE  TRUE
[511] FALSE  TRUE FALSE  TRUE  TRUE  TRUE  TRUE FALSE  TRUE  TRUE  TRUE FALSE  TRUE  TRUE  TRUE
[526]  TRUE  TRUE  TRUE FALSE  TRUE FALSE  TRUE  TRUE FALSE  TRUE FALSE FALSE  TRUE  TRUE  TRUE
[541]  TRUE  TRUE  TRUE  TRUE  TRUE  TRUE  TRUE  TRUE  TRUE  TRUE  TRUE  TRUE  TRUE  TRUE  TRUE
[556]  TRUE  TRUE  TRUE  TRUE  TRUE FALSE  TRUE FALSE  TRUE  TRUE  TRUE FALSE  TRUE  TRUE  TRUE
[571]  TRUE  TRUE  TRUE  TRUE  TRUE  TRUE  TRUE  TRUE  TRUE  TRUE  TRUE  TRUE  TRUE  TRUE  TRUE
[586] FALSE  TRUE  TRUE  TRUE  TRUE  TRUE  TRUE  TRUE FALSE FALSE  TRUE  TRUE  TRUE  TRUE  TRUE
[601]  TRUE  TRUE  TRUE  TRUE  TRUE  TRUE  TRUE  TRUE  TRUE  TRUE FALSE  TRUE  TRUE  TRUE  TRUE
[616]  TRUE  TRUE  TRUE  TRUE  TRUE  TRUE  TRUE  TRUE  TRUE  TRUE  TRUE  TRUE  TRUE  TRUE  TRUE
[631]  TRUE  TRUE  TRUE  TRUE  TRUE  TRUE  TRUE  TRUE  TRUE FALSE  TRUE  TRUE  TRUE FALSE  TRUE
[646]  TRUE  TRUE FALSE  TRUE FALSE  TRUE  TRUE  TRUE  TRUE  TRUE  TRUE FALSE FALSE  TRUE  TRUE
[661]  TRUE  TRUE  TRUE  TRUE  TRUE  TRUE  TRUE  TRUE FALSE  TRUE  TRUE  TRUE  TRUE  TRUE FALSE
[676]  TRUE  TRUE  TRUE  TRUE  TRUE  TRUE  TRUE  TRUE  TRUE  TRUE  TRUE FALSE FALSE  TRUE  TRUE
[691]  TRUE  TRUE  TRUE  TRUE  TRUE  TRUE  TRUE  TRUE  TRUE  TRUE  TRUE  TRUE  TRUE  TRUE  TRUE
[706]  TRUE  TRUE  TRUE  TRUE  TRUE  TRUE FALSE  TRUE  TRUE  TRUE  TRUE  TRUE  TRUE  TRUE  TRUE
[721]  TRUE

