
Birth-death simulation object with 610 species and 500 extant species

Details for some species:

Extinction times (NA means extant)
[1] 30.067917 56.253420 40.465954  1.500519 30.321306        NA


Speciation times 
[1] 69.41008 61.35398 48.79700 59.94840 58.43246 13.70002


Species parents (NA for initial)
[1] NA  1  1  2  4  4


Species status (extinct or extant)
[1] "extinct" "extinct" "extinct" "extinct" "extinct" "extant" 


For more details on vector y, try sim$y, with y one of
TE TS PAR EXTANT



$TE
  [1] 30.06791681 56.25342042 40.46595390  1.50051923 30.32130573          NA          NA  3.85561539  0.67802924 24.34158724
 [11] 20.29055462  8.51265614 22.56910636 29.30210596 10.91065455 51.02320515          NA 20.30649688  5.97692864  6.58180183
 [21]  4.95455398          NA  5.67807550 16.06795703          NA 31.01082312 19.02009139 13.19839182          NA 11.71672370
 [31]          NA          NA 21.51963381  0.23866715          NA          NA          NA 20.06527310          NA  7.62999558
 [41] 13.70683812          NA          NA          NA          NA          NA          NA          NA 21.58148246          NA
 [51]          NA  1.50742409          NA          NA 21.71822494          NA  1.87471922          NA  8.82242919          NA
 [61]          NA 15.07377676          NA          NA          NA  5.39532320          NA          NA  8.60812021          NA
 [71]          NA          NA          NA 11.24451643 15.86423920 14.81505141          NA          NA          NA          NA
 [81]          NA          NA          NA  2.67400063  4.86954946  8.06032424          NA 13.09623845  3.04343832          NA
 [91]          NA 15.15583143          NA          NA 15.38646657          NA          NA 13.61461726          NA          NA
[101]          NA          NA 14.44000433 14.35111756          NA  3.70342816  7.02234220          NA  5.47680936          NA
[111]  7.97916929  2.27815890          NA          NA          NA          NA          NA          NA  2.05629347 15.43479088
[121]          NA          NA          NA          NA  2.11779425 12.57539071          NA 16.88878783          NA          NA
[131]  0.56922926 17.24075431  6.11521027          NA          NA          NA          NA  6.76970908          NA          NA
[141]          NA  9.75258414          NA 12.03888431          NA          NA          NA          NA  5.47373799  4.31604317
[151]          NA          NA          NA  5.59190644          NA          NA  1.76507467          NA          NA          NA
[161] 11.08999098          NA          NA  1.98650211  4.66334246  0.31693082          NA  8.33396651          NA          NA
[171]          NA          NA          NA          NA          NA          NA          NA          NA          NA  1.83963970
[181]          NA          NA  8.10773978          NA          NA          NA          NA          NA          NA          NA
[191]          NA          NA          NA          NA          NA          NA          NA          NA          NA          NA
[201]          NA          NA          NA          NA          NA          NA          NA          NA          NA          NA
[211]          NA          NA          NA          NA          NA  6.02314192          NA          NA          NA          NA
[221]  8.65735807          NA          NA          NA          NA          NA          NA          NA          NA          NA
[231]          NA  2.41431509          NA          NA  1.96243226          NA          NA          NA          NA          NA
[241]          NA          NA          NA  3.27647952  4.60819971          NA          NA          NA  0.07513913          NA
[251]          NA  0.34541796          NA          NA  0.88940343          NA          NA          NA          NA          NA
[261]          NA          NA          NA          NA          NA          NA          NA  1.83397445          NA          NA
[271]          NA          NA          NA          NA          NA          NA          NA          NA          NA          NA
[281]          NA          NA          NA          NA          NA          NA          NA          NA          NA          NA
[291]          NA          NA          NA          NA          NA          NA  8.90754098          NA  6.36157014          NA
[301]  9.45702306          NA          NA          NA          NA          NA          NA          NA          NA          NA
[311]          NA  3.77074805          NA          NA          NA          NA          NA          NA  6.23396354          NA
[321]  1.05761082          NA          NA  1.76546006          NA          NA          NA          NA          NA          NA
[331]          NA          NA  6.41974114          NA          NA          NA  3.34063327          NA          NA          NA
[341]          NA          NA          NA  0.50116448          NA          NA          NA          NA          NA          NA
[351]          NA          NA          NA          NA          NA          NA          NA          NA          NA          NA
[361]          NA          NA          NA          NA          NA          NA          NA          NA          NA          NA
[371]  1.27746389          NA          NA          NA          NA          NA          NA          NA          NA  2.21524428
[381]  0.20833738  4.45231944          NA          NA          NA          NA          NA          NA  4.64662881          NA
[391]          NA          NA          NA          NA          NA          NA          NA          NA          NA          NA
[401]          NA          NA          NA  0.95524377          NA          NA          NA          NA          NA          NA
[411]          NA          NA          NA          NA          NA          NA          NA          NA          NA          NA
[421]          NA          NA          NA          NA          NA          NA  3.38540092          NA          NA          NA
[431]          NA          NA          NA  2.68094521          NA          NA          NA          NA          NA          NA
[441]          NA          NA          NA          NA          NA          NA          NA          NA          NA          NA
[451]          NA          NA          NA          NA  1.92904257          NA          NA          NA          NA  3.84283211
[461]          NA          NA          NA          NA          NA          NA          NA          NA          NA          NA
[471]          NA          NA          NA          NA          NA          NA          NA          NA          NA          NA
[481]          NA          NA          NA          NA          NA          NA          NA          NA  1.34907320          NA
[491]          NA          NA          NA          NA          NA          NA          NA          NA          NA          NA
[501]          NA          NA          NA          NA          NA          NA          NA          NA          NA          NA
[511]          NA          NA          NA          NA          NA          NA          NA          NA  3.53475002          NA
[521]          NA          NA          NA          NA          NA          NA          NA          NA          NA          NA
[531]          NA          NA          NA          NA          NA          NA          NA          NA          NA          NA
[541]          NA          NA          NA          NA          NA          NA          NA          NA          NA          NA
[551]          NA          NA          NA          NA          NA          NA          NA          NA          NA          NA
[561]          NA          NA          NA          NA  1.40977848          NA          NA          NA          NA          NA
[571]          NA          NA          NA          NA          NA          NA          NA          NA          NA          NA
[581]          NA          NA          NA          NA          NA          NA          NA          NA          NA          NA
[591]          NA          NA          NA          NA          NA          NA          NA          NA          NA          NA
[601]          NA          NA          NA          NA          NA          NA          NA          NA          NA          NA

$TS
  [1] 69.410084970 61.353979195 48.797000918 59.948404491 58.432459666 13.700024693 13.005072231  9.335344243 57.681472679 46.765171203
 [11] 40.566149269 36.372262668 35.668719289 34.898108573 30.570953277 55.744540749 27.849061250 22.481596688 21.099894455 17.384472199
 [21] 13.380891298  0.999725777 45.055495958 28.628896212  5.842727208 32.761695002 28.689191528 19.210229259 10.872018682 26.923251347
 [31] 30.926229330 30.237686276 29.122837178 23.475651128  7.188658344 27.837023433 25.795747489 24.843472631 23.955903885 23.947924656
 [41] 23.437977673 17.838765568  5.873022856  3.833243731  0.626994927 21.784577638 25.587167983 22.964334240 27.704677922 25.232532018
 [51] 22.602418362 14.484046807  6.073632442 24.238730091 23.051858751 22.323994176 13.236201308 11.700038875 11.339521492  8.638097570
 [61]  3.017418394 18.735854799  5.093302817 19.564672417 12.963097898 10.975187111  7.753394305  7.722112150 15.457546449 13.654066389
 [71]  7.940507351  3.978918609 22.079912542 20.265024949 19.435911822 15.595747969 11.698404282 21.450815554 15.841663698 21.675335888
 [81] 18.339506956 15.561323951 14.896369009 12.081804988  9.460614217  9.395614388  4.158009003 16.342911775 14.392421309  5.714532927
 [91] 21.655361965 18.226541132  8.313361056  2.867304039 18.870853863 14.662615871  5.289217090 16.387500086 15.518276218 10.943703721
[101] 10.733918728 10.000380771 19.818929877 16.005276774 11.423556936 10.131499379 19.460543481 19.171418248 19.022795444 14.696759463
[111] 13.805725785 12.438721367 10.394286626  6.586725934  5.485449588  1.119042180 15.845236620 13.685297125 13.180851668 16.216058157
[121] 11.703984994 11.525451105 18.866780382 18.534116571 16.578431556 16.326396700 15.263734520 17.048492839 16.208035971 18.189584666
[131]  5.999374150 17.863092195 16.526604237 17.002231415 11.269337705  9.768771187  9.316654838  6.843068137  4.340028950  3.100790777
[141] 11.735687913 11.301475284  9.407270663 17.463710512  7.090852670  2.664886158 15.315246401 10.225388031  5.608440436  6.316592911
[151]  4.654889597  2.039745074 12.509750532  8.084685407 12.282715171  5.809214708  4.609981383  3.341963644 15.378509177 15.055055939
[161] 14.794842181 15.556412728  9.907125953  8.767763057  8.027296986  0.685129477  2.409784279 15.375840135 10.182164625  5.528969622
[171]  3.982829046 13.590487010 13.204589494  8.727878217  5.787020285  5.655716958  3.957296808 14.937125587 14.331239719 11.013479276
[181] 10.362323161  1.852430475 13.833152811  6.607042059 13.859935701  0.535541355 14.596931792 11.636233252 10.572345507  9.607533143
[191]  7.817941973  1.545214415 13.289326258 10.142471284  6.458751449  9.611785696  4.646520763  7.138246110 10.731627198 10.154567809
[201]  5.423390969 11.159769654 12.183727663  8.980948960  8.717076125  3.121455457  0.104088096  7.850608898  7.007400417  5.346593392
[211]  3.319650515  3.308765865 10.118885775  7.054401235 10.182944479 12.326019060  4.933482205  3.957288302  3.045573443  2.714815880
[221] 10.455538705  8.806543375  7.365202349  5.722099490  4.451401964  8.991150892  2.306298003  0.513030623  0.266748928  7.732751941
[231]  2.858224972  7.755952616  6.700573812 12.105769774  8.186693864  4.046559738  1.442132178 11.898978760  0.832874354  5.806562451
[241]  3.764397577 10.789251419  7.771818204  6.821377380  5.690594234  3.603655542 10.726257839 10.929329396  9.290958938  7.030263126
[251]  6.325390471  2.982649539  6.508944843  6.005628062  6.952966673  3.787624451  2.153041348  0.839785512 10.855400446  9.047012076
[261]  4.150797435  3.055907543  8.105451166  7.573254333  5.193975117  2.036809938  5.158696478 10.356281113  7.484220793  3.098796544
[271]  2.455608990  4.590545470  8.202974522  5.024753067  4.629213154 10.413627355  0.012609699  5.711031126  5.197422907  5.110193717
[281]  3.871135037  1.678884992  2.417977632  0.819250244  3.743866712  4.960434925  4.122210510  3.071060569  9.289630217  7.680038350
[291]  5.100536619  9.554307812  7.924561043  5.547786622  2.495432597  1.776075542  9.116507744  1.041604581  9.754457327  9.692343716
[301]  9.626605405  4.806991361  0.426924243  6.565071047  8.249021745  5.069684871  3.631414854  2.887250983  1.854907847  1.064937107
[311]  0.670250265  6.731797121  9.110198072  7.610796522  7.088879976  1.412358728  0.611562648  9.172255438  7.409715528  2.186665075
[321]  7.187332622  6.775114679  5.125106751  4.705332798  2.771860970  1.006548340  0.520539249  0.323274840  7.604437510  3.277760392
[331]  1.906807176  1.759401774  8.414313950  5.751380968  1.370912540  3.528811445  5.783322462  2.117995782  3.946307973  3.301612724
[341]  8.291776440  4.597989028  1.478438790  0.514686341  5.641619700  8.272554210  7.758079757  7.645223508  3.633866242  4.115144326
[351]  6.289642585  4.767074442  1.337006310  5.103903389  4.083214816  5.735755688  4.755510005  2.172428723  1.590960671  5.594612175
[361]  1.562159141  1.046097516  3.858319611  3.627211369  3.504577412  3.909979164  7.476137455  6.353701981  5.922816152  6.074856082
[371]  7.062190736  4.609278457  3.059856626  0.446627615  5.604573702  5.952026821  3.747615108  5.979686554  5.595136295  6.871462957
[381]  5.302667049  6.503741716  3.008939531  3.726540468  6.424673382  3.151729176  5.712561988  0.233356406  5.020913840  2.704776562
[391]  1.999082362  4.967103209  0.675582197  5.302608543  3.837953697  6.424460143  6.193102515  4.044239158  3.493277612  1.224151312
[401]  5.514906038  2.581788407  4.404996907  4.889209150  0.893046386  2.649870660  3.952752745  6.150892061  4.807446835  2.417245997
[411]  4.873188734  1.120298631  5.171964222  4.712665622  0.361696814  3.731526235  4.977600328  4.308342023  1.337388735  3.413470539
[421]  2.783977478  0.191369408  3.656482614  4.354317924  5.514677868  5.049202452  4.096214093  1.867642182  0.659289502  0.610251732
[431]  4.990211088  3.640665829  3.425969984  5.683350069  5.478284942  5.217607059  4.123314576  3.141314770  4.708335700  1.523711549
[441]  4.639313289  1.911161503  5.471225782  5.126725207  1.438851808  3.900018516  3.947470667  0.683480276  3.624593290  2.725249691
[451]  3.105877704  1.867287334  3.978427410  2.858084762  4.305300975  2.819050479  0.523835261  4.606958113  4.523151186  4.421697867
[461]  2.839181559  1.611541760  0.553610125  4.865767277  4.288328406  3.728008680  0.460923402  2.912862150  2.751630089  4.887121953
[471]  1.048506710  0.045007096  2.131434575  2.052578410  1.131634507  0.804310085  3.544126728  2.550508587  4.244851393  3.477750786
[481]  2.780454341  1.294715227  4.691870367  1.609891542  4.238163695  4.182344424  3.708473787  4.488103687  1.797135842  4.478799931
[491]  2.223282713  1.164720730  2.413799733  0.709150066  4.563156150  1.225336854  2.222245661  0.442288218  4.559530262  0.050305438
[501]  3.439333655  2.646364578  1.963013679  2.004414221  3.417864079  3.884351616  0.732196202  0.370462385  1.589731963  3.269185108
[511]  1.911134714  2.748127163  2.115652469  2.088675267  3.948422416  1.221148219  4.158764737  2.821653978  4.119666898  0.938059499
[521]  0.119669817  2.524180160  1.546594995  0.343742737  2.138301715  0.527587802  0.196259370  0.505740231  1.652985158  0.081538645
[531]  1.902126151  1.049661154  1.259541296  0.607080666  1.750419338  0.195224211  3.127755055  2.276046591  0.654475084  3.002697288
[541]  1.210605276  1.943155113  1.762471907  0.761087858  1.231515115  0.842022042  2.021890374  1.495080212  2.934103598  2.439509012
[551]  0.353229294  0.004106478  0.629850783  2.500651738  1.619737603  2.206573892  0.674664294  2.049216674  2.649876796  0.808807123
[561]  1.846261712  2.564728630  1.408414103  0.335168138  2.287817702  2.010857736  1.624772109  0.216343592  0.530960791  2.533919653
[571]  1.581788638  0.100436725  0.237943130  1.037879899  0.979435682  2.145953054  0.866383240  1.925212008  1.225065164  1.901442748
[581]  0.927326947  1.660844421  1.531481337  1.342542036  1.230543711  1.458767040  1.736420736  1.066270589  0.723029588  0.912958335
[591]  0.764065082  1.360492897  1.055424523  1.120981513  0.686469781  0.300301629  0.212960092  0.162344373  0.826482670  0.810305220
[601]  0.362329906  0.861125286  0.844294888  1.000363422  0.534860221  1.002995276  0.807080610  0.084953446  0.169666823  0.014950345

$PAR
  [1]  NA   1   1   2   4   4   4   4   5   5   5   5   5   5   5   9   9   9   9   9   9   9   3  23  23  11  11  12  12  13  14  31
 [33]  31  31  31  15  32  32  32  32  32  32  32  32  32  33  27  27  24  24  17  17  36  30  30  37  37  37  37  37  37  47  47  50
 [65]  50  50  50  50  54  54  54  54  39  39  39  39  39  40  40  41  41  41  41  48  48  48  48  51  51  51  56  56  56  56  73  73
 [97]  73  46  46  46  46  46  80  80  80  80  91  91  91  91  91  91  91  91  91  91  78  74  74 103  64  64 107  75  75  75  28 108
[129] 108 109 109  95  95 123 123 123 123 123 123 123 124 124 124  81  81  81  92 130 130  42  42  42 144  20 134 134 125 125 126 126
[161] 126 120 129 129 117 117  79  76  82  82  82 162 162 162 162  99 159 168 168 168 168 147 178 178  83  83 161 161 110 110 110 110
[193]  96 187 187  52  52  89 179 185 185   6 118 118 118 118 118  70  70  70  70  70 172 193  57 173 173 173 173 173  65  65  65  65
[225]  65 153 153 153 153 112 112 216 216 155 155 155 155 203 203 234 234  84  84 238 238 141 121  58  58  58  58  58  77  77 188 122
[257] 122 122 105 180 180 180  66 248 248 248 259 199 199 199 199 247 189 189 189 221 276 113 113 113 113 113 181 181 268 148 148 148
[289] 215 215 215 169 169 200 194 213 102 102 163 163 136 136 136 300 190 190 190 292 292 292 292  85 143 143 143 143 143   8 137 249
[321] 289 289 289 289 289 289 289 289 313 313 313 313 260 226 226 204 222 222 174 174 205 205 205 205  60 333 333 341 341 346 305 305
[353] 305 273 235 263 263 263 263 293 293 293 208 208 208 232  67  67  68 290 314 314 314 314 329 264 264 269 269 367 367 223 223  35
[385] 321 321 198 198 145 145 145 315 315 214 250 209 255 255 255 255 233 233 184 114 114 304 253 195 385 396 251 251 150 150 351 397
[417] 370 370 131 378 378 378 376 369  43  43 240 240 175 175 337 337 337 224 278 434 434 434 176 176 345 345 375 375 379 360 294 294
[449] 425 115 210 381  97 436 279 279 279 413 413 413 413 413 267 444 444 354 291  63 306 426 426 426 274 274 274 274 431 392 286 286
[481] 217 217 404 404 470 464 464 409 302 352 352 414 439 439 324 151 441 372 458 458 272 499 459 488 490 225 403 403 424 139 418 455
[513] 465 465 479 479 485 261 287 287 398 171 171 171  72  72  72 177 407 515 447 447 339 339 446 281 256 487 487 349 349 246 246 477
[545] 433 433 505 420 211 330 386 386 537 206 270 252 252  94 461 481 469 512 512 512 450 220 390 390 146 502 502 502 478 554 554 295
[577] 550 283 493 556 320 358 576 473 338 474 152 152 152 566 504 578 309 296 543 282 582 582 361 586 586 335 533 545 545 475 581 557
[609] 374 207

$EXTANT
  [1] FALSE FALSE FALSE FALSE FALSE  TRUE  TRUE FALSE FALSE FALSE FALSE FALSE FALSE FALSE FALSE FALSE  TRUE FALSE FALSE FALSE FALSE
 [22]  TRUE FALSE FALSE  TRUE FALSE FALSE FALSE  TRUE FALSE  TRUE  TRUE FALSE FALSE  TRUE  TRUE  TRUE FALSE  TRUE FALSE FALSE  TRUE
 [43]  TRUE  TRUE  TRUE  TRUE  TRUE  TRUE FALSE  TRUE  TRUE FALSE  TRUE  TRUE FALSE  TRUE FALSE  TRUE FALSE  TRUE  TRUE FALSE  TRUE
 [64]  TRUE  TRUE FALSE  TRUE  TRUE FALSE  TRUE  TRUE  TRUE  TRUE FALSE FALSE FALSE  TRUE  TRUE  TRUE  TRUE  TRUE  TRUE  TRUE FALSE
 [85] FALSE FALSE  TRUE FALSE FALSE  TRUE  TRUE FALSE  TRUE  TRUE FALSE  TRUE  TRUE FALSE  TRUE  TRUE  TRUE  TRUE FALSE FALSE  TRUE
[106] FALSE FALSE  TRUE FALSE  TRUE FALSE FALSE  TRUE  TRUE  TRUE  TRUE  TRUE  TRUE FALSE FALSE  TRUE  TRUE  TRUE  TRUE FALSE FALSE
[127]  TRUE FALSE  TRUE  TRUE FALSE FALSE FALSE  TRUE  TRUE  TRUE  TRUE FALSE  TRUE  TRUE  TRUE FALSE  TRUE FALSE  TRUE  TRUE  TRUE
[148]  TRUE FALSE FALSE  TRUE  TRUE  TRUE FALSE  TRUE  TRUE FALSE  TRUE  TRUE  TRUE FALSE  TRUE  TRUE FALSE FALSE FALSE  TRUE FALSE
[169]  TRUE  TRUE  TRUE  TRUE  TRUE  TRUE  TRUE  TRUE  TRUE  TRUE  TRUE FALSE  TRUE  TRUE FALSE  TRUE  TRUE  TRUE  TRUE  TRUE  TRUE
[190]  TRUE  TRUE  TRUE  TRUE  TRUE  TRUE  TRUE  TRUE  TRUE  TRUE  TRUE  TRUE  TRUE  TRUE  TRUE  TRUE  TRUE  TRUE  TRUE  TRUE  TRUE
[211]  TRUE  TRUE  TRUE  TRUE  TRUE FALSE  TRUE  TRUE  TRUE  TRUE FALSE  TRUE  TRUE  TRUE  TRUE  TRUE  TRUE  TRUE  TRUE  TRUE  TRUE
[232] FALSE  TRUE  TRUE FALSE  TRUE  TRUE  TRUE  TRUE  TRUE  TRUE  TRUE  TRUE FALSE FALSE  TRUE  TRUE  TRUE FALSE  TRUE  TRUE FALSE
[253]  TRUE  TRUE FALSE  TRUE  TRUE  TRUE  TRUE  TRUE  TRUE  TRUE  TRUE  TRUE  TRUE  TRUE  TRUE FALSE  TRUE  TRUE  TRUE  TRUE  TRUE
[274]  TRUE  TRUE  TRUE  TRUE  TRUE  TRUE  TRUE  TRUE  TRUE  TRUE  TRUE  TRUE  TRUE  TRUE  TRUE  TRUE  TRUE  TRUE  TRUE  TRUE  TRUE
[295]  TRUE  TRUE FALSE  TRUE FALSE  TRUE FALSE  TRUE  TRUE  TRUE  TRUE  TRUE  TRUE  TRUE  TRUE  TRUE  TRUE FALSE  TRUE  TRUE  TRUE
[316]  TRUE  TRUE  TRUE FALSE  TRUE FALSE  TRUE  TRUE FALSE  TRUE  TRUE  TRUE  TRUE  TRUE  TRUE  TRUE  TRUE FALSE  TRUE  TRUE  TRUE
[337] FALSE  TRUE  TRUE  TRUE  TRUE  TRUE  TRUE FALSE  TRUE  TRUE  TRUE  TRUE  TRUE  TRUE  TRUE  TRUE  TRUE  TRUE  TRUE  TRUE  TRUE
[358]  TRUE  TRUE  TRUE  TRUE  TRUE  TRUE  TRUE  TRUE  TRUE  TRUE  TRUE  TRUE  TRUE FALSE  TRUE  TRUE  TRUE  TRUE  TRUE  TRUE  TRUE
[379]  TRUE FALSE FALSE FALSE  TRUE  TRUE  TRUE  TRUE  TRUE  TRUE FALSE  TRUE  TRUE  TRUE  TRUE  TRUE  TRUE  TRUE  TRUE  TRUE  TRUE
[400]  TRUE  TRUE  TRUE  TRUE FALSE  TRUE  TRUE  TRUE  TRUE  TRUE  TRUE  TRUE  TRUE  TRUE  TRUE  TRUE  TRUE  TRUE  TRUE  TRUE  TRUE
[421]  TRUE  TRUE  TRUE  TRUE  TRUE  TRUE FALSE  TRUE  TRUE  TRUE  TRUE  TRUE  TRUE FALSE  TRUE  TRUE  TRUE  TRUE  TRUE  TRUE  TRUE
[442]  TRUE  TRUE  TRUE  TRUE  TRUE  TRUE  TRUE  TRUE  TRUE  TRUE  TRUE  TRUE  TRUE FALSE  TRUE  TRUE  TRUE  TRUE FALSE  TRUE  TRUE
[463]  TRUE  TRUE  TRUE  TRUE  TRUE  TRUE  TRUE  TRUE  TRUE  TRUE  TRUE  TRUE  TRUE  TRUE  TRUE  TRUE  TRUE  TRUE  TRUE  TRUE  TRUE
[484]  TRUE  TRUE  TRUE  TRUE  TRUE FALSE  TRUE  TRUE  TRUE  TRUE  TRUE  TRUE  TRUE  TRUE  TRUE  TRUE  TRUE  TRUE  TRUE  TRUE  TRUE
[505]  TRUE  TRUE  TRUE  TRUE  TRUE  TRUE  TRUE  TRUE  TRUE  TRUE  TRUE  TRUE  TRUE  TRUE FALSE  TRUE  TRUE  TRUE  TRUE  TRUE  TRUE
[526]  TRUE  TRUE  TRUE  TRUE  TRUE  TRUE  TRUE  TRUE  TRUE  TRUE  TRUE  TRUE  TRUE  TRUE  TRUE  TRUE  TRUE  TRUE  TRUE  TRUE  TRUE
[547]  TRUE  TRUE  TRUE  TRUE  TRUE  TRUE  TRUE  TRUE  TRUE  TRUE  TRUE  TRUE  TRUE  TRUE  TRUE  TRUE  TRUE  TRUE FALSE  TRUE  TRUE
[568]  TRUE  TRUE  TRUE  TRUE  TRUE  TRUE  TRUE  TRUE  TRUE  TRUE  TRUE  TRUE  TRUE  TRUE  TRUE  TRUE  TRUE  TRUE  TRUE  TRUE  TRUE
[589]  TRUE  TRUE  TRUE  TRUE  TRUE  TRUE  TRUE  TRUE  TRUE  TRUE  TRUE  TRUE  TRUE  TRUE  TRUE  TRUE  TRUE  TRUE  TRUE  TRUE  TRUE
[610]  TRUE

