
Birth-death simulation object with 650 species and 500 extant species

Details for some species:

Extinction times (NA means extant)
[1] 48.163331  6.821026 39.856234 47.872847  2.803020 17.850893


Speciation times 
[1] 60.70800 55.43956 52.60642 50.15875 39.51178 39.13012


Species parents (NA for initial)
[1] NA  1  1  2  2  2


Species status (extinct or extant)
[1] "extinct" "extinct" "extinct" "extinct" "extinct" "extinct"


For more details on vector y, try sim$y, with y one of
TE TS PAR EXTANT



$TE
  [1] 48.16333096  6.82102646 39.85623400 47.87284670  2.80302010 17.85089339          NA 43.99154235 35.18295594 32.15111794
 [11]  2.25847326          NA 19.37720547          NA          NA  9.16015627          NA 40.63090832          NA          NA
 [21]  0.51233850 16.22554940          NA          NA          NA          NA 29.02290576 13.16836806 17.08972662 15.92184239
 [31] 23.10104238          NA  0.05434994          NA          NA  0.77437666          NA          NA          NA 22.86936448
 [41] 24.20930776 13.12799128 18.50391567          NA          NA          NA  5.62862688 28.77869505          NA 11.44000960
 [51] 10.95142446          NA          NA  4.31949530          NA 26.85881710  8.45135947          NA          NA 33.60919526
 [61]          NA 10.61706576  4.61110697 16.96857142          NA 21.69099004  3.69509696 23.70200487          NA          NA
 [71] 22.18895365 24.43414897 11.70336030          NA          NA 19.82354701          NA  8.78591598          NA          NA
 [81]  4.62100439  5.37820692 12.27225783 15.39874691          NA          NA          NA          NA 31.16605510          NA
 [91] 25.34313560  3.77809281          NA          NA          NA 11.61166841          NA  8.91967684 12.76470510          NA
[101] 21.75875659          NA          NA          NA          NA          NA 25.72110370          NA          NA          NA
[111]          NA  1.87446042          NA  2.64875917          NA          NA 19.70788567          NA          NA 15.24782973
[121]          NA          NA          NA  9.43309465          NA          NA 11.33619681 19.99528522          NA 20.55997407
[131]          NA          NA 24.11781083          NA 14.84426134          NA  2.77859699          NA          NA  3.27219411
[141]          NA          NA          NA 25.70034070 11.24747982          NA  0.55288360          NA          NA          NA
[151]          NA          NA  1.74767784          NA          NA  3.33039072  6.03379771          NA 12.53612675          NA
[161]  0.81545895  1.70474600 10.42337435          NA 17.97270245          NA          NA          NA 11.63111678          NA
[171]  3.76619676          NA          NA          NA          NA          NA  9.89708597          NA          NA          NA
[181]          NA          NA          NA          NA          NA  5.09075060  8.75562498  6.30224686          NA  2.68601342
[191]          NA 15.72066025  8.40498880 17.07215741          NA          NA          NA          NA          NA          NA
[201]          NA          NA          NA  2.88119525          NA          NA          NA          NA          NA 10.24106871
[211]  6.91569089  0.17637139          NA          NA          NA          NA          NA          NA          NA          NA
[221]          NA  0.63950866          NA          NA  9.08825545          NA          NA          NA          NA  9.90439215
[231]          NA          NA          NA          NA          NA          NA          NA          NA          NA          NA
[241]          NA          NA          NA 13.61505754          NA          NA          NA          NA  4.60256197          NA
[251]          NA          NA  1.92049320          NA          NA          NA          NA          NA          NA  4.13554211
[261]          NA          NA          NA          NA          NA  0.56851928          NA 11.62623090  2.97386649          NA
[271]          NA  2.54672874          NA          NA          NA 12.97513623  3.58638591          NA          NA          NA
[281]  4.77864802  0.29483977  5.09388173          NA  5.84737880          NA          NA          NA          NA          NA
[291]          NA          NA          NA          NA          NA          NA          NA  3.21149587          NA 14.83189733
[301]          NA          NA          NA          NA  3.14472600          NA          NA          NA          NA          NA
[311]          NA  0.89863390          NA          NA          NA          NA          NA          NA          NA          NA
[321]          NA  3.58568614          NA          NA          NA          NA          NA          NA          NA          NA
[331]          NA          NA          NA          NA          NA  0.38960387  0.43739050          NA          NA          NA
[341]          NA          NA          NA          NA          NA  7.03982055  5.36541641          NA  5.04130460          NA
[351]          NA          NA          NA 12.31287016          NA          NA          NA          NA 11.59760707          NA
[361]          NA          NA  1.70280250          NA          NA          NA          NA          NA          NA          NA
[371]          NA          NA          NA          NA          NA          NA          NA  5.20303487  6.62063301          NA
[381]          NA          NA  2.83157771          NA          NA          NA  1.70741010  0.64412995          NA          NA
[391]          NA          NA          NA          NA          NA          NA          NA          NA          NA          NA
[401]  1.48451032          NA          NA          NA          NA          NA          NA  3.98945215          NA          NA
[411]          NA          NA          NA          NA          NA          NA          NA          NA          NA          NA
[421]  8.99740753          NA          NA          NA          NA          NA          NA          NA          NA          NA
[431]          NA          NA          NA  0.13833902          NA          NA  4.72385161          NA          NA          NA
[441]          NA          NA          NA  2.79466045          NA          NA          NA          NA          NA          NA
[451]          NA          NA          NA  5.00257767          NA          NA          NA          NA          NA          NA
[461]          NA  3.34779235          NA          NA          NA          NA          NA          NA          NA          NA
[471]          NA  3.68937228          NA          NA          NA          NA          NA          NA          NA          NA
[481]          NA          NA          NA          NA          NA          NA          NA          NA          NA          NA
[491]          NA  1.38411683          NA          NA          NA          NA          NA          NA          NA  0.74235103
[501]          NA          NA          NA  4.35873451          NA          NA          NA          NA          NA          NA
[511]          NA  2.92088989          NA          NA          NA          NA          NA          NA          NA          NA
[521]          NA          NA  2.94904820          NA          NA          NA          NA          NA          NA          NA
[531]          NA          NA          NA          NA          NA          NA  2.32569187          NA          NA          NA
[541]          NA          NA          NA          NA          NA          NA          NA          NA          NA          NA
[551]  3.40663753          NA          NA  1.15183852          NA          NA          NA          NA          NA          NA
[561]          NA          NA          NA          NA          NA          NA          NA          NA  3.32543906          NA
[571]          NA          NA          NA          NA          NA          NA          NA          NA          NA          NA
[581]          NA          NA          NA          NA          NA          NA          NA          NA          NA          NA
[591]          NA          NA          NA          NA          NA          NA          NA          NA          NA          NA
[601]          NA          NA          NA          NA          NA          NA          NA          NA          NA          NA
[611]          NA          NA          NA          NA          NA          NA          NA          NA          NA          NA
[621]          NA  1.13037793          NA          NA          NA          NA          NA          NA          NA          NA
[631]          NA          NA  0.22653651          NA          NA          NA          NA          NA  1.36690393          NA
[641]          NA          NA          NA          NA          NA          NA          NA          NA          NA          NA

$TS
  [1] 60.708003786 55.439562652 52.606418686 50.158751140 39.511778046 39.130115488  8.902736533 51.453989982 47.623437983 44.608471636
 [11] 50.690253796 46.425490179 29.284845721 23.265695811 11.888137680 10.894902942  6.397912425 40.898524575 40.854077874 44.570793075
 [21] 39.916885649 34.647865230 18.156749699 17.552615125  1.624802511  0.493731514 43.369008213 34.274226406 42.816766629 39.805177745
 [31] 35.047016633 33.453335217 11.683723086 11.392502179  7.614663778  3.223108320  0.724092633  0.190969225 33.662561848 41.087691436
 [41] 37.254871395 36.073635036 33.292265405 33.219640572 31.154654373 30.257131932 29.132482111 39.185006683 25.497647319 16.462908890
 [51] 13.453816711 11.953606180  3.672298091 39.664029201  7.585154021 33.331666106 32.489289169 29.525751234 18.127367197 39.512198489
 [61] 23.316057401 13.280938858 11.360718562 24.000629359 22.253740719 22.211709570  6.875926305 37.364704515 30.660639776 29.596601379
 [71] 29.438871434 24.646052032 32.724069125 25.459556784 24.220390501 32.451993422 29.460561238 28.612250294 23.729098900 26.677454447
 [81] 22.326721931 20.875607450 15.243037785 22.672460833 27.939192409  8.263840021  6.523062066  0.745135439 33.119634774 20.442731553
 [91] 29.817605496 26.364502267  9.534330774  6.993503981 29.123396622 23.322061486 24.849861801 27.811133596 20.288327127 19.851353495
[101] 27.508385576 21.517664854 18.431633693 10.332727218  4.125179188 30.002867587 28.424529560 13.026619583 11.650368809  9.087067867
[111] 23.053068182 10.540934493  8.004544805  7.685513576  2.456129725  0.609816987 20.942923724 16.650123437 14.138744249 27.700283881
[121] 21.268468236 15.976674301 10.367329288  9.883814513  7.646124714 22.061727457 21.971050443 23.528420817 21.057561260 26.653371895
[131] 12.886385140  6.133463448 26.606592811 23.204706519 22.889458086  6.284363730 13.738051770 12.117158186  7.640735674 27.329778337
[141] 11.498770179 15.793740060 15.782919173 26.210478930 21.490925158 13.254938588  6.522982504  4.991882756 21.516259180 21.058364978
[151] 20.561826350 15.038898817 11.774693409 25.260610793 23.072676750 24.155275652  7.519833904 18.176883045 22.607522149 21.420782370
[161] 19.993592858 17.434785167 12.127538377  7.162328994 23.574920900  2.413548580  7.859406493 23.274338536 14.907643194 15.968076171
[171] 11.457412684  7.415637018  5.174940380  4.199213074  1.849848536 10.855361310 14.663757967  5.327845391  5.317535282  3.050994242
[181]  1.226918946  1.014353311  0.028985669 12.975981220  6.397645989 16.489681512 11.137801860  9.011785846  2.912053123 14.859527831
[191] 21.969333904 21.966620966 20.147489249 18.136821110 21.779455103 14.331015822 12.296525296 12.193526397 11.848805182  8.348088440
[201]  4.812235449  0.512386375 17.850769844 16.404477480 14.554921598  5.691100744 10.063040710  3.554133954 16.330640347 21.619143416
[211] 16.086302774 15.844439142  6.017085532  3.757270688  2.276596424  1.891811569  1.847533716 19.471170901 19.164809598 19.160305833
[221]  9.720555390  5.178418303  4.109443998 15.206688687 19.904900249 16.554940379 13.909234380 12.401535006 18.150044170 14.087089646
[231]  6.310467748  1.942101200  0.771380936 14.555646160 13.851644194 11.619066267  1.086110087  4.071426189  8.198048186  8.791338072
[241]  7.486699893  7.691591460  1.945793646 18.828592127 14.076214717 13.369682703 11.515239477 17.617823546 13.847185203  8.883457293
[251]  5.361335536  1.991973731 19.152672999 17.701974418 13.828438963  8.550163854  6.917556826  2.905553787 10.567277061  6.191416863
[261]  9.526278825  6.478775163  4.913958769 16.797755292 17.767494840 12.458177267 13.645253111 12.315952092 17.068479047 14.594490054
[271] 10.970062690  8.023625596  6.333812704  3.505309222  0.398625621 13.159363761 12.424532045  9.094331425  8.844145020  7.011372010
[281] 16.052328023 14.311485170 10.687582298  9.054796835  7.920659450  3.790874034 13.291262892  8.548585613  4.665373786  2.953832940
[291]  4.959776513  3.230406181 10.632771574  6.290305335  3.367861206  2.539715214  9.480717689  3.237379221  1.965051897 15.255544443
[301]  8.235478129  6.102740803 14.216499938  8.567704088  7.137152445  1.916742885  5.723644064  0.153644618 14.316900512  5.413122244
[311]  4.248756033 13.453829448  3.305346553 14.042717149  4.299509772  3.647724303  4.273274756 13.198807869  5.732138685 10.584491752
[321]  1.583935004 11.489346070  7.627009816  5.521568743  2.898330082  7.183822718  1.642967136  1.582961738  8.919507241  7.442205091
[331]  2.920269519 11.928396380 11.101425695  5.732700875  1.028944748 12.799648649 11.149318434  8.139029565  3.845453833  9.791710209
[341]  5.748074383  3.832648499  2.841285123 12.468648497  9.114659465 11.282860437  7.136997852  3.848236090  5.333484010  1.285080180
[351]  7.548099165  3.260876848  2.867273744 12.499571729  6.544962071  5.471002858  2.922020150  6.233795106 12.349858505  7.537460784
[361]  5.333016329 10.633244469  9.896664510  3.855590105  2.699910687  1.712846998  1.447063645 10.076884736  9.848569664  9.399720383
[371]  3.180303727  8.196971568  2.634649818  8.236205302  9.665959317  0.091074777  0.780154420 11.498523525 11.415355408 11.540756639
[381] 10.117857388  1.814792175  4.354779529  3.610317085  3.342293883  8.451613661  6.704175329  9.096729542  7.565623666  5.569354645
[391] 11.034151103 10.273679429 10.145375201  0.419905572  9.301915548  0.938262900  8.128736295  0.984080395 10.343410635  7.347536261
[401]  8.979299045  2.965310910 10.455127803  4.670562597  3.679466716  7.223234654  4.251475434  5.815823581  3.604059442  3.009532443
[411]  2.226242572  0.835036366  0.656284861  5.013919547  1.864405720  0.140647919  8.024761263  4.039832729  3.647896730  1.483925330
[421]  9.029613366  3.463407122  7.791438081  7.588400168  3.900865316  8.205597148  1.508061883  8.625840065  7.169422757  5.967124297
[431]  0.836947155  7.723216011  6.831812858  4.973680034  3.903168824  2.827280744  9.040951225  8.829194122  4.219149871  1.946216071
[441]  5.952454047  2.772705034  0.411649589  8.245892055  7.334158113  5.537278744  3.411563110  3.244366808  5.884603447  7.169362717
[451]  3.696855083  1.259146599  0.345878570  7.098240792  2.772041652  5.897398224  1.913419609  2.961831456  6.327195060  0.305188692
[461]  8.233538356  4.175542144  1.063712515  6.462744390  5.209602678  2.658013481  7.877322516  6.630370804  2.790088203  1.717130551
[471]  0.765208699  6.522095326  6.454969115  3.635578012  1.566344668  4.110908245  3.002623865  1.478482833  8.097924395  5.223220671
[481]  3.435774077  3.098184499  0.258266606  7.679232929  5.130811267  5.076895276  3.986803650  0.571002788  0.139661765  2.461551491
[491]  2.809084636  7.006404834  3.674832455  0.943237919  2.363792512  2.644606571  4.624917170  1.031245620  0.440385746  3.323834658
[501]  3.379689384  3.061001176  3.293191430  5.648883350  2.050693357  5.381236585  2.977672740  2.751857045  0.950278254  0.184996305
[511]  5.285463944  3.692938453  3.594984010  2.780325396  6.279178445  3.355772997  3.353864542  0.448155633  3.820408218  2.708284929
[521]  1.336490606  0.329707380  5.905783634  3.995027840  4.700836160  5.352407640  2.453397836  1.835692913  4.863551267  3.802972487
[531]  4.644677513  0.746829193  0.304922780  3.215764465  1.608242693  4.929845135  4.152304121  0.659543526  0.010001248  4.703463878
[541]  3.467069427  4.248796628  3.265491547  4.553627825  4.320313693  4.296781680  3.409218355  2.554319952  4.083184582  2.502084573
[551]  3.853140987  2.875824417  2.633718247  2.238755837  1.471451725  3.369067890  4.703534303  1.301792342  4.291333553  2.032202749
[561]  2.841049301  0.834326772  3.476445512  0.472541545  2.368949572  2.568004011  1.848847190  2.876837924  3.393793132  2.836609080
[571]  2.535232643  2.358878503  0.046216401  2.982614784  0.002238371  0.535771488  0.855714711  3.730477208  1.773816662  0.327202772
[581]  1.327480192  1.050840795  0.343424452  3.390840702  0.083201822  2.823504212  2.117767579  1.349085617  1.280955178  0.437941463
[591]  0.961779362  1.072118599  1.853557414  1.394822165  1.362403275  2.771655052  1.788299839  2.151319586  1.992706973  0.889357842
[601]  2.901680530  3.061053079  2.450428258  1.420609569  2.004274704  1.060785541  3.024908510  1.586742280  0.690951477  0.724919409
[611]  1.310054296  2.457155711  1.330277891  1.050336435  0.473319053  2.039202628  1.202399701  0.955321558  2.609605828  1.689797046
[621]  0.254952105  1.656888607  1.006807694  1.872456592  1.154645108  0.779954515  0.327493706  1.890248733  1.999917938  0.855997469
[631]  0.166560825  0.270403941  1.614938690  1.942710968  0.089701570  1.029947176  1.402094156  1.433986667  1.693537601  0.471949682
[641]  0.186578868  0.180576517  1.283956643  0.534662019  0.419779774  0.399472375  0.700463882  0.660190955  0.058982588  0.243180384

$PAR
  [1]  NA   1   1   2   2   2   2   3   3   3   8   8  11  11  11  11  11   9   9  12  12  12  12  12  12  12  10  10  20  20  20  20
 [33]  20  20  20  20  20  20  27  29  29  29  29  40  40  40  40  19  19  19  19  19  19  21  21  30  30  30  30  54  54  54  54   5
 [65]   5   5   5  48   6   6  41  41  42  42  42  22  22  22  22  28  28  28  28  39  32  32  32  32  56  43  44  44  44  44  73  73
 [97]  57  76  76  76  45  45  45  45  45  69  46  46  46  46 106 106 106 106 106 106  70  70  70  58  58  58  58  58  58  77  77  13
[129]  13  47  47  47  95  95  95  95  85  85  85  98  98 120 120 140 140 140 140 140  80  80  80  80  80 133  92  49  49  74 154 154
[161]  97  97  97  97  75  75 156  64  79  96  61  61  61  61  61 168  14  14  14  14  14  14  14 134 134 111 111 111 111 135  84  84
[193]  84  84 159  81  81  81  81  81  65  65 126 126 126 126 191 191 192 195 195 195 195 195 195 195 195 102 102 102 102 102 102 149
[225] 145 145 145 145 160 160 160 160 160 121 121 121 121 150 129  82  82 151  90  99  99  99 193 161 225 100 100 100 218 218 218 219
[257] 219 219 253 253 103 103 103 158  23  23 229 229  59  59  59  59  59  59  59 265 265 265 265 265 254 254 254 248 248 248 269 264
[289] 264 264 118 118 226 226 226 226 209 209 209 211 122 122 170 212 212 142 143 143 224 152 152 169 190 270 270 270 234 205 205 196
[321] 196 309 309 309 309 282 282 282 303 303 303 230 230 245 245 314 314 314 314 255 255 137 137 312 312 287 287 287 146 146 318 318
[353] 318 108 108 108 131 336 354 344 344 266 266 266 266 266 266 228 228 228 228 198 198 138  52 332 199  33  33 109 236 380 247 247
[385] 247 378 379 346 337 337 187 333 333 333 391 391 271 271 176 176 362 362 293 293 293 320 320 403 403 403 403 403 403 399 399 399
[417] 104 104 104 104 381 368 363 369 369 340 340 221 221 221 221  93  93  93  93  93 261 261 261 261 297 297 297 370 370 370 370 370
[449] 388 278 284 284 284 188 401 329 329   7 279 279 240 240 240 304 304 386  86  86  86  86 374 301 461 426 426 372 372 372 338 397
[481] 479 417 113 167 432 432 432 432 432 242 125 323 323 323  35 424 330 330 400 326 429 450 164 305  94 257 257 433 433 433 468 468
[513] 468 468 355 355  87  87 147 147 147 459 231 136 515 358 358 358 430 430 456 456 456 449 449 319 307 307 307 504 446 506 251 178
[545] 178 178 179 511 222 485 486 486 486 148 263 529 201 404 289 531 497 544 545 545 315 559 542 174 462 537 105 549 549 238 418 524
[577] 435 551 339 339 530 286 286 493  53 316 316 409 274 563 447 584 501 501 385 313 313 352 352 448 292 534 534 534 482 602 502 502
[609] 607 574 507 402 331 601 601 325 491 514 442 442 442 508 520 550 490 490 612 527 603 603 603 215 560 605 252 634 217 528 470 620
[641] 328 637 594 595 611 350 582 636 591 577

$EXTANT
  [1] FALSE FALSE FALSE FALSE FALSE FALSE  TRUE FALSE FALSE FALSE FALSE  TRUE FALSE  TRUE  TRUE FALSE  TRUE FALSE  TRUE  TRUE FALSE
 [22] FALSE  TRUE  TRUE  TRUE  TRUE FALSE FALSE FALSE FALSE FALSE  TRUE FALSE  TRUE  TRUE FALSE  TRUE  TRUE  TRUE FALSE FALSE FALSE
 [43] FALSE  TRUE  TRUE  TRUE FALSE FALSE  TRUE FALSE FALSE  TRUE  TRUE FALSE  TRUE FALSE FALSE  TRUE  TRUE FALSE  TRUE FALSE FALSE
 [64] FALSE  TRUE FALSE FALSE FALSE  TRUE  TRUE FALSE FALSE FALSE  TRUE  TRUE FALSE  TRUE FALSE  TRUE  TRUE FALSE FALSE FALSE FALSE
 [85]  TRUE  TRUE  TRUE  TRUE FALSE  TRUE FALSE FALSE  TRUE  TRUE  TRUE FALSE  TRUE FALSE FALSE  TRUE FALSE  TRUE  TRUE  TRUE  TRUE
[106]  TRUE FALSE  TRUE  TRUE  TRUE  TRUE FALSE  TRUE FALSE  TRUE  TRUE FALSE  TRUE  TRUE FALSE  TRUE  TRUE  TRUE FALSE  TRUE  TRUE
[127] FALSE FALSE  TRUE FALSE  TRUE  TRUE FALSE  TRUE FALSE  TRUE FALSE  TRUE  TRUE FALSE  TRUE  TRUE  TRUE FALSE FALSE  TRUE FALSE
[148]  TRUE  TRUE  TRUE  TRUE  TRUE FALSE  TRUE  TRUE FALSE FALSE  TRUE FALSE  TRUE FALSE FALSE FALSE  TRUE FALSE  TRUE  TRUE  TRUE
[169] FALSE  TRUE FALSE  TRUE  TRUE  TRUE  TRUE  TRUE FALSE  TRUE  TRUE  TRUE  TRUE  TRUE  TRUE  TRUE  TRUE FALSE FALSE FALSE  TRUE
[190] FALSE  TRUE FALSE FALSE FALSE  TRUE  TRUE  TRUE  TRUE  TRUE  TRUE  TRUE  TRUE  TRUE FALSE  TRUE  TRUE  TRUE  TRUE  TRUE FALSE
[211] FALSE FALSE  TRUE  TRUE  TRUE  TRUE  TRUE  TRUE  TRUE  TRUE  TRUE FALSE  TRUE  TRUE FALSE  TRUE  TRUE  TRUE  TRUE FALSE  TRUE
[232]  TRUE  TRUE  TRUE  TRUE  TRUE  TRUE  TRUE  TRUE  TRUE  TRUE  TRUE  TRUE FALSE  TRUE  TRUE  TRUE  TRUE FALSE  TRUE  TRUE  TRUE
[253] FALSE  TRUE  TRUE  TRUE  TRUE  TRUE  TRUE FALSE  TRUE  TRUE  TRUE  TRUE  TRUE FALSE  TRUE FALSE FALSE  TRUE  TRUE FALSE  TRUE
[274]  TRUE  TRUE FALSE FALSE  TRUE  TRUE  TRUE FALSE FALSE FALSE  TRUE FALSE  TRUE  TRUE  TRUE  TRUE  TRUE  TRUE  TRUE  TRUE  TRUE
[295]  TRUE  TRUE  TRUE FALSE  TRUE FALSE  TRUE  TRUE  TRUE  TRUE FALSE  TRUE  TRUE  TRUE  TRUE  TRUE  TRUE FALSE  TRUE  TRUE  TRUE
[316]  TRUE  TRUE  TRUE  TRUE  TRUE  TRUE FALSE  TRUE  TRUE  TRUE  TRUE  TRUE  TRUE  TRUE  TRUE  TRUE  TRUE  TRUE  TRUE  TRUE FALSE
[337] FALSE  TRUE  TRUE  TRUE  TRUE  TRUE  TRUE  TRUE  TRUE FALSE FALSE  TRUE FALSE  TRUE  TRUE  TRUE  TRUE FALSE  TRUE  TRUE  TRUE
[358]  TRUE FALSE  TRUE  TRUE  TRUE FALSE  TRUE  TRUE  TRUE  TRUE  TRUE  TRUE  TRUE  TRUE  TRUE  TRUE  TRUE  TRUE  TRUE  TRUE FALSE
[379] FALSE  TRUE  TRUE  TRUE FALSE  TRUE  TRUE  TRUE FALSE FALSE  TRUE  TRUE  TRUE  TRUE  TRUE  TRUE  TRUE  TRUE  TRUE  TRUE  TRUE
[400]  TRUE FALSE  TRUE  TRUE  TRUE  TRUE  TRUE  TRUE FALSE  TRUE  TRUE  TRUE  TRUE  TRUE  TRUE  TRUE  TRUE  TRUE  TRUE  TRUE  TRUE
[421] FALSE  TRUE  TRUE  TRUE  TRUE  TRUE  TRUE  TRUE  TRUE  TRUE  TRUE  TRUE  TRUE FALSE  TRUE  TRUE FALSE  TRUE  TRUE  TRUE  TRUE
[442]  TRUE  TRUE FALSE  TRUE  TRUE  TRUE  TRUE  TRUE  TRUE  TRUE  TRUE  TRUE FALSE  TRUE  TRUE  TRUE  TRUE  TRUE  TRUE  TRUE FALSE
[463]  TRUE  TRUE  TRUE  TRUE  TRUE  TRUE  TRUE  TRUE  TRUE FALSE  TRUE  TRUE  TRUE  TRUE  TRUE  TRUE  TRUE  TRUE  TRUE  TRUE  TRUE
[484]  TRUE  TRUE  TRUE  TRUE  TRUE  TRUE  TRUE  TRUE FALSE  TRUE  TRUE  TRUE  TRUE  TRUE  TRUE  TRUE FALSE  TRUE  TRUE  TRUE FALSE
[505]  TRUE  TRUE  TRUE  TRUE  TRUE  TRUE  TRUE FALSE  TRUE  TRUE  TRUE  TRUE  TRUE  TRUE  TRUE  TRUE  TRUE  TRUE FALSE  TRUE  TRUE
[526]  TRUE  TRUE  TRUE  TRUE  TRUE  TRUE  TRUE  TRUE  TRUE  TRUE  TRUE FALSE  TRUE  TRUE  TRUE  TRUE  TRUE  TRUE  TRUE  TRUE  TRUE
[547]  TRUE  TRUE  TRUE  TRUE FALSE  TRUE  TRUE FALSE  TRUE  TRUE  TRUE  TRUE  TRUE  TRUE  TRUE  TRUE  TRUE  TRUE  TRUE  TRUE  TRUE
[568]  TRUE FALSE  TRUE  TRUE  TRUE  TRUE  TRUE  TRUE  TRUE  TRUE  TRUE  TRUE  TRUE  TRUE  TRUE  TRUE  TRUE  TRUE  TRUE  TRUE  TRUE
[589]  TRUE  TRUE  TRUE  TRUE  TRUE  TRUE  TRUE  TRUE  TRUE  TRUE  TRUE  TRUE  TRUE  TRUE  TRUE  TRUE  TRUE  TRUE  TRUE  TRUE  TRUE
[610]  TRUE  TRUE  TRUE  TRUE  TRUE  TRUE  TRUE  TRUE  TRUE  TRUE  TRUE  TRUE FALSE  TRUE  TRUE  TRUE  TRUE  TRUE  TRUE  TRUE  TRUE
[631]  TRUE  TRUE FALSE  TRUE  TRUE  TRUE  TRUE  TRUE FALSE  TRUE  TRUE  TRUE  TRUE  TRUE  TRUE  TRUE  TRUE  TRUE  TRUE  TRUE

