
Birth-death simulation object with 637 species and 500 extant species

Details for some species:

Extinction times (NA means extant)
[1] 71.4169751 51.1085696 27.0553107  0.5404172 45.4282864         NA


Speciation times 
[1] 83.93050 78.79556 67.36111 52.86527 52.02231 49.10658


Species parents (NA for initial)
[1] NA  1  2  2  2  3


Species status (extinct or extant)
[1] "extinct" "extinct" "extinct" "extinct" "extinct" "extant" 


For more details on vector y, try sim$y, with y one of
TE TS PAR EXTANT



$TE
  [1] 71.41697511 51.10856959 27.05531075  0.54041718 45.42828635          NA 28.95909750 28.62510644  1.12902790  4.06351828
 [11]          NA          NA 24.70462143          NA 34.79563016 43.59881999 25.87020614 24.13171061 39.74786169          NA
 [21] 20.47519859 24.38735240 17.87868331          NA 36.93767528 22.52394213          NA          NA  0.05146947 35.53106545
 [31] 32.14536169 29.13843242 36.32361649 15.02656035  2.71552649          NA 38.92767309          NA          NA          NA
 [41]          NA          NA  6.40501634          NA  8.25200611 25.63236222  4.54250419          NA          NA          NA
 [51] 23.17567633          NA 23.58517962          NA 38.75292277 14.78015295          NA 23.50365010  6.57305716          NA
 [61]  1.89570033          NA          NA  2.79863487          NA          NA          NA          NA          NA          NA
 [71]          NA          NA          NA          NA          NA  5.53924876          NA          NA          NA 23.19042534
 [81] 17.11616381 11.83932851          NA          NA          NA          NA          NA          NA 26.48960690 25.69136469
 [91] 12.17622132          NA          NA 16.10429321  9.94686300          NA  5.07307162  1.17191141 22.80603304          NA
[101] 15.61778934 19.99155029          NA          NA          NA          NA 22.75639515 20.44958656          NA  8.30361515
[111]          NA 28.63371782          NA  7.83860980 15.36177999          NA          NA          NA          NA          NA
[121] 13.03467362  3.82369550          NA          NA          NA          NA  3.65519334  3.55553842          NA          NA
[131]          NA          NA          NA 13.40538245          NA 13.04022280          NA  7.77349508          NA          NA
[141]          NA          NA          NA          NA 19.43648576          NA 21.20511216          NA  7.49886255 14.11615508
[151]  6.05745777          NA          NA          NA          NA          NA          NA          NA          NA          NA
[161]          NA 10.45169922          NA          NA          NA          NA          NA          NA          NA          NA
[171] 21.08671011 12.79487432          NA  3.80061097 18.35794240          NA          NA          NA          NA          NA
[181] 18.97051996          NA          NA          NA  1.09181319          NA          NA          NA          NA          NA
[191]  4.40302949          NA          NA          NA          NA 17.18629546          NA  2.34800586  2.34237175          NA
[201]          NA          NA  2.69133793          NA          NA          NA  0.10438837          NA  6.84533949          NA
[211]          NA          NA          NA          NA          NA          NA 11.90576708 10.44183367  1.98721177          NA
[221]  3.93865897          NA          NA          NA          NA 16.87062844 10.89998594          NA          NA          NA
[231]          NA          NA          NA 16.43276233  2.95890987          NA  1.74952811          NA          NA          NA
[241]          NA          NA  0.57113885          NA          NA          NA          NA          NA          NA          NA
[251]          NA          NA          NA  0.07227503          NA          NA  3.95803345          NA          NA  9.83004032
[261]          NA  6.26119866          NA  9.80091406          NA          NA  3.36427068          NA  1.63744914  0.36001035
[271]          NA          NA          NA          NA          NA          NA          NA  6.84612837          NA          NA
[281]          NA          NA 10.32069340  5.04000939          NA          NA  6.37128145          NA          NA  0.10188618
[291]          NA          NA          NA          NA          NA          NA          NA          NA  7.39442730  9.21748484
[301]          NA          NA          NA          NA  8.03541123          NA          NA  2.75556694          NA          NA
[311]          NA          NA          NA  7.10412499          NA          NA          NA          NA          NA          NA
[321]          NA          NA          NA          NA          NA          NA          NA          NA          NA          NA
[331]  8.37805496          NA          NA          NA          NA          NA  1.00164838          NA          NA          NA
[341]          NA          NA          NA          NA          NA          NA          NA          NA          NA          NA
[351]          NA          NA          NA          NA          NA          NA          NA          NA          NA          NA
[361]          NA          NA          NA          NA          NA  7.77510587          NA          NA          NA          NA
[371]          NA          NA          NA          NA          NA          NA          NA          NA          NA          NA
[381]          NA  2.35482093          NA          NA          NA          NA          NA          NA          NA          NA
[391]          NA          NA          NA          NA          NA  0.53525669          NA          NA          NA          NA
[401]          NA          NA          NA          NA          NA          NA  3.34877049          NA          NA          NA
[411]          NA          NA          NA          NA          NA          NA          NA          NA          NA          NA
[421]          NA          NA          NA          NA          NA          NA  1.25896056          NA          NA  3.36464692
[431]          NA          NA          NA          NA          NA          NA          NA          NA          NA          NA
[441]          NA          NA          NA  0.32784346          NA          NA          NA          NA          NA          NA
[451]          NA          NA          NA          NA  2.14121207  0.80302378          NA          NA  1.77316534          NA
[461]          NA          NA          NA          NA          NA          NA          NA          NA          NA          NA
[471]          NA          NA          NA          NA          NA          NA          NA          NA          NA          NA
[481]  0.12583362          NA          NA          NA          NA          NA          NA          NA          NA          NA
[491]          NA          NA          NA          NA          NA          NA          NA          NA          NA          NA
[501]          NA          NA          NA          NA          NA          NA  0.07383703          NA          NA  0.86861191
[511]          NA          NA  1.20576216          NA  2.15264045          NA          NA          NA          NA  0.44952163
[521]          NA          NA          NA          NA          NA          NA          NA          NA          NA          NA
[531]          NA          NA          NA          NA          NA          NA          NA          NA          NA          NA
[541]          NA          NA          NA          NA          NA          NA          NA          NA          NA          NA
[551]          NA          NA          NA          NA          NA          NA          NA          NA          NA  1.61015560
[561]          NA          NA          NA          NA          NA          NA          NA          NA  1.94129202          NA
[571]          NA          NA          NA          NA          NA          NA          NA          NA          NA          NA
[581]          NA          NA          NA          NA          NA          NA          NA          NA          NA          NA
[591]          NA          NA          NA          NA  1.67690495  1.13776570          NA          NA          NA          NA
[601]          NA          NA          NA          NA          NA          NA          NA          NA          NA          NA
[611]          NA          NA          NA  0.81371083          NA          NA          NA          NA          NA          NA
[621]          NA          NA          NA          NA          NA          NA          NA          NA          NA          NA
[631]          NA          NA          NA          NA          NA          NA          NA

$TS
  [1] 83.930497724 78.795559328 67.361113282 52.865269646 52.022307435 49.106580231 41.022954158 34.121559678 39.241930793 20.011688639
 [11]  1.971060479  0.560351681 50.565616114 48.454677718 47.893587918 46.201473584 47.215940536 41.373178799 39.995796907 31.144712109
 [21] 34.106895540 29.676750349 19.828851673 13.602876835 45.596868964 25.550228988 13.188609523  3.266414775  0.783657551 37.196695406
 [31] 42.432387428 39.367708505 39.158628579 31.161445721 30.521887978 44.084977232 42.830137142 42.337542028 18.501422770 13.923607408
 [41] 13.339022111 10.537052075  6.801802641  1.899249144 39.128580902 41.246518572 34.886380327 27.470683193 18.312271689 39.306165919
 [51] 34.819835046 34.625940605 32.946655188 32.355861265 41.169913031 33.732714540 33.088674250 31.797579735 11.200884529  8.660479627
 [61]  6.884163931  0.830125894 36.040768141  6.608722847  4.699899156  4.020756410 31.034552968 30.571570559 18.838568180  8.309614135
 [71]  2.498707746 27.768713469 11.347043898  7.581603496  5.568746051 29.469897841 20.318902982 15.362795105  4.133667650 27.621452441
 [81] 25.529558663 21.132809903 15.997111171 27.678619473 27.565497059 23.501161483 13.897240914  1.395831376 30.624401133 28.164131739
 [91] 27.024842228 24.110533539 23.338662979 21.068845423 10.806648000  4.461058410 20.552687401 18.313428506 31.061848267 30.411839602
[101] 24.402784832 20.117777249 12.881889560 11.910450628  7.034910240 26.737512518 29.208386474 27.157314363 26.880417442 19.619375597
[111] 18.415970909 29.691327118 25.609320848 18.348039973 17.459914421  5.487405030  3.210640281 21.758140937 20.998386967 12.480594128
[121] 20.149405289 12.826743143  5.082680796 25.201474897 24.934073798 25.328959278 24.322979095 17.054940656  8.361563334  6.342260093
[131] 24.326889982 12.013612857 23.395490992 17.303746069 16.244869823 23.891714631 16.279695444 14.433849824  7.705305421  6.347877153
[141]  0.831105972  5.724619551  5.082592770  0.240762011 24.964095475 24.765459194 21.489572600 10.263333427 16.740271947 14.788679499
[151]  9.721453022 24.285603194 20.176491227 18.744611621 14.570643693  6.022676892  1.249970731 22.701335688 21.206003123 19.144983067
[161] 15.663241312 14.693051766 12.825497268 11.499837770  8.732580129  4.297216574  1.877059554  0.883937568  0.550316638  6.010882848
[171] 21.806574463 18.499781975 15.670180688 21.417773253 20.493797530 10.317620104  9.365951846  8.760680618  2.280448787  1.645934580
[181] 20.918290123 17.510693345 18.618783877 16.492715339 16.969621001  6.853438221 12.824886825 14.429829288 20.759654506 17.935534317
[191] 14.773425494 12.283717684 15.132675043 14.506133184 12.293781749 18.237926985 20.095770308 19.487526758 14.065925044 10.887231082
[201]  1.386017834 16.342645758 10.076139807  4.380670940  3.932439945 15.453592618  3.084609761  2.487854732 13.941646440 13.935177624
[211]  5.006210844 15.001264728 11.332153288  6.871617940  5.875034687  4.823684949 16.847085679 13.052534154 12.950370263  8.066495082
[221]  5.474071806  7.883886147 12.593823463  2.237878653  1.755963742 18.406441110 15.930221389  6.073665370  0.929156745  6.872188357
[231] 13.807299173 12.959279878  9.143108683 17.754213910 13.975898283 12.403587136  9.764456072  5.763676575  4.220860937 10.572115340
[241] 10.067021496  2.087420166  0.628116207 16.577816473  6.383418124 13.267244716  8.502937523  2.569991480  9.024539932  0.608512869
[251]  5.702942733  8.856165663  3.098878990  1.087104080 14.544194806 14.227941362  5.358010392 12.807713699  8.188185437 13.173832160
[261] 12.464939273 11.399626173  5.712612268 13.660736679  9.412810036  8.561664672  6.330264813  0.592030947  4.252525925 14.060852962
[271]  7.679867147  5.044596629 11.110555528  9.860427909  5.710577696 11.286488707  5.974758376 14.230852387  3.495493174  9.994780092
[281]  8.657919820  7.635222376 13.184712318 12.698658252  3.418892988  1.636866781 11.780681927  9.859711098  8.494806144 11.996959260
[291]  6.406394196  4.196524566  2.465712144 13.762150640 10.397795186  8.258898948  3.865750227  0.096382462 13.673060506 11.130835736
[301]  6.428785400  1.420957362  0.581267347 11.336686834  9.405659925  9.207018599  6.320753010  4.364484468  2.848683234  7.347587884
[311]  0.454886740 12.827206601  0.122535233 12.334513207  7.736012751  3.738289049  9.758114723 10.832533003  5.982516111  1.676300658
[321]  8.721560831  6.760125567 10.149253783  9.807580204  3.943498556  2.833415729  9.636768889  0.696320833  9.721178467  2.680372130
[331]  8.497391649  1.576977608  4.237929558  6.376153546  3.781710377  4.454793008 11.129364500  7.202431977  5.982481110  5.522010858
[341] 10.976855978 10.459526167  7.510883024  5.224582713  8.774180508  4.929110677  2.889356945  8.915213343  7.596625203 10.662632756
[351]  5.062779844  7.379346448  5.631177808  5.248695572  4.361540104  5.862081643  4.948584272  4.119145953  3.435292059 10.430063369
[361]  9.870108664  5.843214574  2.063691329  9.100319617  9.086690963  8.837873585  7.064210944  9.740332234  0.858632426  0.192082826
[371]  8.936973098  9.314560232  7.024701677  5.159422729  4.792072770  1.301243694  8.866717931  0.472230422  9.802507584  8.671122220
[381]  7.898448054  6.540088374  5.176474073  6.703785272  6.229942994  9.487053449  0.706553603  8.805265640  6.820652834  9.021202972
[391]  8.148523033  1.566999223  8.482373116  5.693309739  4.422177702  5.671902911  7.216308808  6.987994595  6.603520618  2.907871678
[401]  8.823679803  5.742240527  6.067730922  5.843486800  0.427785125  0.169449651  7.402294537  3.939600115  3.594958238  2.610615606
[411]  0.479897160  0.344236703  6.400237148  8.147776527  4.627397159  4.546479534  7.630017147  6.917986875  6.823777916  6.613858257
[421]  4.706880228  3.786420634  5.320174641  1.656650860  5.228395547  7.589167031  6.976710485  8.482902413  4.467499149  5.115845715
[431]  4.392769987  2.418792139  0.565770970  7.833179980  4.037145993  2.919642840  2.431963197  2.675685662  6.803353852  5.090010179
[441]  1.751873927  1.191644873  3.940942290  1.353300869  3.761857506  3.471904104  2.020809130  0.155993565  6.170082959  5.352898097
[451]  4.234059557  0.965507280  6.018232508  0.005285464  6.211951211  3.522031820  2.608791057  3.097937027  6.903881090  5.366449343
[461]  6.610465164  5.946522126  5.260017171  5.158439772  1.537864328  2.224387986  0.717772737  0.662818707  2.986648472  2.467620278
[471]  0.128637382  4.133295466  3.878991317  3.776218865  6.368422934  2.209299037  0.811817003  4.682755901  2.129861838  5.315104220
[481]  4.488485772  2.884860403  2.517591793  0.857174917  0.517199679  4.146809737  2.989129157  1.759300923  1.698219908  5.781566824
[491]  3.945576275  1.467793966  2.832099380  0.531562878  1.169534803  5.929680697  4.980758904  5.215836963  4.671000906  5.134316661
[501]  5.200999754  3.974323229  3.245062316  1.058948352  5.147640957  3.224095205  4.583165364  0.369293195  5.876535430  3.739157353
[511]  3.029520923  4.792696623  3.514801842  2.526160218  3.682655419  2.967922181  2.595138865  1.180114150  4.217836550  5.358437422
[521]  1.222984107  0.666160373  5.191058576  2.574507681  0.643261021  3.804117533  4.378096944  4.771345101  3.337780063  5.127238829
[531]  4.468270000  2.612454187  4.279325244  3.356589835  0.032148270  0.472305464  3.995566579  1.278616531  1.285385254  1.230130298
[541]  1.489869026  2.946738798  2.761566775  1.496047099  1.836059936  0.805144749  4.843302439  4.518351695  4.329426622  1.090222078
[551]  0.391605706  3.232016768  1.480492741  0.940094217  1.208133839  2.202552668  1.367621414  2.972692630  1.994748800  3.579877247
[561]  3.345333461  1.411162836  0.721698657  1.977649718  1.852822489  0.942568773  2.699009848  3.675284872  3.027324564  1.856921586
[571]  3.063039317  3.161120118  1.528604034  0.995061034  0.607737630  1.736727756  0.863837894  1.339790154  0.997636318  0.987734277
[581]  2.093219479  3.314943216  0.058231608  0.892897882  2.216688252  1.196006977  2.049912245  0.195610570  0.184904937  0.407017740
[591]  1.631232577  1.954211771  2.660975772  0.937033386  2.502178788  1.952665378  0.955053669  2.517409586  0.031614480  1.760513917
[601]  1.351127638  2.181799210  1.832859025  0.502613532  1.244305263  1.669371410  1.877364783  1.073510450  1.033617058  1.821014606
[611]  0.470808634  0.022162818  0.635808966  1.467517923  1.033747176  1.815253818  0.279910479  0.675704380  0.584726825  0.612906241
[621]  0.572637117  1.148521628  0.506954755  0.133205120  0.806920667  0.694853953  0.155918638  0.682896628  0.622543894  0.364225875
[631]  0.287908325  0.210343207  0.220784218  0.314464753  0.185644646  0.175839560  0.014404844

$PAR
  [1]  NA   1   2   2   2   3   3   3   4   4   4   4   5   5   5   5  13  13  13  13   6   6   6   6  14  14  14  14  14  15  17  17
 [33]  17  17  17  16  36  36  36  36  36  36  36  36  31  38  38  38  38  18  18  18  18  18  46  46  50  50  50  50  50  50   9   9
 [65]   9   9  63  63  63  63  63  47  47  47  47  52  52  52  52  21  21  21  56  57  57  57  57  57  53  54  54  54  54  54  54  54
 [97]  34  34  20  20  20  20  20  20  20  67  89  68  68  68  68  35  35  35  35  35  35 100 100 100  72  72  72  84  84  85  85  85
[129]  85  85  48  48 108  91  91 109 109 109 109 109 109 113 113 113  26 126 126 126 124 124 124 125 125 125 146 146 146 101 101 101
[161] 131 131 131 131 131 131 131 131 131 127 152 152 152  92  92  92  92  92  92  92 136 136  86  86 133 133  93 158 174 174 174 174
[193] 159 159 159  94 119 119 119 119 119 189 189 189 189  77  77  77 197 197 197  10  10  10  10 198 160 160 160 160 160  69 154 154
[225] 154 183 183 183 183  39 172 111 111 226 114 114  49  49  49 190 182 182 182 134 128 185 185 185 149 244 184 202 202 202 137 137
[257] 137 135  83 227 227 173 173 161 161 161 161 161 206  78  78  78 193 212 212 162 155 194 188 278 278 278 256 256 256 256 199 199
[289] 199 270 270 270 270 235 209 210 210 210  40  40  40  40  40  87  87 231 231 231 231  41 246  27 232 219 103 103 312 163 163 163
[321] 187 187 258 223 223 223 261 261 236 236 195 195 192 290 290 104 287 287 164 164 262  73 213 213 337 337 337 273 273 341 341 200
[353] 200 200 200 350 350 240 240  42 176 176 176 323 323 203 203 241 241 241 280 361 361 361 361 361 274 274 324 324 324 379 237 317
[385] 317 368 368 327 327 265 265 372 306 306 306 364 390 390 390 390 371 377 388 388 345 345 178 178 178 178 178 178 165 321 321 321
[417] 380 380 380 380 380 380  60  60 266 247 247 331 289 393 393 393 393 129  70  70  70 259 414 414 414 414 220 220 381 381 381 381
[449] 222 222 222 222 139 139 271 282 282 417 349 349 407 407 407 352 352 397 397 397 338 338 367 373 373 373 418 418 418  61  61 230
[481] 230 186 384 384 384 420  64 301 301 291 291 413 245 245 334 475 140 130 130 267 385 449 449 449 228 228 403 319 339 339 339 277
[513] 462 496 509 356 356 404 490 238 238 238 275 394 353 116 221 257 450 423 480 480 354 344 344 498 501 383 374 464 505 500 500 530
[545] 440 123 351 351 497 497 346 547 416 531 429  96  96 395 333 451 519 472 472 435 435 435 473 526 474 474 510 316 316 316 316 568
[577] 568 409 409 409 446 285 285 561 582 503 552 552 253 511 487 542 326 493 438 593 593 517 514 483  71 437 432 432 224 476 556 556
[609] 602 581 447 447  11  44 607 565 441 465 201 444 444 376 586 586 622 550 550 597 577 468 468 468 494 623 634 633 632

$EXTANT
  [1] FALSE FALSE FALSE FALSE FALSE  TRUE FALSE FALSE FALSE FALSE  TRUE  TRUE FALSE  TRUE FALSE FALSE FALSE FALSE FALSE  TRUE FALSE
 [22] FALSE FALSE  TRUE FALSE FALSE  TRUE  TRUE FALSE FALSE FALSE FALSE FALSE FALSE FALSE  TRUE FALSE  TRUE  TRUE  TRUE  TRUE  TRUE
 [43] FALSE  TRUE FALSE FALSE FALSE  TRUE  TRUE  TRUE FALSE  TRUE FALSE  TRUE FALSE FALSE  TRUE FALSE FALSE  TRUE FALSE  TRUE  TRUE
 [64] FALSE  TRUE  TRUE  TRUE  TRUE  TRUE  TRUE  TRUE  TRUE  TRUE  TRUE  TRUE FALSE  TRUE  TRUE  TRUE FALSE FALSE FALSE  TRUE  TRUE
 [85]  TRUE  TRUE  TRUE  TRUE FALSE FALSE FALSE  TRUE  TRUE FALSE FALSE  TRUE FALSE FALSE FALSE  TRUE FALSE FALSE  TRUE  TRUE  TRUE
[106]  TRUE FALSE FALSE  TRUE FALSE  TRUE FALSE  TRUE FALSE FALSE  TRUE  TRUE  TRUE  TRUE  TRUE FALSE FALSE  TRUE  TRUE  TRUE  TRUE
[127] FALSE FALSE  TRUE  TRUE  TRUE  TRUE  TRUE FALSE  TRUE FALSE  TRUE FALSE  TRUE  TRUE  TRUE  TRUE  TRUE  TRUE FALSE  TRUE FALSE
[148]  TRUE FALSE FALSE FALSE  TRUE  TRUE  TRUE  TRUE  TRUE  TRUE  TRUE  TRUE  TRUE  TRUE FALSE  TRUE  TRUE  TRUE  TRUE  TRUE  TRUE
[169]  TRUE  TRUE FALSE FALSE  TRUE FALSE FALSE  TRUE  TRUE  TRUE  TRUE  TRUE FALSE  TRUE  TRUE  TRUE FALSE  TRUE  TRUE  TRUE  TRUE
[190]  TRUE FALSE  TRUE  TRUE  TRUE  TRUE FALSE  TRUE FALSE FALSE  TRUE  TRUE  TRUE FALSE  TRUE  TRUE  TRUE FALSE  TRUE FALSE  TRUE
[211]  TRUE  TRUE  TRUE  TRUE  TRUE  TRUE FALSE FALSE FALSE  TRUE FALSE  TRUE  TRUE  TRUE  TRUE FALSE FALSE  TRUE  TRUE  TRUE  TRUE
[232]  TRUE  TRUE FALSE FALSE  TRUE FALSE  TRUE  TRUE  TRUE  TRUE  TRUE FALSE  TRUE  TRUE  TRUE  TRUE  TRUE  TRUE  TRUE  TRUE  TRUE
[253]  TRUE FALSE  TRUE  TRUE FALSE  TRUE  TRUE FALSE  TRUE FALSE  TRUE FALSE  TRUE  TRUE FALSE  TRUE FALSE FALSE  TRUE  TRUE  TRUE
[274]  TRUE  TRUE  TRUE  TRUE FALSE  TRUE  TRUE  TRUE  TRUE FALSE FALSE  TRUE  TRUE FALSE  TRUE  TRUE FALSE  TRUE  TRUE  TRUE  TRUE
[295]  TRUE  TRUE  TRUE  TRUE FALSE FALSE  TRUE  TRUE  TRUE  TRUE FALSE  TRUE  TRUE FALSE  TRUE  TRUE  TRUE  TRUE  TRUE FALSE  TRUE
[316]  TRUE  TRUE  TRUE  TRUE  TRUE  TRUE  TRUE  TRUE  TRUE  TRUE  TRUE  TRUE  TRUE  TRUE  TRUE FALSE  TRUE  TRUE  TRUE  TRUE  TRUE
[337] FALSE  TRUE  TRUE  TRUE  TRUE  TRUE  TRUE  TRUE  TRUE  TRUE  TRUE  TRUE  TRUE  TRUE  TRUE  TRUE  TRUE  TRUE  TRUE  TRUE  TRUE
[358]  TRUE  TRUE  TRUE  TRUE  TRUE  TRUE  TRUE  TRUE FALSE  TRUE  TRUE  TRUE  TRUE  TRUE  TRUE  TRUE  TRUE  TRUE  TRUE  TRUE  TRUE
[379]  TRUE  TRUE  TRUE FALSE  TRUE  TRUE  TRUE  TRUE  TRUE  TRUE  TRUE  TRUE  TRUE  TRUE  TRUE  TRUE  TRUE FALSE  TRUE  TRUE  TRUE
[400]  TRUE  TRUE  TRUE  TRUE  TRUE  TRUE  TRUE FALSE  TRUE  TRUE  TRUE  TRUE  TRUE  TRUE  TRUE  TRUE  TRUE  TRUE  TRUE  TRUE  TRUE
[421]  TRUE  TRUE  TRUE  TRUE  TRUE  TRUE FALSE  TRUE  TRUE FALSE  TRUE  TRUE  TRUE  TRUE  TRUE  TRUE  TRUE  TRUE  TRUE  TRUE  TRUE
[442]  TRUE  TRUE FALSE  TRUE  TRUE  TRUE  TRUE  TRUE  TRUE  TRUE  TRUE  TRUE  TRUE FALSE FALSE  TRUE  TRUE FALSE  TRUE  TRUE  TRUE
[463]  TRUE  TRUE  TRUE  TRUE  TRUE  TRUE  TRUE  TRUE  TRUE  TRUE  TRUE  TRUE  TRUE  TRUE  TRUE  TRUE  TRUE  TRUE FALSE  TRUE  TRUE
[484]  TRUE  TRUE  TRUE  TRUE  TRUE  TRUE  TRUE  TRUE  TRUE  TRUE  TRUE  TRUE  TRUE  TRUE  TRUE  TRUE  TRUE  TRUE  TRUE  TRUE  TRUE
[505]  TRUE  TRUE FALSE  TRUE  TRUE FALSE  TRUE  TRUE FALSE  TRUE FALSE  TRUE  TRUE  TRUE  TRUE FALSE  TRUE  TRUE  TRUE  TRUE  TRUE
[526]  TRUE  TRUE  TRUE  TRUE  TRUE  TRUE  TRUE  TRUE  TRUE  TRUE  TRUE  TRUE  TRUE  TRUE  TRUE  TRUE  TRUE  TRUE  TRUE  TRUE  TRUE
[547]  TRUE  TRUE  TRUE  TRUE  TRUE  TRUE  TRUE  TRUE  TRUE  TRUE  TRUE  TRUE  TRUE FALSE  TRUE  TRUE  TRUE  TRUE  TRUE  TRUE  TRUE
[568]  TRUE FALSE  TRUE  TRUE  TRUE  TRUE  TRUE  TRUE  TRUE  TRUE  TRUE  TRUE  TRUE  TRUE  TRUE  TRUE  TRUE  TRUE  TRUE  TRUE  TRUE
[589]  TRUE  TRUE  TRUE  TRUE  TRUE  TRUE FALSE FALSE  TRUE  TRUE  TRUE  TRUE  TRUE  TRUE  TRUE  TRUE  TRUE  TRUE  TRUE  TRUE  TRUE
[610]  TRUE  TRUE  TRUE  TRUE FALSE  TRUE  TRUE  TRUE  TRUE  TRUE  TRUE  TRUE  TRUE  TRUE  TRUE  TRUE  TRUE  TRUE  TRUE  TRUE  TRUE
[631]  TRUE  TRUE  TRUE  TRUE  TRUE  TRUE  TRUE

