
Birth-death simulation object with 606 species and 500 extant species

Details for some species:

Extinction times (NA means extant)
[1] 53.067319 40.546387  1.922311 19.966132 17.499059 26.174713


Speciation times 
[1] 69.92195 60.06010 45.73758 43.36351 36.09172 35.11936


Species parents (NA for initial)
[1] NA  1  2  3  3  3


Species status (extinct or extant)
[1] "extinct" "extinct" "extinct" "extinct" "extinct" "extinct"


For more details on vector y, try sim$y, with y one of
TE TS PAR EXTANT



$TE
  [1] 53.06731865 40.54638736  1.92231121 19.96613170 17.49905875 26.17471276  9.65793508 14.59271745          NA 21.14311866
 [11] 35.20577284 22.82972060 14.13324251 25.54976298 20.89296473 12.45228295  1.70608070          NA          NA  9.94678465
 [21]          NA 29.91655499          NA          NA          NA 17.14389619 12.59732394          NA          NA 22.26393705
 [31]  5.40529244          NA  6.86272504          NA          NA          NA 13.72179265          NA          NA          NA
 [41]          NA          NA          NA          NA          NA  2.96785470          NA          NA          NA          NA
 [51]  1.81368571  4.22871730          NA          NA 18.62234305          NA          NA          NA          NA          NA
 [61]          NA          NA 17.70641685  5.84458685 18.60842665          NA          NA          NA          NA          NA
 [71]          NA  2.28597506  2.57446624          NA 16.33073523  3.00529222          NA  9.14340413  1.91329361          NA
 [81] 16.52982123          NA          NA          NA          NA          NA 13.57075809 19.80147660 12.87948259  6.69784408
 [91]          NA  0.69354855          NA          NA          NA          NA  7.17350828          NA          NA  7.97346000
[101]  8.95586095          NA 16.64825511  8.50502438  3.31184820          NA  0.02752698  0.39598437          NA          NA
[111]          NA 10.60291428          NA          NA          NA          NA          NA          NA          NA          NA
[121]          NA          NA          NA          NA          NA          NA          NA          NA 13.93212620          NA
[131]  6.29405210          NA          NA          NA          NA          NA  6.66194675          NA          NA          NA
[141]          NA          NA          NA          NA          NA          NA          NA          NA          NA          NA
[151]          NA          NA  8.27180408          NA          NA          NA          NA          NA  1.95733475          NA
[161]          NA          NA          NA          NA          NA          NA          NA          NA          NA          NA
[171]          NA          NA          NA          NA          NA          NA  4.57427451          NA  4.00009884          NA
[181]  4.90902690          NA          NA          NA          NA          NA          NA          NA          NA          NA
[191]  0.16350486 10.24343905  2.61823940          NA          NA          NA          NA          NA  4.84985248          NA
[201]  9.27991736  0.96357705          NA          NA          NA          NA  1.92806979  6.95889890  0.90119741          NA
[211]          NA          NA          NA          NA          NA 11.04149427          NA          NA  4.98203276          NA
[221]          NA          NA          NA          NA          NA  0.97271664          NA  3.10757372          NA          NA
[231]  6.58229356          NA          NA          NA          NA          NA          NA          NA          NA          NA
[241]          NA          NA          NA          NA          NA          NA          NA          NA          NA          NA
[251]  1.91245305  8.36915559          NA          NA          NA          NA          NA  1.33039763          NA          NA
[261]          NA          NA  7.56435919  0.06525377          NA          NA          NA          NA          NA  4.10923242
[271]          NA          NA          NA          NA          NA          NA          NA          NA          NA          NA
[281]          NA          NA          NA          NA          NA          NA          NA          NA          NA  0.20898091
[291]          NA          NA  2.02148172          NA  4.46491236          NA          NA          NA          NA          NA
[301]          NA          NA          NA          NA          NA          NA          NA          NA          NA          NA
[311]          NA          NA          NA          NA          NA          NA  2.17518001          NA          NA          NA
[321]  1.48693005          NA          NA          NA          NA  2.32057763          NA          NA  3.87138729          NA
[331]          NA          NA          NA          NA          NA          NA          NA          NA          NA          NA
[341]  4.17852965          NA          NA          NA          NA          NA          NA          NA          NA          NA
[351]  2.06563762          NA          NA  1.43507631          NA          NA          NA          NA          NA          NA
[361]          NA          NA          NA          NA          NA          NA          NA          NA          NA          NA
[371]          NA          NA  2.62282550          NA  0.08662196          NA          NA          NA          NA          NA
[381]  3.26397785  3.35658702          NA          NA          NA          NA          NA          NA          NA          NA
[391]  2.69766885          NA          NA          NA          NA          NA          NA          NA          NA          NA
[401]          NA          NA          NA          NA          NA          NA          NA          NA          NA          NA
[411]          NA          NA          NA          NA  0.54563153          NA          NA          NA          NA  0.33402826
[421]          NA          NA          NA          NA          NA          NA          NA  1.28340654          NA          NA
[431]          NA          NA          NA          NA          NA          NA          NA          NA          NA          NA
[441]          NA          NA          NA          NA          NA          NA          NA          NA          NA          NA
[451]          NA  4.23716099          NA          NA          NA          NA          NA          NA          NA          NA
[461]          NA          NA          NA  1.27076760          NA          NA          NA          NA          NA          NA
[471]          NA  0.21706783          NA          NA          NA          NA          NA          NA          NA          NA
[481]          NA          NA          NA          NA          NA          NA          NA          NA          NA          NA
[491]          NA          NA          NA          NA          NA          NA          NA          NA          NA          NA
[501]          NA          NA          NA          NA          NA          NA          NA          NA          NA          NA
[511]          NA          NA          NA          NA  0.55518665          NA  1.84974119          NA  0.34169079          NA
[521]          NA          NA          NA          NA          NA          NA          NA          NA          NA          NA
[531]          NA          NA          NA          NA          NA          NA          NA          NA          NA          NA
[541]          NA          NA          NA          NA          NA          NA          NA          NA          NA          NA
[551]          NA          NA          NA          NA          NA          NA          NA          NA          NA          NA
[561]          NA          NA          NA          NA          NA          NA  0.91538685          NA          NA          NA
[571]          NA          NA          NA          NA          NA          NA          NA          NA          NA          NA
[581]          NA          NA          NA          NA          NA          NA          NA          NA          NA          NA
[591]          NA  0.62345174          NA          NA          NA          NA          NA          NA          NA          NA
[601]          NA          NA          NA          NA          NA          NA

$TS
  [1] 69.921947133 60.060103660 45.737577397 43.363513736 36.091724121 35.119360237 16.774182359 15.769677858 14.679790601 42.615921498
 [11] 39.188062208 28.758643740 24.883729541 40.483038067 39.645063514 35.495429184 34.259864770 33.524965679 25.510386211 21.169346642
 [21] 38.866003221 34.856086080 15.245349822  6.067785404 28.798361588 22.464192817 18.720104452 18.472943804 31.537303927 24.393080634
 [31] 22.438969230 23.616421194 20.356829556 10.581438369 28.754990764 27.587494048 24.690846299 16.215552913  4.893150331 24.995238998
 [41] 18.047757801 13.889670236 11.672597147 13.973523555 10.675293921 10.086429909  6.809471834  6.228886501  3.882528595  3.583894663
 [51] 22.510876675 14.499336509  1.791125542 24.848638920 23.805159451 18.325050508 15.506196185 13.594587460  8.007298433  7.374702609
 [61]  3.609288784 16.796690341 22.749959875 21.439990466 21.208747246  6.320957446  5.304698844 23.862374179 19.861473526 22.516670644
 [71] 21.138550846 10.278836165  8.518700209 18.781526828 22.224170976 17.374413686 17.156694594 14.645789358 14.395741810 12.557167030
 [81] 16.768284278  7.304932593  6.948092181  2.607607848 22.451429607 19.837932664 20.818094315 20.174317401 19.419674754 14.892469230
 [91] 10.487238254  7.481186332  2.077657307 17.130979447 13.409404531 17.842463970 16.989172907 13.326442081  1.463828639 20.160459605
[101] 16.051541463  8.494268392 18.461129767 14.708981884 19.192579693 18.245530198 15.779007994  8.021836906  4.578435090  3.749580749
[111]  1.993713942 18.326785497 16.202961309 13.506210281 12.421097255 10.647952462 14.852048052 11.886649104  9.068030536  3.690046135
[121]  2.914371713  2.021190030 17.940724551 12.633023823 14.995286676  6.868524495 16.684026632 14.002482539 13.968165880  6.785474506
[131] 10.214879308  5.738870102  4.486805783  3.883662965 11.579801243  9.618879091  7.502089877  3.090881920 11.917887720  3.884177029
[141]  1.774037428  0.207300746 16.612253299 15.305485379  5.352496996 16.422917644 14.018501916 15.833469297 10.871725446  3.367600560
[151]  2.152346770  1.600632320 15.406449623 13.549414401 10.989011665  8.138416647 15.619546188 12.715347311  5.818702872  0.587626843
[161] 12.128233893 10.795842020 15.115081413  8.875340649  8.032650351  7.906465183  1.429331330  0.835167690 13.207704964  0.410614138
[171]  8.210483154  3.460854130  0.832683687 10.723801728 10.895163620 11.165522956  9.193998568  0.768884024 11.781280963 11.096915344
[181]  9.901267737  6.363432586  9.292560584 12.760056562 10.781822919  7.311156910  3.566947725 13.937230177  6.140744715 11.718999186
[191] 11.578096227 14.512826537 12.858690475  2.178455041 13.116833367 14.434069753 12.098478039  8.201241680  7.396728668 13.053497517
[201] 10.422585798  9.633179609  9.404111051  8.285683279  4.264188446  2.555004786  7.326578093  8.656661554  7.653744131  1.200995590
[211]  4.667869914  2.029335967  0.623722266  6.493573969 12.668743114 12.400404616  1.144549808  0.734678313 11.572086043  1.852578367
[221]  1.301228102  7.830359619  4.274078133  9.997447647  3.846562838 10.535938495  9.012100370 12.067370440  9.787208940  3.903798130
[231] 11.337055194  6.836792479  6.787010268  6.143132903  2.957661257  0.367841516 11.276899478  8.412529029  6.510729243  5.914512859
[241] 12.328699215  3.306023970  1.504887433  1.094671093 11.776715840 11.092231184  5.255249361 10.556096237 10.541540297  5.804861609
[251]  4.386862501 12.254765285 11.892187368  8.913616351  5.947392788  8.572336627  7.425615986  5.398067667  0.860357421 11.488624395
[261]  5.013051822 11.368911168  9.414593595  3.506716262  6.807720553  4.831850982  6.013452380  4.302498444  3.573409737  7.429292126
[271]  4.269459580  3.743917368  2.284728407 11.330248680  6.289962555  6.743194525  0.721386363 11.299945191  6.361991383  6.064826053
[281]  4.064307617  5.527284375  1.358204412  0.563520217  2.833634171  9.693327675  7.504325791  5.562245285  2.041722841  9.833945162
[291]  8.599340130 11.079100272  8.005168139  7.278423101  5.993853366  5.636168740 11.088277764  1.871368649  1.159414500  0.125370087
[301]  2.195093817  1.936819179  4.996281095  2.914651668  9.742523807  6.639472345  0.788226660  2.224495609  2.114374697  1.094456387
[311]  5.574975064  2.037105271 10.216386713  9.839662648  7.369610486  5.034696832  4.017144079  6.676570915  2.848601488  3.425871880
[321]  6.475384916  2.375245752  1.027869517 10.184260925  0.695817662  5.237279898  6.891908958  6.239817742  5.826145421  2.191676978
[331]  1.901604277  0.172817687  0.098825429  1.603523405  9.291741888  8.660410051  1.633424417  4.155174378  3.331809094  2.810269007
[341]  6.401808932  2.479250898  9.101433589  6.467846451  5.759794852  3.735464786  3.120273156  2.121840956  7.891312244  6.554397938
[351]  5.156975671  8.257585603  5.721066338  6.904563702  3.650525787  2.452738223  7.826166345  0.899053901  0.397926848  0.035136995
[361]  1.282321609  8.405761882  4.390558901  7.095363419  3.163087109  2.048824200  6.518426759  3.660516677  6.458344203  6.331131399
[371]  7.628284643  5.069809696  7.929880380  6.043380251  3.831040239  0.680951814  6.867600342  4.330362522  3.366194503  1.016713875
[381]  7.401469483  4.104321074  7.705248894  2.235786115  4.403602051  2.702214364  2.194866673  1.930338282  1.150692537  3.703219012
[391]  3.271517220  3.324272735  0.899669510  0.497549638  4.490666248  6.372602919  6.041841237  4.935792055  0.936465621  6.572863973
[401]  2.090556551  4.881055057  3.342585785  4.555203145  5.528457452  3.534477961  4.758744424  4.587373642  2.383709895  1.224159536
[411]  0.765683965  3.169366271  3.068615062  0.294383385  5.854374082  6.499651432  4.017504497  6.488032225  0.324777885  3.661053441
[421]  1.657268651  4.540270944  5.765775152  1.470675769  6.138975062  3.115496407  5.574966484  2.140390129  5.753410145  1.523258418
[431]  6.214200114  2.237918717  6.335351240  4.236743955  3.811358517  2.356871870  0.140217780  3.792040519  1.977447704  1.961422741
[441]  4.110332830  3.839324678  3.799163548  5.907337556  3.820606216  5.840112974  0.001868897  2.408081227  5.961237031  5.685397156
[451]  5.548523682  5.266115892  0.464899282  0.592881352  4.759090619  5.065858524  4.110992974  3.824098195  3.627020352  1.540032014
[461]  4.468335800  1.941623485  3.768511823  1.549234652  4.602796485  1.835486776  4.334108584  2.767361414  2.566523571  2.911355007
[471]  1.407249795  2.411780795  3.116105386  3.916879574  2.682766861  2.058893582  0.486245968  0.203963963  0.120119012  4.106264490
[481]  3.903604029  0.970552757  0.433834749  5.737168907  5.302577950  2.576494233  4.699572223  1.838505162  5.240087272  2.111500897
[491]  3.502949412  2.695599203  0.824738130  5.055007588  0.529987365  0.732848381  2.433718444  3.789591692  1.198064277  4.623166002
[501]  4.002335625  2.161086681  0.745394566  2.402759574  0.856795791  1.115239159  3.195686179  0.789305644  2.219718086  4.037264981
[511]  2.634877935  4.124245186  3.295341715  1.549710772  2.810750291  3.988129931  3.325105299  0.106580211  0.880287392  3.776806971
[521]  0.422559685  3.906748991  4.084573045  2.340946627  2.825086177  2.343962900  0.251140264  1.560998052  0.452451248  2.123568741
[531]  2.937431141  0.734323673  0.020788325  3.093444202  3.227045578  3.274848734  2.337567526  0.763610174  0.965139757  3.300914663
[541]  3.161096048  1.526133852  0.416762111  1.160135518  2.948104400  0.755110675  1.895113898  0.818232347  1.924065019  0.926876187
[551]  2.720875363  3.126118290  1.714408067  0.344600493  1.816558429  1.423674348  0.973819996  1.993220528  2.592994347  2.084336141
[561]  1.744337618  1.681202489  1.618494151  2.201875166  1.583395395  1.211244757  1.205795314  0.018729203  0.491302838  2.342581395
[571]  2.227718462  2.140630022  1.868899089  0.152424860  1.795213771  1.162264837  0.625689669  0.414635525  0.394548318  1.143286938
[581]  1.137554231  0.909465864  0.769780357  1.869739276  1.459084836  1.557764206  1.043194213  0.406413689  1.014229927  1.648291489
[591]  1.038434821  1.485482275  1.435743459  1.007746720  0.726357828  0.380840428  0.350843630  1.372349491  0.116457859  0.849602064
[601]  0.292601265  0.161114301  1.141927043  0.785099907  0.581928640  0.243625882

$PAR
  [1]  NA   1   2   3   3   3   3   3   3   4   4   4   4  10  10  10  14  14  15  15  11  21  21  21   5   5   5   5  16  16  16  17
 [33]  18  29  25  25  25  25  25  35  35  35  35  36  36  36  36  36  36  36  19  19  19  40  40  40  40  40  40  40  40  13  54  54
 [65]  54  54  54  37  37  68  68  68  68  55  70  70  70  70  70  70  51  51  51  51  26  26  85  85  85  85  85  85  85  31  31  64
 [97]  64  20  71  87  33  33 100 100  69  69  69  86  86  86  86 105 105 105 105  74  27  28  28  28  28  28 103 112  56  56 106 106
[129] 106 106  41  41  41  41 123 123 123 123  96  96  96  96  76  76  76  77  77  94  94  94  94  94  97  97  97  97  62  62  62  62
[161]   7   7 127 127 127 127 143 143 146 146  38 113 113 101 148 107 107 157  57  57  57  57 153 144 144 144 144 125 125 117 117   9
[193]   9   9  78 192 192  52  52 196 196 196 196 196  79  79 147 128 128 128  44  44  44 188  42  58  58  58 114 114 114  95  95  98
[225]  98 169 169 195 195 195 200 200 200 200 200 200 193 193 193 193 158 158 158 158 215 215 215 124 124 124 124  80  80  80  80 115
[257] 115 115 115 216 241 252 161 161 197 197 228 228 228 139 139 139 139 253 253 118 118 179 245 245 245 190 190 190  43 135 135 135
[289] 191 260 260 262 231 231 274 278 237 237 176 176 246 246 297 292 155 155 149 162 162 162 174 174 116 116 116 116  34 248 248 249
[321]  91  91  91 313 313 324  46  46  46 224 224 224 224 290 229 229 305 286 286 202 136 136 183 183 183 183 183 183 335 177 343 119
[353] 119 227 227 227 254 164 336 336 291  73  73 238 362 362 204 204 352 352 171 171 165 165 165 108  59  59  59  59 293 293 373 166
[385] 349 349 349 222 357 383 383 287 287 287 257 199 199  60  60 186 186  82  82 294 354 354 327 126 126 126 126 377 377 377 232  47
[417]  47 265 265 233 233 130 276 276 306 306 400 400 239 239 214 214 418 418 418 418 418 321 321 321 344 344 369 341 396 182 182 279
[449] 370 328 328 328 328  48 431 234 234 189 189 189  24  24 280 280 397 397 267 449 449 255 255 240 446 159 159 159 250 250 250 423
[481] 423 345 345 132 484 484 353 353 296 311 288 288 451 405 405 282 258 145 145 452 247 247 247 372 372 494 261 303  39 487 395 133
[513] 133 133 363 467 378 378 223 271 205 338 512 512 480 480 281 522 230 140 134  49 225 442 375 498 520 272 368 355  61 269 187 320
[545] 150 379 392 392 540 536 391 535 473 138 545 531 531 304 319 468 511 511 511 559 486 469 356 356 497 409 409 436 436 436 570 273
[577] 384 571 571 308 564 301 387 194 401 476 439 549 547 220 488 575 562 562 590 590 586 460 542 243 424 556 221 499 310 579

$EXTANT
  [1] FALSE FALSE FALSE FALSE FALSE FALSE FALSE FALSE  TRUE FALSE FALSE FALSE FALSE FALSE FALSE FALSE FALSE  TRUE  TRUE FALSE  TRUE
 [22] FALSE  TRUE  TRUE  TRUE FALSE FALSE  TRUE  TRUE FALSE FALSE  TRUE FALSE  TRUE  TRUE  TRUE FALSE  TRUE  TRUE  TRUE  TRUE  TRUE
 [43]  TRUE  TRUE  TRUE FALSE  TRUE  TRUE  TRUE  TRUE FALSE FALSE  TRUE  TRUE FALSE  TRUE  TRUE  TRUE  TRUE  TRUE  TRUE  TRUE FALSE
 [64] FALSE FALSE  TRUE  TRUE  TRUE  TRUE  TRUE  TRUE FALSE FALSE  TRUE FALSE FALSE  TRUE FALSE FALSE  TRUE FALSE  TRUE  TRUE  TRUE
 [85]  TRUE  TRUE FALSE FALSE FALSE FALSE  TRUE FALSE  TRUE  TRUE  TRUE  TRUE FALSE  TRUE  TRUE FALSE FALSE  TRUE FALSE FALSE FALSE
[106]  TRUE FALSE FALSE  TRUE  TRUE  TRUE FALSE  TRUE  TRUE  TRUE  TRUE  TRUE  TRUE  TRUE  TRUE  TRUE  TRUE  TRUE  TRUE  TRUE  TRUE
[127]  TRUE  TRUE FALSE  TRUE FALSE  TRUE  TRUE  TRUE  TRUE  TRUE FALSE  TRUE  TRUE  TRUE  TRUE  TRUE  TRUE  TRUE  TRUE  TRUE  TRUE
[148]  TRUE  TRUE  TRUE  TRUE  TRUE FALSE  TRUE  TRUE  TRUE  TRUE  TRUE FALSE  TRUE  TRUE  TRUE  TRUE  TRUE  TRUE  TRUE  TRUE  TRUE
[169]  TRUE  TRUE  TRUE  TRUE  TRUE  TRUE  TRUE  TRUE FALSE  TRUE FALSE  TRUE FALSE  TRUE  TRUE  TRUE  TRUE  TRUE  TRUE  TRUE  TRUE
[190]  TRUE FALSE FALSE FALSE  TRUE  TRUE  TRUE  TRUE  TRUE FALSE  TRUE FALSE FALSE  TRUE  TRUE  TRUE  TRUE FALSE FALSE FALSE  TRUE
[211]  TRUE  TRUE  TRUE  TRUE  TRUE FALSE  TRUE  TRUE FALSE  TRUE  TRUE  TRUE  TRUE  TRUE  TRUE FALSE  TRUE FALSE  TRUE  TRUE FALSE
[232]  TRUE  TRUE  TRUE  TRUE  TRUE  TRUE  TRUE  TRUE  TRUE  TRUE  TRUE  TRUE  TRUE  TRUE  TRUE  TRUE  TRUE  TRUE  TRUE FALSE FALSE
[253]  TRUE  TRUE  TRUE  TRUE  TRUE FALSE  TRUE  TRUE  TRUE  TRUE FALSE FALSE  TRUE  TRUE  TRUE  TRUE  TRUE FALSE  TRUE  TRUE  TRUE
[274]  TRUE  TRUE  TRUE  TRUE  TRUE  TRUE  TRUE  TRUE  TRUE  TRUE  TRUE  TRUE  TRUE  TRUE  TRUE  TRUE FALSE  TRUE  TRUE FALSE  TRUE
[295] FALSE  TRUE  TRUE  TRUE  TRUE  TRUE  TRUE  TRUE  TRUE  TRUE  TRUE  TRUE  TRUE  TRUE  TRUE  TRUE  TRUE  TRUE  TRUE  TRUE  TRUE
[316]  TRUE FALSE  TRUE  TRUE  TRUE FALSE  TRUE  TRUE  TRUE  TRUE FALSE  TRUE  TRUE FALSE  TRUE  TRUE  TRUE  TRUE  TRUE  TRUE  TRUE
[337]  TRUE  TRUE  TRUE  TRUE FALSE  TRUE  TRUE  TRUE  TRUE  TRUE  TRUE  TRUE  TRUE  TRUE FALSE  TRUE  TRUE FALSE  TRUE  TRUE  TRUE
[358]  TRUE  TRUE  TRUE  TRUE  TRUE  TRUE  TRUE  TRUE  TRUE  TRUE  TRUE  TRUE  TRUE  TRUE  TRUE FALSE  TRUE FALSE  TRUE  TRUE  TRUE
[379]  TRUE  TRUE FALSE FALSE  TRUE  TRUE  TRUE  TRUE  TRUE  TRUE  TRUE  TRUE FALSE  TRUE  TRUE  TRUE  TRUE  TRUE  TRUE  TRUE  TRUE
[400]  TRUE  TRUE  TRUE  TRUE  TRUE  TRUE  TRUE  TRUE  TRUE  TRUE  TRUE  TRUE  TRUE  TRUE  TRUE FALSE  TRUE  TRUE  TRUE  TRUE FALSE
[421]  TRUE  TRUE  TRUE  TRUE  TRUE  TRUE  TRUE FALSE  TRUE  TRUE  TRUE  TRUE  TRUE  TRUE  TRUE  TRUE  TRUE  TRUE  TRUE  TRUE  TRUE
[442]  TRUE  TRUE  TRUE  TRUE  TRUE  TRUE  TRUE  TRUE  TRUE  TRUE FALSE  TRUE  TRUE  TRUE  TRUE  TRUE  TRUE  TRUE  TRUE  TRUE  TRUE
[463]  TRUE FALSE  TRUE  TRUE  TRUE  TRUE  TRUE  TRUE  TRUE FALSE  TRUE  TRUE  TRUE  TRUE  TRUE  TRUE  TRUE  TRUE  TRUE  TRUE  TRUE
[484]  TRUE  TRUE  TRUE  TRUE  TRUE  TRUE  TRUE  TRUE  TRUE  TRUE  TRUE  TRUE  TRUE  TRUE  TRUE  TRUE  TRUE  TRUE  TRUE  TRUE  TRUE
[505]  TRUE  TRUE  TRUE  TRUE  TRUE  TRUE  TRUE  TRUE  TRUE  TRUE FALSE  TRUE FALSE  TRUE FALSE  TRUE  TRUE  TRUE  TRUE  TRUE  TRUE
[526]  TRUE  TRUE  TRUE  TRUE  TRUE  TRUE  TRUE  TRUE  TRUE  TRUE  TRUE  TRUE  TRUE  TRUE  TRUE  TRUE  TRUE  TRUE  TRUE  TRUE  TRUE
[547]  TRUE  TRUE  TRUE  TRUE  TRUE  TRUE  TRUE  TRUE  TRUE  TRUE  TRUE  TRUE  TRUE  TRUE  TRUE  TRUE  TRUE  TRUE  TRUE  TRUE FALSE
[568]  TRUE  TRUE  TRUE  TRUE  TRUE  TRUE  TRUE  TRUE  TRUE  TRUE  TRUE  TRUE  TRUE  TRUE  TRUE  TRUE  TRUE  TRUE  TRUE  TRUE  TRUE
[589]  TRUE  TRUE  TRUE FALSE  TRUE  TRUE  TRUE  TRUE  TRUE  TRUE  TRUE  TRUE  TRUE  TRUE  TRUE  TRUE  TRUE  TRUE

