
Birth-death simulation object with 606 species and 500 extant species

Details for some species:

Extinction times (NA means extant)
[1]       NA       NA       NA 12.27663       NA       NA


Speciation times 
[1] 73.36454 66.91243 46.23723 14.95704 12.08363 11.68417


Species parents (NA for initial)
[1] NA  1  1  1  1  1


Species status (extinct or extant)
[1] "extant"  "extant"  "extant"  "extinct" "extant"  "extant" 


For more details on vector y, try sim$y, with y one of
TE TS PAR EXTANT



$TE
  [1]          NA          NA          NA 12.27662923          NA          NA          NA
  [8]          NA          NA          NA          NA 33.27341209  8.15590305 33.06440670
 [15] 13.80658934  0.79827594          NA 18.36601521          NA          NA          NA
 [22]          NA          NA 33.88709905 41.92081261          NA          NA 14.72570820
 [29]          NA          NA 32.05840225 13.50889274          NA 24.72648204 27.16765749
 [36] 29.90147537 23.92201255          NA          NA          NA          NA  5.76259000
 [43]          NA  8.76927098  3.89810137 16.26164485 26.41684697 18.52731561 28.91319591
 [50] 22.56672109  8.32192859          NA          NA 14.77493092          NA          NA
 [57] 10.56044305  6.61713562 28.38482541  7.34086654 30.85081104          NA          NA
 [64] 12.91616357 29.65317014  1.82090422          NA          NA          NA          NA
 [71]          NA          NA          NA  1.51675154          NA  3.89567716 11.97785766
 [78] 26.01962220          NA          NA  2.07560099          NA          NA          NA
 [85]  0.07916575 12.25678649          NA 11.68190418          NA          NA          NA
 [92]          NA  6.96490563  8.55526756  3.62499579          NA  6.86632528 12.61932451
 [99]          NA  7.09621195          NA          NA 12.58665312  8.97825096          NA
[106]  6.69051436          NA          NA  6.76529670          NA          NA          NA
[113]          NA          NA          NA          NA  7.92310051          NA          NA
[120]          NA  2.63368903 13.75552113          NA          NA          NA          NA
[127]          NA          NA          NA          NA          NA          NA          NA
[134]          NA          NA          NA          NA          NA          NA          NA
[141]          NA          NA          NA          NA          NA          NA          NA
[148]          NA          NA          NA          NA  5.10908720          NA          NA
[155]          NA  9.42822638  7.16900279          NA          NA          NA          NA
[162]  9.86774912 10.13702853          NA          NA          NA          NA  3.44286995
[169]          NA          NA          NA          NA          NA          NA          NA
[176]          NA          NA          NA          NA          NA          NA          NA
[183]          NA          NA          NA 12.54727543          NA          NA          NA
[190]          NA          NA          NA          NA          NA          NA          NA
[197]          NA          NA          NA          NA          NA  3.33522985 11.29770072
[204]          NA          NA          NA 10.05043338          NA          NA          NA
[211]          NA          NA          NA          NA          NA          NA          NA
[218]          NA          NA          NA          NA          NA          NA          NA
[225]  0.05531419  9.19854365          NA          NA          NA          NA          NA
[232]          NA  5.88312763          NA          NA          NA          NA          NA
[239]          NA          NA          NA          NA          NA  4.98467958          NA
[246]          NA          NA          NA  4.82658638          NA          NA          NA
[253]          NA          NA          NA          NA          NA          NA          NA
[260]          NA          NA  2.41086392          NA          NA          NA          NA
[267]          NA          NA          NA          NA          NA          NA  3.06609136
[274]          NA          NA          NA          NA          NA          NA          NA
[281]  6.02945731          NA          NA          NA          NA  0.01596171          NA
[288]          NA          NA          NA  6.07747501          NA          NA          NA
[295]          NA          NA          NA          NA          NA          NA          NA
[302]  7.52979438          NA          NA          NA  3.35976684          NA          NA
[309]          NA          NA          NA          NA          NA          NA          NA
[316]          NA          NA          NA          NA          NA          NA          NA
[323]          NA          NA          NA          NA          NA          NA  0.62710629
[330]          NA          NA  2.82391900          NA          NA          NA          NA
[337]          NA          NA          NA  0.47029913          NA          NA          NA
[344]          NA          NA          NA  7.50069811          NA          NA          NA
[351]  0.73556684          NA          NA          NA          NA          NA          NA
[358]  0.96373083          NA          NA          NA          NA          NA          NA
[365]          NA          NA          NA          NA          NA  0.67993171  4.79067125
[372]          NA          NA          NA          NA  0.72663268          NA          NA
[379]          NA          NA          NA          NA  2.16539372          NA          NA
[386]          NA          NA          NA          NA          NA          NA  7.31988900
[393]  1.60588085          NA          NA  1.27457531          NA          NA          NA
[400]          NA          NA          NA          NA          NA          NA          NA
[407]          NA          NA          NA          NA          NA          NA          NA
[414]          NA          NA          NA          NA          NA  1.24861910          NA
[421]  0.24556785          NA          NA  1.60879747          NA          NA          NA
[428]  5.56270402          NA          NA          NA          NA          NA          NA
[435]          NA          NA          NA          NA          NA          NA          NA
[442]          NA          NA          NA          NA          NA          NA          NA
[449]          NA          NA          NA  1.34047009          NA  2.14281929          NA
[456]  2.77898270          NA          NA          NA          NA          NA  3.70219481
[463]  2.32620427  2.63846238          NA          NA          NA          NA          NA
[470]          NA  1.63025692          NA          NA          NA          NA          NA
[477]          NA          NA          NA          NA          NA          NA          NA
[484]          NA  2.91457025          NA          NA          NA          NA          NA
[491]          NA          NA          NA          NA          NA          NA          NA
[498]  2.67480564          NA          NA          NA          NA          NA          NA
[505]  3.54436902          NA          NA          NA          NA          NA          NA
[512]  1.89742849          NA          NA          NA          NA          NA          NA
[519]          NA          NA          NA          NA          NA          NA          NA
[526]          NA          NA          NA          NA          NA          NA          NA
[533]          NA          NA          NA          NA          NA          NA          NA
[540]          NA          NA          NA          NA          NA          NA          NA
[547]          NA          NA          NA          NA          NA          NA          NA
[554]          NA          NA          NA          NA          NA          NA          NA
[561]          NA          NA          NA          NA          NA          NA          NA
[568]          NA  0.63964543          NA          NA          NA          NA          NA
[575]          NA          NA          NA          NA          NA          NA          NA
[582]          NA          NA          NA          NA          NA          NA          NA
[589]          NA          NA          NA          NA          NA          NA          NA
[596]          NA          NA          NA          NA          NA          NA          NA
[603]          NA          NA          NA          NA

$TS
  [1] 73.364541159 66.912431695 46.237225918 14.957035005 12.083634644 11.684167771 10.758307788
  [8]  7.373452054  5.936991056  1.783486756 50.864125196 49.061210563 39.750525558 38.674427839
 [15] 35.037000416 32.522659337  1.644782163 39.285560456 24.573372103 10.717795028  9.575522484
 [22]  7.687822215  4.421063361 45.998162352 43.256591128 38.292225770 37.153582552 31.294782584
 [29] 25.686949499 15.693566508 41.789682507 35.451099103 40.960241537 38.888845245 38.372876422
 [36] 33.039088414 25.905297792 19.711301003 15.796928331  3.429491195  1.832454767 11.165356404
 [43]  8.342008735 34.554331923 31.533162720 21.379937044 36.189075730 27.967456724 34.930085761
 [50] 32.631639124 26.110652325 15.211532979  2.185392536 26.320483934 22.680849067 20.467063334
 [57] 19.670378245  8.857084492 28.540767938 14.017963330 31.397652582 30.460665143 22.547601155
 [64] 19.785012951 30.672782762 18.571105426 14.487190464 28.496125674 15.684855443 14.434734557
 [71] 26.624678464 14.732084302 10.429957748  5.601783628 30.335236335 25.854351026 17.031892853
 [78] 26.907604249  9.658801762 11.390498353  7.103733393 20.945881803 16.648305174 11.637204112
 [85]  0.478362050 19.995603902 23.125962486 21.013957635 18.776730398 14.001843849  6.728676560
 [92]  0.298837532 26.083701219 20.103194482 25.807660115 14.802770891 17.571450225 17.006470850
 [99] 13.104104875 12.505634218  9.146773057 21.335738933 24.042294927 22.913382759 21.813725840
[106] 12.370127971  1.988359644 19.878144959 17.506108710 11.937279051 10.933988649  9.647169102
[113]  4.251543683 20.787671734 10.858900265  9.411386351 10.806770598  7.038829991  1.347232995
[120]  0.090390956 19.431090487 20.407654781 13.347760792  8.980256368 12.615248770  0.454983464
[127] 16.030217331  5.033625524 18.576514463 17.092510499 18.307962703 16.613982970 13.612500517
[134] 10.169078496  9.703925347  5.927922624  4.573045503  1.039233332 19.402782395 15.904159787
[141] 17.215269429 16.597306953 14.607816300 11.879325419 10.536868938 15.742187795 11.281511419
[148]  6.411293724  1.976039950 17.664823123 14.173721849  9.508950106  4.717075698  3.303587561
[155]  1.125793538 17.562921556 13.752877802 12.469614710 11.311908974 10.942968479  1.722103203
[162] 15.223051342 13.182032764  8.360408801  4.588163847  2.883505992  2.483859781 12.295556948
[169] 14.900081706 11.173116801  6.984522045  0.233296827 11.009619176  6.906674852 16.753221971
[176] 14.955984247 10.685074400 10.077613304  3.290094673 16.253867214  7.444061667  6.739005321
[183]  2.822125375  0.595466066 15.202491987 13.346316000 14.812282685  9.265590532  2.150067388
[190] 12.781545024 15.604547788 12.833769195  2.796447352 11.871474401  5.016070834 11.938045095
[197]  6.474077036  2.203751938  1.347422111  5.387011815  2.166050470  4.461312324 14.042983919
[204]  9.088635833  5.613935958  4.496326996 13.766967349 10.119320096  5.729695891  4.842165484
[211]  3.333562090  1.057341473  0.053527911  5.556849848  2.300328948  7.609876703  0.583455127
[218] 12.525197577  6.213865340  1.083461325  0.512150099  4.780979061  4.679080436  3.397886792
[225]  6.821182304 11.867180254  9.222063761  3.455885220  0.283829762 13.793910758 11.048487766
[232]  7.361154528 10.007004713  8.988994629  6.624484718  3.586496481 11.682786427  3.471026204
[239] 11.233186989 11.487030012  8.113585784  4.059380400 11.393785355  9.642910579  0.853276350
[246] 11.153824069 11.118397024  5.799852214  5.272148081  0.620518766 12.523881488  7.040133905
[253]  0.002776021 11.549324669  3.926261965  4.847188596  3.512242370  2.199505334  1.349344525
[260]  8.513962314  7.765271241  6.526438414  5.991481124  9.112345283  7.860287267  0.260232343
[267]  7.261531120 10.269652268  8.367170091  5.963890756 10.988711399 10.861894987 10.244956686
[274]  4.921669533 10.398301928  9.214978296 10.435359186  4.338027045 11.612077297  3.600108370
[281]  6.900586903  4.397812180  2.643024343 10.588329097  6.345382361  6.263465725  4.151547464
[288]  2.369949456  1.277284514  9.681762319  6.423681594  9.139708247  5.042777963  1.468588957
[295]  6.264569300  0.941121872  9.196283463  9.041847555 10.723305880  9.813691109  0.025160300
[302] 10.784595359 10.438792309  6.092964828  3.372474086  6.766876138  1.368399403  7.423650669
[309]  1.846883760  1.783400057  9.300765594  7.923811483  5.407957234  4.471027505  1.897825936
[316] 10.185300349  7.310795854  0.388408900  7.219479861  5.922344628  3.699570581  8.974534181
[323]  6.015378266  6.832426708  0.132812779  9.471651176  1.981646037  5.627138634  1.947549232
[330]  5.315319472  7.192318280  7.189788751  4.130823900  3.309729925  1.389627253  0.879307233
[337]  7.789170386  7.679360770  5.494803051  3.775725936  1.401186202  8.363189328  6.691520883
[344]  9.385612368  6.200605324  7.433431714  8.184095040  2.346864310  2.229604580  3.538551267
[351]  7.758941623  2.987140694  4.405766906  2.022525584  1.523830450  2.939578605  0.974482490
[358]  6.427009879  4.310939458  2.387155452  0.702386758  4.584187786  2.548090187  1.792207927
[365]  8.555505809  8.311911338  7.471422619  3.238064169  0.403870754  5.238960095  6.049293375
[372]  8.054488005  4.374552531  8.206075226  6.490223801  4.310589538  0.359180559  2.991587240
[379]  1.991918890  0.133574802  7.107176754  2.216882054  5.441096717  8.223350027  4.073766163
[386]  3.633361130  1.489244511  1.543646870  6.656038127  2.681694398  1.346330127  7.466081356
[393]  7.756989587  5.084890635  4.429163719  2.288642137  6.801424422  1.997791746  3.154782586
[400]  1.221945222  2.047633069  6.840743120  5.455902592  2.377838154  0.823767598  6.295994443
[407]  1.201699238  5.167644176  2.208954731  4.196634958  2.995857334  4.122640647  0.489679840
[414]  4.938505901  2.609340194  2.086423467  6.279838815  4.663607625  2.619032639  0.677589132
[421]  5.356922794  0.254526469  1.974785201  4.635804496  2.399145306  1.760574823  6.442751633
[428]  6.216892596  6.617708079  5.539353254  6.574057438  6.342522749  6.432500143  6.036190863
[435]  0.832123926  0.332803500  0.694056336  3.323277016  5.624266070  5.494555695  5.128999226
[442]  0.740089499  2.533954494  2.982145342  4.900686492  1.445855997  3.994008061  6.359987227
[449]  5.470593569  5.952322239  3.798228761  2.113049869  5.982811989  4.273941438  5.757996006
[456]  5.510244583  1.494274628  1.306129779  0.122188671  0.038995404  2.920696687  4.259113778
[463]  2.738814669  4.287369943  1.616608494  1.560858359  4.683573740  0.772677254  0.525813760
[470]  5.434689921  1.986070619  3.348847402  0.430198493  0.125414290  0.483982752  5.292110298
[477]  5.154764545  1.203632700  4.220883336  1.285494972  5.523319909  4.344037717  3.293460376
[484]  1.108754595  4.760872993  3.926528810  0.894245192  3.855124160  3.378315892  2.643720516
[491]  2.449019182  3.576756009  0.963805941  4.374746550  3.372279015  1.141208302  3.412715781
[498]  2.993948757  0.695487612  4.025740547  3.066042151  3.219086462  4.642239147  1.319409286
[505]  4.065710616  2.444816552  3.895009550  1.963208964  1.542624727  1.848213288  2.139877225
[512]  3.435991213  3.249849997  0.464168161  1.691182722  0.455445041  1.025477529  4.207608720
[519]  0.909994190  2.132784161  1.337851001  3.583077734  0.922855545  3.421880256  0.643159231
[526]  0.372655453  1.997506115  0.282666290  3.245374128  1.453712630  3.805749483  1.500746577
[533]  1.361653109  3.397326902  0.640088543  1.775692808  0.061929559  2.834129972  1.927105157
[540]  1.638981553  1.279069178  1.095770632  2.593810897  3.165499028  1.013330984  0.325165791
[547]  0.117030928  0.281549723  1.342333333  2.196063994  2.315452763  1.647024076  0.005018440
[554]  1.615475565  2.406322995  0.098720196  2.522569412  0.402986121  0.305607924  2.394853952
[561]  1.036220565  0.075659515  0.771036867  0.423504664  0.087753757  0.463039813  1.664030120
[568]  0.036249719  1.197928178  0.689392203  0.669360769  1.675933240  2.274833259  2.188614815
[575]  0.615503877  0.392229481  0.120884470  0.599773826  0.967050926  1.721848015  0.777127020
[582]  1.124336204  0.032909444  0.008599121  1.007221085  1.538600494  0.037581703  0.691651884
[589]  0.055700345  0.990608638  1.265676030  0.538450530  0.054918422  0.202525858  0.891568898
[596]  0.378888293  0.451782088  0.575015251  0.614038241  0.202193113  0.393647074  0.149387042
[603]  0.207752814  0.256564131  0.099987414  0.330800103

$PAR
  [1]  NA   1   1   1   1   1   1   1   1   1   2   2   2   2   2   2   2  11  11  11  11  11  11
 [24]  12  12  12  12   3   3   3  24  24  31  31  31  31  33  33  33  33  33  13  13  18  18  18
 [47]  34  34  26  26  26  26  26  27  27  27  27  27  47  32  15  15  15  15  44  44  44  50  16
 [70]  16  45  45  45  45  28  28  28  62  62  75  75  68  68  68  68  48  71  71  71  71  71  71
 [93]  54  54  51  76  95  95  95  95  95  29  19  19  19  19  19  87  87  87  87  87  87 104 104
[116]  55  63  63  63  63 105  88  88  82 114 114  56  56 122  94 108 108 108 108 108 108 108 108
[139]  64  64  57 121 121 121 121 139 139 139 139  89  89  89  89  89  89 129 129 129 129 129 129
[162]  66  66  66  66  66  66 131 150 150 150 150  97 109 141 141 141 141 141 175 175 175 175 175
[185]  83  83 132 132 132 142 180 180 180 127 127  39  39  39  39 146 146  30  69  69 191 191 162
[208] 162  52  52  52  52 185 176 176 169 169 187 187 187 187  96 143  67  70 151 151 151 151 203
[231]  60  60  90  90  90  90 230 230 207 157 133 133 123 123 123  99  99  99 190 190 125 125 125
[254] 218 218 158 158 158 158 106 106 168 168   5   5   5 196 110 110 110 144 194 194 194 226 226
[277]   6   6 237 237  84  84  84 279 254 254 254 254 254 240 240 243 159 159 147 147  42 246 247
[300] 247 247 231 231 231 231 173 160 111 111 111   7   7   7   7   7 299  20 177 284 284 284 277
[323] 277  73 275 134 134 208 208 178 300 300 300 135 135 290  79  79  79  79 112 244 244  21  21
[346] 152 326 326 326 116 344 344 311 311 311 188 188 227 227 227 227 276 276 276 297 297 297 297
[369] 297 292 264 204 234 322 365 365 365 269 269 269 342 342 164 366 366 384 384 374 241 241 241
[392] 372 312 312 312 312 265 265 337 337 261 351 351 351  22 338 338 216 216 367 367 181 181 308
[415] 308 308   8   8 317 317 267 319 331 252 252 252 118 118 171 171 174 174 324 324 324 225 397
[438]  91 343 389 389 389 429 431 375 375 197 433 433 358 358 358 285 285 406 406 406 406 286 219
[461] 304 323 323 263 453 453 270 270 270 450 450   9 136 136 320 455 209 209 328 328 205 205 205
[484] 205 430 430 430 456 339 440 403 383 313 476 370 408 477 477 477 274 210 485 153 153 223 223
[507] 418 418 503 165 362 137 314 314 395 395  23 282 373 482 278 359 359 376 518 518 333 242 486
[530] 486 255 507 507 488 488 531 531 451 340 340 340 340 522 257 257 257  40 489 472 529 368 368
[553] 368 502 501 378 352 444 444 356 166 538 183 390 390 490 419 415 443 443 167 491 506 506 555
[576] 349 349 409 520 149 423 309 309  41 310  17 466 388 586 533 259 549 478 155 542 517 357 487
[599] 420 535 575 598 592 469 469 514

$EXTANT
  [1]  TRUE  TRUE  TRUE FALSE  TRUE  TRUE  TRUE  TRUE  TRUE  TRUE  TRUE FALSE FALSE FALSE FALSE
 [16] FALSE  TRUE FALSE  TRUE  TRUE  TRUE  TRUE  TRUE FALSE FALSE  TRUE  TRUE FALSE  TRUE  TRUE
 [31] FALSE FALSE  TRUE FALSE FALSE FALSE FALSE  TRUE  TRUE  TRUE  TRUE FALSE  TRUE FALSE FALSE
 [46] FALSE FALSE FALSE FALSE FALSE FALSE  TRUE  TRUE FALSE  TRUE  TRUE FALSE FALSE FALSE FALSE
 [61] FALSE  TRUE  TRUE FALSE FALSE FALSE  TRUE  TRUE  TRUE  TRUE  TRUE  TRUE  TRUE FALSE  TRUE
 [76] FALSE FALSE FALSE  TRUE  TRUE FALSE  TRUE  TRUE  TRUE FALSE FALSE  TRUE FALSE  TRUE  TRUE
 [91]  TRUE  TRUE FALSE FALSE FALSE  TRUE FALSE FALSE  TRUE FALSE  TRUE  TRUE FALSE FALSE  TRUE
[106] FALSE  TRUE  TRUE FALSE  TRUE  TRUE  TRUE  TRUE  TRUE  TRUE  TRUE FALSE  TRUE  TRUE  TRUE
[121] FALSE FALSE  TRUE  TRUE  TRUE  TRUE  TRUE  TRUE  TRUE  TRUE  TRUE  TRUE  TRUE  TRUE  TRUE
[136]  TRUE  TRUE  TRUE  TRUE  TRUE  TRUE  TRUE  TRUE  TRUE  TRUE  TRUE  TRUE  TRUE  TRUE  TRUE
[151]  TRUE FALSE  TRUE  TRUE  TRUE FALSE FALSE  TRUE  TRUE  TRUE  TRUE FALSE FALSE  TRUE  TRUE
[166]  TRUE  TRUE FALSE  TRUE  TRUE  TRUE  TRUE  TRUE  TRUE  TRUE  TRUE  TRUE  TRUE  TRUE  TRUE
[181]  TRUE  TRUE  TRUE  TRUE  TRUE FALSE  TRUE  TRUE  TRUE  TRUE  TRUE  TRUE  TRUE  TRUE  TRUE
[196]  TRUE  TRUE  TRUE  TRUE  TRUE  TRUE FALSE FALSE  TRUE  TRUE  TRUE FALSE  TRUE  TRUE  TRUE
[211]  TRUE  TRUE  TRUE  TRUE  TRUE  TRUE  TRUE  TRUE  TRUE  TRUE  TRUE  TRUE  TRUE  TRUE FALSE
[226] FALSE  TRUE  TRUE  TRUE  TRUE  TRUE  TRUE FALSE  TRUE  TRUE  TRUE  TRUE  TRUE  TRUE  TRUE
[241]  TRUE  TRUE  TRUE FALSE  TRUE  TRUE  TRUE  TRUE FALSE  TRUE  TRUE  TRUE  TRUE  TRUE  TRUE
[256]  TRUE  TRUE  TRUE  TRUE  TRUE  TRUE FALSE  TRUE  TRUE  TRUE  TRUE  TRUE  TRUE  TRUE  TRUE
[271]  TRUE  TRUE FALSE  TRUE  TRUE  TRUE  TRUE  TRUE  TRUE  TRUE FALSE  TRUE  TRUE  TRUE  TRUE
[286] FALSE  TRUE  TRUE  TRUE  TRUE FALSE  TRUE  TRUE  TRUE  TRUE  TRUE  TRUE  TRUE  TRUE  TRUE
[301]  TRUE FALSE  TRUE  TRUE  TRUE FALSE  TRUE  TRUE  TRUE  TRUE  TRUE  TRUE  TRUE  TRUE  TRUE
[316]  TRUE  TRUE  TRUE  TRUE  TRUE  TRUE  TRUE  TRUE  TRUE  TRUE  TRUE  TRUE  TRUE FALSE  TRUE
[331]  TRUE FALSE  TRUE  TRUE  TRUE  TRUE  TRUE  TRUE  TRUE FALSE  TRUE  TRUE  TRUE  TRUE  TRUE
[346]  TRUE FALSE  TRUE  TRUE  TRUE FALSE  TRUE  TRUE  TRUE  TRUE  TRUE  TRUE FALSE  TRUE  TRUE
[361]  TRUE  TRUE  TRUE  TRUE  TRUE  TRUE  TRUE  TRUE  TRUE FALSE FALSE  TRUE  TRUE  TRUE  TRUE
[376] FALSE  TRUE  TRUE  TRUE  TRUE  TRUE  TRUE FALSE  TRUE  TRUE  TRUE  TRUE  TRUE  TRUE  TRUE
[391]  TRUE FALSE FALSE  TRUE  TRUE FALSE  TRUE  TRUE  TRUE  TRUE  TRUE  TRUE  TRUE  TRUE  TRUE
[406]  TRUE  TRUE  TRUE  TRUE  TRUE  TRUE  TRUE  TRUE  TRUE  TRUE  TRUE  TRUE  TRUE FALSE  TRUE
[421] FALSE  TRUE  TRUE FALSE  TRUE  TRUE  TRUE FALSE  TRUE  TRUE  TRUE  TRUE  TRUE  TRUE  TRUE
[436]  TRUE  TRUE  TRUE  TRUE  TRUE  TRUE  TRUE  TRUE  TRUE  TRUE  TRUE  TRUE  TRUE  TRUE  TRUE
[451]  TRUE FALSE  TRUE FALSE  TRUE FALSE  TRUE  TRUE  TRUE  TRUE  TRUE FALSE FALSE FALSE  TRUE
[466]  TRUE  TRUE  TRUE  TRUE  TRUE FALSE  TRUE  TRUE  TRUE  TRUE  TRUE  TRUE  TRUE  TRUE  TRUE
[481]  TRUE  TRUE  TRUE  TRUE FALSE  TRUE  TRUE  TRUE  TRUE  TRUE  TRUE  TRUE  TRUE  TRUE  TRUE
[496]  TRUE  TRUE FALSE  TRUE  TRUE  TRUE  TRUE  TRUE  TRUE FALSE  TRUE  TRUE  TRUE  TRUE  TRUE
[511]  TRUE FALSE  TRUE  TRUE  TRUE  TRUE  TRUE  TRUE  TRUE  TRUE  TRUE  TRUE  TRUE  TRUE  TRUE
[526]  TRUE  TRUE  TRUE  TRUE  TRUE  TRUE  TRUE  TRUE  TRUE  TRUE  TRUE  TRUE  TRUE  TRUE  TRUE
[541]  TRUE  TRUE  TRUE  TRUE  TRUE  TRUE  TRUE  TRUE  TRUE  TRUE  TRUE  TRUE  TRUE  TRUE  TRUE
[556]  TRUE  TRUE  TRUE  TRUE  TRUE  TRUE  TRUE  TRUE  TRUE  TRUE  TRUE  TRUE  TRUE FALSE  TRUE
[571]  TRUE  TRUE  TRUE  TRUE  TRUE  TRUE  TRUE  TRUE  TRUE  TRUE  TRUE  TRUE  TRUE  TRUE  TRUE
[586]  TRUE  TRUE  TRUE  TRUE  TRUE  TRUE  TRUE  TRUE  TRUE  TRUE  TRUE  TRUE  TRUE  TRUE  TRUE
[601]  TRUE  TRUE  TRUE  TRUE  TRUE  TRUE

