
Birth-death simulation object with 598 species and 500 extant species

Details for some species:

Extinction times (NA means extant)
[1] 34.33723       NA 27.02239       NA       NA 12.16788


Speciation times 
[1] 55.49438 46.47720 43.48129 34.27929 33.61371 13.93060


Species parents (NA for initial)
[1] NA  1  2  2  2  2


Species status (extinct or extant)
[1] "extinct" "extant"  "extinct" "extant"  "extant"  "extinct"


For more details on vector y, try sim$y, with y one of
TE TS PAR EXTANT



$TE
  [1] 34.33722819          NA 27.02238780          NA          NA 12.16788063          NA
  [8]          NA          NA          NA  9.87359332          NA          NA 11.97059265
 [15]          NA          NA          NA          NA          NA  0.22132387          NA
 [22]          NA          NA  1.83340871          NA          NA  8.53951393  6.56523892
 [29] 18.52498360  3.24551087          NA          NA          NA          NA          NA
 [36]  5.14707181          NA          NA          NA 19.66244341          NA          NA
 [43]          NA  2.51958526          NA          NA          NA          NA          NA
 [50]          NA 21.73592145          NA          NA          NA  3.65790343          NA
 [57]  1.35845120          NA          NA 14.74075469  1.89634640          NA          NA
 [64]  7.90213455  2.77024187          NA          NA          NA 11.76713789          NA
 [71]          NA          NA 10.18041677          NA          NA          NA          NA
 [78]          NA          NA  9.55653116          NA          NA 17.82196273  1.99498328
 [85]  9.14562747  5.95788847          NA          NA          NA          NA  3.98368066
 [92]          NA  8.18508804          NA          NA          NA          NA          NA
 [99]          NA          NA          NA          NA  5.55119941          NA          NA
[106]          NA 14.33584348 11.27742242 13.45427707          NA          NA          NA
[113]          NA          NA  1.92805001          NA          NA 12.49797915          NA
[120]  5.22014880          NA          NA          NA          NA          NA  0.51774970
[127]          NA          NA          NA  3.86717776          NA 11.07480486          NA
[134]          NA          NA          NA          NA          NA          NA          NA
[141]          NA          NA          NA          NA          NA          NA  7.95274377
[148]          NA          NA          NA  2.25783803  5.21727681 10.13029926          NA
[155]          NA          NA  7.05196864          NA          NA          NA          NA
[162]          NA          NA          NA          NA  3.69363969  5.69609334          NA
[169]          NA 10.01538184          NA          NA 12.12502822          NA          NA
[176]          NA          NA          NA          NA          NA          NA          NA
[183]          NA          NA 13.34161114  6.91105924          NA          NA          NA
[190]          NA  1.54939345  4.95028572          NA  3.05870114          NA 12.05229109
[197]  7.78216333          NA          NA  0.38603420          NA          NA          NA
[204]          NA          NA          NA          NA  4.00419103          NA          NA
[211]          NA          NA          NA          NA          NA          NA          NA
[218]          NA          NA          NA          NA          NA          NA          NA
[225]          NA          NA          NA          NA          NA          NA          NA
[232]          NA          NA          NA          NA          NA          NA          NA
[239]  1.06630474          NA          NA  3.12391212  5.17257434          NA          NA
[246]          NA  2.72627483          NA          NA          NA          NA  2.84433853
[253]  7.42687112          NA          NA          NA          NA          NA          NA
[260]          NA          NA  1.46828178  0.07236017          NA  3.23286914          NA
[267]          NA          NA          NA  1.64656762  8.95142324          NA          NA
[274]          NA          NA          NA          NA          NA          NA          NA
[281]          NA          NA          NA          NA          NA          NA          NA
[288]          NA          NA          NA  6.96033761  0.04540733          NA          NA
[295]          NA  0.03977013          NA          NA          NA          NA          NA
[302]          NA          NA          NA          NA          NA          NA          NA
[309]          NA          NA          NA          NA          NA          NA          NA
[316]          NA          NA          NA          NA          NA          NA          NA
[323]  5.21175982          NA          NA  2.62811768  1.14966946          NA          NA
[330]          NA          NA          NA          NA          NA          NA          NA
[337]          NA          NA          NA          NA  1.01334354  8.39638726          NA
[344]          NA          NA  1.32353399          NA          NA          NA          NA
[351]          NA  0.53609032          NA          NA          NA          NA  5.22816355
[358]          NA          NA          NA  5.96530978          NA  3.60574797          NA
[365]  2.56218310          NA          NA          NA          NA          NA          NA
[372]          NA          NA          NA          NA          NA  1.53766289          NA
[379]          NA  5.95539144          NA          NA          NA          NA          NA
[386]          NA          NA          NA          NA          NA          NA          NA
[393]          NA          NA          NA          NA          NA          NA          NA
[400]          NA          NA          NA  2.53812784          NA          NA  3.04471356
[407]          NA          NA          NA          NA          NA          NA  2.81164583
[414]          NA          NA          NA          NA          NA          NA          NA
[421]          NA          NA          NA          NA          NA          NA  2.67519684
[428]          NA          NA          NA          NA          NA  1.02370989          NA
[435]          NA          NA  4.51925969          NA          NA  0.79439201          NA
[442]          NA          NA          NA          NA          NA          NA          NA
[449]          NA          NA          NA          NA          NA          NA  2.15456132
[456]          NA          NA          NA  1.51722561          NA          NA          NA
[463]          NA          NA  3.65007483          NA          NA          NA          NA
[470]  3.42523707          NA          NA          NA          NA          NA          NA
[477]  0.05943467          NA          NA          NA          NA          NA          NA
[484]          NA          NA          NA          NA          NA          NA          NA
[491]          NA          NA          NA          NA  0.82509130          NA          NA
[498]          NA          NA          NA          NA          NA          NA          NA
[505]          NA          NA          NA          NA          NA          NA          NA
[512]          NA          NA          NA          NA          NA          NA          NA
[519]          NA          NA          NA          NA          NA          NA          NA
[526]          NA          NA          NA          NA          NA          NA          NA
[533]          NA          NA          NA          NA          NA          NA          NA
[540]          NA          NA          NA          NA          NA          NA          NA
[547]          NA          NA          NA          NA          NA          NA          NA
[554]          NA          NA          NA          NA          NA          NA          NA
[561]          NA          NA          NA          NA          NA          NA          NA
[568]          NA          NA          NA          NA          NA          NA          NA
[575]          NA          NA          NA          NA          NA          NA          NA
[582]          NA          NA          NA          NA          NA          NA          NA
[589]          NA          NA          NA          NA          NA          NA          NA
[596]          NA          NA          NA

$TS
  [1] 5.549438e+01 4.647720e+01 4.348129e+01 3.427929e+01 3.361371e+01 1.393060e+01 8.202460e+00
  [8] 4.005939e+00 2.490458e+00 4.291818e+01 3.508876e+01 2.972069e+01 3.286901e+01 1.203492e+01
 [15] 3.043860e+01 1.159747e+01 1.099858e+01 2.965387e+01 2.547193e+01 1.705592e+01 1.695392e+01
 [22] 1.621221e+01 1.071015e+01 6.611083e+00 2.818977e+00 3.107175e-01 3.010976e+01 2.584559e+01
 [29] 2.445877e+01 1.330871e+01 6.115376e+00 4.292843e+00 3.209874e+00 2.179557e+00 2.000057e+01
 [36] 1.966876e+01 9.471410e+00 1.540822e+00 1.418441e+00 1.994646e+01 1.971061e+01 1.194911e+01
 [43] 2.958010e+01 2.317175e+01 1.928841e+01 1.647539e+01 1.152893e+01 8.082135e+00 2.939555e+01
 [50] 2.234035e+01 2.833474e+01 2.349209e+01 2.295404e+01 1.309742e+01 1.001381e+01 8.048250e+00
 [57] 1.580595e+01 2.617896e+01 2.067172e+01 2.065735e+01 2.314654e+01 2.198254e+01 1.779602e+01
 [64] 1.421473e+01 1.110547e+01 8.851273e+00 6.675503e+00 2.108367e+01 1.398489e+01 6.718203e+00
 [71] 1.646879e+01 1.458067e+01 2.085414e+01 2.079713e+01 1.675113e+01 1.045838e+01 6.097100e+00
 [78] 1.842183e+01 2.698170e+00 1.104325e+01 9.429112e+00 1.192442e+01 1.954557e+01 1.828607e+01
 [85] 1.392903e+01 1.387235e+01 1.884532e+01 1.037442e+01 9.331377e+00 6.545447e+00 4.858323e+00
 [92] 2.218263e+00 1.908087e+01 1.419427e+01 1.103529e+01 9.633739e+00 9.336303e+00 6.411880e+00
 [99] 1.830896e+01 1.166758e+01 1.025840e+01 1.530702e+01 1.454489e+01 8.982918e+00 6.143799e+00
[106] 2.753704e-01 1.689226e+01 1.267812e+01 1.877484e+01 1.656173e+01 9.667143e+00 7.776991e+00
[113] 7.491042e+00 1.793950e+00 1.563635e+01 1.269329e+01 1.804620e+00 1.396035e+01 1.149823e+01
[120] 1.821242e+01 1.736049e+01 1.679324e+01 1.558035e+01 7.476716e+00 2.925411e+00 1.773090e+01
[127] 1.513138e+01 1.358939e+01 1.159253e+01 9.512517e+00 1.269422e+01 1.535425e+01 1.408254e+01
[134] 1.090941e+01 1.075114e+01 7.382207e+00 2.577467e+00 1.128145e+00 9.504548e-01 3.118705e+00
[141] 8.515453e-01 1.493105e+01 6.965970e+00 4.524506e+00 3.080688e+00 7.875384e+00 1.565648e+01
[148] 1.528859e+01 1.620382e+01 1.491072e+01 1.098618e+01 1.631620e+01 1.555522e+01 1.195126e+01
[155] 6.866334e+00 5.177895e-01 1.509551e+01 4.129741e+00 1.564333e+01 2.249887e+00 1.484301e+01
[162] 1.218569e+01 3.138442e+00 1.570588e+00 8.927929e+00 1.518942e+01 1.484757e+01 2.855571e-01
[169] 1.457640e+01 1.184184e+01 8.736330e+00 1.465119e+01 1.417658e+01 1.463036e+01 1.435588e+01
[176] 1.251181e+01 1.134437e+01 1.734292e+00 1.152244e+01 6.308412e+00 1.443805e+01 7.367647e+00
[183] 6.918830e+00 7.191367e-01 1.347945e+01 9.859066e+00 2.498472e+00 7.912533e+00 6.597380e+00
[190] 1.268531e+01 1.005425e+01 1.204783e+01 5.635273e+00 4.582597e+00 1.339144e+01 1.214117e+01
[197] 8.724515e+00 2.355413e+00 1.192823e+01 1.110045e+01 8.582050e+00 4.377081e+00 1.642385e+00
[204] 7.172975e+00 2.314615e+00 1.235486e+01 1.049266e+01 4.119073e+00 9.413634e+00 1.360376e+01
[211] 1.051541e+01 6.195689e+00 1.240200e+01 1.181475e+01 1.063429e+01 7.699736e+00 4.296633e+00
[218] 3.755713e+00 1.221748e+01 6.420630e+00 5.421185e+00 8.570513e+00 6.643053e+00 2.026763e+00
[225] 5.315772e+00 7.729752e+00 3.733099e+00 8.207443e+00 6.603933e+00 4.830936e+00 4.287311e+00
[232] 3.343360e+00 9.761190e+00 1.270370e+00 1.746700e+00 6.711543e-01 9.497108e-02 1.183225e+01
[239] 4.854306e+00 4.630894e+00 1.203310e+01 9.816362e+00 8.010464e+00 5.552900e+00 6.589013e-01
[246] 2.990005e+00 2.803095e+00 2.779557e+00 8.038058e+00 7.575102e+00 3.634742e+00 8.237848e+00
[253] 8.235645e+00 5.764340e+00 1.034358e+01 5.782534e+00 5.375550e+00 3.691516e+00 8.225797e+00
[260] 7.499437e+00 4.178874e+00 2.757830e+00 1.203200e+00 9.335431e+00 1.134264e+01 1.085342e+01
[267] 8.955969e+00 6.319217e+00 7.683521e+00 3.728106e+00 9.724099e+00 5.204818e+00 4.160938e+00
[274] 4.402275e+00 4.261075e+00 3.551626e+00 1.053097e+01 7.997910e+00 2.344099e+00 1.152301e+00
[281] 4.566058e-01 8.735769e+00 3.075782e+00 9.903615e+00 6.109060e+00 5.736126e+00 1.376726e+00
[288] 7.912923e+00 7.277801e+00 4.160428e+00 8.045309e+00 9.446241e-01 5.139620e-01 9.541618e+00
[295] 7.993890e+00 1.613132e+00 1.676984e-01 8.064359e+00 2.839299e+00 1.021548e+01 6.079409e+00
[302] 6.024051e+00 1.058132e+00 8.330237e+00 4.629038e+00 1.741734e+00 5.424521e-03 3.014037e+00
[309] 7.546876e+00 7.048823e+00 4.851716e+00 6.517447e+00 6.267280e+00 3.957471e+00 1.937434e+00
[316] 8.173555e+00 5.033265e+00 4.516904e+00 7.630907e+00 3.818235e+00 5.377714e+00 8.320270e+00
[323] 6.677705e+00 5.514128e+00 7.915690e+00 5.952968e+00 2.368486e+00 8.219898e+00 6.183782e+00
[330] 2.604172e+00 5.713585e-01 4.656237e+00 3.014500e+00 6.925874e+00 2.869945e-01 7.249229e+00
[337] 7.071471e+00 1.650577e+00 5.149305e-01 6.256752e+00 3.441593e+00 8.433544e+00 7.721145e+00
[344] 6.269472e+00 3.034326e+00 1.949901e+00 3.455649e+00 3.891724e+00 2.360689e+00 9.649299e-01
[351] 1.772769e-03 7.769022e+00 5.269547e-01 6.758923e+00 1.426698e+00 1.371841e+00 7.683081e+00
[358] 1.312167e+00 5.931692e+00 8.574346e-01 6.814947e+00 3.055602e+00 7.985532e+00 3.216792e+00
[365] 3.566670e+00 7.803227e+00 6.641534e+00 5.831948e-01 6.408604e+00 4.383735e+00 3.239350e+00
[372] 1.148863e+00 6.560103e+00 5.277335e+00 4.286289e+00 6.234571e+00 6.764419e+00 3.419698e+00
[379] 2.326653e+00 6.780289e+00 1.887104e+00 3.905120e+00 2.114578e+00 6.659099e+00 6.607710e-01
[386] 6.307167e+00 8.436092e-01 5.414304e+00 1.372307e+00 6.264427e+00 2.953149e+00 5.596054e+00
[393] 5.316863e+00 3.177038e+00 2.069938e+00 1.051721e+00 7.311425e+00 7.046746e+00 6.254771e+00
[400] 1.202491e+00 6.440561e+00 4.597540e+00 6.882805e+00 5.586091e+00 5.274852e+00 3.943638e+00
[407] 6.620686e+00 6.098534e+00 7.082578e+00 4.379530e+00 6.730286e-01 4.322925e+00 3.608057e+00
[414] 4.567874e+00 3.953224e+00 2.670812e+00 6.450331e+00 1.867205e-01 1.240586e+00 6.852813e+00
[421] 4.330814e+00 6.152941e+00 3.535262e+00 5.627077e+00 2.161502e+00 1.719911e+00 5.602708e+00
[428] 3.033863e+00 4.900076e+00 4.535729e+00 1.753382e+00 5.985170e+00 4.338516e+00 4.162541e+00
[435] 3.724832e+00 3.293525e+00 6.344569e+00 6.005438e+00 4.910598e+00 8.877337e-01 6.262684e+00
[442] 4.991085e+00 6.350520e+00 2.134404e+00 2.073221e+00 1.833706e+00 6.076874e+00 2.065043e+00
[449] 1.911594e+00 1.758285e+00 9.651913e-01 1.294389e+00 1.693159e+00 2.372499e-01 5.536616e+00
[456] 5.071022e+00 4.720579e+00 6.080236e+00 2.079388e+00 1.002570e-01 2.623273e+00 2.213343e+00
[463] 4.981226e-01 1.969406e+00 3.856604e+00 6.492366e-01 2.152722e+00 1.954181e+00 1.083238e+00
[470] 5.450241e+00 2.787311e+00 4.934430e+00 8.805383e-01 1.758086e+00 8.898145e-02 3.566681e+00
[477] 4.370607e+00 2.502063e+00 2.742357e+00 3.340529e+00 2.826170e+00 4.117738e-01 4.578269e+00
[484] 4.705964e+00 4.497768e+00 1.215413e+00 1.370124e+00 4.970687e+00 3.318176e+00 2.316809e+00
[491] 9.879942e-01 3.913891e+00 1.736416e+00 1.880876e+00 4.815309e+00 4.080267e+00 2.440261e+00
[498] 1.025496e+00 2.468119e+00 1.841329e+00 2.124368e+00 2.416028e-01 1.219977e+00 3.676152e+00
[505] 2.913699e+00 1.490167e+00 9.033607e-01 2.170179e+00 8.376537e-01 3.788071e+00 3.539674e+00
[512] 6.530735e-02 3.407091e+00 2.078466e+00 4.913890e-01 1.794910e+00 2.292433e+00 1.540671e+00
[519] 9.016070e-01 2.885073e+00 1.813284e+00 8.970204e-01 3.245155e+00 1.352530e+00 3.471726e+00
[526] 2.882705e+00 3.664393e+00 2.046504e+00 1.831514e+00 3.478649e+00 3.435770e+00 3.449794e+00
[533] 2.145843e+00 4.596781e-01 1.317881e+00 3.042905e+00 1.117418e+00 3.140769e+00 9.864531e-01
[540] 2.700333e+00 1.222332e+00 1.483210e+00 1.933110e+00 1.615605e+00 7.601856e-02 7.851072e-01
[547] 2.142306e+00 2.918211e+00 5.474918e-01 1.430299e+00 2.334055e+00 8.995024e-01 1.901348e+00
[554] 9.602534e-01 6.548650e-01 2.046988e+00 1.807589e+00 1.376567e+00 1.107792e+00 1.608066e-01
[561] 1.025132e+00 1.252417e-01 2.135677e+00 8.882178e-01 6.849584e-01 1.364710e+00 1.496806e+00
[568] 4.755041e-01 7.145074e-01 1.263511e+00 2.939699e-01 1.459982e+00 7.551592e-01 1.315464e+00
[575] 4.437204e-04 1.187765e+00 2.820762e-02 1.176279e+00 1.388029e+00 2.814006e-01 4.812661e-01
[582] 1.881199e-01 2.457827e-01 6.762379e-01 2.949754e-01 1.031534e+00 2.239485e-01 1.016228e+00
[589] 3.328676e-01 3.940698e-01 4.758943e-01 5.407139e-01 2.184302e-01 2.910561e-01 5.215390e-01
[596] 2.816749e-01 1.932381e-02 4.747707e-01

$PAR
  [1]  NA   1   2   2   2   2   2   2   2   3   3   3  10  10  11  11  11   4   4   4   4   4   4
 [24]   4   4   5  13  13  13  13  13  13  13  13  15  15  15  15  15  27  27  27  12  12  12  12
 [47]  12  12  18  18  43  43  43  43  43  43  49  51  58  58  28  28  28  28  28  28  28  19  19
 [70]  52  44  44  61  61  61  61  61  53  53  50  50  62  68  73  73  73  74  74  74  74  74  74
 [93]  59  59  59  59  35  35  41  41  36  45  45  45  45  45  93  93  87  87  87  87  87  87  78
[116]  78  78  99  99  84  84  84  84  84  84 120 120 120 120 120  63 126 126 126 126 126 126 126
[139] 126 121 121  20  20  20  20  21 107 107 122 122 122  75  75 110 110 110  46  71  22  22 149
[162] 149 149 149  57 147 159 159 123 123 123 153 153 132 132 102 102 102 166 166 127 127 127 127
[185] 142 142 142 150 167 161 161 172 172 172 174 174 174 174 169 169 169 169 169 103 181 175 175
[208] 175  64 173 133 133  85  85  86 210 210 210 128 128 128 195 195 195  54 131 131 116 116 116
[231] 116 116 190 190 176 176 176 213 213 213 206 206 206 206 206 219 162 162 192 192 241 154  82
[254]  82 170 238 238 238 100 100 100 100  16 129  47 179 179 179 177 265  65  65  65 200 200 200
[277]  80  95  95  95  17 151 151 266 266 135  23 215 215 215 277 277 277 211 211 207 207  76  76
[300]  88  88  88 255 300 300 300 300 191  55 284 242 233 233 233 233 111 111 111 294 294 130 209
[323] 209  97 264 264  89 104 104 267 267 165 165  66  66 171 171 171 171 282 282 201 201 201 201
[346] 201 304 322 322 322 322 252 259 328 328 328 228 228   7   7 316 316 298 298  56 249 249 249
[369] 243 278 278 278 295 295 363 325 288 288 288 188 188 112 112 352 226 343 343 216 216 269 269
[392] 357 319 319 319 309 113 113 113 124 136 136 182 182 182 182 397 397 336 336 204 409 409 337
[415] 337 337 143 143 334 183 155 380 354 323  67  67 223 223 367 407 189 373  90 312 312 312 417
[438] 401 401 401 220 220 369 369 369 369 443 443 443 443 443 268 180 180 344 344 344 313 390 340
[461] 399 399 399 376 329 329 422 422 422 105  31 285  77 301 301 447 302 302 326 256 256 256 254
[484] 193 427 392 244 455 388 388 321 393 225 374 405 442 442 442 439 439 239 311 230 240 305 305
[507] 305 402 402 194 430 144 318 485 485 412 217 217  32 231 231 231 275 261 273 290 496 415 415
[530] 492 320 218 227 435 251 413 276 525 347 341 531 480 436  33  33 140 283 362 362 536 299 481
[553]  25 248 248 461 330 330   9 499 551  92 425 467 467 501 445 395 556 315 315 494 117 450 178
[576] 453 338 203 296 542 550 574 419 541 263 138 537 469 303 561 507 519 360 509 592 515 515 568

$EXTANT
  [1] FALSE  TRUE FALSE  TRUE  TRUE FALSE  TRUE  TRUE  TRUE  TRUE FALSE  TRUE  TRUE FALSE  TRUE
 [16]  TRUE  TRUE  TRUE  TRUE FALSE  TRUE  TRUE  TRUE FALSE  TRUE  TRUE FALSE FALSE FALSE FALSE
 [31]  TRUE  TRUE  TRUE  TRUE  TRUE FALSE  TRUE  TRUE  TRUE FALSE  TRUE  TRUE  TRUE FALSE  TRUE
 [46]  TRUE  TRUE  TRUE  TRUE  TRUE FALSE  TRUE  TRUE  TRUE FALSE  TRUE FALSE  TRUE  TRUE FALSE
 [61] FALSE  TRUE  TRUE FALSE FALSE  TRUE  TRUE  TRUE FALSE  TRUE  TRUE  TRUE FALSE  TRUE  TRUE
 [76]  TRUE  TRUE  TRUE  TRUE FALSE  TRUE  TRUE FALSE FALSE FALSE FALSE  TRUE  TRUE  TRUE  TRUE
 [91] FALSE  TRUE FALSE  TRUE  TRUE  TRUE  TRUE  TRUE  TRUE  TRUE  TRUE  TRUE FALSE  TRUE  TRUE
[106]  TRUE FALSE FALSE FALSE  TRUE  TRUE  TRUE  TRUE  TRUE FALSE  TRUE  TRUE FALSE  TRUE FALSE
[121]  TRUE  TRUE  TRUE  TRUE  TRUE FALSE  TRUE  TRUE  TRUE FALSE  TRUE FALSE  TRUE  TRUE  TRUE
[136]  TRUE  TRUE  TRUE  TRUE  TRUE  TRUE  TRUE  TRUE  TRUE  TRUE  TRUE FALSE  TRUE  TRUE  TRUE
[151] FALSE FALSE FALSE  TRUE  TRUE  TRUE FALSE  TRUE  TRUE  TRUE  TRUE  TRUE  TRUE  TRUE  TRUE
[166] FALSE FALSE  TRUE  TRUE FALSE  TRUE  TRUE FALSE  TRUE  TRUE  TRUE  TRUE  TRUE  TRUE  TRUE
[181]  TRUE  TRUE  TRUE  TRUE FALSE FALSE  TRUE  TRUE  TRUE  TRUE FALSE FALSE  TRUE FALSE  TRUE
[196] FALSE FALSE  TRUE  TRUE FALSE  TRUE  TRUE  TRUE  TRUE  TRUE  TRUE  TRUE FALSE  TRUE  TRUE
[211]  TRUE  TRUE  TRUE  TRUE  TRUE  TRUE  TRUE  TRUE  TRUE  TRUE  TRUE  TRUE  TRUE  TRUE  TRUE
[226]  TRUE  TRUE  TRUE  TRUE  TRUE  TRUE  TRUE  TRUE  TRUE  TRUE  TRUE  TRUE  TRUE FALSE  TRUE
[241]  TRUE FALSE FALSE  TRUE  TRUE  TRUE FALSE  TRUE  TRUE  TRUE  TRUE FALSE FALSE  TRUE  TRUE
[256]  TRUE  TRUE  TRUE  TRUE  TRUE  TRUE FALSE FALSE  TRUE FALSE  TRUE  TRUE  TRUE  TRUE FALSE
[271] FALSE  TRUE  TRUE  TRUE  TRUE  TRUE  TRUE  TRUE  TRUE  TRUE  TRUE  TRUE  TRUE  TRUE  TRUE
[286]  TRUE  TRUE  TRUE  TRUE  TRUE FALSE FALSE  TRUE  TRUE  TRUE FALSE  TRUE  TRUE  TRUE  TRUE
[301]  TRUE  TRUE  TRUE  TRUE  TRUE  TRUE  TRUE  TRUE  TRUE  TRUE  TRUE  TRUE  TRUE  TRUE  TRUE
[316]  TRUE  TRUE  TRUE  TRUE  TRUE  TRUE  TRUE FALSE  TRUE  TRUE FALSE FALSE  TRUE  TRUE  TRUE
[331]  TRUE  TRUE  TRUE  TRUE  TRUE  TRUE  TRUE  TRUE  TRUE  TRUE FALSE FALSE  TRUE  TRUE  TRUE
[346] FALSE  TRUE  TRUE  TRUE  TRUE  TRUE FALSE  TRUE  TRUE  TRUE  TRUE FALSE  TRUE  TRUE  TRUE
[361] FALSE  TRUE FALSE  TRUE FALSE  TRUE  TRUE  TRUE  TRUE  TRUE  TRUE  TRUE  TRUE  TRUE  TRUE
[376]  TRUE FALSE  TRUE  TRUE FALSE  TRUE  TRUE  TRUE  TRUE  TRUE  TRUE  TRUE  TRUE  TRUE  TRUE
[391]  TRUE  TRUE  TRUE  TRUE  TRUE  TRUE  TRUE  TRUE  TRUE  TRUE  TRUE  TRUE FALSE  TRUE  TRUE
[406] FALSE  TRUE  TRUE  TRUE  TRUE  TRUE  TRUE FALSE  TRUE  TRUE  TRUE  TRUE  TRUE  TRUE  TRUE
[421]  TRUE  TRUE  TRUE  TRUE  TRUE  TRUE FALSE  TRUE  TRUE  TRUE  TRUE  TRUE FALSE  TRUE  TRUE
[436]  TRUE FALSE  TRUE  TRUE FALSE  TRUE  TRUE  TRUE  TRUE  TRUE  TRUE  TRUE  TRUE  TRUE  TRUE
[451]  TRUE  TRUE  TRUE  TRUE FALSE  TRUE  TRUE  TRUE FALSE  TRUE  TRUE  TRUE  TRUE  TRUE FALSE
[466]  TRUE  TRUE  TRUE  TRUE FALSE  TRUE  TRUE  TRUE  TRUE  TRUE  TRUE FALSE  TRUE  TRUE  TRUE
[481]  TRUE  TRUE  TRUE  TRUE  TRUE  TRUE  TRUE  TRUE  TRUE  TRUE  TRUE  TRUE  TRUE  TRUE FALSE
[496]  TRUE  TRUE  TRUE  TRUE  TRUE  TRUE  TRUE  TRUE  TRUE  TRUE  TRUE  TRUE  TRUE  TRUE  TRUE
[511]  TRUE  TRUE  TRUE  TRUE  TRUE  TRUE  TRUE  TRUE  TRUE  TRUE  TRUE  TRUE  TRUE  TRUE  TRUE
[526]  TRUE  TRUE  TRUE  TRUE  TRUE  TRUE  TRUE  TRUE  TRUE  TRUE  TRUE  TRUE  TRUE  TRUE  TRUE
[541]  TRUE  TRUE  TRUE  TRUE  TRUE  TRUE  TRUE  TRUE  TRUE  TRUE  TRUE  TRUE  TRUE  TRUE  TRUE
[556]  TRUE  TRUE  TRUE  TRUE  TRUE  TRUE  TRUE  TRUE  TRUE  TRUE  TRUE  TRUE  TRUE  TRUE  TRUE
[571]  TRUE  TRUE  TRUE  TRUE  TRUE  TRUE  TRUE  TRUE  TRUE  TRUE  TRUE  TRUE  TRUE  TRUE  TRUE
[586]  TRUE  TRUE  TRUE  TRUE  TRUE  TRUE  TRUE  TRUE  TRUE  TRUE  TRUE  TRUE  TRUE

