
Birth-death simulation object with 603 species and 500 extant species

Details for some species:

Extinction times (NA means extant)
[1]  8.440639 54.798453 25.737498        NA        NA        NA


Speciation times 
[1] 69.22104 63.76267 37.17782 32.19016 20.17568 19.25757


Species parents (NA for initial)
[1] NA  1  1  1  1  1


Species status (extinct or extant)
[1] "extinct" "extinct" "extinct" "extant"  "extant"  "extant" 


For more details on vector y, try sim$y, with y one of
TE TS PAR EXTANT



$TE
  [1]  8.44063939 54.79845321 25.73749838          NA          NA          NA          NA
  [8]  6.50283674 20.19341800 16.35978229          NA  2.61072422          NA          NA
 [15]          NA          NA          NA  3.38028889 13.48346077          NA          NA
 [22] 10.26848179 11.84023748 11.72162972  4.01885127          NA          NA          NA
 [29]  3.00363531          NA  4.15886096  4.50725687 21.70205355 19.24404283          NA
 [36]          NA          NA 17.93398004          NA          NA          NA          NA
 [43]          NA 15.43889730 21.99597582          NA  9.12488227          NA          NA
 [50]          NA 19.38941515 14.13864741  6.47418849          NA          NA 10.33673080
 [57]          NA 16.15663015          NA          NA          NA          NA  6.94337873
 [64]  4.89729638          NA          NA          NA          NA  1.50253096          NA
 [71]          NA          NA 10.77064924  3.93778913          NA          NA  3.96359128
 [78]          NA  7.05197398  2.41266489          NA          NA          NA          NA
 [85]          NA 10.73796805  7.65952970  3.61127145  8.37678306          NA          NA
 [92]          NA          NA  0.15517429          NA  0.09981148          NA          NA
 [99]          NA          NA          NA          NA          NA          NA          NA
[106]          NA          NA          NA          NA          NA          NA          NA
[113]          NA          NA  9.40317343          NA          NA 13.93950873          NA
[120]          NA          NA          NA          NA          NA 15.30105910          NA
[127]          NA          NA          NA          NA          NA          NA          NA
[134]          NA          NA          NA          NA  1.70874586          NA          NA
[141]  7.59559773  5.48572682          NA  5.42400119          NA          NA          NA
[148]          NA          NA          NA          NA          NA          NA          NA
[155]          NA          NA          NA          NA          NA          NA  7.12661991
[162]          NA          NA          NA          NA          NA          NA          NA
[169]          NA          NA          NA  4.99132562          NA          NA  0.94516956
[176]          NA          NA          NA          NA          NA          NA          NA
[183]          NA          NA          NA          NA  5.69912594  1.98160020          NA
[190]          NA          NA          NA  5.27638415  5.60659404  2.42740036          NA
[197]          NA          NA          NA          NA          NA  4.27371778          NA
[204]          NA          NA          NA          NA          NA  2.35449593          NA
[211]  0.50684291          NA          NA          NA          NA  4.12991451          NA
[218]          NA          NA          NA          NA          NA          NA          NA
[225]          NA  2.37127192          NA  6.50084440  4.55558024          NA          NA
[232]          NA          NA          NA          NA          NA          NA          NA
[239]          NA  1.40216528          NA          NA  3.92195231          NA          NA
[246]          NA          NA          NA          NA          NA  2.22935911  1.12196208
[253]  1.71001009          NA          NA          NA          NA          NA          NA
[260]  1.11044244          NA          NA  0.52799480          NA          NA          NA
[267]          NA          NA          NA          NA          NA          NA          NA
[274]  5.00313287  0.73749901          NA          NA          NA  3.86859244  7.09030835
[281]          NA          NA          NA          NA          NA          NA          NA
[288]          NA  4.61546308  0.28100438          NA          NA  4.03371090          NA
[295]          NA          NA          NA          NA  5.18610487          NA          NA
[302]          NA          NA  0.91808145          NA          NA          NA          NA
[309]          NA          NA          NA  5.93530285          NA          NA  3.85758684
[316]          NA          NA          NA          NA          NA          NA          NA
[323]          NA          NA          NA  5.90538403          NA          NA          NA
[330]          NA          NA  2.50490551          NA          NA          NA          NA
[337]          NA          NA          NA          NA          NA          NA          NA
[344]  3.73822192          NA          NA          NA          NA          NA          NA
[351]          NA          NA          NA          NA  2.00613111          NA  4.41797350
[358]          NA          NA          NA          NA          NA          NA          NA
[365]          NA          NA          NA          NA          NA          NA          NA
[372]  0.53943050          NA          NA          NA          NA          NA  1.21463527
[379]          NA          NA          NA          NA          NA          NA  3.27782306
[386]          NA          NA          NA          NA  1.11820900          NA          NA
[393]          NA          NA          NA          NA          NA          NA  2.37002594
[400]          NA          NA  5.31475828          NA          NA          NA          NA
[407]          NA          NA          NA          NA          NA          NA          NA
[414]          NA          NA          NA          NA  0.21683399          NA  2.94077144
[421]          NA          NA          NA          NA          NA          NA          NA
[428]  1.18674915          NA          NA          NA  0.74478228          NA          NA
[435]          NA          NA          NA          NA          NA          NA          NA
[442]          NA          NA          NA          NA  0.12955090          NA          NA
[449]          NA          NA          NA          NA          NA          NA          NA
[456]          NA          NA          NA          NA          NA  0.99514603          NA
[463]          NA          NA          NA          NA          NA          NA          NA
[470]          NA          NA          NA          NA          NA          NA          NA
[477]          NA          NA          NA          NA  1.43525370          NA          NA
[484]          NA          NA          NA          NA          NA          NA          NA
[491]          NA          NA          NA          NA          NA          NA          NA
[498]          NA          NA  2.20772841          NA          NA          NA          NA
[505]          NA          NA  0.46519824          NA          NA          NA          NA
[512]          NA          NA          NA          NA          NA          NA          NA
[519]          NA          NA          NA          NA          NA          NA          NA
[526]          NA          NA          NA          NA          NA          NA          NA
[533]          NA          NA          NA          NA          NA          NA          NA
[540]          NA          NA          NA          NA          NA          NA          NA
[547]          NA          NA          NA          NA          NA  1.77796707          NA
[554]          NA          NA          NA          NA  0.19551265          NA          NA
[561]          NA          NA          NA          NA          NA          NA          NA
[568]          NA          NA          NA          NA          NA          NA          NA
[575]          NA          NA          NA          NA          NA          NA          NA
[582]          NA          NA          NA          NA          NA          NA          NA
[589]          NA          NA          NA          NA          NA          NA          NA
[596]          NA          NA          NA          NA          NA          NA          NA
[603]          NA

$TS
  [1] 69.22103793 63.76267317 37.17781691 32.19016232 20.17568055 19.25756847 16.17866928
  [8] 34.30944168 31.21255072 26.48054645 20.22038369 14.70026921 11.64636236 11.01635281
 [15] 10.60075088 10.24466186  8.79494170  5.95996179 26.87775754 26.81564301 23.07405137
 [22] 23.05294746 26.69595237 18.80157591 18.35601024 16.41327099 15.94940372 14.74779033
 [29] 14.40356530 11.85816020 25.08073398 22.35899237 22.04329365 21.32611844 14.85872829
 [36] 12.46280751 25.18303395 21.59421462 20.55869242 12.36449755  6.55379204  5.98134456
 [43]  4.74947858 24.26268903 22.27102421 22.18219444  9.32628545  8.48804265  5.08101068
 [50]  5.25390526 19.61067332 18.50354969 12.55544947 10.35062608 10.31196632 19.66586911
 [57]  7.39099116 16.94224539 15.19353152 13.97331568 13.92950286 12.57148869 12.18033391
 [64] 11.00600193  9.50768748  1.01382424  0.53758503 20.47019613 18.09240324 17.81818317
 [71] 16.09652306 12.70728718 11.67419653 10.23313285  9.72015595  9.41130661  4.09112903
 [78]  1.55109867 19.32070220 16.02262300 15.85411352 14.14112166  7.91968086 10.32200545
 [85]  5.98420303 19.19144213 17.31303980 14.59910282  9.24353995  7.91256875  4.31946880
 [92]  3.65701589 18.05410355 14.24020095 15.55896830 15.19978146 14.78355498 18.05532089
 [99]  8.00118519 11.22204388  8.56278900  7.12481302  8.58776071  7.59699060  7.38394286
[106]  3.96612100  3.65257972  3.04138362 13.03727167  5.89483639  1.67053805  0.20834951
[113] 14.25117248  9.36488025 15.06736588  1.34441465  9.98036352 15.94042026 14.54021239
[120] 11.22069467  8.06538766  8.05129759  5.55931151  3.38810065 15.35785293 14.52303677
[127] 13.17216135  8.68273870  8.11265689  1.25011735  0.05519675 14.49352283  2.43544383
[134] 12.39823057 10.75413896  7.78524102  2.25617915 15.01064596  9.55150307  7.39731226
[141] 13.91949883  6.12516625 14.70680205  9.19278877  2.18592078 10.54411968  7.61909378
[148]  3.14335586  1.53000673  1.21245560 12.55507464 11.50759630  7.56031652  6.09046716
[155]  3.73666986 10.06458178  1.16544944  7.50248112  7.43777887 14.41306995 10.59133539
[162]  8.07090177  6.28233634  5.37689191 12.23029147 10.47650434  1.05592853  8.52030668
[169]  7.89508239  4.56328770 12.34059022 11.69335382  3.82196217  1.73820502 11.04831253
[176] 11.16641923  9.34917196  1.64564665  7.03552724  0.59671804 11.97424812 10.53653199
[183] 10.10890358  0.94009745  0.23997291  7.33563894  8.95222883  9.78918474  4.49581658
[190]  1.41736217  8.66351734  1.44599534  6.73788758  5.99745180  4.91481162  1.62817739
[197]  1.21966015  9.30815377  5.13182835  3.96421204  3.80298264 11.58920124 11.20713171
[204]  7.10021794 11.48020481 11.12113412  5.42144877  2.71508933  7.06125132  9.12201900
[211]  4.67956935 10.18620817  5.86872122  9.99007586  3.33449587  6.09525647  4.88759986
[218]  5.31730644 10.28749169  7.75063331  9.86832275  4.88642601  6.31020600  8.92958725
[225] 10.08912857  9.47582624  9.19983377  8.79743354  8.58225306  7.91950439  6.54659250
[232]  6.27714016  5.04013763  0.72042813  9.15164348  3.31346695  2.70906683  9.98090914
[239]  9.13041888  7.88740459  7.88422738  5.59166992 10.24011124  5.99630309  5.96296029
[246]  9.16747355  6.69346191  4.44149715  0.55403279  4.92721307  5.79266549  8.40581268
[253]  6.96534538  8.55739865  2.19698927  6.51292558  0.71910004  2.12990847  4.90590511
[260]  4.39457833  1.36039424  0.18212765  5.59763116  1.41728554  8.89009807  9.04545776
[267]  8.19323005  7.63119209  7.27354966  0.69815753  8.46095283  4.76714007  4.42236702
[274]  9.10104240  8.72297337  5.49517684  4.77950224  0.96655932  4.67284493  9.13331839
[281]  4.90226632  4.47276829  8.55918791  7.96972123  7.75277439  3.42979111  6.76286830
[288]  7.83379866  5.28182727  5.20716830  3.38616762  2.51848633  4.35695612  6.95960655
[295]  5.99788300  3.29264785  5.82057225  7.58275455  6.53510273  1.97912166  7.30178452
[302]  8.42772287  3.69809333  1.88452517  6.69506716  0.74368181  4.32160334  6.79261586
[309]  2.30387505  5.27083991  6.59358377  6.31802724  5.03895292  7.72728498  5.47411723
[316]  4.56631295  2.75125419  6.21118452  5.47618969  4.58299874  3.25544119  5.11941219
[323]  7.25219478  4.62863226  2.90684532  6.38613132  4.75786656  3.46060418  0.27697760
[330]  2.59291814  7.67965828  6.50330153  4.71988779  7.22858685  2.12454443  1.43877923
[337]  6.69215681  6.49913251  3.51985340  2.88086315  5.07694636  0.52618364  6.95784610
[344]  4.98373353  4.43245141  3.22533860  1.73476214  3.70539077  6.53219934  5.38441617
[351]  4.49050606  4.18183226  3.62428255  2.00593017  5.01791110  3.36996088  6.34711050
[358]  3.68250130  4.12389186  4.06479367  4.57601763  4.04267989  4.27486442  2.82699241
[365]  2.04616911  1.92687197  0.34312122  5.28861168  1.17624177  6.87633116  4.59952724
[372]  5.93849987  1.45961707  5.90993923  6.56075995  6.00829266  3.50462741  2.43930805
[379]  1.89412869  1.37752798  0.63631420  0.34868675  6.53763075  2.18745393  6.52243606
[386]  5.96569413  4.03748454  4.80862969  4.28755932  1.53828862  5.12086956  2.12100946
[393]  0.88086077  4.10851010  1.48956497  2.73109587  2.06125693  1.26564787  4.50914228
[400]  1.99757445  0.28029114  5.68492733  2.66857457  2.48234040  3.35404030  2.46353530
[407]  5.93444150  3.69228541  0.44872530  0.24649912  2.83578229  5.57991741  4.14840538
[414]  1.59502055  0.30335638  0.36116693  5.76353769  1.74534405  0.64428156  5.50060566
[421]  3.29560710  2.62137247  5.78563201  0.04671579  5.13582250  4.00866912  3.37208881
[428]  4.01729979  5.59293927  5.51864603  3.47548681  2.64035724  5.59172770  3.77941030
[435]  2.26317685  0.73229569  3.87997903  4.89130912  4.53917369  0.72871342  3.95778654
[442]  2.41924009  4.50129432  4.45613888  5.01832954  2.52973497  2.35513866  2.01499859
[449]  0.87516942  4.12525249  5.00715866  0.33255105  4.08182929  2.05863980  0.39998623
[456]  2.37019072  2.57299235  1.24052560  3.46308331  0.71790193  1.26707196  1.10066283
[463]  4.30915830  0.30366778  4.15885021  1.11979093  3.92643545  2.91090515  2.78693065
[470]  3.24415771  2.74030053  0.63255859  4.07932410  2.15322931  2.11869174  0.51577856
[477]  4.19953405  1.58701150  4.41838813  2.78048605  1.87638385  1.35345055  2.09506856
[484]  3.87720306  1.32872962  3.32166758  2.18878494  1.91088212  1.97106635  2.69106432
[491]  2.30064322  0.04063166  3.30812717  2.46311627  2.54442808  4.23711619  1.90094705
[498]  0.94957631  0.67271676  3.15607065  1.77110065  1.59169817  2.42803526  1.57394017
[505]  1.47226995  1.34609096  4.01659378  1.63423684  1.09655238  0.59940938  2.06276592
[512]  2.09143304  1.70369929  3.59987840  1.22403788  3.59671844  3.13109962  3.57255914
[519]  1.87596015  3.36970038  0.68327603  0.08760493  2.70718446  2.88054427  0.03113084
[526]  0.31967729  1.36275276  2.02092041  1.18486372  0.35695117  2.97481606  1.93905178
[533]  2.52417087  2.43281703  2.85354973  0.74896731  3.09296221  2.53329760  1.31446117
[540]  3.15297869  1.48884927  3.12031991  2.01330528  1.12116213  1.95050871  2.90892369
[547]  2.84363314  1.81280965  1.34805630  1.55514693  1.25025966  2.29685132  1.32604174
[554]  0.40546449  1.68497784  0.64410300  2.38820061  1.88455436  0.04805461  1.89231899
[561]  1.57678774  1.24710191  0.42236581  0.57988449  1.76879891  0.62536874  0.03598088
[568]  0.35333117  2.01354256  0.83339277  0.67875846  0.48184991  1.54561531  1.28699346
[575]  1.91847189  1.78969214  0.71098690  0.70424332  1.43279273  0.41523640  0.37106035
[582]  0.24718011  0.33527545  0.55816644  1.50288482  0.52257303  0.01380620  0.09139463
[589]  0.26841725  0.56234623  0.72796965  0.25958292  0.38911838  0.58139702  0.44395122
[596]  0.01899397  0.43516996  0.33626296  0.44331338  0.07013003  0.06600834  0.03764540
[603]  0.07047963

$PAR
  [1]  NA   1   1   1   1   1   1   3   8   8   8   8   8   8   4   4   4   4   9   9   9   9  19
 [24]  19  19  19  20  20  20  20  23  23  23  23  23  23  10  10  37  37  37  37  37  31  31  31
 [47]  31  31  31  21  22  22  22  22  22  32  32  46  46  46  46  46  46  46  46  46  46  34  39
 [70]  39  39  39  39  39  68  68  68  68  11  11  11  11  11   5   5  56  56  79  79  79   6   6
 [93]  86  86  24  24  24  25  25  69  69  98  93  93  93  93  93  93  70  70  70  70  87  87  26
[116]  26  71  80  80  80  80  80  80  80  27  27  27  27  27  27  27  81  81  95  95  95  95  96
[139]  96  96  59  59 138 138 138  35  35  35  35  35  97  97  97  97  97  28  28 143 143  12  12
[162]  12  12  88 132 132 132 160 160 160  29  29 113 113  94  82  82  82  61  61 141 141 141 109
[185] 109  72  62 151 151 151  36  36  40  40  40  40  40 171 171 171 171  30 172 172  13  13  13
[208]  13 202 152 152 205 205 100 100 120 120 203 206 206 175  14  64  15 161 161 146 146 146 146
[231] 146 146 146 146 182 182 182 166 166 166 166  84  55  55  55 219 219 219 219  16 243  74  74
[254] 212 212 183 183 225 156 214 214 214 117 221 188  75  75  75  75  75 139 139 139  65  65  65
[277]  65  65 226  76  76  76 114 114 114 114 198 227 227 227 227 227 246 235 235 235 210 266 224
[300] 224 265 275 275 275 101 101 283 168 168 271 302 302 302 252 267 267 267 129 162 162 162 121
[323] 122 122 122 284 230 230 230  90 169 240 241 288 288 288 136 136 136 285 220 314 104 104 153
[346] 153 153 158 159 140 140 140 140 140  57  57 186 186 301 301 269 269 323 334 334 334 334 102
[369] 102 204 204 209 179 253 294 294 294 370 287 287 287 287 247 247 311 311 311 375 375 375  41
[392]  41  41 231 231 383 349 349 256 256 338 357 223 223 163 163 154 154 154 154 295 244 244 244
[415] 244  85  42  42 386 372 372 372 374 374 213 297 423 417 402 263 263 263 429 429 433 433 242
[438] 412 412 123 430 430 420 420 276 319 319 319 319 315 350 350 218 218 368 310  50  50 290 290
[461] 425 425 322  49 233 445 451 451 451 259 222 222 272 272 272 272 327 327 333 333 211 211 324
[484] 316 316 443 282 282 248 273 479 479 260 260 307 463 463 477 477 352 352 352 450 450 450 359
[507] 394 453 473 360 387 106 106 200 200 484 173 201 201 434 434 434 348 408 516 518 459 291 291
[530] 291 356 356 520 405 486 486 236 236 296 321 321 346 346 346 542 531 531 468 524 547 547 364
[553] 469 469 317 471 396 237 490 495 495 495 495 446 292 447 309 491 552 435 255 392 569 569 354
[576] 545 545 488 174 347 513 555 111 178 502 561 504 395 336 116 574 562 278 498 257 257 460 472
[599] 594 595 416 367 112

$EXTANT
  [1] FALSE FALSE FALSE  TRUE  TRUE  TRUE  TRUE FALSE FALSE FALSE  TRUE FALSE  TRUE  TRUE  TRUE
 [16]  TRUE  TRUE FALSE FALSE  TRUE  TRUE FALSE FALSE FALSE FALSE  TRUE  TRUE  TRUE FALSE  TRUE
 [31] FALSE FALSE FALSE FALSE  TRUE  TRUE  TRUE FALSE  TRUE  TRUE  TRUE  TRUE  TRUE FALSE FALSE
 [46]  TRUE FALSE  TRUE  TRUE  TRUE FALSE FALSE FALSE  TRUE  TRUE FALSE  TRUE FALSE  TRUE  TRUE
 [61]  TRUE  TRUE FALSE FALSE  TRUE  TRUE  TRUE  TRUE FALSE  TRUE  TRUE  TRUE FALSE FALSE  TRUE
 [76]  TRUE FALSE  TRUE FALSE FALSE  TRUE  TRUE  TRUE  TRUE  TRUE FALSE FALSE FALSE FALSE  TRUE
 [91]  TRUE  TRUE  TRUE FALSE  TRUE FALSE  TRUE  TRUE  TRUE  TRUE  TRUE  TRUE  TRUE  TRUE  TRUE
[106]  TRUE  TRUE  TRUE  TRUE  TRUE  TRUE  TRUE  TRUE  TRUE FALSE  TRUE  TRUE FALSE  TRUE  TRUE
[121]  TRUE  TRUE  TRUE  TRUE FALSE  TRUE  TRUE  TRUE  TRUE  TRUE  TRUE  TRUE  TRUE  TRUE  TRUE
[136]  TRUE  TRUE FALSE  TRUE  TRUE FALSE FALSE  TRUE FALSE  TRUE  TRUE  TRUE  TRUE  TRUE  TRUE
[151]  TRUE  TRUE  TRUE  TRUE  TRUE  TRUE  TRUE  TRUE  TRUE  TRUE FALSE  TRUE  TRUE  TRUE  TRUE
[166]  TRUE  TRUE  TRUE  TRUE  TRUE  TRUE FALSE  TRUE  TRUE FALSE  TRUE  TRUE  TRUE  TRUE  TRUE
[181]  TRUE  TRUE  TRUE  TRUE  TRUE  TRUE FALSE FALSE  TRUE  TRUE  TRUE  TRUE FALSE FALSE FALSE
[196]  TRUE  TRUE  TRUE  TRUE  TRUE  TRUE FALSE  TRUE  TRUE  TRUE  TRUE  TRUE  TRUE FALSE  TRUE
[211] FALSE  TRUE  TRUE  TRUE  TRUE FALSE  TRUE  TRUE  TRUE  TRUE  TRUE  TRUE  TRUE  TRUE  TRUE
[226] FALSE  TRUE FALSE FALSE  TRUE  TRUE  TRUE  TRUE  TRUE  TRUE  TRUE  TRUE  TRUE  TRUE FALSE
[241]  TRUE  TRUE FALSE  TRUE  TRUE  TRUE  TRUE  TRUE  TRUE  TRUE FALSE FALSE FALSE  TRUE  TRUE
[256]  TRUE  TRUE  TRUE  TRUE FALSE  TRUE  TRUE FALSE  TRUE  TRUE  TRUE  TRUE  TRUE  TRUE  TRUE
[271]  TRUE  TRUE  TRUE FALSE FALSE  TRUE  TRUE  TRUE FALSE FALSE  TRUE  TRUE  TRUE  TRUE  TRUE
[286]  TRUE  TRUE  TRUE FALSE FALSE  TRUE  TRUE FALSE  TRUE  TRUE  TRUE  TRUE  TRUE FALSE  TRUE
[301]  TRUE  TRUE  TRUE FALSE  TRUE  TRUE  TRUE  TRUE  TRUE  TRUE  TRUE FALSE  TRUE  TRUE FALSE
[316]  TRUE  TRUE  TRUE  TRUE  TRUE  TRUE  TRUE  TRUE  TRUE  TRUE FALSE  TRUE  TRUE  TRUE  TRUE
[331]  TRUE FALSE  TRUE  TRUE  TRUE  TRUE  TRUE  TRUE  TRUE  TRUE  TRUE  TRUE  TRUE FALSE  TRUE
[346]  TRUE  TRUE  TRUE  TRUE  TRUE  TRUE  TRUE  TRUE  TRUE FALSE  TRUE FALSE  TRUE  TRUE  TRUE
[361]  TRUE  TRUE  TRUE  TRUE  TRUE  TRUE  TRUE  TRUE  TRUE  TRUE  TRUE FALSE  TRUE  TRUE  TRUE
[376]  TRUE  TRUE FALSE  TRUE  TRUE  TRUE  TRUE  TRUE  TRUE FALSE  TRUE  TRUE  TRUE  TRUE FALSE
[391]  TRUE  TRUE  TRUE  TRUE  TRUE  TRUE  TRUE  TRUE FALSE  TRUE  TRUE FALSE  TRUE  TRUE  TRUE
[406]  TRUE  TRUE  TRUE  TRUE  TRUE  TRUE  TRUE  TRUE  TRUE  TRUE  TRUE  TRUE FALSE  TRUE FALSE
[421]  TRUE  TRUE  TRUE  TRUE  TRUE  TRUE  TRUE FALSE  TRUE  TRUE  TRUE FALSE  TRUE  TRUE  TRUE
[436]  TRUE  TRUE  TRUE  TRUE  TRUE  TRUE  TRUE  TRUE  TRUE  TRUE FALSE  TRUE  TRUE  TRUE  TRUE
[451]  TRUE  TRUE  TRUE  TRUE  TRUE  TRUE  TRUE  TRUE  TRUE  TRUE FALSE  TRUE  TRUE  TRUE  TRUE
[466]  TRUE  TRUE  TRUE  TRUE  TRUE  TRUE  TRUE  TRUE  TRUE  TRUE  TRUE  TRUE  TRUE  TRUE  TRUE
[481] FALSE  TRUE  TRUE  TRUE  TRUE  TRUE  TRUE  TRUE  TRUE  TRUE  TRUE  TRUE  TRUE  TRUE  TRUE
[496]  TRUE  TRUE  TRUE  TRUE FALSE  TRUE  TRUE  TRUE  TRUE  TRUE  TRUE FALSE  TRUE  TRUE  TRUE
[511]  TRUE  TRUE  TRUE  TRUE  TRUE  TRUE  TRUE  TRUE  TRUE  TRUE  TRUE  TRUE  TRUE  TRUE  TRUE
[526]  TRUE  TRUE  TRUE  TRUE  TRUE  TRUE  TRUE  TRUE  TRUE  TRUE  TRUE  TRUE  TRUE  TRUE  TRUE
[541]  TRUE  TRUE  TRUE  TRUE  TRUE  TRUE  TRUE  TRUE  TRUE  TRUE  TRUE FALSE  TRUE  TRUE  TRUE
[556]  TRUE  TRUE FALSE  TRUE  TRUE  TRUE  TRUE  TRUE  TRUE  TRUE  TRUE  TRUE  TRUE  TRUE  TRUE
[571]  TRUE  TRUE  TRUE  TRUE  TRUE  TRUE  TRUE  TRUE  TRUE  TRUE  TRUE  TRUE  TRUE  TRUE  TRUE
[586]  TRUE  TRUE  TRUE  TRUE  TRUE  TRUE  TRUE  TRUE  TRUE  TRUE  TRUE  TRUE  TRUE  TRUE  TRUE
[601]  TRUE  TRUE  TRUE

