
Birth-death simulation object with 612 species and 500 extant species

Details for some species:

Extinction times (NA means extant)
[1]  5.352433 10.350751 17.696285  9.056281        NA        NA


Speciation times 
[1] 54.66891 42.20658 34.66863 38.61616 31.60810 22.20520


Species parents (NA for initial)
[1] NA  1  1  2  2  2


Species status (extinct or extant)
[1] "extinct" "extinct" "extinct" "extinct" "extant"  "extant" 


For more details on vector y, try sim$y, with y one of
TE TS PAR EXTANT



$TE
  [1]  5.35243291 10.35075055 17.69628487  9.05628053          NA          NA          NA
  [8]          NA          NA 22.88169690 28.30121187  9.02252735          NA  8.51648298
 [15]          NA  3.87077594          NA          NA          NA 26.39821250          NA
 [22]          NA  3.52417172  3.68500246          NA 19.67293317 30.48890640          NA
 [29] 15.56998657 20.60335132 19.12464023 15.60233505          NA 15.09842284          NA
 [36]  7.99439668          NA 24.13865193          NA          NA          NA          NA
 [43]          NA 16.64959854 14.78519972          NA          NA          NA          NA
 [50] 11.44917633  8.73860396          NA          NA  0.44369086  0.16842566  9.78386978
 [57]          NA          NA  6.45121562  5.33339952          NA  1.93898038          NA
 [64]          NA 18.50812592          NA  5.83717511          NA          NA  9.40210254
 [71]  8.64986964  7.28828953          NA          NA          NA          NA          NA
 [78] 14.51145941          NA          NA          NA  0.30069857          NA          NA
 [85] 12.16342603          NA          NA          NA 14.31029235          NA          NA
 [92]          NA          NA          NA          NA          NA          NA          NA
 [99] 13.38603016          NA          NA          NA          NA 14.92964343          NA
[106]          NA  7.77877980 15.93649223          NA  4.25140529  9.67593479  8.84574258
[113]  2.60263686          NA          NA          NA          NA          NA          NA
[120]          NA  9.02773868 10.59285274          NA          NA          NA          NA
[127]          NA  5.93268426          NA          NA          NA          NA          NA
[134]  6.32043638          NA          NA          NA  4.99998375          NA          NA
[141]          NA          NA          NA          NA 13.42493945          NA          NA
[148]          NA          NA  7.31293148          NA          NA          NA          NA
[155]  2.23428066          NA          NA          NA          NA          NA  8.79197512
[162]  8.16403168          NA          NA          NA          NA          NA  2.63939429
[169]  8.88197205          NA          NA  3.72914790 10.56410618          NA          NA
[176]          NA          NA          NA  2.82388037 11.83631301          NA 10.35819079
[183]          NA  6.66754913  4.45869255 14.24311833          NA          NA  6.74901509
[190]          NA          NA          NA  4.96421367          NA          NA          NA
[197]          NA          NA          NA          NA          NA  4.37852833          NA
[204]          NA  4.62301954          NA          NA          NA          NA  2.71597251
[211]          NA  6.38392680          NA  4.98078715          NA          NA          NA
[218]          NA          NA  7.92009177          NA          NA          NA          NA
[225]          NA  8.24635658          NA          NA          NA          NA          NA
[232]          NA          NA          NA          NA          NA          NA          NA
[239]          NA  0.21202912          NA          NA          NA          NA          NA
[246]          NA          NA          NA          NA          NA  6.11434973          NA
[253]          NA          NA          NA          NA          NA          NA  1.51709452
[260]          NA  0.71695593          NA          NA          NA          NA          NA
[267]          NA          NA          NA  6.55769944          NA          NA          NA
[274]          NA          NA          NA          NA  0.64151142          NA          NA
[281]          NA          NA          NA          NA          NA          NA  0.30659528
[288]          NA          NA          NA  2.81480206          NA          NA          NA
[295]          NA          NA  9.55945430          NA          NA          NA          NA
[302]          NA          NA          NA          NA          NA          NA          NA
[309]          NA          NA          NA          NA          NA          NA          NA
[316]          NA  5.86639046          NA  2.03645093          NA          NA          NA
[323]          NA          NA          NA  1.37840459          NA          NA          NA
[330]          NA          NA          NA  2.81112836          NA          NA          NA
[337]          NA          NA          NA          NA          NA          NA          NA
[344]          NA          NA  5.65630773          NA  1.74969626          NA          NA
[351]          NA          NA          NA          NA          NA          NA          NA
[358]          NA          NA          NA          NA  4.99136016          NA          NA
[365]          NA          NA          NA          NA          NA          NA          NA
[372]          NA          NA          NA          NA          NA          NA          NA
[379]          NA          NA  4.55695317          NA          NA          NA  2.73523713
[386]          NA          NA          NA          NA          NA          NA          NA
[393]          NA          NA          NA          NA          NA          NA          NA
[400]          NA          NA  2.63992030          NA          NA          NA          NA
[407]          NA          NA          NA          NA          NA          NA          NA
[414]          NA          NA          NA          NA          NA          NA          NA
[421]          NA          NA          NA  3.60138612          NA          NA          NA
[428]          NA          NA          NA          NA          NA          NA  1.50068329
[435]          NA          NA  5.45476111  4.12063360          NA          NA          NA
[442]          NA          NA          NA          NA          NA          NA          NA
[449]          NA          NA          NA          NA  2.08128820  1.66268625          NA
[456]          NA  4.05603203          NA          NA          NA          NA          NA
[463]          NA          NA          NA          NA          NA          NA          NA
[470]          NA          NA  3.98060674          NA          NA          NA          NA
[477]          NA          NA          NA          NA          NA          NA  3.20712563
[484]          NA          NA          NA          NA          NA          NA          NA
[491]          NA  0.84069050          NA          NA          NA          NA          NA
[498]          NA          NA  1.18107525          NA          NA          NA          NA
[505]          NA          NA          NA          NA          NA          NA          NA
[512]          NA          NA          NA          NA          NA          NA          NA
[519]          NA  0.77859701          NA          NA          NA          NA          NA
[526]          NA          NA          NA          NA          NA          NA          NA
[533]          NA          NA          NA          NA          NA          NA          NA
[540]          NA          NA          NA          NA          NA          NA          NA
[547]          NA          NA  0.05859799          NA          NA          NA          NA
[554]          NA          NA          NA          NA          NA          NA          NA
[561]          NA  0.85598098          NA          NA          NA          NA          NA
[568]          NA          NA          NA          NA          NA          NA          NA
[575]          NA          NA          NA          NA          NA          NA          NA
[582]  1.30895588          NA          NA          NA          NA          NA  1.20000362
[589]          NA          NA          NA          NA          NA          NA          NA
[596]          NA          NA          NA          NA          NA          NA          NA
[603]          NA          NA          NA          NA          NA          NA          NA
[610]          NA          NA          NA

$TS
  [1] 54.668907148 42.206582127 34.668634923 38.616158863 31.608099190 22.205196602 13.698460511
  [8] 11.348509259 38.396224447 37.332346552 34.636013925 28.550711858 12.666573549 32.486260517
 [15] 21.884843218 35.538640321 30.314637802 27.539214688 31.395268979 33.084664690 22.597731370
 [22] 29.162876320 28.874725634 28.531034431 32.273397285 26.512280984 32.103781509 30.542429733
 [29] 28.406708400 25.663708051 20.538029701 19.926109179  9.509974838 28.665453966 20.972219674
 [36] 11.528519739  4.378466283 28.305314146 14.615924699  9.215738035  5.141583376  5.096369705
 [43]  0.207934754 28.130340111 16.321449715 13.898711831 11.958467804  9.027354659  8.573839574
 [50] 22.051838508 19.007295967 14.845624605  6.517108802 26.384491194 21.456585068 19.421250052
 [57] 15.041430877 14.679405360 12.756032016  7.015799804  6.875241866 14.300647135 10.959908331
 [64]  4.146132276 27.280564439 18.135689894 17.066669638 26.174013646 17.710004728 11.595825511
 [71] 25.068398770 19.445781182 22.517910153 16.818082478  7.610653371  2.936668132 19.273895750
 [78] 21.861444498 21.578022410 11.085791386 10.722950036  9.904153007 24.244249830 23.752277418
 [85] 22.597134717 12.338635706  9.852179083  6.119039632 23.443141024 22.741757255 19.463417658
 [92] 15.243606882 24.222841275 15.694005850  5.203373857  3.123284922  0.624312511 23.152241141
 [99] 20.575119442 13.456080657  8.759698530 15.796295333 19.532841671 19.397273318  2.283536097
[106] 15.330194035 12.335057479 21.820534257 14.815008461 19.812867450 16.619676714 16.455090171
[113] 10.507143610 16.630981210 16.475139688  8.485294428  2.443674995  2.416296884  1.098912240
[120] 19.434183012 19.398452677 15.904069423 19.905759456  4.993104922  2.014695693 18.209265303
[127] 14.572388474 12.741295128 10.272420783  1.355590931 14.195159536  8.632130879 16.328425940
[134] 12.285672769  8.834744005  1.957374147  1.147869670 11.013165401  8.826450995 17.068243709
[141]  0.676194160  4.232025818 14.699760419 12.092692895 15.255455278 14.604113915 13.402610079
[148] 12.639363602  5.408628699 16.959237712  1.059804398 15.779841431 15.113308917  2.354550654
[155] 16.187360270 15.717691636  6.045380631  1.606653035 14.538759614 12.812737755 12.152551985
[162] 10.747401138  8.790061392  3.902627543 14.311184655  4.910786938  3.953136063  3.517789434
[169] 14.820627722  3.451097899 12.787984020 15.595272212 14.221872242 11.106146164 12.588393144
[176] 11.975127960  9.713999644 13.738669506 13.646784380 13.054067486 12.553113252 11.012932108
[183] 10.625980216  9.873025924  7.484315292 14.794862491 11.127468697  4.753602214  6.845486934
[190]  1.376537984  3.458867677  9.091638265  8.073719106  6.828140594  5.366917250  4.867596071
[197]  3.217400981  6.800988877  5.713793232 12.943516753  8.560440637  8.550773030  7.383768725
[204] 14.427260952 10.138836033  0.938467165 13.235306708  9.962708269  9.538333970  8.620351662
[211]  4.191788121  7.345548031  5.119077039 12.996979691 12.747639881  9.365394975  7.792068227
[218] 12.211791708 10.737817681  8.191905109 10.929557929 13.076215756  2.827144445  0.932625594
[225] 12.964679287  9.224806251  8.362198216  5.411224971  4.080305519 13.088723787  1.193334208
[232]  6.834382073  5.433365562  9.153947004  3.055272671  3.043887911  2.099223737  2.774772887
[239] 13.049094360 12.212543609  3.709503456  2.867667189 10.214206921  8.819433532  6.561014542
[246]  8.339258555  1.008956583  6.796362142  4.044839980  0.129406350 10.960999503 10.954794643
[253] 10.738137852 10.628907946  8.029652590  7.610152023  6.760919773  6.055130783  5.264130018
[260]  3.898681809  1.898418806  8.129388974 12.104969936 11.199154350  9.323368236  7.545119802
[267]  4.657282116  1.994787408  0.388610655  7.520803507  5.440212741 12.078195431 10.220620996
[274]  7.863516063  5.462495292  3.726842779  3.118973082  3.097506371  1.212519211  2.106510565
[281]  4.036289547  7.295426498  1.426578877 10.451237809  6.523278811  0.482725785  9.913885776
[288]  5.550264429  1.630194417  8.983321277  7.078043905  4.687819357  6.590211772  2.950465411
[295]  1.152999189  0.023478938 10.892894244  6.227343241  1.290899022  9.816594997  9.594115198
[302]  9.165125885  4.425516714  4.459251684  0.930578217  0.918579518  9.497955817  7.591858148
[309]  1.947882751  7.239137995  7.893305996  4.923723976  4.772742697  9.607071129  8.345659001
[316]  4.348260522  7.185086864  3.949637732  4.855569517  0.763267153  7.955228698  5.413267501
[323]  4.667802349  1.826328094  8.281071277  8.579809026  8.418763643  9.074671247  4.768351181
[330]  3.519977815  3.148327676  9.361552976  5.791695084  5.607818201  4.017327165  6.436749508
[337]  1.701224957  0.956026027  6.956912773  6.757458175  7.848818776  7.583457001  3.778267415
[344]  8.055976964  8.692540137  7.867404320  3.126443863  6.223404874  1.497017611  0.941675298
[351]  4.936146283  1.377137927  7.331514906  5.425224436  4.527447407  6.961230750  0.574972238
[358]  7.883026722  5.190974829  5.648966606  1.665088320  7.340186768  5.777632281  2.751208498
[365]  2.197481546  1.057557425  7.523272035  5.804223842  1.792644502  7.615944164  0.791437692
[372]  5.974911975  5.238614722  1.638399481  6.225708247  5.614942356  3.587502131  1.503099080
[379]  5.867121220  1.087460532  5.795636804  5.228143290  3.114682243  1.268133253  3.758769413
[386]  4.842453053  3.795579473  3.755339751  1.675933209  7.631938926  7.556915498  3.521707362
[393]  5.948983538  7.564796873  6.672401237  6.209160756  5.070757051  6.120022813  2.874076861
[400]  2.748075158  0.946333781  4.976008187  7.002131122  1.736151440  4.929416034  1.956427399
[407]  6.136223972  6.046957595  5.461296028  1.915075368  5.879284482  3.213946549  7.009269738
[414]  3.585692042  0.135930630  1.923209016  7.046870605  2.953255849  5.990432651  0.794758897
[421]  4.923170681  0.558054335  5.011644686  4.099805239  3.789518418  2.599800728  1.768147952
[428]  5.223830283  2.065576501  4.771466031  0.169343741  3.887666641  2.689649389  5.271751401
[435]  4.291429150  4.592700115  6.235820626  4.475622795  4.077082227  2.428787506  2.370259155
[442]  0.701742983  0.174822349  2.475778688  2.179893945  0.943492369  1.379794064  0.654289784
[449]  1.101922760  3.864986750  6.163566158  4.462970692  2.491252264  2.507956869  2.264675899
[456]  5.820447591  4.355204841  5.628130036  4.185876879  3.959316602  4.244698406  1.532629819
[463]  3.356834391  2.940717522  0.170114752  0.615776644  4.280677956  3.487063917  4.308286897
[470]  3.357259358  1.367270885  5.046758858  3.528855211  3.065639692  0.706321795  0.411416609
[477]  3.839475772  1.068722511  5.097997783  2.481307613  1.238244258  0.540230530  3.262905547
[484]  4.536611236  2.070719103  4.987149927  3.297935591  2.850568639  1.164474035  0.205091489
[491]  2.989852482  4.780862774  4.748847880  1.559686024  4.910925887  4.320370636  2.505392256
[498]  2.419625754  4.326930474  2.653585885  3.373997960  3.035534067  1.739653962  2.320530733
[505]  1.112593119  3.335866597  1.706475737  1.755230589  3.022717939  1.755716758  0.177357351
[512]  4.529285267  3.330502322  1.384068476  0.603692304  3.221254564  3.502385323  2.634366500
[519]  1.845931118  3.833968293  1.063074135  4.390012742  0.038290400  3.791937716  0.666948087
[526]  1.838942878  2.193757317  0.780582684  0.833654714  2.854033893  1.769933354  3.335241706
[533]  1.953452776  0.390458423  3.138608544  0.307489706  3.712968233  3.104744945  3.026743642
[540]  1.197118447  0.129088380  0.216522332  3.376658108  3.368184623  2.472189525  2.580546128
[547]  1.799418409  0.160017587  2.427081783  0.187682725  1.230459503  1.243629048  0.835635601
[554]  0.413929314  3.279437044  1.316252946  1.427175536  0.992400088  1.862979512  2.986050613
[561]  0.010391389  3.244426113  2.805968882  2.339467096  2.135031235  2.604980212  0.717098426
[568]  2.144156147  0.833238835  1.220670646  0.321747234  1.705401767  0.635933208  0.612184986
[575]  2.700289283  0.878161129  0.846067049  0.114001710  0.904117186  0.770260465  1.436133087
[582]  1.968716591  0.141882021  1.261794230  1.026886615  0.546231201  0.102106843  1.756422623
[589]  0.653725065  1.640401799  0.794158726  1.780412695  0.883103901  0.403925739  0.458346577
[596]  0.174542543  0.594447619  0.058595885  0.103235150  1.115974692  0.637064558  1.063689602
[603]  0.711371694  0.226019341  0.256726335  0.561392320  0.092778077  0.650202605  0.295545613
[610]  0.353720330  0.170547234  0.002300609

$PAR
  [1]  NA   1   1   2   2   2   2   2   4   4   4   4   4   9   9  10  10  10  16   3   3  11  11
 [24]  11  20  20  14  14  14  14  14  14  14  25  25  25  25   5   5   5   5   5   5  19  19  19
 [47]  19  19  19  28  28  17  17  22  22  22  22  22  22  22  22  23  23  23  34  34  34  12  12
 [70]  12  24  24  29  29  18  18  65  54  54  54  54  54  68  68  68  68  68  68  30  71  71  71
 [93]  83  83  83  83  83  93  84  84  84  89  98  98  98  90  90  85  85  73  73  73   6  15  15
[116]  15  15  15  15  78  78  78  79  79  79  55  55  55  55  55  35  35  32 123 123 123 123 103
[139] 103  91  91 120  56  56 121 121 121 121  77 126 126  66  66  66  69  69  69 140 150 150 150
[162]  74  74  74 114 114 114 114 111 155 122 102 102 102 152 152 152 156 156 156 156 156 156 156
[185] 156 172 172 172 106 106  92  57  57  57  57  57 109 143 143  58  58  58  58  39  39  39 146
[208] 146 146 146 146 127 127 159 159 159 204 165 165 165 173 131  46 178   7   7   7   7   7 179
[231] 100 147 207 230 230 230 230 222 180 239 239 239 214 214 214 225 225 200 200 200 171 171 171
[254] 171 171 171 171 171 171 171 171 215 128 128 128 175 181 181 181  86  86 134 134 240 240 240
[277] 240 240 263 144 272 176 176  47   8   8 264 264 264 174 174 174 251  63  63  63 252 221 221
[300] 297 253 253 253 219 219 219  81  81 254 183 284 284 284 129 273 273 243 243 208 208  82  82
[323]  82  82 300 177 314 301 301 301 301 209 209 209 209 307 307 307 216 332 265 265 265 302 192
[346] 192 192 328  48  48 290 290 244 163 163 345 345 132 132 210  49 201 201 201 201 201 202 202
[369] 116 327 327 227 227 315 325 325 325 325 262 262 193 344 344 344 255 321 358 358 358 346 346
[392] 274 341 370 370 370 370  75 308 308 308 342 394 391 266 266 367 367 367 367 185 203 212 353
[415] 353 310 291 291 417 417 413 413 403 403 403 403 356  61  61 232 232 194 194 198 198 340 395
[438] 395 395 395 395 395 395 293 293 293 245 245 285 298 375 348 407 398  88 258 393 411 379 379
[461] 456 456 368 363 363 458 376 376 233 354 354 322 322 322 322 322 195 195 434 373 382 382 428
[484]  41 213 479 479 479 397 397 124 486 486 486 402 351 351 351 405 405 421 421 166 196 196 492
[507] 492 313 329 329 329 188 493 267 267 436 512 512 512 452 304 303 522 496 435 467 229 439 281
[530] 167 318 260 260 432 450 477 520 520 387 425 343 388 241 241 241 377 377 377 414 414 473 517
[553] 517 517 468 543 501 501 463 513 487 555 555 555 555 197 412 235 235 509 560 399 399 563 364
[576] 364 426 497 444 117 549 441 564 527 568 280 280 125 125 136 406 519 503 158 494 581 283 447
[599] 130 552 481 570 602 585 401 579 593 553 371 475 536 490

$EXTANT
  [1] FALSE FALSE FALSE FALSE  TRUE  TRUE  TRUE  TRUE  TRUE FALSE FALSE FALSE  TRUE FALSE  TRUE
 [16] FALSE  TRUE  TRUE  TRUE FALSE  TRUE  TRUE FALSE FALSE  TRUE FALSE FALSE  TRUE FALSE FALSE
 [31] FALSE FALSE  TRUE FALSE  TRUE FALSE  TRUE FALSE  TRUE  TRUE  TRUE  TRUE  TRUE FALSE FALSE
 [46]  TRUE  TRUE  TRUE  TRUE FALSE FALSE  TRUE  TRUE FALSE FALSE FALSE  TRUE  TRUE FALSE FALSE
 [61]  TRUE FALSE  TRUE  TRUE FALSE  TRUE FALSE  TRUE  TRUE FALSE FALSE FALSE  TRUE  TRUE  TRUE
 [76]  TRUE  TRUE FALSE  TRUE  TRUE  TRUE FALSE  TRUE  TRUE FALSE  TRUE  TRUE  TRUE FALSE  TRUE
 [91]  TRUE  TRUE  TRUE  TRUE  TRUE  TRUE  TRUE  TRUE FALSE  TRUE  TRUE  TRUE  TRUE FALSE  TRUE
[106]  TRUE FALSE FALSE  TRUE FALSE FALSE FALSE FALSE  TRUE  TRUE  TRUE  TRUE  TRUE  TRUE  TRUE
[121] FALSE FALSE  TRUE  TRUE  TRUE  TRUE  TRUE FALSE  TRUE  TRUE  TRUE  TRUE  TRUE FALSE  TRUE
[136]  TRUE  TRUE FALSE  TRUE  TRUE  TRUE  TRUE  TRUE  TRUE FALSE  TRUE  TRUE  TRUE  TRUE FALSE
[151]  TRUE  TRUE  TRUE  TRUE FALSE  TRUE  TRUE  TRUE  TRUE  TRUE FALSE FALSE  TRUE  TRUE  TRUE
[166]  TRUE  TRUE FALSE FALSE  TRUE  TRUE FALSE FALSE  TRUE  TRUE  TRUE  TRUE  TRUE FALSE FALSE
[181]  TRUE FALSE  TRUE FALSE FALSE FALSE  TRUE  TRUE FALSE  TRUE  TRUE  TRUE FALSE  TRUE  TRUE
[196]  TRUE  TRUE  TRUE  TRUE  TRUE  TRUE FALSE  TRUE  TRUE FALSE  TRUE  TRUE  TRUE  TRUE FALSE
[211]  TRUE FALSE  TRUE FALSE  TRUE  TRUE  TRUE  TRUE  TRUE FALSE  TRUE  TRUE  TRUE  TRUE  TRUE
[226] FALSE  TRUE  TRUE  TRUE  TRUE  TRUE  TRUE  TRUE  TRUE  TRUE  TRUE  TRUE  TRUE  TRUE FALSE
[241]  TRUE  TRUE  TRUE  TRUE  TRUE  TRUE  TRUE  TRUE  TRUE  TRUE FALSE  TRUE  TRUE  TRUE  TRUE
[256]  TRUE  TRUE  TRUE FALSE  TRUE FALSE  TRUE  TRUE  TRUE  TRUE  TRUE  TRUE  TRUE  TRUE FALSE
[271]  TRUE  TRUE  TRUE  TRUE  TRUE  TRUE  TRUE FALSE  TRUE  TRUE  TRUE  TRUE  TRUE  TRUE  TRUE
[286]  TRUE FALSE  TRUE  TRUE  TRUE FALSE  TRUE  TRUE  TRUE  TRUE  TRUE FALSE  TRUE  TRUE  TRUE
[301]  TRUE  TRUE  TRUE  TRUE  TRUE  TRUE  TRUE  TRUE  TRUE  TRUE  TRUE  TRUE  TRUE  TRUE  TRUE
[316]  TRUE FALSE  TRUE FALSE  TRUE  TRUE  TRUE  TRUE  TRUE  TRUE FALSE  TRUE  TRUE  TRUE  TRUE
[331]  TRUE  TRUE FALSE  TRUE  TRUE  TRUE  TRUE  TRUE  TRUE  TRUE  TRUE  TRUE  TRUE  TRUE  TRUE
[346] FALSE  TRUE FALSE  TRUE  TRUE  TRUE  TRUE  TRUE  TRUE  TRUE  TRUE  TRUE  TRUE  TRUE  TRUE
[361]  TRUE FALSE  TRUE  TRUE  TRUE  TRUE  TRUE  TRUE  TRUE  TRUE  TRUE  TRUE  TRUE  TRUE  TRUE
[376]  TRUE  TRUE  TRUE  TRUE  TRUE FALSE  TRUE  TRUE  TRUE FALSE  TRUE  TRUE  TRUE  TRUE  TRUE
[391]  TRUE  TRUE  TRUE  TRUE  TRUE  TRUE  TRUE  TRUE  TRUE  TRUE  TRUE FALSE  TRUE  TRUE  TRUE
[406]  TRUE  TRUE  TRUE  TRUE  TRUE  TRUE  TRUE  TRUE  TRUE  TRUE  TRUE  TRUE  TRUE  TRUE  TRUE
[421]  TRUE  TRUE  TRUE FALSE  TRUE  TRUE  TRUE  TRUE  TRUE  TRUE  TRUE  TRUE  TRUE FALSE  TRUE
[436]  TRUE FALSE FALSE  TRUE  TRUE  TRUE  TRUE  TRUE  TRUE  TRUE  TRUE  TRUE  TRUE  TRUE  TRUE
[451]  TRUE  TRUE FALSE FALSE  TRUE  TRUE FALSE  TRUE  TRUE  TRUE  TRUE  TRUE  TRUE  TRUE  TRUE
[466]  TRUE  TRUE  TRUE  TRUE  TRUE  TRUE FALSE  TRUE  TRUE  TRUE  TRUE  TRUE  TRUE  TRUE  TRUE
[481]  TRUE  TRUE FALSE  TRUE  TRUE  TRUE  TRUE  TRUE  TRUE  TRUE  TRUE FALSE  TRUE  TRUE  TRUE
[496]  TRUE  TRUE  TRUE  TRUE FALSE  TRUE  TRUE  TRUE  TRUE  TRUE  TRUE  TRUE  TRUE  TRUE  TRUE
[511]  TRUE  TRUE  TRUE  TRUE  TRUE  TRUE  TRUE  TRUE  TRUE FALSE  TRUE  TRUE  TRUE  TRUE  TRUE
[526]  TRUE  TRUE  TRUE  TRUE  TRUE  TRUE  TRUE  TRUE  TRUE  TRUE  TRUE  TRUE  TRUE  TRUE  TRUE
[541]  TRUE  TRUE  TRUE  TRUE  TRUE  TRUE  TRUE  TRUE FALSE  TRUE  TRUE  TRUE  TRUE  TRUE  TRUE
[556]  TRUE  TRUE  TRUE  TRUE  TRUE  TRUE FALSE  TRUE  TRUE  TRUE  TRUE  TRUE  TRUE  TRUE  TRUE
[571]  TRUE  TRUE  TRUE  TRUE  TRUE  TRUE  TRUE  TRUE  TRUE  TRUE  TRUE FALSE  TRUE  TRUE  TRUE
[586]  TRUE  TRUE FALSE  TRUE  TRUE  TRUE  TRUE  TRUE  TRUE  TRUE  TRUE  TRUE  TRUE  TRUE  TRUE
[601]  TRUE  TRUE  TRUE  TRUE  TRUE  TRUE  TRUE  TRUE  TRUE  TRUE  TRUE  TRUE

