
Birth-death simulation object with 617 species and 500 extant species

Details for some species:

Extinction times (NA means extant)
[1] 19.61495       NA 13.84602       NA 27.83582 17.30830


Speciation times 
[1] 63.07904 58.84927 58.18391 48.17646 40.07303 34.57414


Species parents (NA for initial)
[1] NA  1  1  1  1  2


Species status (extinct or extant)
[1] "extinct" "extant"  "extinct" "extant"  "extinct" "extinct"


For more details on vector y, try sim$y, with y one of
TE TS PAR EXTANT



$TE
  [1] 19.61495195          NA 13.84602425          NA 27.83582152 17.30830089 19.07870898          NA  9.05216311 10.97867454
 [11] 30.68675323 12.44829129          NA 17.37852500 15.21044076 18.42900832 37.84863249 35.62853036          NA          NA
 [21]          NA          NA          NA          NA  9.20058617 16.75184132  5.68251879  1.75517903          NA          NA
 [31]          NA          NA          NA          NA 15.31177801          NA  2.67940508          NA          NA          NA
 [41] 12.32973818          NA          NA          NA          NA          NA          NA 14.82771491          NA  6.17827792
 [51]          NA 11.63859418 24.51677848  5.25761538          NA          NA 23.53850683  3.40012955          NA          NA
 [61] 28.95499745  8.24808598          NA          NA 11.01023228          NA          NA          NA          NA          NA
 [71]          NA          NA          NA          NA  5.17285981          NA 19.74020617  5.23507916          NA 24.42502987
 [81]          NA  3.42736869  7.30098910          NA          NA          NA          NA  9.39919555          NA          NA
 [91]          NA          NA  5.89334123          NA          NA          NA          NA          NA          NA          NA
[101] 12.67060566  2.89185573 18.53462675          NA          NA          NA          NA          NA  4.69526537          NA
[111]          NA          NA          NA          NA  1.95761417          NA          NA 12.84903559  6.38865593          NA
[121]          NA          NA 13.39713275  3.96846413          NA          NA          NA          NA 15.00750690          NA
[131] 12.56446800          NA 10.29004478          NA          NA          NA  9.45069092          NA          NA          NA
[141]  0.25333769          NA          NA  4.38547110          NA          NA          NA 11.67011611  6.91069320  3.41420999
[151]          NA          NA          NA  9.81782938          NA          NA          NA          NA          NA          NA
[161]          NA          NA          NA          NA          NA          NA          NA          NA          NA 15.38244164
[171] 11.77735576          NA  5.56019610          NA          NA  9.42730527  9.27421896          NA          NA          NA
[181] 13.11973922          NA          NA          NA  3.64249283  0.37810049          NA          NA          NA          NA
[191]          NA          NA          NA          NA          NA          NA          NA  7.35223212  1.32834755          NA
[201]  7.83706320          NA          NA          NA  0.75085566  6.33270149          NA 14.31980701          NA          NA
[211] 13.26635134          NA          NA          NA          NA          NA          NA          NA  7.19859687          NA
[221]  3.92341113          NA          NA          NA          NA          NA  3.46783610          NA          NA          NA
[231]          NA          NA          NA  3.92303422          NA          NA          NA          NA          NA          NA
[241]          NA          NA          NA  5.79150020  9.51876473  3.47054683          NA          NA          NA          NA
[251]          NA          NA          NA          NA          NA          NA          NA          NA          NA          NA
[261]  6.38610339          NA          NA          NA 11.07163327          NA          NA          NA          NA  0.23774465
[271]          NA          NA          NA          NA          NA  0.08118919          NA          NA          NA          NA
[281]          NA          NA          NA          NA          NA  1.32794591          NA          NA          NA          NA
[291]          NA          NA          NA          NA          NA          NA          NA          NA          NA          NA
[301]          NA          NA          NA          NA          NA          NA  2.62487543          NA          NA          NA
[311]          NA          NA          NA          NA          NA          NA          NA  0.39958848          NA          NA
[321]          NA          NA          NA  2.99635722          NA          NA          NA          NA  2.96900696          NA
[331]          NA          NA          NA          NA          NA          NA          NA          NA          NA  4.37307287
[341]  5.48551891          NA          NA  3.89265307          NA          NA          NA          NA          NA          NA
[351]          NA          NA          NA          NA          NA          NA          NA          NA  0.11062512          NA
[361]  0.89772539          NA          NA          NA          NA          NA  6.37936829          NA          NA          NA
[371]          NA  4.52102062          NA          NA          NA          NA          NA          NA          NA          NA
[381]          NA          NA          NA          NA  5.80424514          NA          NA          NA          NA          NA
[391]          NA          NA          NA          NA          NA          NA          NA          NA          NA          NA
[401]  4.63533124          NA  4.87807921          NA          NA          NA  3.71415212          NA          NA          NA
[411]          NA  1.07194942          NA          NA          NA          NA          NA          NA  5.57572844          NA
[421]          NA  3.54423239  0.60452946          NA          NA          NA          NA          NA          NA          NA
[431]          NA          NA          NA          NA          NA          NA          NA          NA          NA  4.35987757
[441]          NA          NA          NA  0.63818951          NA          NA          NA          NA          NA  1.65113235
[451]  1.02091512          NA          NA          NA          NA          NA          NA          NA          NA          NA
[461]          NA          NA          NA  2.99688927          NA          NA          NA          NA          NA          NA
[471]          NA          NA          NA          NA          NA  3.08768238          NA          NA          NA          NA
[481]          NA          NA          NA          NA          NA  0.67419007          NA          NA          NA          NA
[491]          NA          NA          NA          NA          NA          NA          NA          NA          NA          NA
[501]          NA          NA          NA          NA          NA  5.09817213          NA  0.91213369          NA          NA
[511]          NA          NA          NA          NA          NA          NA          NA          NA          NA          NA
[521]          NA          NA          NA          NA          NA          NA          NA          NA          NA          NA
[531]          NA          NA          NA          NA          NA          NA          NA  2.68266365          NA          NA
[541]          NA          NA          NA  1.91833390          NA          NA          NA          NA          NA          NA
[551]          NA          NA          NA          NA          NA          NA  0.58085086          NA          NA          NA
[561]          NA          NA          NA          NA          NA          NA          NA          NA          NA          NA
[571]          NA          NA          NA          NA          NA          NA          NA          NA          NA          NA
[581]          NA          NA          NA          NA          NA          NA          NA          NA          NA          NA
[591]          NA          NA          NA          NA          NA          NA          NA          NA          NA          NA
[601]          NA          NA          NA          NA          NA          NA          NA          NA          NA          NA
[611]          NA  0.33456953          NA          NA          NA          NA          NA

$TS
  [1] 6.307904e+01 5.884927e+01 5.818391e+01 4.817646e+01 4.007303e+01 3.457414e+01 3.385648e+01 3.278297e+01 3.430596e+01 3.114272e+01
 [11] 4.411911e+01 3.128464e+01 2.766896e+01 2.452812e+01 1.988988e+01 4.388995e+01 4.336110e+01 4.000526e+01 3.938360e+01 3.216062e+01
 [21] 3.439996e+01 2.178190e+01 3.230920e+01 2.985778e+01 3.051578e+01 2.008554e+01 1.936493e+01 1.024104e+01 3.304229e+00 2.958175e+01
 [31] 2.384719e+01 2.346834e+01 3.099521e+01 3.087451e+01 2.832865e+01 1.740680e+01 1.604152e+01 1.601569e+01 8.748364e+00 2.520827e+00
 [41] 3.118995e+01 1.303238e+01 1.037226e+01 1.779730e+01 9.069902e+00 4.894546e+00 1.222096e+00 3.215714e+01 5.316224e+00 2.039926e+01
 [51] 4.202355e-01 2.007017e+01 2.458449e+01 2.273391e+01 2.078593e+01 2.991474e+01 2.779146e+01 2.238729e+01 4.880682e+00 2.306428e+00
 [61] 3.056003e+01 1.964401e+01 9.303205e+00 2.945514e+01 2.668069e+01 2.458783e+01 2.374141e+01 1.874816e+01 2.526342e+00 2.392931e+01
 [71] 1.747990e+01 1.171462e+01 1.150229e+01 7.787887e+00 2.282324e+01 2.158977e+01 2.175243e+01 1.919515e+01 1.636293e+01 2.761649e+01
 [81] 2.161902e+01 1.320914e+01 7.490190e+00 3.936384e+00 2.324140e+01 2.093080e+01 2.006567e+01 1.940717e+01 1.877532e+01 5.434810e+00
 [91] 2.338335e+01 1.926463e+01 8.371706e+00 1.967823e+00 1.027973e+00 2.892215e+00 1.561855e+01 3.803151e+00 1.859668e+00 7.442210e-01
[101] 1.820989e+01 1.683081e+01 1.909875e+01 6.553841e+00 4.556358e+00 1.902239e+01 9.499381e+00 2.243099e+01 2.145915e+01 2.020759e+01
[111] 9.885941e+00 2.089538e+01 1.789454e+01 1.683428e+01 3.551464e+00 1.305411e+00 3.014296e+00 1.681320e+01 1.192150e+01 9.431445e+00
[121] 6.536504e+00 1.590169e+01 1.503060e+01 9.941185e+00 4.938745e+00 5.970856e-01 1.898347e+01 5.617421e+00 1.514230e+01 1.217325e+01
[131] 1.748879e+01 7.605305e+00 1.952704e+01 1.558625e+01 2.000144e+01 1.686378e+01 1.701425e+01 1.797431e+01 6.702709e+00 1.720275e+01
[141] 1.066931e+01 9.902426e+00 1.887367e+00 1.406032e+01 1.318386e+01 1.928385e+01 1.539159e+01 1.258847e+01 1.051752e+01 1.029168e+01
[151] 6.964083e+00 5.847912e+00 1.764580e+01 1.428433e+01 1.236211e+01 1.061126e+01 1.035703e+01 8.192002e+00 7.688753e+00 5.088413e+00
[161] 4.699940e+00 1.157223e+01 1.102591e+01 9.585188e+00 9.175903e+00 1.814068e+01 1.472103e+01 3.998243e+00 1.241836e+01 1.746812e+01
[171] 1.549220e+01 9.513134e+00 9.116842e+00 2.063029e+00 5.043118e-01 1.438802e+01 9.562498e+00 1.545811e+01 1.371126e+01 5.775219e+00
[181] 1.377409e+01 1.107816e+01 4.439644e+00 1.711895e+01 9.941105e+00 1.267917e+01 1.110103e+01 4.673853e+00 3.345489e+00 1.335596e-01
[191] 1.404206e+01 7.309038e+00 7.073106e+00 6.061974e+00 4.957673e+00 1.747261e+01 4.726145e+00 1.709289e+01 1.508875e+01 1.197764e+01
[201] 1.601930e+01 1.206709e+01 2.519809e-01 1.413304e+01 1.169188e+01 8.740275e+00 8.715546e+00 1.626294e+01 1.086265e+01 1.004173e+01
[211] 1.516840e+01 1.013400e+01 8.894678e+00 8.780622e+00 1.450336e+01 3.384704e-01 1.587583e+01 1.530156e+01 1.453200e+01 1.193183e+01
[221] 9.875380e+00 3.263962e+00 1.807178e+00 1.397432e+01 1.360958e+01 1.217795e+01 1.088848e+01 6.671838e+00 8.512248e+00 6.026007e+00
[231] 3.536627e+00 1.208119e+01 8.538659e+00 7.623422e+00 4.762941e+00 3.367525e+00 7.444027e-01 7.812957e-02 9.159670e+00 5.656358e-01
[241] 1.093913e+01 7.019010e-01 8.363461e+00 1.448781e+01 1.157156e+01 3.869244e+00 1.216418e+01 9.333816e+00 1.429548e+01 1.310885e+01
[251] 7.163278e+00 8.216080e-01 1.100910e+01 1.263846e+01 2.527563e+00 1.235602e+01 1.250594e+01 9.359823e-02 6.972132e+00 1.585375e+00
[261] 1.209905e+01 3.751047e+00 3.659326e+00 2.383323e-01 1.233025e+01 3.828850e-01 3.531514e+00 1.064566e+01 9.993958e+00 7.789577e-01
[271] 4.169305e+00 3.518932e+00 2.960970e+00 4.923038e-01 7.972669e+00 8.280522e+00 5.190797e+00 3.666284e+00 4.845139e+00 2.892415e+00
[281] 7.596504e-01 1.071977e+01 1.070027e+01 2.606888e+00 1.194076e+01 9.465383e+00 8.584840e+00 6.765362e+00 6.240159e+00 6.220869e+00
[291] 1.348011e+00 1.188491e+01 9.983566e+00 7.976662e+00 7.096356e+00 9.240342e+00 4.802617e+00 4.252492e+00 4.033217e+00 2.550437e+00
[301] 2.504541e+00 9.021125e+00 7.970185e+00 6.541539e+00 1.280048e+00 1.063345e+01 8.339119e+00 1.061725e+01 8.475078e+00 2.239278e+00
[311] 8.240239e+00 5.775698e+00 2.786720e+00 9.901906e+00 5.015807e+00 4.863757e+00 2.574946e+00 8.580417e-01 9.323871e+00 4.749129e+00
[321] 2.508268e+00 1.379087e+00 7.024193e-01 4.915835e+00 1.696160e+00 2.102739e+00 8.723910e+00 1.445112e+00 9.291179e+00 1.798356e+00
[331] 4.507812e+00 4.424362e+00 7.437130e+00 7.415589e+00 1.112803e+00 9.850568e+00 9.781419e+00 8.647806e+00 9.649695e+00 7.933606e+00
[341] 6.981888e+00 2.743284e+00 9.480215e+00 8.415254e+00 7.379376e+00 7.063955e+00 5.154846e+00 4.204017e+00 9.355478e+00 9.447740e+00
[351] 2.810210e+00 1.603943e-01 9.805062e+00 9.560076e+00 7.147480e+00 7.472995e+00 7.004366e+00 7.273050e+00 4.721605e+00 2.636619e+00
[361] 8.535610e+00 5.086176e+00 9.498182e+00 6.909133e+00 5.356520e+00 4.562771e+00 7.493148e+00 2.546942e+00 9.743988e+00 3.058221e+00
[371] 2.742860e+00 8.660466e+00 5.425648e+00 5.110194e-01 9.275356e+00 8.491085e+00 6.308589e-01 7.893454e+00 3.169260e+00 6.060827e-01
[381] 5.917562e+00 7.413745e+00 1.634938e-01 4.741408e+00 5.993945e+00 7.741929e+00 8.859289e+00 5.476784e+00 3.880668e+00 3.078210e+00
[391] 3.041241e+00 2.734266e+00 8.747070e-01 7.651570e+00 8.281602e-01 2.278403e+00 8.758492e+00 6.703304e+00 5.783410e+00 4.118032e+00
[401] 8.474723e+00 8.171118e+00 7.670297e+00 1.944897e+00 8.168116e+00 3.398051e-01 8.004513e+00 4.684156e+00 1.622583e+00 1.242812e+00
[411] 7.904917e-01 7.176538e+00 8.243617e+00 5.842433e+00 5.110700e+00 3.255552e+00 1.047747e+00 7.610357e+00 7.792899e+00 6.720207e+00
[421] 7.319282e+00 6.404436e+00 7.687190e+00 7.433978e+00 6.719355e+00 2.603264e+00 2.885723e+00 5.727174e+00 6.123068e+00 6.523148e+00
[431] 3.956030e-01 4.741186e+00 2.285200e+00 4.652197e+00 5.966481e+00 5.411964e+00 6.681819e+00 5.085314e+00 1.812000e+00 7.198025e+00
[441] 6.588267e+00 6.359650e+00 5.138979e+00 7.558690e+00 6.407002e+00 6.144912e+00 2.061901e+00 5.785181e-01 1.039847e+00 7.467588e+00
[451] 5.823342e+00 1.111836e+00 4.983436e+00 3.174539e+00 6.825294e+00 2.508745e+00 4.755929e+00 1.570456e+00 5.635512e+00 5.517442e+00
[461] 5.544132e-01 2.586212e+00 6.534127e+00 6.997052e+00 8.228226e-01 1.241478e+00 3.861810e+00 6.404002e+00 6.342735e+00 6.321555e+00
[471] 6.581568e+00 6.542270e+00 1.972914e+00 7.584179e-01 1.481491e-01 4.892455e+00 2.353373e+00 4.927376e+00 6.024340e+00 3.415460e+00
[481] 1.964031e+00 1.757567e+00 6.139217e+00 3.716775e+00 3.652897e+00 3.514714e+00 2.735375e+00 2.856428e+00 6.230020e-01 5.240694e+00
[491] 5.079935e+00 1.142060e+00 6.211864e-01 5.425387e+00 2.874293e+00 5.401727e-01 2.517783e+00 2.243195e+00 5.316256e+00 1.184200e+00
[501] 3.337925e-01 4.187938e+00 4.094358e+00 3.001787e+00 7.498397e-01 5.225729e+00 2.822089e-01 5.829796e+00 2.148261e+00 4.722242e+00
[511] 1.181747e+00 2.742845e+00 2.900259e+00 1.516467e+00 4.205647e+00 3.469522e+00 5.157183e+00 3.332662e+00 7.113368e-01 3.654015e-01
[521] 9.899220e-01 2.058631e+00 3.269567e+00 6.710547e-01 3.767077e+00 5.723114e-01 3.032332e+00 4.165038e+00 3.215051e+00 2.120933e+00
[531] 4.892505e+00 4.316463e+00 1.834403e+00 3.536410e+00 4.375367e+00 4.534122e-04 4.887034e+00 3.128743e+00 4.617584e+00 2.640977e-01
[541] 3.491409e+00 2.466740e+00 1.001331e+00 3.886837e+00 1.030706e+00 6.670924e-01 3.355354e+00 1.852151e+00 7.826260e-01 5.232944e-01
[551] 1.844725e+00 2.364161e+00 2.023785e+00 3.133666e+00 7.190328e-01 1.487719e+00 1.193157e+00 1.145216e+00 3.610796e+00 6.857587e-01
[561] 3.206959e+00 9.998063e-01 3.191262e+00 1.634066e+00 3.051816e+00 1.279531e+00 2.744802e+00 4.585677e-01 2.210415e+00 9.178005e-01
[571] 2.601460e+00 1.878942e+00 6.240240e-01 2.897736e+00 2.926895e+00 9.714806e-01 1.797358e+00 7.254404e-01 3.510991e-01 9.572438e-01
[581] 1.820418e+00 2.189655e+00 1.621577e+00 2.251585e+00 9.130677e-01 3.275750e-01 3.534657e-01 1.741377e+00 1.130214e-01 2.159162e+00
[591] 1.000837e+00 2.525496e+00 1.633801e+00 1.878556e+00 1.970875e+00 6.281359e-01 1.413619e+00 7.996723e-01 1.371742e+00 1.827824e+00
[601] 1.175499e+00 6.157197e-02 1.053544e+00 1.343221e+00 4.256349e-02 8.151611e-01 5.941193e-01 9.988824e-01 7.239589e-02 8.762798e-01
[611] 1.764361e-01 9.654425e-01 6.454459e-01 2.112741e-01 6.082532e-01 2.743392e-01 5.312584e-02

$PAR
  [1]  NA   1   1   1   1   2   2   2   3   3   4   4   4   4   4  11  11  11  11  11  16  16   5   5  19  19  19  19  19   6   6   6
 [33]  21  21  21  21  21  21  21  21   9   9   9   8   8   8   8  23  23  20  20  12  41  41  41  10  10  33  33  33  34  34  34  25
 [65]  25  25  25  56  56  24  30  30  30  30  64  64  35  35  35  13  13  13  13  13  66  14  14  14  14  70  31  31  31  31  31  67
 [97]  32  32  32  32  91  91  85  85  85  75  75  54  54  54  58  22  22  22  22  22  81  76  76 109 109  86  86  86  86  86 112 112
[129]  55  55  50  50 110 110  26  26  52  87  87 135 135 135 135  62 133  88  88  88  88  88  27  27 146 146 146 146 146  92  92  92
[161]  92  78  78  78  78 106 106 106 127  89  89  89  89  89  89  68  68 101 101 166 138 138 138 113 113  44  44  44  44  44 153 153
[193] 153 153 153  71  71 196 196 196  36  36  36 184 184 184 184 198 137 136 102 102 102 102 118  79 208 208  37 122 217 217 217  97
[225]  97  97  97  97 134 134 134 171 178 178 178 178 178 178 147 147 218 218 199 123 215 215 244 244 176 176 249 249 154 204 204 144
[257] 191 191 224 179 225 145 145 145 250 250  42 186 186 254 257 257 257 257 155 256 256 256 226 226 226 130 247 247 261 261 261 261
[289] 232 232 232 202 202 200 200 285 220 220 220 220 220 119 292  72 205  73  73 187 187 187 182 182 182 253 253 253 253 253 227 209
[321] 209 209 209 282 282 283 141 141 268 268 308 308 156 156 156 149 149 149 157 157 157 157 150 150 150 150 150 150  28 212 212 212
[353] 210 210 210 269 293 124 142 142 314 314 221 221 336 336 353 353 337 369 369 339 339 354 172 172 172 107 363 363 286 349 349 248
[385] 319  63 375 375 375 375 375 375 375 296 296 165 239 239 173 302 213 213 387 214 397  39 287 287 287 287 287 233 229 376 376 376
[417] 309 344 307 307 276 276 413 413 413 311 402 405 407 275 275 340 378  74 386 386 159 159 423 403 403 394 394 234 234 234 132 132
[449] 444  83 356 356 333 333 334 334 192 192 358 358 358 412 193 346 346 357 464 341 341 341 364 455 455 288 288 420 425 398 437 441
[481] 441 441 104 472 472 472 472 430 430 445 445 445 445 468 468 468 442 469 470 289 446 483 429 194 194 230 230 479 381 152 414 508
[513] 312 428 459 128 388 388 373 373 436 365 499 499  49 490 277 347 347 347 415 415 415 491 315 315 453 453 195 478  46  46  46 476
[545] 537 316 384 197 183 535 532 389 389 467 467 525 525 525 484 484 534 267 486 480 236 236 189  29 222 554 390 390 370 391 504 504
[577] 574 280 427 495 342 371 371 512 512 512 392 284 284 317 317 300 497 456 477 477 584 498 590 522 553 595 481  99 548 551 597 291
[609] 604 492 492 543 591 521 546 489 609

$EXTANT
  [1] FALSE  TRUE FALSE  TRUE FALSE FALSE FALSE  TRUE FALSE FALSE FALSE FALSE  TRUE FALSE FALSE FALSE FALSE FALSE  TRUE  TRUE  TRUE
 [22]  TRUE  TRUE  TRUE FALSE FALSE FALSE FALSE  TRUE  TRUE  TRUE  TRUE  TRUE  TRUE FALSE  TRUE FALSE  TRUE  TRUE  TRUE FALSE  TRUE
 [43]  TRUE  TRUE  TRUE  TRUE  TRUE FALSE  TRUE FALSE  TRUE FALSE FALSE FALSE  TRUE  TRUE FALSE FALSE  TRUE  TRUE FALSE FALSE  TRUE
 [64]  TRUE FALSE  TRUE  TRUE  TRUE  TRUE  TRUE  TRUE  TRUE  TRUE  TRUE FALSE  TRUE FALSE FALSE  TRUE FALSE  TRUE FALSE FALSE  TRUE
 [85]  TRUE  TRUE  TRUE FALSE  TRUE  TRUE  TRUE  TRUE FALSE  TRUE  TRUE  TRUE  TRUE  TRUE  TRUE  TRUE FALSE FALSE FALSE  TRUE  TRUE
[106]  TRUE  TRUE  TRUE FALSE  TRUE  TRUE  TRUE  TRUE  TRUE FALSE  TRUE  TRUE FALSE FALSE  TRUE  TRUE  TRUE FALSE FALSE  TRUE  TRUE
[127]  TRUE  TRUE FALSE  TRUE FALSE  TRUE FALSE  TRUE  TRUE  TRUE FALSE  TRUE  TRUE  TRUE FALSE  TRUE  TRUE FALSE  TRUE  TRUE  TRUE
[148] FALSE FALSE FALSE  TRUE  TRUE  TRUE FALSE  TRUE  TRUE  TRUE  TRUE  TRUE  TRUE  TRUE  TRUE  TRUE  TRUE  TRUE  TRUE  TRUE  TRUE
[169]  TRUE FALSE FALSE  TRUE FALSE  TRUE  TRUE FALSE FALSE  TRUE  TRUE  TRUE FALSE  TRUE  TRUE  TRUE FALSE FALSE  TRUE  TRUE  TRUE
[190]  TRUE  TRUE  TRUE  TRUE  TRUE  TRUE  TRUE  TRUE FALSE FALSE  TRUE FALSE  TRUE  TRUE  TRUE FALSE FALSE  TRUE FALSE  TRUE  TRUE
[211] FALSE  TRUE  TRUE  TRUE  TRUE  TRUE  TRUE  TRUE FALSE  TRUE FALSE  TRUE  TRUE  TRUE  TRUE  TRUE FALSE  TRUE  TRUE  TRUE  TRUE
[232]  TRUE  TRUE FALSE  TRUE  TRUE  TRUE  TRUE  TRUE  TRUE  TRUE  TRUE  TRUE FALSE FALSE FALSE  TRUE  TRUE  TRUE  TRUE  TRUE  TRUE
[253]  TRUE  TRUE  TRUE  TRUE  TRUE  TRUE  TRUE  TRUE FALSE  TRUE  TRUE  TRUE FALSE  TRUE  TRUE  TRUE  TRUE FALSE  TRUE  TRUE  TRUE
[274]  TRUE  TRUE FALSE  TRUE  TRUE  TRUE  TRUE  TRUE  TRUE  TRUE  TRUE  TRUE FALSE  TRUE  TRUE  TRUE  TRUE  TRUE  TRUE  TRUE  TRUE
[295]  TRUE  TRUE  TRUE  TRUE  TRUE  TRUE  TRUE  TRUE  TRUE  TRUE  TRUE  TRUE FALSE  TRUE  TRUE  TRUE  TRUE  TRUE  TRUE  TRUE  TRUE
[316]  TRUE  TRUE FALSE  TRUE  TRUE  TRUE  TRUE  TRUE FALSE  TRUE  TRUE  TRUE  TRUE FALSE  TRUE  TRUE  TRUE  TRUE  TRUE  TRUE  TRUE
[337]  TRUE  TRUE  TRUE FALSE FALSE  TRUE  TRUE FALSE  TRUE  TRUE  TRUE  TRUE  TRUE  TRUE  TRUE  TRUE  TRUE  TRUE  TRUE  TRUE  TRUE
[358]  TRUE FALSE  TRUE FALSE  TRUE  TRUE  TRUE  TRUE  TRUE FALSE  TRUE  TRUE  TRUE  TRUE FALSE  TRUE  TRUE  TRUE  TRUE  TRUE  TRUE
[379]  TRUE  TRUE  TRUE  TRUE  TRUE  TRUE FALSE  TRUE  TRUE  TRUE  TRUE  TRUE  TRUE  TRUE  TRUE  TRUE  TRUE  TRUE  TRUE  TRUE  TRUE
[400]  TRUE FALSE  TRUE FALSE  TRUE  TRUE  TRUE FALSE  TRUE  TRUE  TRUE  TRUE FALSE  TRUE  TRUE  TRUE  TRUE  TRUE  TRUE FALSE  TRUE
[421]  TRUE FALSE FALSE  TRUE  TRUE  TRUE  TRUE  TRUE  TRUE  TRUE  TRUE  TRUE  TRUE  TRUE  TRUE  TRUE  TRUE  TRUE  TRUE FALSE  TRUE
[442]  TRUE  TRUE FALSE  TRUE  TRUE  TRUE  TRUE  TRUE FALSE FALSE  TRUE  TRUE  TRUE  TRUE  TRUE  TRUE  TRUE  TRUE  TRUE  TRUE  TRUE
[463]  TRUE FALSE  TRUE  TRUE  TRUE  TRUE  TRUE  TRUE  TRUE  TRUE  TRUE  TRUE  TRUE FALSE  TRUE  TRUE  TRUE  TRUE  TRUE  TRUE  TRUE
[484]  TRUE  TRUE FALSE  TRUE  TRUE  TRUE  TRUE  TRUE  TRUE  TRUE  TRUE  TRUE  TRUE  TRUE  TRUE  TRUE  TRUE  TRUE  TRUE  TRUE  TRUE
[505]  TRUE FALSE  TRUE FALSE  TRUE  TRUE  TRUE  TRUE  TRUE  TRUE  TRUE  TRUE  TRUE  TRUE  TRUE  TRUE  TRUE  TRUE  TRUE  TRUE  TRUE
[526]  TRUE  TRUE  TRUE  TRUE  TRUE  TRUE  TRUE  TRUE  TRUE  TRUE  TRUE  TRUE FALSE  TRUE  TRUE  TRUE  TRUE  TRUE FALSE  TRUE  TRUE
[547]  TRUE  TRUE  TRUE  TRUE  TRUE  TRUE  TRUE  TRUE  TRUE  TRUE FALSE  TRUE  TRUE  TRUE  TRUE  TRUE  TRUE  TRUE  TRUE  TRUE  TRUE
[568]  TRUE  TRUE  TRUE  TRUE  TRUE  TRUE  TRUE  TRUE  TRUE  TRUE  TRUE  TRUE  TRUE  TRUE  TRUE  TRUE  TRUE  TRUE  TRUE  TRUE  TRUE
[589]  TRUE  TRUE  TRUE  TRUE  TRUE  TRUE  TRUE  TRUE  TRUE  TRUE  TRUE  TRUE  TRUE  TRUE  TRUE  TRUE  TRUE  TRUE  TRUE  TRUE  TRUE
[610]  TRUE  TRUE FALSE  TRUE  TRUE  TRUE  TRUE  TRUE

