
Birth-death simulation object with 598 species and 500 extant species

Details for some species:

Extinction times (NA means extant)
[1]  4.769073        NA        NA 32.237516        NA        NA


Speciation times 
[1] 42.83324 41.83990 37.32180 37.01295 17.37404 40.60004


Species parents (NA for initial)
[1] NA  1  1  1  1  2


Species status (extinct or extant)
[1] "extinct" "extant"  "extant"  "extinct" "extant"  "extant" 


For more details on vector y, try sim$y, with y one of
TE TS PAR EXTANT



$TE
  [1]  4.76907300          NA          NA 32.23751553          NA          NA 15.53199718
  [8]          NA          NA          NA          NA          NA          NA 11.84038828
 [15]          NA          NA          NA          NA          NA 26.69041482 24.32888147
 [22] 25.65066509          NA          NA          NA 14.40802772 32.55920846  2.52617525
 [29]          NA          NA          NA 21.99942702          NA  3.97222981          NA
 [36]          NA          NA  8.31973270          NA 20.18969276 15.29109809 10.51368116
 [43]          NA          NA 15.32376536  4.09362231  3.67317531          NA  5.22424307
 [50]          NA 20.01995418          NA  9.05389167          NA          NA          NA
 [57] 12.37145347          NA          NA          NA          NA          NA  8.25418295
 [64]          NA          NA          NA          NA          NA  2.51693124  3.80231571
 [71]          NA          NA 12.03365920 25.48541805          NA 12.34355147  0.39347777
 [78]          NA          NA  3.69641096          NA 10.93042880  0.94552377          NA
 [85]          NA          NA 14.31208974 18.01030862          NA          NA  0.28349750
 [92]          NA 16.91688717          NA  8.82015280 13.47728634  0.97695533          NA
 [99]          NA          NA          NA  8.19297010 13.90402247          NA          NA
[106]          NA          NA          NA          NA          NA  5.11512672          NA
[113]  3.92968926  0.92775076          NA  0.03127509          NA          NA          NA
[120]          NA          NA          NA          NA          NA  1.84797452          NA
[127]          NA  5.74605204  2.19926609          NA          NA          NA          NA
[134]          NA          NA          NA          NA          NA          NA  6.27099333
[141]          NA  0.63262017          NA  0.09036761 13.47367348          NA  3.47958904
[148]  2.18398963 13.28171282          NA          NA          NA          NA          NA
[155]          NA          NA          NA          NA          NA          NA          NA
[162]          NA          NA          NA          NA  4.78853673  3.53793247          NA
[169]          NA          NA          NA 13.63066280  7.59095170          NA          NA
[176]          NA          NA          NA          NA          NA          NA 11.16540233
[183]          NA  3.44459527          NA          NA          NA          NA          NA
[190]          NA          NA          NA          NA          NA          NA          NA
[197] 12.76269197          NA          NA          NA          NA          NA          NA
[204]          NA          NA          NA          NA          NA  4.15190060          NA
[211]          NA          NA          NA          NA          NA          NA          NA
[218]          NA          NA          NA  1.00825229          NA  0.94219878          NA
[225]          NA  1.78673635  4.96536908          NA          NA          NA          NA
[232]          NA          NA          NA          NA          NA          NA          NA
[239]          NA          NA          NA          NA          NA          NA          NA
[246]          NA          NA  3.29980389          NA          NA          NA          NA
[253]          NA          NA          NA  8.92640360          NA          NA          NA
[260]  6.18420146  6.62621930  0.80885618          NA          NA          NA          NA
[267]          NA          NA          NA          NA          NA          NA          NA
[274]          NA          NA          NA          NA          NA  2.46495995          NA
[281]          NA          NA          NA          NA          NA          NA          NA
[288]          NA          NA          NA          NA          NA          NA          NA
[295]          NA          NA          NA          NA          NA          NA          NA
[302]          NA          NA  2.32805394          NA          NA          NA          NA
[309]          NA          NA          NA          NA          NA          NA          NA
[316]  9.12780179          NA          NA          NA          NA          NA          NA
[323]          NA          NA          NA          NA          NA  1.96643446  2.36341853
[330]          NA          NA          NA          NA          NA  1.55832338          NA
[337]          NA          NA          NA          NA          NA          NA          NA
[344]          NA          NA  3.10187026          NA          NA          NA  2.58630239
[351]  8.25064756          NA          NA  7.03212908  3.88934696          NA          NA
[358]          NA          NA          NA          NA          NA          NA          NA
[365]          NA          NA  3.37645420          NA          NA          NA          NA
[372]          NA          NA          NA          NA          NA          NA          NA
[379]          NA          NA          NA          NA          NA  1.06810344          NA
[386]          NA          NA          NA          NA          NA  0.38338403          NA
[393]          NA          NA          NA          NA          NA          NA          NA
[400]          NA          NA          NA          NA          NA          NA          NA
[407]          NA          NA          NA          NA          NA          NA          NA
[414]          NA          NA  1.11793221          NA          NA          NA          NA
[421]          NA          NA          NA          NA          NA          NA          NA
[428]          NA          NA          NA          NA          NA          NA          NA
[435]          NA          NA          NA          NA          NA          NA          NA
[442]          NA          NA          NA  0.10268968          NA          NA          NA
[449]          NA          NA          NA          NA          NA          NA  3.96157775
[456]          NA  4.01187353          NA          NA          NA          NA          NA
[463]          NA          NA          NA          NA          NA          NA          NA
[470]          NA          NA          NA          NA          NA          NA          NA
[477]          NA          NA          NA  4.90209178          NA          NA          NA
[484]          NA          NA          NA          NA          NA          NA          NA
[491]          NA  0.20724915          NA          NA          NA          NA          NA
[498]          NA          NA          NA          NA          NA  3.53293046          NA
[505]          NA          NA          NA          NA          NA          NA          NA
[512]          NA          NA          NA  3.32040397          NA          NA          NA
[519]          NA          NA          NA          NA          NA          NA          NA
[526]  0.92282925          NA          NA          NA          NA          NA          NA
[533]          NA          NA          NA          NA          NA          NA          NA
[540]          NA          NA          NA          NA          NA          NA          NA
[547]          NA          NA  0.75169354          NA          NA          NA          NA
[554]          NA          NA          NA          NA          NA          NA          NA
[561]          NA          NA          NA          NA          NA          NA          NA
[568]          NA          NA          NA          NA          NA          NA          NA
[575]          NA          NA          NA          NA          NA          NA          NA
[582]          NA          NA          NA          NA          NA  0.10489116          NA
[589]          NA          NA          NA          NA          NA          NA          NA
[596]          NA          NA          NA

$TS
  [1] 42.833243223 41.839904082 37.321798363 37.012953912 17.374037131 40.600036242 38.982711052
  [8] 18.241572222 14.125952586  3.456830189  3.148292790 32.499686099 27.297568131 12.694417824
 [15]  6.994856680  5.608635637  2.235351552  1.696103241  0.947520130 35.160394909 34.898462701
 [22] 33.149459949 24.936153175 24.844369040 24.468048808 15.563012890 36.279943857 30.702651529
 [29] 14.897446650  8.993383838  0.162377500 32.146720208 27.296785545 27.050743277 30.022589522
 [36] 20.369702208 10.607952547 10.384500503 30.078569432 27.036804016 19.170477214 19.044976374
 [43] 15.782912285  3.027828565 29.310351549  6.966011557  5.434020370 18.198256777 14.112247592
 [50]  0.716381139 26.605601454 15.398892513 11.442101066  5.987037857  1.523897213  1.256537625
 [57] 23.449009919 23.429729488 20.985122378  6.042342204 26.872814071 26.481669328 16.364570387
 [64] 15.388514096 13.038265060 11.782089709  7.074916491  6.582279305  4.546804062 19.012427005
 [71] 17.868321176 16.142946441 16.045960552 25.701261514 26.437573708 14.858985601  9.571898408
 [78] 14.527751508 11.163142843  7.756506882 21.304460954 15.932778925  8.635300372  6.272331573
 [85]  4.924124618  3.639538441 21.156074088 20.747305863 18.585921044 14.224508819 12.007311752
 [92]  2.879669790 17.931441168 14.343362159 20.794229956 18.930384487 18.521302375 18.197853247
 [99] 17.530743975 12.297784028  8.185361256 20.781744721 18.690287894 16.817181154  6.266104108
[106]  3.709141907  3.367400193  3.210297199  2.170589869  1.738345669 17.214457949 16.308478616
[113] 12.311136127 20.373785758 13.628886404 20.122680621 14.364282516  9.447153783  2.316698742
[120] 13.523742028 11.618685180 15.915772197  9.999956451  7.845866705  3.049111373 15.868103286
[127] 17.505415055 10.886228677 14.544393881 14.417082639 13.444009474 11.755916864  9.886683522
[134]  6.275520743 16.924787133  9.457990122  2.135977406  0.568770857  7.927280760  7.513943471
[141]  5.387466692  0.974914094  9.097147924 17.392012323 13.569187719 11.852921202  6.545094664
[148] 16.002738997 13.805470869 11.935263462 12.185513247 11.707645885  3.009538209  0.519379773
[155] 13.974467761 11.746499911 10.744666446  7.388768583  4.851271426  2.901827824  0.443418337
[162]  0.438003592 11.988742804  7.390696580  8.317153870 10.407098907  9.092779574  8.171188764
[169]  7.281159446 14.390552252 15.098344468 14.798357800  8.494414822  6.371612231  5.608196824
[176] 12.022443747  2.106991900  0.437279390  5.154439766  1.611392289 14.780996474 12.001263750
[183] 14.500694744  9.824797856  3.825976124  3.423796075  2.084291471 12.380330445  5.501821598
[190]  3.688768003  1.996815028 13.829870231 11.411905351 13.654677511 13.305021780  9.649448134
[197] 14.056390275 12.310831373 11.991639463 10.743717126  3.603792004 14.012298160  2.736237652
[204]  0.806831574  8.465811658  4.937489217 12.281783016  9.586802644  7.217896037 12.907696969
[211]  4.606311923  1.510279734  3.430894529 13.635994068 11.930352927 10.786008288  9.596472003
[218]  5.992501929  5.031842368  1.159899324 10.092728353  6.215370295  2.276256342 11.815183052
[225]  8.109344905  8.028984794  7.191739782 12.208551164 10.302269952  9.486222823  6.061356384
[232]  0.494067824  6.494564624  5.491029338  2.709919431 11.391168262  1.916259793  9.137399648
[239]  8.361937019  3.678915165  0.651360234  6.392209569  3.669781706  5.347771015  2.319103672
[246]  1.324982021 10.574918322  7.781504330  4.399428613  7.921290021  6.586516553  8.262127365
[253]  4.926210054  0.128873628  2.999101280  9.471036491  6.437484573  3.333152332 10.095282754
[260]  9.757812495  9.986416934  8.515421510 11.222753748  8.962409300  9.505611763  9.001436408
[267]  3.204893584  2.033265520 10.149302078  4.599944498 11.103847116  8.781222430  6.955942682
[274]  5.656140419  4.981625578  0.057253245  3.810978943 10.722821035 10.524048404  7.762458892
[281]  4.607350221  3.961709005  4.118253334  9.954718098  9.085806114  3.979268595  0.556042713
[288] 11.073953453  6.213591034  3.533893009  5.929184272  9.521879150  7.653336154  2.435193842
[295]  0.509396663  4.431520002  4.407956153  2.244831405 10.580815587  3.266137631  4.791662137
[302]  5.641713959 10.182196575  9.864910867  6.228673939  5.892455470  8.735591146  5.447863522
[309]  3.755371103  3.726822692 10.121556501  8.606613674  8.211131388  5.967901080  3.209866309
[316]  9.426647136  6.313315912  6.824806400  4.818943714  2.488367130  4.891897503  9.168868449
[323]  5.724433522  1.310242334  1.181571539  7.525936329  7.119192823  8.230560050  7.879013671
[330]  0.856372026  6.356102445  1.901770880  1.754021818  8.644658885  7.894242604  5.487423960
[337]  8.266723421  4.685409428  9.223005671  5.876262840  3.959015382  0.664737146  7.525962774
[344]  7.481487248  7.799578284  4.290007878  3.320589381  0.874596127  1.295487679  8.978249966
[351]  8.490990901  5.054102273  0.198187226  8.906702658  6.544797825  3.025269304  3.519748363
[358]  2.674223466  6.105226462  5.713058866  6.801554305  6.173838129  6.048059675  5.285873174
[365]  1.545563855  4.725892313  8.039733057  1.888190589  6.943291146  5.628052974  2.669044341
[372]  5.046355529  3.625791736  1.615713614  4.738244246  3.186061719  0.256178376  5.034777728
[379]  4.174903823  5.814658716  4.874952594  1.263899042  1.924142418  1.130786356  7.000299862
[386]  1.348088606  5.424097124  3.167182802  5.831178598  3.783638978  6.895374514  5.440313497
[393]  5.364860856  3.651034833  1.088741777  4.503214560  2.281741731  0.696516932  4.670264467
[400]  7.256475476  4.664519647  4.254354000  2.155437893  4.807357435  6.517781771  0.409149343
[407]  2.798410821  2.425526827  0.748331076  6.151390527  0.444959007  4.944884539  5.520316123
[414]  0.311179269  6.119060363  4.295249474  1.623784274  6.061189968  1.141849861  3.045663202
[421]  4.743425911  2.776824031  3.878410980  0.523201425  4.103737188  1.046847605  0.986389033
[428]  0.228815883  5.896370902  2.765611288  1.848624029  2.876349732  4.402223304  3.863632646
[435]  0.782621168  3.488887271  1.048234922  0.958820084  0.435528916  5.978932536  4.758061427
[442]  5.541510868  0.133546034  5.352653487  3.276165081  1.284519071  5.990307248  3.778475839
[449]  1.745445585  1.204012938  0.471136913  0.191079440  4.791613885  3.851952645  4.600182178
[456]  1.574023685  4.805113575  3.677128526  1.201548983  0.374777033  4.229024226  2.574962860
[463]  0.172675436  5.036813221  3.565719198  3.725097799  1.768462601  0.899345531  1.433549190
[470]  0.749805739  5.030783919  3.661356620  1.294696152  5.217830134  2.856322733  1.953234235
[477]  4.064343987  3.933247211  0.162544537  4.938980674  3.841896362  1.583461558  1.441349733
[484]  3.647215958  0.255399423  1.000561925  4.505807496  2.635079414  2.852565059  2.621510885
[491]  1.889550491  0.507800962  0.305414882  3.581569231  1.593479274  1.133427748  0.498529469
[498]  2.245129606  3.772891087  1.439270225  0.212127541  0.517994714  3.563695500  0.077168613
[505]  3.675426413  2.721070161  1.655468882  0.365620274  0.536090229  3.666806778  1.189237830
[512]  1.856710989  0.861584528  1.973000663  3.752784758  1.680832993  2.929342967  3.709086318
[519]  1.835612665  0.951214360  2.146137088  2.818257674  0.886284267  3.674208695  0.500100999
[526]  3.051485753  1.806335604  0.514738738  1.316541910  0.129333834  3.185494425  1.822489466
[533]  1.043266221  1.903673866  3.602226854  1.878519782  2.724335056  0.140202294  1.641997564
[540]  0.091117460  2.559785964  1.769343995  0.581261334  2.157636643  1.590325717  1.558549183
[547]  2.369217842  1.407691218  2.947233180  1.920014044  2.757173542  1.434171862  1.127670193
[554]  2.756537424  0.923689482  2.664462241  2.324029732  0.479340765  1.124833442  2.719866722
[561]  1.149383753  0.970663831  2.383563060  2.424455677  0.952054909  0.147995012  2.293118923
[568]  0.213902895  1.511849784  1.894052608  0.453165701  1.124470604  2.143435720  1.607306988
[575]  1.890910227  1.192287406  0.849656353  0.931824075  1.609105442  0.296647747  1.631508921
[582]  1.608899907  0.808013491  1.255776035  0.854319619  1.119595121  0.175919616  0.158169003
[589]  0.581522057  1.191575699  0.775391816  0.749209144  0.116151114  1.038272483  0.318664568
[596]  0.141614736  0.111144130  0.003081154

$PAR
  [1]  NA   1   1   1   1   2   2   2   2   2   2   6   6   6   6   6   6   6   6   7   7   7   7
 [24]   7   7   7   3   3   3   3   3  20  22  22  12  12  12  12  28  28  28  28  28  28  39  39
 [47]  39  35  35  35  13  13  13  13  13  13  33  33  33  33  34  34  34  34  34  34  34  34  34
 [70]  61  61  61  61  51  62  62  75  23  23  23  24  24  24  24  24  24  25  25  25  25  25  25
 [93]  57  57  58  58  58  58  58  58  58  81  81  81  81  81  81  81  81  81  59  59  59  95  95
[116] 102 102 102 114  36  36 116 116 116 116  41  70  70  89  89  89  89  89  89  97  97   8   8
[139]  48  48  48  98  71  99 127 127 127 144 144 144   5   5   5   5 111 111 111 135 135 135 135
[162] 135 104 104  63 112 112 112 112  72  73 148 148 148 148  82 122 122  43  43  52  52  64  64
[185]  64  64  64 171 171 171 171 172 129  78  78  78 183 183 183 183 183 130 130 130 170 170 117
[208] 117 117  90  90  90   9 197 202 202 202 202 202 202 155 155 155 192 194 194 194 214 214 214
[231] 214 115 131 131 131 195 195  65  65  65  65 210 210 188 188 188 113 113 113 198 198 100 100
[254] 100 207 228 228 228 151 151 176 176  91  91 199 199 199 199 163 150 215 215 215 215 215 215
[277] 224  66  66  66 132 132 156 193 193 193 193 236 236 236 263  79  79  79  79 216 216 216 157
[300] 157 200  37 299 299 299 299 247 247 247 247 279 279 279 279 279 229 303 311 311 311 259 221
[323] 221 221 123 261 261 284 284 284 133 133 133 304 304 304 184 184 196 217 217 217 208 208 292
[346] 292 292 292 265 256 136 136 136 118 118 118 339 339 238 238 143 285 285 285 285 266  30  30
[369] 264 272 272 307 307 307 205 165 165 337 328 313 313 313 168 168 225 225 226 226 329 124 345
[392] 280 293 293 293 326 326 326 344 158 169 400 400 209 327 327  67  67  67 385  15  46 273 273
[415] 318 318 318 251 251  68 405 405 233 242 174 174 174 174 331 331 134  84 105 105 105 305 305
[438] 222 222 410 410 415 415 231 231 418  60  60 447 447 447 440 314 314 429 429 389 323 360 360
[461] 274 274 302 370 370  16  16  16 336 308 387 387 387 393 393 393 444 244 244 474 474 352 372
[484] 464 464 378 219 471 275 412 206  85  85 159 159 159 404 453 421 421 421 375 366 366 338 338
[507] 281 270 296 433 433 249 249 416 402 402 379 425 425 425 286 478 478 434 434 454 454 481 390
[530] 390 466 505 505 524 243 394 484 484 201 535 465 290 213 347 347 347 300 315 531 526  44 356
[553] 356 255 255 475 489 407 422 203 537 537 560 235 358 488 462 320 563 119 119  17 109 109 521
[576] 268 268 383 534 512 431 527 110 507 417 579 545 212 548 473 459 459 590 559 520 580 568 353

$EXTANT
  [1] FALSE  TRUE  TRUE FALSE  TRUE  TRUE FALSE  TRUE  TRUE  TRUE  TRUE  TRUE  TRUE FALSE  TRUE
 [16]  TRUE  TRUE  TRUE  TRUE FALSE FALSE FALSE  TRUE  TRUE  TRUE FALSE FALSE FALSE  TRUE  TRUE
 [31]  TRUE FALSE  TRUE FALSE  TRUE  TRUE  TRUE FALSE  TRUE FALSE FALSE FALSE  TRUE  TRUE FALSE
 [46] FALSE FALSE  TRUE FALSE  TRUE FALSE  TRUE FALSE  TRUE  TRUE  TRUE FALSE  TRUE  TRUE  TRUE
 [61]  TRUE  TRUE FALSE  TRUE  TRUE  TRUE  TRUE  TRUE FALSE FALSE  TRUE  TRUE FALSE FALSE  TRUE
 [76] FALSE FALSE  TRUE  TRUE FALSE  TRUE FALSE FALSE  TRUE  TRUE  TRUE FALSE FALSE  TRUE  TRUE
 [91] FALSE  TRUE FALSE  TRUE FALSE FALSE FALSE  TRUE  TRUE  TRUE  TRUE FALSE FALSE  TRUE  TRUE
[106]  TRUE  TRUE  TRUE  TRUE  TRUE FALSE  TRUE FALSE FALSE  TRUE FALSE  TRUE  TRUE  TRUE  TRUE
[121]  TRUE  TRUE  TRUE  TRUE FALSE  TRUE  TRUE FALSE FALSE  TRUE  TRUE  TRUE  TRUE  TRUE  TRUE
[136]  TRUE  TRUE  TRUE  TRUE FALSE  TRUE FALSE  TRUE FALSE FALSE  TRUE FALSE FALSE FALSE  TRUE
[151]  TRUE  TRUE  TRUE  TRUE  TRUE  TRUE  TRUE  TRUE  TRUE  TRUE  TRUE  TRUE  TRUE  TRUE  TRUE
[166] FALSE FALSE  TRUE  TRUE  TRUE  TRUE FALSE FALSE  TRUE  TRUE  TRUE  TRUE  TRUE  TRUE  TRUE
[181]  TRUE FALSE  TRUE FALSE  TRUE  TRUE  TRUE  TRUE  TRUE  TRUE  TRUE  TRUE  TRUE  TRUE  TRUE
[196]  TRUE FALSE  TRUE  TRUE  TRUE  TRUE  TRUE  TRUE  TRUE  TRUE  TRUE  TRUE  TRUE FALSE  TRUE
[211]  TRUE  TRUE  TRUE  TRUE  TRUE  TRUE  TRUE  TRUE  TRUE  TRUE FALSE  TRUE FALSE  TRUE  TRUE
[226] FALSE FALSE  TRUE  TRUE  TRUE  TRUE  TRUE  TRUE  TRUE  TRUE  TRUE  TRUE  TRUE  TRUE  TRUE
[241]  TRUE  TRUE  TRUE  TRUE  TRUE  TRUE  TRUE FALSE  TRUE  TRUE  TRUE  TRUE  TRUE  TRUE  TRUE
[256] FALSE  TRUE  TRUE  TRUE FALSE FALSE FALSE  TRUE  TRUE  TRUE  TRUE  TRUE  TRUE  TRUE  TRUE
[271]  TRUE  TRUE  TRUE  TRUE  TRUE  TRUE  TRUE  TRUE FALSE  TRUE  TRUE  TRUE  TRUE  TRUE  TRUE
[286]  TRUE  TRUE  TRUE  TRUE  TRUE  TRUE  TRUE  TRUE  TRUE  TRUE  TRUE  TRUE  TRUE  TRUE  TRUE
[301]  TRUE  TRUE  TRUE FALSE  TRUE  TRUE  TRUE  TRUE  TRUE  TRUE  TRUE  TRUE  TRUE  TRUE  TRUE
[316] FALSE  TRUE  TRUE  TRUE  TRUE  TRUE  TRUE  TRUE  TRUE  TRUE  TRUE  TRUE FALSE FALSE  TRUE
[331]  TRUE  TRUE  TRUE  TRUE FALSE  TRUE  TRUE  TRUE  TRUE  TRUE  TRUE  TRUE  TRUE  TRUE  TRUE
[346] FALSE  TRUE  TRUE  TRUE FALSE FALSE  TRUE  TRUE FALSE FALSE  TRUE  TRUE  TRUE  TRUE  TRUE
[361]  TRUE  TRUE  TRUE  TRUE  TRUE  TRUE FALSE  TRUE  TRUE  TRUE  TRUE  TRUE  TRUE  TRUE  TRUE
[376]  TRUE  TRUE  TRUE  TRUE  TRUE  TRUE  TRUE  TRUE FALSE  TRUE  TRUE  TRUE  TRUE  TRUE  TRUE
[391] FALSE  TRUE  TRUE  TRUE  TRUE  TRUE  TRUE  TRUE  TRUE  TRUE  TRUE  TRUE  TRUE  TRUE  TRUE
[406]  TRUE  TRUE  TRUE  TRUE  TRUE  TRUE  TRUE  TRUE  TRUE  TRUE FALSE  TRUE  TRUE  TRUE  TRUE
[421]  TRUE  TRUE  TRUE  TRUE  TRUE  TRUE  TRUE  TRUE  TRUE  TRUE  TRUE  TRUE  TRUE  TRUE  TRUE
[436]  TRUE  TRUE  TRUE  TRUE  TRUE  TRUE  TRUE  TRUE  TRUE FALSE  TRUE  TRUE  TRUE  TRUE  TRUE
[451]  TRUE  TRUE  TRUE  TRUE FALSE  TRUE FALSE  TRUE  TRUE  TRUE  TRUE  TRUE  TRUE  TRUE  TRUE
[466]  TRUE  TRUE  TRUE  TRUE  TRUE  TRUE  TRUE  TRUE  TRUE  TRUE  TRUE  TRUE  TRUE  TRUE FALSE
[481]  TRUE  TRUE  TRUE  TRUE  TRUE  TRUE  TRUE  TRUE  TRUE  TRUE  TRUE FALSE  TRUE  TRUE  TRUE
[496]  TRUE  TRUE  TRUE  TRUE  TRUE  TRUE  TRUE FALSE  TRUE  TRUE  TRUE  TRUE  TRUE  TRUE  TRUE
[511]  TRUE  TRUE  TRUE  TRUE FALSE  TRUE  TRUE  TRUE  TRUE  TRUE  TRUE  TRUE  TRUE  TRUE  TRUE
[526] FALSE  TRUE  TRUE  TRUE  TRUE  TRUE  TRUE  TRUE  TRUE  TRUE  TRUE  TRUE  TRUE  TRUE  TRUE
[541]  TRUE  TRUE  TRUE  TRUE  TRUE  TRUE  TRUE  TRUE FALSE  TRUE  TRUE  TRUE  TRUE  TRUE  TRUE
[556]  TRUE  TRUE  TRUE  TRUE  TRUE  TRUE  TRUE  TRUE  TRUE  TRUE  TRUE  TRUE  TRUE  TRUE  TRUE
[571]  TRUE  TRUE  TRUE  TRUE  TRUE  TRUE  TRUE  TRUE  TRUE  TRUE  TRUE  TRUE  TRUE  TRUE  TRUE
[586]  TRUE FALSE  TRUE  TRUE  TRUE  TRUE  TRUE  TRUE  TRUE  TRUE  TRUE  TRUE  TRUE

