
Birth-death simulation object with 622 species and 500 extant species

Details for some species:

Extinction times (NA means extant)
[1] 59.16033       NA       NA 10.85485 47.11696 11.57638


Speciation times 
[1] 67.05276 65.83544 61.41902 60.72683 59.46169 48.99522


Species parents (NA for initial)
[1] NA  1  1  1  1  2


Species status (extinct or extant)
[1] "extinct" "extant"  "extant"  "extinct" "extinct" "extinct"


For more details on vector y, try sim$y, with y one of
TE TS PAR EXTANT



$TE
  [1] 59.16032817          NA          NA 10.85485200 47.11695672 11.57638418          NA
  [8] 14.58513507 36.73859262 26.68521765 16.73499152 31.48282275 25.57089691 14.90273507
 [15]          NA          NA          NA          NA          NA  9.79718137 22.77995495
 [22] 22.35917834          NA          NA          NA  4.20510811 23.33568992  9.51074566
 [29]          NA 31.07478329 41.78138476          NA 17.85788989          NA          NA
 [36] 25.82500336 39.74065998 24.98423136          NA 10.45137907          NA 36.90647575
 [43] 17.99008406          NA          NA          NA 34.09557116          NA          NA
 [50]          NA 15.93161132          NA          NA          NA          NA          NA
 [57]          NA          NA          NA 20.36105499          NA          NA          NA
 [64]          NA          NA 37.74016435 35.99007078 10.53739757 20.86911327          NA
 [71] 18.81562691 19.59488361          NA          NA          NA          NA  1.03397015
 [78]          NA          NA          NA          NA 15.38536950          NA 10.18044758
 [85]          NA          NA          NA          NA 11.22109118          NA          NA
 [92]          NA          NA  1.01958460 31.11403855          NA  8.26223339 18.71746843
 [99]          NA  4.80456144          NA          NA 10.63124206          NA          NA
[106]          NA          NA          NA          NA          NA          NA          NA
[113]          NA          NA          NA 15.56802142          NA          NA          NA
[120]          NA          NA          NA          NA  0.96730168 14.37117528          NA
[127]          NA 15.67887673 10.08837317          NA          NA          NA          NA
[134]  4.79434833          NA          NA          NA 10.78349984          NA          NA
[141]          NA          NA 13.10786080          NA          NA          NA          NA
[148]          NA          NA          NA  8.85574251          NA          NA          NA
[155] 20.21216217          NA 15.89739791          NA 18.82687864  7.24172646 20.18017740
[162] 15.02285224          NA          NA          NA          NA  0.65997626          NA
[169] 11.43857640  2.92911361          NA  5.47936943  5.93255975          NA          NA
[176]          NA  0.51819562          NA          NA  5.73178038          NA          NA
[183]  4.32222327          NA          NA          NA  6.41528549          NA          NA
[190]          NA          NA          NA          NA          NA          NA  9.91222957
[197]          NA 10.42798314          NA  4.34368803          NA 13.88195336  3.89341263
[204]          NA          NA  8.33177633          NA          NA          NA          NA
[211]  3.36476820          NA  1.70458502          NA          NA          NA          NA
[218]  4.47129414          NA          NA          NA          NA          NA          NA
[225]          NA          NA          NA          NA  2.70469913          NA  2.69855284
[232]          NA          NA          NA          NA          NA          NA          NA
[239]          NA          NA          NA          NA          NA          NA          NA
[246]          NA          NA          NA  3.18838263          NA          NA  9.51108714
[253]          NA          NA          NA          NA          NA          NA          NA
[260] 10.76134237          NA          NA          NA          NA  3.24311117          NA
[267]          NA          NA          NA          NA          NA          NA          NA
[274]          NA          NA          NA          NA          NA          NA          NA
[281]          NA          NA          NA          NA          NA 10.75718997          NA
[288]          NA          NA          NA          NA          NA          NA          NA
[295]  7.14436604          NA          NA          NA          NA          NA          NA
[302]          NA          NA  8.60358594  5.09161994          NA          NA  3.90659541
[309]          NA          NA          NA          NA  7.12181288          NA          NA
[316]          NA          NA          NA  5.23899569          NA          NA          NA
[323]          NA          NA          NA          NA          NA          NA          NA
[330]  5.18008824          NA          NA          NA          NA          NA          NA
[337]          NA          NA          NA          NA          NA  6.18151102          NA
[344]          NA  2.36898682          NA          NA          NA          NA          NA
[351]          NA          NA          NA          NA          NA          NA  4.36083381
[358]          NA          NA          NA          NA          NA          NA          NA
[365]          NA  2.24759482  3.23799995          NA          NA          NA  4.56157417
[372]  4.39827238  6.69722685  3.18369944  5.36275173          NA          NA          NA
[379]          NA          NA          NA          NA          NA          NA          NA
[386]          NA  6.24824063          NA          NA          NA          NA  4.80401541
[393]          NA  2.15970583          NA          NA          NA          NA          NA
[400]          NA          NA          NA  1.83550842          NA          NA          NA
[407]          NA          NA          NA          NA          NA          NA          NA
[414]          NA          NA          NA          NA          NA          NA          NA
[421]          NA          NA  1.03529411          NA          NA          NA  0.08178822
[428]          NA          NA          NA          NA          NA  0.71800263          NA
[435]          NA          NA          NA          NA  2.04892576          NA          NA
[442]          NA          NA          NA          NA  3.47722570          NA          NA
[449]          NA          NA  3.81639571          NA  0.93725359          NA          NA
[456]          NA          NA          NA          NA          NA          NA          NA
[463]  0.28452811          NA          NA          NA          NA          NA          NA
[470]          NA          NA          NA  2.33351517          NA          NA          NA
[477]          NA          NA          NA          NA          NA  1.34253467          NA
[484]          NA          NA          NA          NA          NA  1.56117985          NA
[491]          NA          NA          NA          NA          NA          NA          NA
[498]          NA          NA          NA          NA          NA  1.17254870          NA
[505]          NA          NA          NA          NA          NA          NA          NA
[512]          NA          NA          NA          NA          NA          NA          NA
[519]          NA          NA          NA          NA          NA          NA          NA
[526]          NA          NA          NA          NA          NA          NA          NA
[533]          NA          NA          NA          NA          NA          NA          NA
[540]          NA          NA          NA          NA  3.45941955          NA          NA
[547]          NA          NA          NA          NA          NA          NA          NA
[554]          NA          NA          NA          NA          NA          NA          NA
[561]          NA          NA          NA          NA          NA          NA          NA
[568]          NA          NA          NA          NA          NA          NA          NA
[575]          NA          NA          NA          NA          NA  0.74074694          NA
[582]          NA          NA          NA          NA          NA          NA          NA
[589]  0.46101746          NA          NA          NA          NA          NA          NA
[596]          NA          NA          NA          NA          NA          NA          NA
[603]          NA          NA          NA          NA          NA          NA          NA
[610]          NA          NA          NA          NA  0.24175486          NA          NA
[617]          NA          NA          NA          NA          NA          NA

$TS
  [1] 6.705276e+01 6.583544e+01 6.141902e+01 6.072683e+01 5.946169e+01 4.899522e+01 4.806627e+01
  [8] 4.767235e+01 4.434365e+01 3.761948e+01 3.750477e+01 3.500069e+01 3.223992e+01 2.415032e+01
 [15] 1.293300e+01 1.176112e+01 1.076749e+01 8.628886e+00 5.568311e+00 2.426196e+01 2.393208e+01
 [22] 2.344531e+01 1.680875e+01 1.556667e+01 9.799509e+00 5.448766e+00 5.890240e+01 2.259065e+01
 [29] 1.249129e+01 5.375174e+01 4.938710e+01 5.242934e+01 4.743633e+01 3.981864e+01 5.341805e+01
 [36] 3.407891e+01 4.156840e+01 3.160678e+01 1.377854e+01 1.258043e+01 4.773777e+00 5.024729e+01
 [43] 3.537722e+01 1.746666e+01 1.012959e+01 6.184737e+00 4.199872e+01 4.328394e+01 3.072395e+01
 [50] 2.482262e+01 2.139352e+01 1.664832e+01 3.189663e+00 2.939102e+01 4.481441e+01 3.154538e+01
 [57] 2.034793e+01 1.271279e+01 1.227845e+00 4.201758e+01 4.193647e+01 3.624449e+01 3.921611e+00
 [64] 5.471715e-01 4.161581e-01 3.860284e+01 3.847827e+01 2.922478e+01 2.725022e+01 2.403253e+01
 [71] 2.306691e+01 3.405227e+01 2.160126e+01 1.816553e+01 1.429256e+01 1.344188e+00 1.343478e+00
 [78] 3.025979e+01 2.363126e+01 1.372669e+01 6.082003e+00 3.246439e+01 2.010937e+01 2.960993e+01
 [85] 3.161592e+01 2.940024e+01 2.202218e+01 2.787122e+01 2.570676e+01 3.066381e+01 1.403468e+01
 [92] 1.062992e+01 9.766178e+00 8.571043e+00 3.129641e+01 2.981996e+01 2.753097e+01 2.370846e+01
 [99] 2.253452e+01 1.581430e+01 2.337098e+00 1.685549e+01 1.479928e+01 2.167094e+00 2.098118e+00
[106] 5.709089e+00 2.583868e-01 1.653145e+01 3.823421e+00 3.566879e+00 1.875746e+01 1.270373e+01
[113] 1.160173e+01 1.330767e+01 9.955740e+00 2.094191e+01 8.968635e+00 2.586322e+00 2.484984e+01
[120] 2.365398e+01 1.719013e+01 1.327388e+01 1.498827e+00 1.250339e+01 2.166921e+01 1.918553e+01
[127] 1.673158e+01 1.628910e+01 1.179456e+01 1.129936e+01 1.059462e+01 1.012124e+01 8.408345e+00
[134] 2.178734e+01 9.325231e+00 5.099905e+00 2.205232e+00 1.588517e+01 9.905597e+00 2.105764e+01
[141] 1.673709e+01 2.366322e+01 1.900200e+01 1.218652e+01 1.035225e+01 2.345082e+01 1.442841e+01
[148] 7.770551e+00 3.014052e+00 1.908461e+00 1.654884e+01 1.176991e+01 1.737179e+01 1.501991e+00
[155] 2.071566e+01 8.326399e+00 1.733920e+01 1.049735e+00 2.081398e+01 1.619981e+01 2.041271e+01
[162] 1.833758e+01 1.245316e+01 1.104431e+01 9.084495e+00 6.033055e+00 5.108867e+00 2.754816e+00
[169] 1.160296e+01 4.722025e+00 4.234952e-01 1.345761e+01 1.176803e+01 4.463105e+00 1.549715e+01
[176] 8.571586e+00 6.678114e+00 2.052573e+00 1.573939e+01 1.395598e+01 7.758515e+00 7.639311e+00
[183] 7.142199e+00 1.959227e+00 8.879029e+00 7.663687e+00 1.271754e+01 1.555491e+01 1.228794e+01
[190] 8.383676e+00 2.833816e+00 2.329939e+00 1.405398e+01 1.263021e+01 1.212272e+01 1.046943e+01
[197] 6.245322e+00 1.224945e+01 8.248734e+00 6.076840e+00 2.391635e+00 1.437429e+01 1.431452e+01
[204] 1.452153e+00 9.584424e+00 1.494921e+01 1.405117e+01 1.547076e+01 6.804773e+00 3.313472e+00
[211] 1.317646e+01 7.711860e+00 1.399649e+01 8.455965e+00 6.879702e+00 4.877621e+00 1.148527e+01
[218] 1.107934e+01 6.612543e+00 1.197500e+01 8.522925e+00 9.466305e+00 7.716383e+00 9.293808e+00
[225] 7.788624e+00 6.723967e+00 4.617330e+00 4.521482e+00 1.382249e+01 1.210065e+00 8.655377e+00
[232] 2.418716e+00 2.036367e+00 9.118488e+00 8.306644e+00 7.445371e+00 6.902495e+00 1.505264e+00
[239] 7.424639e+00 5.948068e+00 1.210132e+01 8.699861e+00 7.634266e+00 5.317748e+00 6.907739e+00
[246] 4.269994e+00 8.554725e+00 2.132977e+00 1.182638e+01 1.074889e+01 1.067470e+01 1.054966e+01
[253] 9.926581e+00 9.925797e+00 2.863422e+00 1.786762e+00 1.602899e+00 1.209819e+01 1.172155e+01
[260] 1.118525e+01 4.105874e+00 8.507761e+00 6.567216e+00 5.615433e+00 4.299146e+00 9.499971e+00
[267] 8.688746e+00 6.345410e+00 6.032003e+00 2.536160e+00 1.579517e+00 3.492285e-04 5.862954e+00
[274] 5.261088e-01 1.060704e+01 9.621842e+00 5.662980e-01 4.328915e+00 4.038881e+00 3.633916e+00
[281] 8.011425e+00 4.800210e+00 1.140457e+01 8.882993e+00 5.738954e+00 1.127412e+01 8.554561e+00
[288] 7.213181e+00 9.250344e+00 9.008298e+00 8.870311e+00 6.248107e+00 2.490525e-01 1.073344e+01
[295] 9.398023e+00 6.602814e+00 9.553017e+00 8.346519e+00 2.265250e+00 1.482900e+00 1.041251e+00
[302] 7.053894e-01 5.399152e-01 1.090608e+01 8.150134e+00 6.797951e+00 8.659721e+00 5.600619e+00
[309] 4.880111e+00 8.146304e+00 2.076135e+00 9.567428e+00 8.204401e+00 6.508273e+00 6.262441e+00
[316] 8.468334e+00 6.938130e+00 6.653891e+00 1.001291e+01 3.460474e+00 1.692414e+00 6.343383e+00
[323] 6.969172e+00 5.276292e+00 3.948085e-01 9.715811e+00 2.492175e+00 1.433608e+00 7.038085e+00
[330] 5.927190e+00 5.883895e+00 2.384643e+00 5.149078e+00 9.470263e+00 7.203033e+00 7.036587e+00
[337] 4.276601e+00 4.276042e+00 3.359100e+00 3.126816e-01 1.131892e+00 9.250006e+00 2.242145e+00
[344] 7.626768e+00 7.331278e+00 7.087158e+00 6.384839e+00 5.197121e+00 3.309805e+00 7.183446e+00
[351] 1.886805e+00 3.786365e-01 8.897760e+00 9.236320e+00 5.238733e+00 2.289621e-01 7.761758e+00
[358] 6.431189e+00 5.798737e+00 3.345951e+00 2.025924e+00 8.744631e-01 9.141258e+00 5.433712e+00
[365] 7.805907e+00 7.142033e+00 6.070787e+00 4.222246e+00 3.082562e+00 6.252968e+00 4.645647e+00
[372] 8.868859e+00 7.821836e+00 6.764057e+00 6.730779e+00 1.845870e+00 7.372984e+00 7.008601e+00
[379] 5.505460e+00 1.677182e+00 5.641158e+00 4.750044e+00 7.926528e+00 4.705832e+00 6.438261e+00
[386] 3.893062e+00 7.886148e+00 5.859611e+00 4.565235e+00 4.827974e+00 2.526937e+00 6.354357e+00
[393] 2.787031e+00 6.569842e+00 7.549991e+00 5.770766e+00 6.576621e+00 7.060177e+00 3.018616e+00
[400] 2.811448e+00 4.771966e+00 1.137669e+00 5.342252e+00 1.466390e+00 2.476449e+00 1.023770e+00
[407] 2.543040e+00 6.339069e+00 3.427456e+00 2.991875e+00 2.921349e+00 7.104571e+00 6.478760e+00
[414] 1.183619e+00 4.937317e+00 5.281057e+00 4.818317e+00 5.915515e+00 3.409492e+00 2.431858e+00
[421] 1.279902e+00 8.922728e-02 4.343557e+00 4.332649e+00 3.011735e+00 1.268021e+00 1.557457e+00
[428] 1.671853e+00 1.815699e-01 1.725123e+00 5.849423e+00 8.990704e-02 5.449500e+00 6.174490e+00
[435] 4.966084e+00 2.164611e+00 4.768887e+00 2.366203e+00 5.033715e+00 4.099575e+00 6.142166e+00
[442] 2.162194e+00 6.156062e+00 2.590908e+00 5.724230e+00 4.882595e+00 1.362693e+00 6.385166e+00
[449] 5.715849e+00 4.438076e+00 4.388808e+00 3.212766e+00 1.372649e+00 6.080195e+00 1.161185e+00
[456] 5.198747e+00 2.287325e+00 5.837940e+00 5.020202e+00 4.117633e+00 2.002208e+00 4.932815e+00
[463] 1.147947e+00 5.077016e-01 4.904135e-01 6.108072e+00 6.066355e+00 5.108162e+00 4.064106e+00
[470] 3.872563e+00 2.506245e+00 2.173698e-01 5.769077e+00 2.487881e-01 2.651950e-01 5.010265e+00
[477] 1.709990e-01 5.824216e-01 4.633890e-01 5.523996e+00 2.347140e+00 4.392059e+00 2.875381e+00
[484] 2.748475e+00 1.734371e+00 1.494066e+00 2.717447e+00 5.430668e+00 4.471064e+00 4.178554e+00
[491] 2.342695e+00 4.833165e-01 1.397658e+00 4.877120e+00 8.199845e-01 4.780377e-01 2.967424e+00
[498] 1.715960e+00 2.740716e-01 3.743756e+00 4.260301e+00 3.634659e+00 2.408673e+00 1.870097e+00
[505] 6.001245e-01 4.597744e+00 1.231304e+00 4.997715e+00 9.903816e-01 3.848956e+00 3.781719e+00
[512] 7.970697e-01 3.822950e+00 1.733160e+00 1.570042e+00 3.755445e+00 2.279715e+00 2.839678e+00
[519] 4.510652e+00 2.604104e+00 1.102032e+00 1.271829e+00 2.806318e+00 1.580451e+00 3.079106e+00
[526] 4.125290e+00 2.835159e+00 3.426896e+00 3.183168e+00 1.191744e+00 3.658976e+00 2.546483e+00
[533] 1.221129e+00 4.505468e-01 3.738907e+00 2.573516e+00 5.578749e-01 9.647980e-01 3.530714e+00
[540] 3.496027e+00 2.749793e+00 2.035840e+00 1.304639e+00 3.789360e+00 1.367977e+00 1.979435e+00
[547] 3.669750e-01 2.878983e-02 3.513520e+00 3.389891e+00 2.377640e+00 1.478878e+00 1.297493e+00
[554] 1.007412e+00 7.917050e-01 1.316196e+00 1.694052e+00 2.833869e+00 2.334691e+00 1.711267e+00
[561] 1.245905e+00 1.647557e+00 2.567486e-01 9.683112e-02 2.891231e+00 1.289176e+00 1.266248e+00
[568] 1.769408e-01 1.455077e+00 2.397944e+00 1.718832e+00 1.665787e+00 2.602643e+00 6.533618e-01
[575] 7.853379e-01 3.622592e-01 1.408131e+00 1.053654e+00 8.693917e-01 2.392854e+00 1.137125e+00
[582] 2.149236e+00 1.258816e+00 9.621100e-01 1.908790e+00 9.750089e-01 1.033212e+00 2.239991e+00
[589] 8.950512e-01 1.961856e+00 6.766321e-01 3.196714e-02 1.889638e+00 1.806725e+00 2.538266e-01
[596] 1.890563e+00 1.383169e+00 2.245381e-01 1.201639e+00 9.144157e-02 1.458304e+00 8.691241e-03
[603] 1.663984e-02 9.767206e-01 1.068486e+00 1.394359e+00 2.555379e-01 2.510934e-01 6.263686e-01
[610] 1.201349e+00 1.816857e-01 1.050582e+00 8.838998e-01 7.079193e-01 7.889639e-02 2.973857e-01
[617] 2.731657e-01 8.530392e-01 2.802527e-01 4.041342e-01 4.147691e-01 7.274766e-02

$PAR
  [1]  NA   1   1   1   1   2   2   2   2   2   2   2   2   2   2   2   2   2   2   3   3   3   3
 [24]   3   3   3   4   4   4   5   5  27  27  27  30  30  35  35  35  35  35  32  32  32  32  32
 [47]  31   6   6   6   6   7   7   8  33  33  55  55  55   9   9  48  48  48  48  60  60  60  60
 [70]  60  60  61  61  61  61  34  34  62  62  62  62  43  43  36  72  72  72  82  82  85  85  85
 [93]  85  85  38  56  56  56  56  49  49  90  90  90  90  78  78  96  96  96  84  84  84  86  86
[116]  54  54  54  68  68  68  68  88  97  89 119 119 119 119 119 119 119 119  50  50  50  50  20
[139]  20  70  70  98 120 120 120  79  79  79  79  79 146 146  28  99 134 134  73  73  51  51 140
[162] 140 140 140 140 140 140 140  83  83  83 126 126 126 143 111 111 111 153 121 121 121 121 121
[185] 102 102  23 141 141 141 141 141 127 127 127 127 127  52  52  52  52 151 151 108 160 100 179
[208]  24  24  24 188 188 175 175 175 175 208 208 208 103 203 193 193 207 207 207 207 207  91  91
[231] 213 213 213 180 180  39  80  80 114 114 122 122 122 122  15  15 187  58 112 112 112 112 112
[254] 112 112 194 194 163 163 163 163 189 189 189 189 144 144 144 144 144 144 144 195 195 241 241
[277] 241 258 258 258 220 220 249 249 249 173 173 173 259 113 113 217 217 283 283 283 130 130 130
[300] 130 130 130 130 286 218 218 164 164 250 294 294 251 131 131 145  45  45  45 132 132 132 319
[323] 253 253 253 254 254 254 139  25  25  25 205 312 312 312 312 312 312 312 297 266 266 334 334
[346] 334 334 334 334 222 222 222 295 135 224 224 289 289 289 289 289 289 354 354 165 165 165 165
[369] 353 185 185 291 291 291 291 291 372 242 267 267 307 307  18  94 247 247 287 287 287 262 214
[392] 298 298 235 313 305 310 281 281 281 383 383 225 225 148 148 181 223 186 186 182 243 395 395
[415] 239 377 345 288 288 288 335 350 183 183 412 346 398 378 378 323 317 317 245 237 237 237 215
[438] 209 374 374 226 177 219 219 397 397 397 394 263 263 263 263 385 358 358 347 347 268 268 268
[461] 268 322 322 315 370 292 292 292  46 443 441 441 367 467 166 240 418 331 331 273 273 388 388
[484] 388 431 359 473 445 445 445 445 449 381  19  19  19 433 364 364 244 416 416 355 355 355 456
[507] 456 167 468 439 439 508 435 462 462 309 309 282  41  41 382 389 228 228 519 482 424 278 278
[530] 278 265 337 338 338 501 501 368 440 469 469 469 469  63 109 511 500 500 535 531 531 549 540
[553] 540 540 540 419 550 339 360 210 210 529 369 369 399 399 425 255 518 527 558 558 393 393 541
[576] 520 270 391 471 232 232 201 332 551 481 481 491 192 517 311 178 233 542 542 361 150 351 504
[599] 594 514 557 557 572 515 486 300 577 577 493 567 599 414 578 612 612 158 509 604 584 618 478
[622] 496

$EXTANT
  [1] FALSE  TRUE  TRUE FALSE FALSE FALSE  TRUE FALSE FALSE FALSE FALSE FALSE FALSE FALSE  TRUE
 [16]  TRUE  TRUE  TRUE  TRUE FALSE FALSE FALSE  TRUE  TRUE  TRUE FALSE FALSE FALSE  TRUE FALSE
 [31] FALSE  TRUE FALSE  TRUE  TRUE FALSE FALSE FALSE  TRUE FALSE  TRUE FALSE FALSE  TRUE  TRUE
 [46]  TRUE FALSE  TRUE  TRUE  TRUE FALSE  TRUE  TRUE  TRUE  TRUE  TRUE  TRUE  TRUE  TRUE FALSE
 [61]  TRUE  TRUE  TRUE  TRUE  TRUE FALSE FALSE FALSE FALSE  TRUE FALSE FALSE  TRUE  TRUE  TRUE
 [76]  TRUE FALSE  TRUE  TRUE  TRUE  TRUE FALSE  TRUE FALSE  TRUE  TRUE  TRUE  TRUE FALSE  TRUE
 [91]  TRUE  TRUE  TRUE FALSE FALSE  TRUE FALSE FALSE  TRUE FALSE  TRUE  TRUE FALSE  TRUE  TRUE
[106]  TRUE  TRUE  TRUE  TRUE  TRUE  TRUE  TRUE  TRUE  TRUE  TRUE FALSE  TRUE  TRUE  TRUE  TRUE
[121]  TRUE  TRUE  TRUE FALSE FALSE  TRUE  TRUE FALSE FALSE  TRUE  TRUE  TRUE  TRUE FALSE  TRUE
[136]  TRUE  TRUE FALSE  TRUE  TRUE  TRUE  TRUE FALSE  TRUE  TRUE  TRUE  TRUE  TRUE  TRUE  TRUE
[151] FALSE  TRUE  TRUE  TRUE FALSE  TRUE FALSE  TRUE FALSE FALSE FALSE FALSE  TRUE  TRUE  TRUE
[166]  TRUE FALSE  TRUE FALSE FALSE  TRUE FALSE FALSE  TRUE  TRUE  TRUE FALSE  TRUE  TRUE FALSE
[181]  TRUE  TRUE FALSE  TRUE  TRUE  TRUE FALSE  TRUE  TRUE  TRUE  TRUE  TRUE  TRUE  TRUE  TRUE
[196] FALSE  TRUE FALSE  TRUE FALSE  TRUE FALSE FALSE  TRUE  TRUE FALSE  TRUE  TRUE  TRUE  TRUE
[211] FALSE  TRUE FALSE  TRUE  TRUE  TRUE  TRUE FALSE  TRUE  TRUE  TRUE  TRUE  TRUE  TRUE  TRUE
[226]  TRUE  TRUE  TRUE FALSE  TRUE FALSE  TRUE  TRUE  TRUE  TRUE  TRUE  TRUE  TRUE  TRUE  TRUE
[241]  TRUE  TRUE  TRUE  TRUE  TRUE  TRUE  TRUE  TRUE FALSE  TRUE  TRUE FALSE  TRUE  TRUE  TRUE
[256]  TRUE  TRUE  TRUE  TRUE FALSE  TRUE  TRUE  TRUE  TRUE FALSE  TRUE  TRUE  TRUE  TRUE  TRUE
[271]  TRUE  TRUE  TRUE  TRUE  TRUE  TRUE  TRUE  TRUE  TRUE  TRUE  TRUE  TRUE  TRUE  TRUE  TRUE
[286] FALSE  TRUE  TRUE  TRUE  TRUE  TRUE  TRUE  TRUE  TRUE FALSE  TRUE  TRUE  TRUE  TRUE  TRUE
[301]  TRUE  TRUE  TRUE FALSE FALSE  TRUE  TRUE FALSE  TRUE  TRUE  TRUE  TRUE FALSE  TRUE  TRUE
[316]  TRUE  TRUE  TRUE FALSE  TRUE  TRUE  TRUE  TRUE  TRUE  TRUE  TRUE  TRUE  TRUE  TRUE FALSE
[331]  TRUE  TRUE  TRUE  TRUE  TRUE  TRUE  TRUE  TRUE  TRUE  TRUE  TRUE FALSE  TRUE  TRUE FALSE
[346]  TRUE  TRUE  TRUE  TRUE  TRUE  TRUE  TRUE  TRUE  TRUE  TRUE  TRUE FALSE  TRUE  TRUE  TRUE
[361]  TRUE  TRUE  TRUE  TRUE  TRUE FALSE FALSE  TRUE  TRUE  TRUE FALSE FALSE FALSE FALSE FALSE
[376]  TRUE  TRUE  TRUE  TRUE  TRUE  TRUE  TRUE  TRUE  TRUE  TRUE  TRUE FALSE  TRUE  TRUE  TRUE
[391]  TRUE FALSE  TRUE FALSE  TRUE  TRUE  TRUE  TRUE  TRUE  TRUE  TRUE  TRUE FALSE  TRUE  TRUE
[406]  TRUE  TRUE  TRUE  TRUE  TRUE  TRUE  TRUE  TRUE  TRUE  TRUE  TRUE  TRUE  TRUE  TRUE  TRUE
[421]  TRUE  TRUE FALSE  TRUE  TRUE  TRUE FALSE  TRUE  TRUE  TRUE  TRUE  TRUE FALSE  TRUE  TRUE
[436]  TRUE  TRUE  TRUE FALSE  TRUE  TRUE  TRUE  TRUE  TRUE  TRUE FALSE  TRUE  TRUE  TRUE  TRUE
[451] FALSE  TRUE FALSE  TRUE  TRUE  TRUE  TRUE  TRUE  TRUE  TRUE  TRUE  TRUE FALSE  TRUE  TRUE
[466]  TRUE  TRUE  TRUE  TRUE  TRUE  TRUE  TRUE FALSE  TRUE  TRUE  TRUE  TRUE  TRUE  TRUE  TRUE
[481]  TRUE FALSE  TRUE  TRUE  TRUE  TRUE  TRUE  TRUE FALSE  TRUE  TRUE  TRUE  TRUE  TRUE  TRUE
[496]  TRUE  TRUE  TRUE  TRUE  TRUE  TRUE  TRUE FALSE  TRUE  TRUE  TRUE  TRUE  TRUE  TRUE  TRUE
[511]  TRUE  TRUE  TRUE  TRUE  TRUE  TRUE  TRUE  TRUE  TRUE  TRUE  TRUE  TRUE  TRUE  TRUE  TRUE
[526]  TRUE  TRUE  TRUE  TRUE  TRUE  TRUE  TRUE  TRUE  TRUE  TRUE  TRUE  TRUE  TRUE  TRUE  TRUE
[541]  TRUE  TRUE  TRUE FALSE  TRUE  TRUE  TRUE  TRUE  TRUE  TRUE  TRUE  TRUE  TRUE  TRUE  TRUE
[556]  TRUE  TRUE  TRUE  TRUE  TRUE  TRUE  TRUE  TRUE  TRUE  TRUE  TRUE  TRUE  TRUE  TRUE  TRUE
[571]  TRUE  TRUE  TRUE  TRUE  TRUE  TRUE  TRUE  TRUE  TRUE FALSE  TRUE  TRUE  TRUE  TRUE  TRUE
[586]  TRUE  TRUE  TRUE FALSE  TRUE  TRUE  TRUE  TRUE  TRUE  TRUE  TRUE  TRUE  TRUE  TRUE  TRUE
[601]  TRUE  TRUE  TRUE  TRUE  TRUE  TRUE  TRUE  TRUE  TRUE  TRUE  TRUE  TRUE  TRUE FALSE  TRUE
[616]  TRUE  TRUE  TRUE  TRUE  TRUE  TRUE  TRUE

