
Birth-death simulation object with 605 species and 500 extant species

Details for some species:

Extinction times (NA means extant)
[1] 12.06760 19.87482 38.56607       NA       NA 23.90096


Speciation times 
[1] 52.74051 46.03728 44.71439 40.61461 36.79947 41.74523


Species parents (NA for initial)
[1] NA  1  1  1  1  2


Species status (extinct or extant)
[1] "extinct" "extinct" "extinct" "extant"  "extant"  "extinct"


For more details on vector y, try sim$y, with y one of
TE TS PAR EXTANT



$TE
  [1] 12.06759867 19.87482232 38.56606585          NA          NA 23.90095916 32.80270678  5.42997892 32.01971917 27.73464536
 [11]          NA 32.69640936 17.37093801          NA          NA          NA          NA 14.71930303          NA          NA
 [21]          NA          NA          NA          NA          NA          NA          NA 17.28216097          NA          NA
 [31]          NA          NA          NA          NA 17.13510904 25.46899185  7.13045470          NA          NA 10.96110974
 [41]          NA 10.69737717  5.69461637  1.81968894          NA          NA          NA 24.05793481 20.15156221 20.68711624
 [51]          NA          NA          NA          NA          NA 12.46440239          NA 17.21177223 13.01448764  5.08333230
 [61]          NA 17.60556338          NA          NA  3.75867839  3.47898652          NA          NA          NA          NA
 [71] 13.06910305          NA          NA          NA          NA  1.38737077  0.71689050  9.01175074          NA  5.00645688
 [81]          NA          NA          NA 17.01830777 18.17027316  9.53301204          NA  4.32009508  9.18821947  4.35730614
 [91]  1.30783826          NA          NA          NA          NA          NA          NA          NA          NA          NA
[101]          NA  4.94836127          NA          NA 10.13596894          NA          NA          NA          NA          NA
[111]          NA          NA          NA          NA          NA 16.78795769          NA          NA          NA  3.82192824
[121]          NA          NA          NA          NA          NA          NA          NA          NA          NA  1.41437042
[131]          NA  4.91793981          NA          NA          NA          NA          NA  1.61742389          NA          NA
[141]          NA          NA  7.64549926          NA  9.21182957          NA          NA  2.20432159 14.50866457 10.48887000
[151]  4.41669280          NA          NA 12.31820396          NA          NA          NA          NA  8.29757575  3.36456626
[161]          NA          NA          NA          NA          NA          NA          NA          NA          NA  3.46614282
[171]          NA          NA          NA          NA          NA          NA          NA          NA          NA          NA
[181]  6.34175925          NA          NA          NA          NA  6.15131113          NA  0.71647294          NA          NA
[191]          NA          NA          NA          NA          NA  7.44104116          NA          NA          NA          NA
[201]          NA          NA          NA 10.75217902          NA 11.51180396          NA          NA          NA          NA
[211]          NA          NA          NA  4.16112268          NA          NA          NA          NA          NA          NA
[221]          NA          NA          NA          NA          NA          NA          NA          NA          NA          NA
[231]          NA          NA          NA          NA          NA          NA  5.23181181  1.94876429          NA          NA
[241]          NA          NA          NA          NA  2.19482575          NA          NA          NA          NA          NA
[251]          NA          NA          NA          NA          NA  4.89865434          NA          NA          NA  7.56568361
[261]          NA          NA          NA          NA  8.35914494          NA          NA          NA          NA  3.57962922
[271]  6.13277466          NA          NA          NA          NA          NA  1.92651631  3.24035111  0.64111575          NA
[281]          NA          NA          NA          NA          NA          NA          NA          NA          NA          NA
[291]          NA          NA          NA          NA          NA          NA          NA          NA          NA          NA
[301]          NA          NA          NA          NA          NA  5.95997066          NA          NA          NA          NA
[311]          NA  0.42839896          NA  5.07230156          NA          NA          NA          NA          NA          NA
[321]          NA          NA          NA          NA          NA          NA          NA          NA          NA          NA
[331]          NA          NA          NA          NA  4.67795508          NA          NA          NA          NA          NA
[341]          NA          NA          NA          NA          NA          NA  5.16960304          NA          NA          NA
[351]          NA          NA          NA          NA          NA          NA          NA          NA          NA          NA
[361]  5.63571412  0.31637644          NA          NA          NA          NA          NA          NA          NA          NA
[371]          NA  4.97055560          NA  6.43123720          NA          NA          NA          NA          NA          NA
[381]  0.01788889          NA          NA          NA          NA          NA          NA          NA  3.49145630          NA
[391]          NA          NA  0.81000521          NA          NA          NA  3.69325951          NA  0.37583102  2.56196994
[401]          NA          NA          NA          NA          NA          NA          NA          NA          NA          NA
[411]          NA          NA          NA          NA          NA          NA  4.87154925          NA          NA          NA
[421]          NA          NA          NA          NA          NA          NA          NA          NA          NA          NA
[431]          NA          NA          NA          NA          NA          NA  0.77654316          NA          NA          NA
[441]          NA          NA          NA  1.54996074          NA          NA          NA          NA          NA          NA
[451]          NA  1.73830751          NA          NA  1.97950724          NA          NA          NA          NA          NA
[461]          NA          NA          NA          NA          NA          NA          NA          NA          NA          NA
[471]          NA          NA          NA          NA          NA          NA          NA          NA          NA          NA
[481]          NA          NA          NA          NA          NA          NA          NA          NA          NA          NA
[491]          NA          NA          NA          NA  0.59101125          NA  0.79517139          NA          NA          NA
[501]          NA          NA          NA          NA          NA          NA          NA          NA          NA          NA
[511]          NA          NA          NA          NA          NA          NA          NA          NA          NA          NA
[521]          NA          NA          NA          NA          NA          NA          NA          NA          NA          NA
[531]          NA          NA          NA          NA          NA          NA          NA          NA          NA          NA
[541]          NA          NA          NA          NA          NA          NA          NA  1.41324540          NA          NA
[551]          NA  0.84906483          NA          NA          NA          NA          NA          NA          NA  0.95652087
[561]          NA          NA          NA          NA          NA          NA          NA  0.34075259          NA          NA
[571]  1.83832438          NA          NA          NA          NA          NA  0.70409886          NA          NA          NA
[581]          NA          NA          NA          NA          NA          NA          NA          NA          NA          NA
[591]          NA          NA          NA          NA          NA  0.37859958          NA          NA          NA          NA
[601]          NA          NA          NA          NA          NA

$TS
  [1] 52.740505810 46.037277244 44.714390973 40.614605133 36.799474778 41.745228768 38.357500587 34.828083183 34.053748782 27.916824794
 [11] 34.758445363 33.123074182 21.448386526 17.553264666 16.314710492  2.046204808 25.342696839 16.240437500 15.638926675 13.968118717
 [21] 13.904059116 30.466791843 20.950745847 10.750613389 30.187717861 27.307199141 25.441017856 19.599772419 18.227342153 17.475730208
 [31] 14.137110796 11.412137902 10.965024014  3.199905999 32.950147844 26.691267144 23.068980375 24.002296443 22.659394066 19.066360944
 [41] 18.586785354 14.065502868 13.878754780  5.561147887 16.746774617  7.342423469  2.995984269 25.045556521 22.941544865 21.365177982
 [51] 20.194577821 14.747996986  1.371496491 18.621467675 17.335881788 16.987399395  0.630948723 24.849679484 23.961385754 23.613783427
 [61] 22.686853415 20.418845980 19.304107764  4.049729521 21.217558836 18.343378385 16.486957706 19.446091359 12.464549208  5.812039722
 [71] 22.663812263 20.344571569 10.310620634 10.262796327  0.039759285 20.818257384 18.889500477 16.745301530 15.800011699 11.629958920
 [81]  7.997983584  4.767699355  1.371037754 20.718925965 20.394929558 14.026422859  5.084933452 19.984566779 16.681291243  6.429464079
 [91] 17.376200863  9.183051152  8.519538278  6.962266842 10.874348467 10.388174981 10.374211650  6.650901415 14.425458185 14.093494700
[101] 12.907018366  8.719227997  2.527803189 13.679965969 12.642593376 10.716382254  8.906276195  8.628342929  8.416003795  5.215507292
[111]  4.035570437 12.626161381 12.577584136 17.807717638 17.382916071 17.203982713 15.697421492 13.842784917  6.779996533  7.385518979
[121]  4.243164117 14.212540541  9.669331952  8.474301797  3.652568796  2.262878928 12.548171683 10.912332547  8.532610600 15.373089401
[131]  9.077556155  5.485820929  5.108514209 13.201069225 15.667191033  0.732502229  0.623640314 15.778385747 11.831366293 10.857057464
[141]  9.973809305 16.537863735 14.404594219 16.434856718 16.147799995 11.825468516 10.572740961  3.414597812 15.228032287 11.329208599
[151]  5.428976947  3.418116835 12.807205793 12.660824503 11.208419060  3.306075615  3.249488339 15.493332892 15.108173945 12.225936861
[161] 15.059763729  4.591507028  8.077229767  3.062191163 14.861605647  4.091407345  2.781412372 11.137884872  1.700440109  7.169851558
[171]  6.527580555  3.011961509 11.636300210  3.512742076 14.654629752 10.711910948 10.017386419  5.974329100 14.617453964 11.207962473
[181] 13.191143732  8.469874570  8.280727473  5.817021555  1.627887244  8.695347500  7.770456600  6.102871224 11.955314360 10.803505842
[191]  2.783005090  2.328710287  1.683192889  8.960435383  4.090977499  8.524148081  5.926233135  5.618010292  1.041464022  0.358410928
[201] 10.937861001 11.036497296  3.981867747 11.132872567  3.947349348 12.467701078  9.872277373  6.549074292  3.335979984  7.777205819
[211]  3.539914685  1.235028005 11.531898018  8.265494636  7.025850570  3.973889973  8.469620322  7.921456407  6.748538565  5.737471203
[221]  8.158754379  4.780768146  2.332608270 11.517439920 11.491245084 11.290721944  7.434504533  2.065152752  2.008756979  4.671182942
[231] 11.891643821 10.573249602  4.444891186 11.252780156  9.833241160  9.817847637  7.838492057  2.051463516  0.330122884  2.360595918
[241]  1.381527997  9.895237921  9.458720846  6.425437998  3.068247958  3.461001510  2.021985768  4.007387264  2.058883352  0.355098192
[251]  9.886754410  6.202752663  5.768281016  4.927991315  2.479709182  9.188020921  7.569039171  6.038660484  2.969084163  8.165092618
[261]  8.152070445  4.589318358  2.905228845  7.684108083  9.476908347  4.545350247  1.649825186  7.480977778  6.673809230  9.237830278
[271]  7.503240835  4.033559050  8.950128759  3.778186703  4.885563756  4.653446485  4.298803942 10.535369579  6.486770999  3.338268241
[281]  0.727162403  6.435244193  8.716236346  8.447958566  5.377071030  4.673903398  2.887242953  9.373109830  6.742470163  5.976254826
[291]  2.946479895 10.488423780  9.234550697  4.275720845  3.758312172 10.509374347  9.198444649  6.823427647  1.120701928  2.274756636
[301]  4.354213221  5.223015782  0.279579756  4.128651899  0.308039874  9.029664876  6.445798804  4.984542836  0.383935382  5.649244800
[311]  3.030611769  1.637138645  8.213964581  7.978325117  7.558595665  6.735732408  4.420879582  3.365688217  2.017101924  9.063582376
[321]  5.497433892  4.900888825  3.557194132  1.100430117  8.806676590  7.958057946  7.925608379  6.952700996  9.222494078  8.458175282
[331]  8.998046018  5.270293017  4.037759337  4.043869340  9.000233398  8.592783418  7.414369256  5.689124117  2.429828672  1.239656022
[341]  1.069205434  5.902888180  5.805103625  0.001032265  8.559125363  6.724852597  5.960596596  8.474961936  6.856137408  6.348505121
[351]  5.048402086  4.712375608  0.493263429  2.590645032  0.599644283  5.249265248  3.724036913  7.798040309  0.357930508  6.215209230
[361]  6.184073217  3.468530679  1.700787220  0.447631761  1.737237128  4.741498425  4.169837421  2.110561566  8.047943936  5.397451163
[371]  1.874742729  8.176945754  4.458496528  8.091812682  2.258308670  0.515930513  5.596015957  5.551674688  5.208351484  4.660978362
[381]  3.531315518  4.717616383  3.492780409  1.664662968  7.291449687  2.395992397  0.077861754  7.696459442  6.692852960  7.717235226
[391]  2.025601541  1.511327091  6.857484005  1.924238129  0.708603652  0.122857981  6.657380718  4.439519551  3.668585510  2.666057999
[401]  6.258465787  1.847787099  1.170707599  0.722729617  7.217026713  4.101990449  0.739040100  0.314849754  7.185850274  4.467696903
[411]  4.357681917  3.870855781  6.610477073  2.245467394  1.122078040  0.694240637  6.747515552  2.532965557  5.639685428  0.184228514
[421]  4.488641651  2.860216726  0.904243786  4.865114306  5.652568011  5.063685162  2.090416338  6.154671149  1.140944521  5.961108732
[431]  4.593145487  5.562420084  4.519262316  0.027743193  2.623040512  0.040835806  2.495136612  2.158563482  4.240851954  4.978821795
[441]  3.528708522  4.967912744  5.441227555  1.774364836  4.812679026  1.949752020  5.029468192  5.139205699  4.419685000  3.146848207
[451]  4.066210942  2.925375372  5.249637230  1.828220705  4.533181824  2.215526496  1.379980848  1.438929318  1.683092916  4.672444330
[461]  4.348181712  2.729699763  3.083370398  1.732803538  1.197169643  0.360747951  3.110404456  2.811603749  2.312771440  0.893799802
[471]  0.218980694  4.150627372  4.435372698  1.932834958  3.693064137  4.635158076  3.543326817  3.128491255  3.506700832  2.697345142
[481]  2.379698929  2.283632673  1.512464520  2.750314317  2.532640273  0.414530604  2.533643645  2.415859002  1.079564323  3.683142108
[491]  3.674193270  0.837718177  2.813637835  3.347319863  0.951838323  4.026693028  3.710670545  3.454477830  1.780001440  2.700453460
[501]  3.574174004  2.032361029  3.585330108  2.661214095  3.418409852  3.341066794  2.572091288  0.353963487  1.960465688  3.083230823
[511]  1.990785597  0.506060487  1.786232051  2.216925299  3.267516231  2.579803265  1.500718350  2.504891307  2.403783779  3.560023357
[521]  2.100222633  0.172147281  2.690810435  2.290253151  2.047638640  2.044697230  2.471515421  2.309505253  0.005116003  0.193443714
[531]  0.341485626  2.471157853  1.624535095  0.862832979  2.260368665  2.861501806  0.077906927  2.899903433  1.918399793  1.371082264
[541]  0.289763562  2.570908859  2.801628118  2.577881140  0.386581609  0.225021130  2.378598055  2.988804541  0.188879475  2.155193418
[551]  0.324689182  2.028477393  1.138172879  0.272169709  1.998741365  1.148404037  1.821457699  1.866131933  1.868964737  2.389617520
[561]  0.040766746  1.727375186  0.186308807  1.589054328  1.475143482  0.413202179  1.501707901  0.670944981  0.937935543  2.274342091
[571]  2.099472638  1.826745187  0.401230107  1.755659632  1.528400549  0.382239406  1.545281706  1.857972799  0.358722263  1.520020961
[581]  1.642075790  0.636067657  0.526108256  0.199736372  1.523569247  0.723310035  0.269339975  0.239550196  0.223276460  0.423139230
[591]  0.398523136  0.752096275  1.504373140  0.212097748  0.598606336  0.419349388  0.114680821  0.291400356  0.306347192  0.411122803
[601]  0.423415547  0.259063793  0.189063280  0.007938873  0.032361225

$PAR
  [1]  NA   1   1   1   1   2   2   6   6   6   4   4   4   4   4   4   5   5   5   5   5   8   8   8  11  11  11  11  11  11  11  11
 [33]  11  11  12  35  22  25  25  25  25  25  25  25  26  26  26  27  27  27  27  27  27  17  17  17  17  48  58  38  38  38  38  38
 [65]  59  59  59  60  60  60  61  61  61  61  61  71  71  39  39  39  39  39  39  65  65  23  76  62  72  72  51  51  51  51  88  88
 [97]  88  88  63  63  63  63  63  40  40  77  77  77  77  77  77  54  54  41  41  41  66  66  66  29 114  14  14  14  14  14  30  30
[129]  30  91  91  91  91  56  45  45  45  78  78  78  78  89  89 142 142 142 142  67 144 144 144 144  15  15  15  15  15  18  18 145
[161]  79  79 138 138 117 117 117 135 135  19  19  19 158 158 130 130 130 130 149 159 161 161 161 161 161 165 165 165 175 175 175 175
[193] 175 179 179  99  99  99  99  99 143  31  31  42  20  21  21  21  21  43 118 118 104 104 104 104 101 101 101 101 153 153 153 105
[225] 113 127 127 127 127  69 160 160 160 189 189 231 139 139 146 173 173 213 213 213 213 224 224  32  32  32 234 234 234 234 234 155
[257] 155 155 180 168 168 168 168 202  33  33  33 201 201 128 128 128  95  95 140 140 140 190 190 190 190  24 106 106 106 106 106 176
[289] 176 176 176 147 147 147 147 278 278 278 296 292  97  73  73 177 177 141 141 141 141 242 242 242 251 251 251 251 207 207 235 236
[321] 236 236 236 236 123 123 123 123 265 265 243 288 288 270 329 329 329 329 297 297 297 256 256 320 306 306 306 331 331 331 331 331
[353] 194 273 273 107 283 186 108 336 129 348 124 124 217 284 284 284 109 109 109 183 183 313 313 313 261 261 261 261 261 163 369 369
[385]  81  81  81 314 314 326 326 327 237 358 210 187 390 390 390 390 264 264 264 257 315 315 268 268 337 337 337 337 385  94 349 298
[417] 219 219 316 316 346 346 269 397  98  98  98 413 171 279 279 350 401 401 360 252 428 258 290 178 430 342 184 184 343 220 425 432
[449] 432  44 321 321 443 443 453 453 453 356 302 110 448 351 308 440 440 440 442 442 442 442 442 322 222 222 366 352 352 286 460 460
[481] 460 380 380 276 276 276 431 162 266 433 433 433 421 373 373 233 233 233 398 317 301 277 294 294 121 439 439 304 406 334 334 334
[513] 333 111 272 272 272 496 295 357 357 475 490 490 490 501 323 477 174 479 246 505 505 505 152 318 318 280 209 209 209 156  34 478
[545] 463 463 510 311 172  47  47 291 468 484 462 500 480 544 487 418 418 103 103 518 518 527 532 339 386 481 481 240 469 528 528 550
[577] 368 427 391 229 555 555 511 511 394 559 402 402 557 499 464 533 577 340 534 407 136 281 404 395 416  57 353 408 387

$EXTANT
  [1] FALSE FALSE FALSE  TRUE  TRUE FALSE FALSE FALSE FALSE FALSE  TRUE FALSE FALSE  TRUE  TRUE  TRUE  TRUE FALSE  TRUE  TRUE  TRUE
 [22]  TRUE  TRUE  TRUE  TRUE  TRUE  TRUE FALSE  TRUE  TRUE  TRUE  TRUE  TRUE  TRUE FALSE FALSE FALSE  TRUE  TRUE FALSE  TRUE FALSE
 [43] FALSE FALSE  TRUE  TRUE  TRUE FALSE FALSE FALSE  TRUE  TRUE  TRUE  TRUE  TRUE FALSE  TRUE FALSE FALSE FALSE  TRUE FALSE  TRUE
 [64]  TRUE FALSE FALSE  TRUE  TRUE  TRUE  TRUE FALSE  TRUE  TRUE  TRUE  TRUE FALSE FALSE FALSE  TRUE FALSE  TRUE  TRUE  TRUE FALSE
 [85] FALSE FALSE  TRUE FALSE FALSE FALSE FALSE  TRUE  TRUE  TRUE  TRUE  TRUE  TRUE  TRUE  TRUE  TRUE  TRUE FALSE  TRUE  TRUE FALSE
[106]  TRUE  TRUE  TRUE  TRUE  TRUE  TRUE  TRUE  TRUE  TRUE  TRUE FALSE  TRUE  TRUE  TRUE FALSE  TRUE  TRUE  TRUE  TRUE  TRUE  TRUE
[127]  TRUE  TRUE  TRUE FALSE  TRUE FALSE  TRUE  TRUE  TRUE  TRUE  TRUE FALSE  TRUE  TRUE  TRUE  TRUE FALSE  TRUE FALSE  TRUE  TRUE
[148] FALSE FALSE FALSE FALSE  TRUE  TRUE FALSE  TRUE  TRUE  TRUE  TRUE FALSE FALSE  TRUE  TRUE  TRUE  TRUE  TRUE  TRUE  TRUE  TRUE
[169]  TRUE FALSE  TRUE  TRUE  TRUE  TRUE  TRUE  TRUE  TRUE  TRUE  TRUE  TRUE FALSE  TRUE  TRUE  TRUE  TRUE FALSE  TRUE FALSE  TRUE
[190]  TRUE  TRUE  TRUE  TRUE  TRUE  TRUE FALSE  TRUE  TRUE  TRUE  TRUE  TRUE  TRUE  TRUE FALSE  TRUE FALSE  TRUE  TRUE  TRUE  TRUE
[211]  TRUE  TRUE  TRUE FALSE  TRUE  TRUE  TRUE  TRUE  TRUE  TRUE  TRUE  TRUE  TRUE  TRUE  TRUE  TRUE  TRUE  TRUE  TRUE  TRUE  TRUE
[232]  TRUE  TRUE  TRUE  TRUE  TRUE FALSE FALSE  TRUE  TRUE  TRUE  TRUE  TRUE  TRUE FALSE  TRUE  TRUE  TRUE  TRUE  TRUE  TRUE  TRUE
[253]  TRUE  TRUE  TRUE FALSE  TRUE  TRUE  TRUE FALSE  TRUE  TRUE  TRUE  TRUE FALSE  TRUE  TRUE  TRUE  TRUE FALSE FALSE  TRUE  TRUE
[274]  TRUE  TRUE  TRUE FALSE FALSE FALSE  TRUE  TRUE  TRUE  TRUE  TRUE  TRUE  TRUE  TRUE  TRUE  TRUE  TRUE  TRUE  TRUE  TRUE  TRUE
[295]  TRUE  TRUE  TRUE  TRUE  TRUE  TRUE  TRUE  TRUE  TRUE  TRUE  TRUE FALSE  TRUE  TRUE  TRUE  TRUE  TRUE FALSE  TRUE FALSE  TRUE
[316]  TRUE  TRUE  TRUE  TRUE  TRUE  TRUE  TRUE  TRUE  TRUE  TRUE  TRUE  TRUE  TRUE  TRUE  TRUE  TRUE  TRUE  TRUE  TRUE FALSE  TRUE
[337]  TRUE  TRUE  TRUE  TRUE  TRUE  TRUE  TRUE  TRUE  TRUE  TRUE FALSE  TRUE  TRUE  TRUE  TRUE  TRUE  TRUE  TRUE  TRUE  TRUE  TRUE
[358]  TRUE  TRUE  TRUE FALSE FALSE  TRUE  TRUE  TRUE  TRUE  TRUE  TRUE  TRUE  TRUE  TRUE FALSE  TRUE FALSE  TRUE  TRUE  TRUE  TRUE
[379]  TRUE  TRUE FALSE  TRUE  TRUE  TRUE  TRUE  TRUE  TRUE  TRUE FALSE  TRUE  TRUE  TRUE FALSE  TRUE  TRUE  TRUE FALSE  TRUE FALSE
[400] FALSE  TRUE  TRUE  TRUE  TRUE  TRUE  TRUE  TRUE  TRUE  TRUE  TRUE  TRUE  TRUE  TRUE  TRUE  TRUE  TRUE FALSE  TRUE  TRUE  TRUE
[421]  TRUE  TRUE  TRUE  TRUE  TRUE  TRUE  TRUE  TRUE  TRUE  TRUE  TRUE  TRUE  TRUE  TRUE  TRUE  TRUE FALSE  TRUE  TRUE  TRUE  TRUE
[442]  TRUE  TRUE FALSE  TRUE  TRUE  TRUE  TRUE  TRUE  TRUE  TRUE FALSE  TRUE  TRUE FALSE  TRUE  TRUE  TRUE  TRUE  TRUE  TRUE  TRUE
[463]  TRUE  TRUE  TRUE  TRUE  TRUE  TRUE  TRUE  TRUE  TRUE  TRUE  TRUE  TRUE  TRUE  TRUE  TRUE  TRUE  TRUE  TRUE  TRUE  TRUE  TRUE
[484]  TRUE  TRUE  TRUE  TRUE  TRUE  TRUE  TRUE  TRUE  TRUE  TRUE  TRUE FALSE  TRUE FALSE  TRUE  TRUE  TRUE  TRUE  TRUE  TRUE  TRUE
[505]  TRUE  TRUE  TRUE  TRUE  TRUE  TRUE  TRUE  TRUE  TRUE  TRUE  TRUE  TRUE  TRUE  TRUE  TRUE  TRUE  TRUE  TRUE  TRUE  TRUE  TRUE
[526]  TRUE  TRUE  TRUE  TRUE  TRUE  TRUE  TRUE  TRUE  TRUE  TRUE  TRUE  TRUE  TRUE  TRUE  TRUE  TRUE  TRUE  TRUE  TRUE  TRUE  TRUE
[547]  TRUE FALSE  TRUE  TRUE  TRUE FALSE  TRUE  TRUE  TRUE  TRUE  TRUE  TRUE  TRUE FALSE  TRUE  TRUE  TRUE  TRUE  TRUE  TRUE  TRUE
[568] FALSE  TRUE  TRUE FALSE  TRUE  TRUE  TRUE  TRUE  TRUE FALSE  TRUE  TRUE  TRUE  TRUE  TRUE  TRUE  TRUE  TRUE  TRUE  TRUE  TRUE
[589]  TRUE  TRUE  TRUE  TRUE  TRUE  TRUE  TRUE FALSE  TRUE  TRUE  TRUE  TRUE  TRUE  TRUE  TRUE  TRUE  TRUE

