
Birth-death simulation object with 604 species and 500 extant species

Details for some species:

Extinction times (NA means extant)
[1] 60.97741       NA 37.36868 41.79992       NA       NA


Speciation times 
[1] 70.87583 67.19044 52.67361 50.12177 22.76758 14.43157


Species parents (NA for initial)
[1] NA  1  2  2  2  2


Species status (extinct or extant)
[1] "extinct" "extant"  "extinct" "extinct" "extant"  "extant" 


For more details on vector y, try sim$y, with y one of
TE TS PAR EXTANT



$TE
  [1] 60.9774052         NA 37.3686764 41.7999199         NA         NA         NA         NA
  [9]         NA         NA 47.3397414 40.9675347 30.2888340         NA 40.5445301 25.0219613
 [17]         NA         NA 33.0917630 17.8852562         NA         NA         NA 34.2489625
 [25]         NA 24.1366156         NA 11.7526891         NA 40.9189149         NA         NA
 [33]         NA 26.1409368 28.3722482 19.2276386         NA         NA         NA 22.6699800
 [41]  6.9742893         NA 15.3768394         NA 11.6763187         NA  6.2976630         NA
 [49]         NA         NA         NA 14.2434435 12.7403263         NA 13.2777611 19.2489835
 [57] 15.9076719         NA         NA         NA         NA         NA         NA         NA
 [65]         NA  6.4393192         NA 11.4459530         NA         NA         NA         NA
 [73]  0.7968279         NA         NA         NA         NA 12.3823011 10.0851299         NA
 [81]         NA         NA  0.9683618         NA 13.2072157         NA         NA         NA
 [89]         NA         NA         NA         NA         NA         NA 15.2296748  8.0621468
 [97]         NA         NA         NA         NA         NA         NA         NA 18.0037895
[105]         NA         NA         NA         NA         NA         NA         NA  7.8964945
[113]  1.3327028         NA         NA  4.7442523  8.4278337  0.8077362         NA  6.4779139
[121]         NA         NA 15.7948404         NA         NA         NA         NA         NA
[129]         NA 18.5422784         NA         NA         NA         NA         NA         NA
[137]         NA  3.3995079         NA  3.8503236  8.3088360         NA  2.9600781 10.4401589
[145]         NA  2.0276915         NA         NA         NA         NA         NA         NA
[153]         NA         NA         NA         NA         NA         NA         NA         NA
[161]         NA  9.0234139         NA         NA  6.4219595         NA         NA  1.8263830
[169]  1.6499492         NA         NA         NA         NA         NA         NA         NA
[177]         NA         NA         NA         NA         NA 14.1676658         NA         NA
[185]         NA         NA         NA         NA         NA         NA         NA         NA
[193]  1.6754137         NA         NA         NA         NA         NA  5.2390208         NA
[201]         NA         NA         NA         NA         NA         NA         NA  6.0454114
[209]         NA         NA         NA         NA         NA         NA  8.4925368         NA
[217]         NA         NA         NA         NA         NA         NA         NA  2.0694815
[225]  1.4335398         NA         NA         NA  3.2776923         NA         NA         NA
[233]         NA         NA  9.8453133         NA  0.8443608         NA         NA  0.1877652
[241]         NA  3.9472352         NA         NA         NA  3.0248998  2.0057543         NA
[249]         NA  4.6125185         NA  7.5940952  8.9412992         NA  4.4882639         NA
[257]         NA         NA         NA         NA         NA         NA         NA         NA
[265]  3.8787091         NA         NA         NA         NA  0.1837854         NA         NA
[273]         NA         NA         NA         NA         NA         NA         NA  0.9557419
[281]         NA  9.1018206         NA  1.4825527         NA         NA         NA         NA
[289]         NA         NA         NA  2.9224091         NA         NA         NA         NA
[297]         NA         NA         NA         NA         NA         NA         NA         NA
[305]         NA         NA         NA         NA         NA         NA         NA         NA
[313]         NA         NA  5.0126500         NA         NA         NA         NA         NA
[321]         NA         NA         NA         NA         NA         NA         NA         NA
[329]         NA  8.1871761         NA         NA  4.6550970         NA         NA  3.6766870
[337]         NA         NA         NA         NA         NA         NA         NA         NA
[345]  4.7032491         NA         NA         NA         NA         NA         NA         NA
[353]         NA         NA         NA         NA  3.9675743         NA         NA         NA
[361]         NA         NA  0.5514487         NA         NA         NA         NA         NA
[369]         NA         NA         NA         NA         NA         NA         NA         NA
[377]         NA         NA         NA         NA         NA         NA         NA  0.3091252
[385]         NA         NA         NA         NA         NA         NA         NA         NA
[393]         NA         NA         NA         NA         NA         NA         NA         NA
[401]         NA         NA  2.7352274         NA         NA         NA  3.8903260         NA
[409]         NA         NA         NA  2.6010376  0.6127321         NA         NA         NA
[417]         NA         NA         NA         NA         NA         NA         NA         NA
[425]         NA         NA         NA         NA         NA         NA         NA         NA
[433]         NA         NA         NA         NA         NA         NA         NA         NA
[441]         NA         NA         NA         NA         NA         NA         NA         NA
[449]         NA         NA         NA         NA  3.6809286  0.9799934         NA         NA
[457]         NA         NA         NA         NA         NA         NA         NA         NA
[465]         NA         NA         NA         NA         NA         NA         NA         NA
[473]         NA         NA         NA         NA         NA  2.5928489         NA         NA
[481]  1.9023039         NA         NA         NA         NA         NA         NA         NA
[489]         NA         NA         NA         NA         NA         NA         NA         NA
[497]         NA         NA  0.6917431         NA         NA         NA         NA         NA
[505]  0.5316075         NA         NA         NA         NA  0.4695753         NA         NA
[513]         NA         NA         NA         NA         NA         NA         NA         NA
[521]         NA         NA         NA         NA         NA         NA         NA         NA
[529]         NA         NA         NA  1.0497234         NA  0.2297281         NA  0.8739244
[537]         NA         NA         NA         NA  1.6588435         NA         NA         NA
[545]         NA         NA         NA         NA         NA         NA         NA         NA
[553]         NA         NA         NA         NA         NA         NA         NA         NA
[561]         NA         NA         NA         NA         NA         NA         NA         NA
[569]         NA         NA  0.7771655         NA         NA         NA         NA         NA
[577]         NA         NA         NA         NA         NA         NA         NA         NA
[585]         NA         NA         NA  0.1286061         NA         NA         NA         NA
[593]         NA         NA         NA         NA         NA         NA         NA         NA
[601]         NA         NA         NA         NA

$TS
  [1] 70.875834170 67.190443553 52.673614685 50.121773722 22.767584126 14.431569755 11.313484578
  [8] 11.059724900  5.515271422  3.739742238 52.451786541 49.963949412 48.856728619 46.799172651
 [15] 46.089513757 49.552689629 28.435761751 25.296211642 36.493938364 35.322909454 33.773604641
 [22] 30.511942810 44.933017547 41.992357948 34.802364044 34.085574330 33.822531917 26.976308080
 [29]  6.905400355 43.921862401 17.059191421 14.074807938  6.416469948 33.541556020 28.490474402
 [36] 25.819182585 25.771022902 15.981916252  3.441204871 29.071951504  9.915422666  0.865155604
 [43] 21.864145079 18.621818983 15.251594459 11.130373385  9.602185504  8.874329565  6.443044795
 [50]  4.368175805  0.433782073 30.145685585 19.170612540 28.649945726 14.564575459 26.916029669
 [57] 24.917929640 13.969134461  7.632794106  6.737842388 23.629684714 16.644061820 16.019315726
 [64]  7.753535164  4.349397057 13.672636735 25.288080725 24.291946263 17.245653160 16.921294755
 [71] 12.758594760 11.516167563  9.060061243  8.138072914  5.678333581  3.401179718 23.442526748
 [78] 20.383454656 16.352238005 12.476046115  6.752959073  1.168746396 17.087101061 16.127785200
 [85] 15.969943994  9.590272740 20.442867709 20.195802809 18.974223897 18.102183551 23.995125449
 [92] 14.631503385 13.171849626 11.643673869 23.649078341 20.293417048  6.321586711 19.721534355
 [99] 17.854493072 14.543363495  3.146804577  1.696346283  0.940358864 18.501200555 17.379393324
[106] 13.498860762  8.720493290 12.658296142  4.299541900 19.790623621 18.949438241 10.794863095
[113]  5.808440969  5.572157698 19.613355350 11.566364920 17.678585736  7.703578993  0.830681528
[120] 18.333226296 10.093611473  9.808790118 17.556244483 13.274219338 18.009117395 15.614619484
[127] 12.533386427 10.024175736  5.856686493 18.614699876 13.531540423  2.478198476 15.045476036
[134]  5.931218045  0.256300850 15.010671650 14.209583074  5.869819056  4.609275868 16.956792883
[141] 13.374509217  8.667878296  5.935356430 16.767895339  5.949305619 15.667502418  7.826083712
[148]  5.188857290  4.985038139  2.642525009  2.048020213  0.988957011  2.771549265 14.604756794
[155] 12.515231559 12.149182363  9.555329872  8.081387593 12.803101865 16.358840547 13.365674641
[162] 13.165339396 13.093327431 12.435086195 15.050577311 14.268569079 13.488339086 12.239699802
[169] 11.176922443  4.059247643  8.723472397 11.480182551  6.289371035  4.361977314 14.230474064
[176] 12.134308984  7.084379517 11.806666189 10.612027979  9.266423966  7.957426798 14.299223967
[183] 14.116039816 10.409848514  9.588849682 14.236727547  6.092873613  4.357463996  3.684843039
[190]  0.568863270 12.853676946  9.682741876  5.487881912  1.106816673  9.923575652  7.294891063
[197] 11.738120754 11.360147545 10.589594780  9.688656025 10.039777107  5.393429482  4.469424795
[204]  7.558071017  5.221659890 11.473841468  4.685331803  9.892370096  9.019407413  2.079959728
[211]  6.807075513  1.980005291  1.336202806 13.665112913 13.646288403 12.190904919  6.670577886
[218]  9.004233622  8.511364007  5.827254094  1.292692931 13.011298103  3.858740294  2.752785510
[225]  6.462307147  3.587873849  3.099074297  2.646975502  7.351515666  5.363261580 11.166816098
[232]  7.773380261  1.440445592  0.534706098 11.542323799 11.583778579 10.851751333  9.067091919
[239]  2.928699366  1.860609560 11.717504448  9.668212316  6.845376095 10.901657075  8.331104949
[246]  4.065254883 10.136058723  4.715348190  3.093680345 11.047816941 11.520064775 10.156062880
[253]  9.653005822  8.993579840  5.485608798  4.572377048  4.480836859  4.414845828  1.543184816
[260] 10.628468595  8.933864911 10.642551010  5.577439234  3.968011073  8.403530778  3.451843243
[267]  1.921451583  1.762201984  1.173284369 10.926868470  6.697478906 10.657685185  8.530674983
[274]  4.618926328  5.803055611  8.353674392  2.947389492  1.312138298  1.605038317  1.031383754
[281]  0.388574878 10.367779554  8.490133678  3.824719310 10.553962596  5.742973061  5.630525832
[288] 10.197729096 10.133191306  6.716433438  6.245951739  6.032953041  4.080742939  3.723578366
[295] 10.476514316  8.513935930  1.566083684 10.183065552  5.214686888  3.389971021  2.582759131
[302] 10.062758318  9.311724381  8.600148039  2.511350988  9.341848558  6.066118448  2.172200283
[309]  5.286694452  3.255633858  6.223872944  3.328486538  3.062633749  2.389851595  9.563969014
[316]  9.210352503  3.832199030  0.779895337 10.175211348  6.101024961  3.455982003  3.277401531
[323]  5.358866582  2.769807326  6.780293019  5.461701896  3.573074649  3.462980638  6.994911691
[330]  8.930291987  2.190529213  4.266313468  6.868969782  7.741471061  8.453286109  7.584297122
[337]  6.624381152  3.295221489  0.320172005  6.431484268  7.341983199  8.396984043  7.252089521
[344]  6.915494728  9.125260316  1.991646817  7.035579176  1.481723010  4.391890514  9.190077068
[351]  1.588356202  0.294393360  2.159786369  1.777502654  1.626930002  0.946841086  5.564537359
[358]  4.550190735  0.698319574  8.686050842  7.105147289  6.878281414  5.072500743  6.466453126
[365]  2.489995141  1.027052707  5.756327461  8.912654135  7.630503649  5.329962022  7.712671778
[372]  3.439941442  0.498590311  7.948231091  7.315551135  3.743146858  1.189936515  5.507367124
[379]  2.678741167  7.845939664  4.719839729  1.915065742  1.285479520  4.159315039  6.784178550
[386]  5.785333428  5.242862480  1.901001752  6.440326094  2.895887952  2.273114616  1.047524964
[393]  7.026564757  2.489490632  5.957693980  5.460829987  1.118339429  5.999576986  5.877909280
[400]  4.267736104  3.381471762  3.463551167  6.526800818  2.799624697  5.975104396  6.712388646
[407]  5.791138522  4.282675292  4.177942812  4.083326264  0.963044273  6.562127428  5.431384582
[414]  2.492232222  0.383814365  4.376932380  3.780279698  2.149510907  3.483981648  1.286736575
[421]  0.931032267  2.296020526  3.178497939  4.953578829  2.916022727  5.282303170  5.068673399
[428]  2.856564814  2.616861627  1.787625694  6.163250934  1.612907323  4.394514372  0.883416437
[435]  4.596408887  2.256199338  1.624859811  2.931014651  5.354598674  1.570047678  6.204062446
[442]  2.423723796  3.685045754  6.402888900  3.324162654  2.668282778  4.971720611  3.583701639
[449]  0.230965100  5.725520426  3.171949307  4.662861368  5.774379546  1.121122744  2.068876705
[456]  0.340305809  4.249727997  1.524604976  3.397493236  2.992345157  3.894131351  4.500164714
[463]  1.119973828  0.679498166  0.099509662  1.061085829  0.954165063  0.789746187  0.204342167
[470]  4.893243319  1.331964906  1.093309131  5.503597517  3.089495863  2.710961011  1.185037998
[477]  0.543901245  4.934488843  1.741293125  1.691621504  4.835069304  5.009090554  4.404444904
[484]  5.176857141  2.880772424  2.119501621  3.926676429  2.790803194  0.382205464  1.061547150
[491]  2.770077426  2.710193177  2.288332862  1.382214034  0.906654968  4.324127193  0.018238659
[498]  4.117953139  1.901036589  3.931808934  3.409047260  1.787289499  1.293324271  0.875196207
[505]  2.911848426  4.111615628  0.451369622  2.086021807  0.918209927  2.662012396  2.458982169
[512]  1.470411907  3.773032229  2.453122651  0.983422154  1.104020212  1.023919393  0.700787498
[519]  3.313776400  2.402647670  0.900297949  3.822230919  0.548589330  2.949577676  2.124284812
[526]  1.843197227  1.763480781  3.669542302  0.036594742  2.399321584  2.245879905  2.770484310
[533]  2.036812758  1.196159744  1.319497131  1.899875390  2.755364964  2.697498417  0.415178025
[540]  2.801102606  2.027583674  2.234234755  1.543754679  1.416376335  0.726444474  0.435145359
[547]  1.225443828  0.346972032  0.686783505  2.388835156  2.196842854  1.332219821  0.084124117
[554]  0.787638461  0.102064767  0.307096039  2.446737747  1.260159558  1.073518311  0.482176998
[561]  1.757566830  1.127565388  0.179847688  2.349009353  2.245687405  1.927204746  1.092239214
[568]  0.941666886  1.017311115  0.610523099  2.120270456  1.089761358  1.940256235  0.248275622
[575]  0.648434570  0.303711310  1.465743942  1.680755480  0.027029188  0.011930941  0.389082222
[582]  1.368087813  1.680830719  1.157737615  0.408184757  1.163482121  0.618328334  0.595122033
[589]  0.705241494  0.257645447  0.692843427  1.098547654  0.458598702  0.257569674  0.763173631
[596]  0.584533898  0.777972759  0.276723953  0.417719374  0.533193489  0.492867475  0.350371288
[603]  0.409434157  0.007850947

$PAR
  [1]  NA   1   2   2   2   2   2   2   2   2   3   3   3   3   4  12  16  16  13  13  13  13  14
 [24]  14  14  14  14  14  14  15  23  23  23  19  20  25  25  25  25  27  27  27  21  21  21  21
 [47]  21  21  21  21  21  34  22  52  52  40  40  54  54  54  17  17  17  17  17  28  56  37  37
 [70]  37  37  37  37  37  37  37  18  18  18  18  18  18  67  67  67  67  57  57  57  57  68  68
 [93]  68  68  91  91  91  95  95  61  61  61  61  77  77  77  77   5   5  43  43  87  87  87  78
[116]  96  88 110 110  98  98  98 115 115  89  89  89  89  89 111 111 111  44  44  44  90  90  90
[139]  90 125 125 125 125  99  99 117 105  69  69  69  69  69  83  31  31 140 140 140  70 144 144
[162] 144 144 144  62  62  62  62  62  62 160  84  84  84  38  38  38 165 165 165 165 133 133 133
[185] 133 136  92  92  92  92 154 154 154 154 100 100   6   6   6   6 166 166 166 186 186 175 175
[208] 137 137 183  32  32  58  66  66 214 214 131 131 106 106 167 167 167 161 161 161 161 124 124
[231]  93  93  93  93 162 163 163 163 163 163 222 159 159  71 127 155  80  80 164 168 216 216 216
[254] 216 216 216 216 216 216 156 156 176 176 176 178 178 178 178 197 241 241  94  94  94 116  72
[277]  72 172 206 206 206 169 169 169 231 231 231  46 250 250 250 270 270 270 244 244 244 237 237
[300] 237 237 112 112 112 272 262 262 262 179 179 285 285 295 295 184 184 184 184 282 288 298 319
[323] 247 247 289 289 289 289 302 201 201 128 195  41 122 122 122 192 192 242 185 315 315 315 157
[346] 157 306 306 303 180 180 180 316 316 316 316 350 350 350 345  73  73  73 209 209 209 218 254
[369] 254 254 261 368 368  48  48  48 142 273 296 219 283 342 245  74 158 158 158 158 181 181 181
[392] 181 374 374 380 380 380 147 147 147 147  64 334 334 118 369 204 204 204 341 341 375 375 343
[415] 343 361 361 361 177 177 177 347 393  29  29 362 362 362 243 243 211 385  81  60 290 290 290
[438] 217 337 337 412 364 225 389 340 444  97  97  97 311 311 441 320 187 307 405 395 113 275 275
[461] 453 367 286  75  75 263 263 263 263 114 114 114 357 378 473 473 473 255 326 396 202 387 387
[484] 205 205 299 148 478 381 248 452 139 139 139 256 358 358 257 257 258 258 258 258 258 483 349
[507] 349 416 416  50  50 109 400 400 384 498 498 498 506 410 170 500 487 317 317 522 522 513 513
[530] 294 294 443 189 528 226 328  39 300 401 338 338 310 451 451 428 428 404 404 537 224 475 492
[553] 492 538 538 446 228 429 429 301 414 365 394 557 520 520 530 564 422 422 436 436 551 308 353
[576] 353 418 486 346 382 430 502 268 480 279 297 458 544 471 471 221 586 559 490 466 467 421 495
[599] 504 119 589 589 587 546

$EXTANT
  [1] FALSE  TRUE FALSE FALSE  TRUE  TRUE  TRUE  TRUE  TRUE  TRUE FALSE FALSE FALSE  TRUE FALSE
 [16] FALSE  TRUE  TRUE FALSE FALSE  TRUE  TRUE  TRUE FALSE  TRUE FALSE  TRUE FALSE  TRUE FALSE
 [31]  TRUE  TRUE  TRUE FALSE FALSE FALSE  TRUE  TRUE  TRUE FALSE FALSE  TRUE FALSE  TRUE FALSE
 [46]  TRUE FALSE  TRUE  TRUE  TRUE  TRUE FALSE FALSE  TRUE FALSE FALSE FALSE  TRUE  TRUE  TRUE
 [61]  TRUE  TRUE  TRUE  TRUE  TRUE FALSE  TRUE FALSE  TRUE  TRUE  TRUE  TRUE FALSE  TRUE  TRUE
 [76]  TRUE  TRUE FALSE FALSE  TRUE  TRUE  TRUE FALSE  TRUE FALSE  TRUE  TRUE  TRUE  TRUE  TRUE
 [91]  TRUE  TRUE  TRUE  TRUE FALSE FALSE  TRUE  TRUE  TRUE  TRUE  TRUE  TRUE  TRUE FALSE  TRUE
[106]  TRUE  TRUE  TRUE  TRUE  TRUE  TRUE FALSE FALSE  TRUE  TRUE FALSE FALSE FALSE  TRUE FALSE
[121]  TRUE  TRUE FALSE  TRUE  TRUE  TRUE  TRUE  TRUE  TRUE FALSE  TRUE  TRUE  TRUE  TRUE  TRUE
[136]  TRUE  TRUE FALSE  TRUE FALSE FALSE  TRUE FALSE FALSE  TRUE FALSE  TRUE  TRUE  TRUE  TRUE
[151]  TRUE  TRUE  TRUE  TRUE  TRUE  TRUE  TRUE  TRUE  TRUE  TRUE  TRUE FALSE  TRUE  TRUE FALSE
[166]  TRUE  TRUE FALSE FALSE  TRUE  TRUE  TRUE  TRUE  TRUE  TRUE  TRUE  TRUE  TRUE  TRUE  TRUE
[181]  TRUE FALSE  TRUE  TRUE  TRUE  TRUE  TRUE  TRUE  TRUE  TRUE  TRUE  TRUE FALSE  TRUE  TRUE
[196]  TRUE  TRUE  TRUE FALSE  TRUE  TRUE  TRUE  TRUE  TRUE  TRUE  TRUE  TRUE FALSE  TRUE  TRUE
[211]  TRUE  TRUE  TRUE  TRUE FALSE  TRUE  TRUE  TRUE  TRUE  TRUE  TRUE  TRUE  TRUE FALSE FALSE
[226]  TRUE  TRUE  TRUE FALSE  TRUE  TRUE  TRUE  TRUE  TRUE FALSE  TRUE FALSE  TRUE  TRUE FALSE
[241]  TRUE FALSE  TRUE  TRUE  TRUE FALSE FALSE  TRUE  TRUE FALSE  TRUE FALSE FALSE  TRUE FALSE
[256]  TRUE  TRUE  TRUE  TRUE  TRUE  TRUE  TRUE  TRUE  TRUE FALSE  TRUE  TRUE  TRUE  TRUE FALSE
[271]  TRUE  TRUE  TRUE  TRUE  TRUE  TRUE  TRUE  TRUE  TRUE FALSE  TRUE FALSE  TRUE FALSE  TRUE
[286]  TRUE  TRUE  TRUE  TRUE  TRUE  TRUE FALSE  TRUE  TRUE  TRUE  TRUE  TRUE  TRUE  TRUE  TRUE
[301]  TRUE  TRUE  TRUE  TRUE  TRUE  TRUE  TRUE  TRUE  TRUE  TRUE  TRUE  TRUE  TRUE  TRUE FALSE
[316]  TRUE  TRUE  TRUE  TRUE  TRUE  TRUE  TRUE  TRUE  TRUE  TRUE  TRUE  TRUE  TRUE  TRUE FALSE
[331]  TRUE  TRUE FALSE  TRUE  TRUE FALSE  TRUE  TRUE  TRUE  TRUE  TRUE  TRUE  TRUE  TRUE FALSE
[346]  TRUE  TRUE  TRUE  TRUE  TRUE  TRUE  TRUE  TRUE  TRUE  TRUE  TRUE FALSE  TRUE  TRUE  TRUE
[361]  TRUE  TRUE FALSE  TRUE  TRUE  TRUE  TRUE  TRUE  TRUE  TRUE  TRUE  TRUE  TRUE  TRUE  TRUE
[376]  TRUE  TRUE  TRUE  TRUE  TRUE  TRUE  TRUE  TRUE FALSE  TRUE  TRUE  TRUE  TRUE  TRUE  TRUE
[391]  TRUE  TRUE  TRUE  TRUE  TRUE  TRUE  TRUE  TRUE  TRUE  TRUE  TRUE  TRUE FALSE  TRUE  TRUE
[406]  TRUE FALSE  TRUE  TRUE  TRUE  TRUE FALSE FALSE  TRUE  TRUE  TRUE  TRUE  TRUE  TRUE  TRUE
[421]  TRUE  TRUE  TRUE  TRUE  TRUE  TRUE  TRUE  TRUE  TRUE  TRUE  TRUE  TRUE  TRUE  TRUE  TRUE
[436]  TRUE  TRUE  TRUE  TRUE  TRUE  TRUE  TRUE  TRUE  TRUE  TRUE  TRUE  TRUE  TRUE  TRUE  TRUE
[451]  TRUE  TRUE FALSE FALSE  TRUE  TRUE  TRUE  TRUE  TRUE  TRUE  TRUE  TRUE  TRUE  TRUE  TRUE
[466]  TRUE  TRUE  TRUE  TRUE  TRUE  TRUE  TRUE  TRUE  TRUE  TRUE  TRUE  TRUE FALSE  TRUE  TRUE
[481] FALSE  TRUE  TRUE  TRUE  TRUE  TRUE  TRUE  TRUE  TRUE  TRUE  TRUE  TRUE  TRUE  TRUE  TRUE
[496]  TRUE  TRUE  TRUE FALSE  TRUE  TRUE  TRUE  TRUE  TRUE FALSE  TRUE  TRUE  TRUE  TRUE FALSE
[511]  TRUE  TRUE  TRUE  TRUE  TRUE  TRUE  TRUE  TRUE  TRUE  TRUE  TRUE  TRUE  TRUE  TRUE  TRUE
[526]  TRUE  TRUE  TRUE  TRUE  TRUE  TRUE FALSE  TRUE FALSE  TRUE FALSE  TRUE  TRUE  TRUE  TRUE
[541] FALSE  TRUE  TRUE  TRUE  TRUE  TRUE  TRUE  TRUE  TRUE  TRUE  TRUE  TRUE  TRUE  TRUE  TRUE
[556]  TRUE  TRUE  TRUE  TRUE  TRUE  TRUE  TRUE  TRUE  TRUE  TRUE  TRUE  TRUE  TRUE  TRUE  TRUE
[571] FALSE  TRUE  TRUE  TRUE  TRUE  TRUE  TRUE  TRUE  TRUE  TRUE  TRUE  TRUE  TRUE  TRUE  TRUE
[586]  TRUE  TRUE FALSE  TRUE  TRUE  TRUE  TRUE  TRUE  TRUE  TRUE  TRUE  TRUE  TRUE  TRUE  TRUE
[601]  TRUE  TRUE  TRUE  TRUE

