
Birth-death simulation object with 593 species and 500 extant species

Details for some species:

Extinction times (NA means extant)
[1] 18.037691        NA 28.823445  9.215005 13.267224        NA


Speciation times 
[1] 42.41502 35.38257 33.59785 31.94078 25.71274 22.30136


Species parents (NA for initial)
[1] NA  1  1  1  1  1


Species status (extinct or extant)
[1] "extinct" "extant"  "extinct" "extinct" "extinct" "extant" 


For more details on vector y, try sim$y, with y one of
TE TS PAR EXTANT



$TE
  [1] 18.0376909         NA 28.8234449  9.2150052 13.2672237         NA         NA 17.7755536
  [9] 14.7338727         NA         NA         NA 15.5280085 19.0129141         NA 10.7337616
 [17]         NA  5.4750978         NA  3.7604800         NA 12.3157868         NA         NA
 [25]  8.0086159         NA 15.7082575         NA         NA 14.5083093         NA         NA
 [33]         NA 14.2621325         NA  9.5661082 17.9299033         NA         NA         NA
 [41]         NA         NA 15.1943319  4.6609763  6.9864445  1.2296387  6.8686392 17.1691554
 [49] 12.8978353  2.4212904  5.7133751 16.5791922         NA         NA         NA         NA
 [57]  0.4678643         NA  8.9135955         NA 15.2442610  3.5255509         NA  6.3388056
 [65]  7.2071669         NA         NA 13.3273622         NA         NA         NA         NA
 [73]         NA         NA         NA         NA         NA         NA         NA         NA
 [81] 11.2678686  5.5996165         NA         NA         NA         NA  2.5280759         NA
 [89]         NA         NA         NA         NA         NA         NA         NA  1.2766158
 [97]         NA         NA         NA  9.3383832         NA  0.7946291         NA         NA
[105]         NA         NA         NA         NA  1.6849663  2.7613520         NA         NA
[113]  0.3371508  1.0338626         NA         NA         NA 12.0316771  6.5922496         NA
[121]  2.6035002         NA         NA         NA         NA         NA         NA         NA
[129]         NA         NA         NA         NA         NA 10.9930947         NA         NA
[137]  3.2323357         NA         NA         NA         NA         NA  3.1867060         NA
[145]         NA         NA  1.0614739         NA         NA         NA         NA         NA
[153]         NA         NA         NA         NA         NA         NA         NA         NA
[161]  2.2951871         NA         NA         NA         NA         NA         NA         NA
[169]         NA         NA  3.4136800  0.4746562         NA         NA         NA         NA
[177]         NA         NA         NA         NA         NA         NA         NA         NA
[185]         NA         NA  8.0799390         NA  1.3568661         NA         NA         NA
[193]         NA 10.0573452         NA         NA         NA  2.2109170         NA         NA
[201]         NA         NA         NA         NA         NA         NA         NA         NA
[209]         NA         NA         NA         NA         NA         NA         NA         NA
[217]         NA         NA         NA  5.8271902  1.9859281         NA         NA         NA
[225]         NA  1.8920106         NA         NA         NA  8.1650152         NA         NA
[233]         NA         NA  2.0588417         NA         NA         NA         NA         NA
[241]  6.5567761         NA         NA         NA         NA         NA         NA         NA
[249]         NA  3.9902898         NA  8.1466146         NA         NA         NA         NA
[257]         NA         NA         NA         NA         NA         NA         NA         NA
[265]         NA         NA  0.9950885  2.4060389         NA         NA         NA         NA
[273]         NA         NA         NA  4.8944326         NA         NA         NA         NA
[281]         NA         NA         NA         NA         NA         NA         NA         NA
[289]         NA         NA         NA         NA         NA         NA         NA         NA
[297]         NA         NA         NA         NA         NA         NA  0.5007728         NA
[305]         NA         NA         NA         NA         NA  3.6149949         NA         NA
[313]         NA         NA         NA         NA         NA         NA  3.4360510         NA
[321]         NA  7.1634401         NA         NA         NA         NA         NA         NA
[329]         NA         NA         NA         NA         NA         NA         NA         NA
[337]         NA         NA         NA         NA         NA         NA  1.2718652         NA
[345]         NA         NA         NA         NA         NA         NA         NA         NA
[353]         NA         NA         NA         NA         NA         NA         NA  2.8452833
[361]         NA         NA  2.2172564         NA         NA         NA         NA  2.1351694
[369]         NA         NA         NA         NA         NA         NA  0.7346596  0.9378761
[377]         NA         NA         NA         NA         NA  1.8619010         NA         NA
[385]         NA         NA         NA         NA         NA         NA         NA         NA
[393]         NA         NA         NA  4.0635462         NA         NA         NA  2.2163280
[401]         NA         NA         NA         NA         NA  2.0205010         NA         NA
[409]         NA  1.8188822         NA         NA         NA         NA         NA         NA
[417]         NA         NA         NA         NA  1.1703413         NA         NA  1.1197102
[425]         NA         NA         NA         NA         NA         NA         NA         NA
[433]         NA         NA         NA         NA         NA  3.5329115         NA         NA
[441]         NA         NA         NA         NA  0.2304374         NA         NA         NA
[449]         NA         NA         NA  1.6719900         NA         NA         NA         NA
[457]         NA         NA         NA         NA         NA         NA         NA         NA
[465]         NA         NA         NA         NA         NA         NA         NA         NA
[473]         NA         NA         NA         NA         NA         NA         NA         NA
[481]         NA         NA         NA         NA         NA         NA         NA         NA
[489]         NA         NA         NA         NA         NA         NA         NA         NA
[497]         NA         NA         NA         NA         NA         NA         NA         NA
[505]  0.3218286         NA         NA         NA         NA         NA         NA         NA
[513]         NA         NA         NA         NA         NA         NA         NA         NA
[521]         NA         NA         NA         NA         NA         NA         NA         NA
[529]         NA         NA         NA         NA         NA         NA         NA         NA
[537]         NA         NA         NA         NA         NA         NA         NA         NA
[545]         NA         NA         NA         NA         NA         NA         NA         NA
[553]         NA         NA         NA         NA         NA         NA         NA         NA
[561]         NA         NA         NA         NA         NA         NA         NA         NA
[569]         NA  0.9239241         NA         NA         NA         NA         NA         NA
[577]         NA         NA         NA  0.4143655         NA         NA         NA         NA
[585]         NA         NA         NA         NA         NA         NA         NA         NA
[593]         NA

$TS
  [1] 42.415015335 35.382567266 33.597848062 31.940778169 25.712744049 22.301361815 27.722479692
  [8] 21.891439919 20.432108220  0.899584541 30.974490892 28.116553841 27.278545519 26.498819518
 [15] 14.660375451 14.530411048 11.585125695 10.891181590 10.196670526 26.884346708 22.955740115
 [22] 20.918289923 12.361004497  5.566824577 25.492759988 24.709526590 24.626330124  3.635316684
 [29]  3.238054135 26.908638479 11.692764054  5.497008639 26.275377647 25.376435532 21.303754359
 [36] 25.011313098 24.969310053 19.093660261 18.723140696 16.202209204 14.668651210 20.847978671
 [43] 16.735418834 11.863148570  7.045458862 23.387654795 22.928408330 17.203246211 17.012243897
 [50] 10.618767768 19.651102125 19.328596404 23.475778290 18.910631109 16.643467273 15.776611336
 [57] 24.595676217 23.478540333 19.043656480 17.611818928 15.526060662 15.214860862 13.112571599
 [64] 11.533090377 10.175632643  6.265869635  0.003846529 17.234189203  1.368570651  7.473630830
 [71] 22.154590665 19.107618738 11.234570701 11.177530166  4.234368766  3.626995952  3.330732696
 [78]  1.541132287 18.083373347  8.043554682 21.669940497 12.462831842  1.510930597  0.994048804
 [85]  0.369342669 16.700100964  8.991416749  2.719668700  1.056927115  0.444338623 11.511053933
 [92]  9.260939753  2.476069594  2.071004466 15.492856970 18.320352889 15.546201209 15.007947899
 [99] 14.862705486 13.054139741  5.242978450  4.524501443  1.756154293 17.379507072  6.368885784
[106] 13.564719283 11.453504622  8.289232443  4.992320809  3.924700425  0.064274964  8.824804328
[113] 15.289730649  9.426051644 13.924986014  7.542620797  6.415340658 15.353167307  8.411831717
[120]  6.453744949  5.969513914 16.870462668 13.808555171 16.644043492 15.214089473 11.113869014
[127]  3.370971611 11.602787258  8.301601900  7.595286655  7.249174103 16.349127673 15.522662014
[134] 14.414859530 16.037442454 15.185912622  6.669450038  2.802309226  1.143256076 11.304833031
[141]  5.695975992  0.887088459 15.638387606  9.217718800  8.333693649  8.053318561  7.939985339
[148] 14.409050284 12.737117575 12.220133112  9.629255106  6.779372689  3.453597136  6.404832556
[155]  2.141282955  0.752667971  9.505027816  1.173454612 15.292534072  7.710537368  7.260183351
[162]  4.980468519  3.826300412 14.847337407 10.851148820 10.419111173  3.883807981  0.675365413
[169]  0.477259705 15.184154760 10.305933550  6.572444326  6.351957536  9.026447816  6.917782868
[176]  0.973594262  9.695059338  9.547570729 11.217009605  8.005912683  7.446364654  4.452088451
[183]  2.398001804  1.393008149  0.652135736 13.219966489 11.665596822  5.034995029 10.276883977
[190]  5.491522366  0.043993258  8.006188658  0.909849529 12.617757311  4.338049823 10.289607469
[197]  7.860114592  3.363357693  1.509463749 11.163110071 10.284529968  9.782283198  3.696507201
[204]  3.304000233  0.575395915  5.951857838  4.169026659 10.808059086 11.355370255  3.583840639
[211]  1.753142250 10.519944514 11.298196233  6.576573188 10.899545678 10.141867649  9.778729607
[218]  3.133989518  5.225575594 11.390937350  6.115110860  4.766234203  1.719165725  5.960802872
[225]  5.165864354  5.025557111 10.599711461 10.056844064 11.317834902 10.132289616  8.819651574
[232] 10.881610282  1.835638120  9.580537054  7.835356260  3.505438799 10.490935962  5.186655920
[239]  4.029768128  9.618577711  9.594251663  9.114138668  5.364134650  5.753728470  1.177184250
[246]  6.792919237  9.617486104 10.596256042  5.681651258  7.863677343  4.305042194 10.535683514
[253]  2.560108815  5.402482606  6.068640503  8.710878011  1.852446914  7.271994464  9.483226097
[260]  8.909030854  1.134526722  9.909031217  1.832864581  9.385171361  8.972375316  4.054763906
[267]  2.522124159  2.496784595  9.675984950  2.641291947  2.514894232  8.429148355  1.277312877
[274]  3.322203103  9.705744329  9.328808949  9.653498185  7.418674419  9.570829653  5.177681498
[281]  1.375000134  9.012513983  8.947278324  8.533120645  8.076274847  3.618462980  9.063809008
[288]  7.365224126  6.613250589  2.634404687  1.557952020  3.997387725  2.989997256  4.936897681
[295]  1.807716752  0.665048041  9.405069412  0.716092755  0.906973460  1.205260395  5.804344958
[302]  6.569867087  5.609048045  4.384434390  1.797299726  8.602330838  7.595134860  5.544372372
[309]  0.545809591  8.872148784  2.520834555  4.853293029  4.793887113  3.705619543  2.948289432
[316]  2.075958135  1.483682648  8.806407502  5.860513180  3.327684255  0.527720716  8.854575833
[323]  8.312154092  7.089192438  8.639071260  1.926593814  0.907278458  0.549508795  8.258715057
[330]  7.273174213  7.039293160  4.612717522  4.056579688  7.745656643  6.032812113  0.068760402
[337]  7.342855272  4.899569778  2.294043938  1.983341013  5.878703547  6.083922686  2.086139826
[344]  8.137895811  4.990597292  2.512625043  4.185882931  1.540325578  4.848174058  0.091772116
[351]  3.019801318  2.917538107  2.777393317  6.684340716  4.966947769  7.661681915  5.521742276
[358]  2.291444006  2.649539229  3.427223535  3.052837282  5.584994953  4.843312966  1.691041485
[365]  7.493230053  2.315151329  2.075132448  3.533790524  3.286153851  3.237839171  3.210468929
[372]  0.210912009  3.559834922  0.904523804  5.460983067  7.328687843  6.050911201  2.179031175
[379]  1.534884265  1.126911362  2.875347810  5.297818603  3.497230371  0.437997921  0.194193914
[386]  6.268072632  1.168713741  0.840315842  4.298997223  6.595968783  5.142595079  1.315914863
[393]  2.155035647  0.888235381  3.907219798  5.803606373  0.644019096  2.804303973  1.389261055
[400]  4.050312507  5.506631859  1.125505051  4.956733359  1.866212265  0.888901490  4.829533940
[407]  4.939176588  1.446740280  0.157455545  5.241033485  1.303572078  3.132156021  1.149909487
[414]  0.671990322  3.935621303  1.993408731  5.721059734  2.639845040  0.516975055  4.416976638
[421]  4.194590796  5.787120745  5.408064352  1.388167370  1.090007054  2.184862528  3.501369426
[428]  0.995947215  5.572563909  4.991053066  4.448074878  3.163756625  2.710289466  3.453765800
[435]  0.495616274  0.465486206  0.257116521  5.307142377  2.110178942  0.642288023  4.645165935
[442]  2.584319446  1.352954317  1.602379688  0.366639268  4.927103658  2.016339352  1.716985969
[449]  5.134249780  4.698398237  3.658296163  3.752192171  1.123037013  1.284334566  2.457157132
[456]  0.194438146  3.491243487  4.825155097  3.327404789  1.331967959  1.080201781  2.543105531
[463]  4.367691831  4.674872775  4.349788325  2.142523321  1.868325154  1.140792261  0.652995540
[470]  1.623391748  4.082418080  0.927500535  4.765801533  4.113830782  3.501765805  0.457263269
[477]  0.220169991  0.429198415  2.759862786  0.521861836  0.099879629  2.335974326  3.478398647
[484]  1.603711508  0.344097067  3.612619938  3.126474270  1.331800281  2.689212619  1.840413546
[491]  0.066115375  1.728210940  0.475183814  2.605383764  2.371515334  3.891218605  3.511441312
[498]  1.876298043  1.906666252  1.486543187  2.476578231  0.427365843  3.472350821  1.777937713
[505]  1.201865053  3.117084808  3.177179603  2.813687619  1.607330756  2.720722313  0.122229926
[512]  2.736332191  2.421554776  3.403465212  3.044907269  0.982507580  2.497465451  3.234512876
[519]  2.446216469  1.981340578  0.609792558  0.141392724  0.869040596  2.702117734  0.780010953
[526]  2.684036432  1.715606816  0.314950185  2.121531524  0.228383658  2.169221813  1.899041438
[533]  1.245828994  0.584220974  2.816642818  2.415848788  1.848311815  0.948752584  2.367389386
[540]  0.903643630  2.615919749  2.511107551  1.380285317  0.858240573  0.212766081  2.121381152
[547]  0.912917084  0.253310988  1.751725942  0.494785723  0.904035061  2.223739197  1.761945632
[554]  1.603423852  1.703814794  2.000527656  0.326331322  1.172088877  1.792738364  0.788758302
[561]  0.722520256  1.945926110  0.741907278  1.069316946  1.760407964  1.226875071  0.050884448
[568]  1.635735382  0.266937204  1.662675394  1.056219231  0.445701538  0.175563063  0.138714795
[575]  1.596448288  1.388648462  0.292026075  1.093480136  1.276071670  1.076918334  1.014979610
[582]  0.527893958  0.230330544  0.756701446  0.218462456  0.889729005  0.628872090  0.599498556
[589]  0.201006066  0.090657807  0.062638306  0.094592963  0.011632688

$PAR
  [1]  NA   1   1   1   1   1   2   2   2   2   4   4   4   4   4   4   4   4   4  11  11  11  11
 [24]  11  12  12  12  12  12   7   7   7  30  30  30  20  20  20  20  20  20  14  33  33  33   5
 [47]   5  25  25  25  34  34  36  36  36  36  26  57  57  57  57  58  58  58  58  58  58  53  53
 [70]  46  21  21  21  21  21  21  21  21  47  47   6   6   6   6   6  71  71  71  71  71  81  35
 [93]  35  35  22  42  42  42  42  42  42  42  42   9  51  72  72  72  72  72  72  38  59  59  54
[116]  39  39  96  96  96  96  79  79  60  60  60  60 104 104 104 104  49 122 122  86  86  86  86
[139]  86 124 124 124  55  55  55 132 132  40  40 135 135  56  56 143  97  97 133 133  95  95  95
[162]  95  95 159 159 159 113 113 113  62  62  62  62 125 125 125 136 136 170 170 170 170 170 170
[185]  98  99  99  41  15  15 148 115 115 123 123 106 106 106 106 186 186 186 186 186 186  63  63
[208] 100 149 149 149 194  82  82  23 150 150 150  44 128 128 128 128  17  17  17  64  91 220 220
[231] 220 209 209 229 229 229 140 140 140 213 179 179 179  74  74 126 215 165 165 208 208  50  50
[254] 227 248 252 212 237 166 171 201 189 189 216 216 216 216 216 228 228 228 262 262 202 217 217
[277] 275 275 177 177 177 269 269 269 269 269 151 151 151 151 151 234 234 279 279 279 178 178 259
[300] 297 264 276  92 144 242 287 287 287 174 282 282  87  87  87 265 265 265 260 260 260 260 310
[323] 310 310 322 112 112 112 231 231 318 318 318 325 325 325 306 306 306 306 284 272 272 119 323
[346] 323 129 108 329 344 285 285 146 192 192 180 160 160 356 130 130 307 307 307 116 116 116 365
[369] 365 365 365 365 181 181 278 288 288 376 376 330 258 161 324 331 331 175 175 175 152 137 289
[392] 289 390 390 214 172 172 302 302 154 105 173 386 386 386 221 342 342 342 255 255 335 335 335
[415] 206 206 341 341 341 319 319 396 422 422 244 417 141 141 249 249 303 303 429 357 401  32  32
[438] 190 190 190 375 375 423 254 254 438 101 101 219 219 219 238 238 225 449 188 109 430 430 430
[461] 430 345 162 355 355 403 403 403 403 407 312 349 363 458 458 458 458 313 222 222 222 473 450
[484] 450 450 441 182 182 431 431 431 420 465 389 389 421 474 474 266 266 400 239 292 415 167 452
[507] 314 314 314 203 203 451 451 286 486 486 236 427 457 457 457 503 320 274 274 369 518 518 432
[530] 432 412 412 361 361 351 293 293 293 352 508 398 353 359 418 290 541 541 541 442 442 462 267
[553] 311 542 517 519 339 552 426 531 155 343 316  94 562 562 326 532 565 103 103 211 492 223 448
[576] 364 364 444 291  78 500 558 387 453 176 472 586 560 587 582 583 573 591

$EXTANT
  [1] FALSE  TRUE FALSE FALSE FALSE  TRUE  TRUE FALSE FALSE  TRUE  TRUE  TRUE FALSE FALSE  TRUE
 [16] FALSE  TRUE FALSE  TRUE FALSE  TRUE FALSE  TRUE  TRUE FALSE  TRUE FALSE  TRUE  TRUE FALSE
 [31]  TRUE  TRUE  TRUE FALSE  TRUE FALSE FALSE  TRUE  TRUE  TRUE  TRUE  TRUE FALSE FALSE FALSE
 [46] FALSE FALSE FALSE FALSE FALSE FALSE FALSE  TRUE  TRUE  TRUE  TRUE FALSE  TRUE FALSE  TRUE
 [61] FALSE FALSE  TRUE FALSE FALSE  TRUE  TRUE FALSE  TRUE  TRUE  TRUE  TRUE  TRUE  TRUE  TRUE
 [76]  TRUE  TRUE  TRUE  TRUE  TRUE FALSE FALSE  TRUE  TRUE  TRUE  TRUE FALSE  TRUE  TRUE  TRUE
 [91]  TRUE  TRUE  TRUE  TRUE  TRUE FALSE  TRUE  TRUE  TRUE FALSE  TRUE FALSE  TRUE  TRUE  TRUE
[106]  TRUE  TRUE  TRUE FALSE FALSE  TRUE  TRUE FALSE FALSE  TRUE  TRUE  TRUE FALSE FALSE  TRUE
[121] FALSE  TRUE  TRUE  TRUE  TRUE  TRUE  TRUE  TRUE  TRUE  TRUE  TRUE  TRUE  TRUE FALSE  TRUE
[136]  TRUE FALSE  TRUE  TRUE  TRUE  TRUE  TRUE FALSE  TRUE  TRUE  TRUE FALSE  TRUE  TRUE  TRUE
[151]  TRUE  TRUE  TRUE  TRUE  TRUE  TRUE  TRUE  TRUE  TRUE  TRUE FALSE  TRUE  TRUE  TRUE  TRUE
[166]  TRUE  TRUE  TRUE  TRUE  TRUE FALSE FALSE  TRUE  TRUE  TRUE  TRUE  TRUE  TRUE  TRUE  TRUE
[181]  TRUE  TRUE  TRUE  TRUE  TRUE  TRUE FALSE  TRUE FALSE  TRUE  TRUE  TRUE  TRUE FALSE  TRUE
[196]  TRUE  TRUE FALSE  TRUE  TRUE  TRUE  TRUE  TRUE  TRUE  TRUE  TRUE  TRUE  TRUE  TRUE  TRUE
[211]  TRUE  TRUE  TRUE  TRUE  TRUE  TRUE  TRUE  TRUE  TRUE FALSE FALSE  TRUE  TRUE  TRUE  TRUE
[226] FALSE  TRUE  TRUE  TRUE FALSE  TRUE  TRUE  TRUE  TRUE FALSE  TRUE  TRUE  TRUE  TRUE  TRUE
[241] FALSE  TRUE  TRUE  TRUE  TRUE  TRUE  TRUE  TRUE  TRUE FALSE  TRUE FALSE  TRUE  TRUE  TRUE
[256]  TRUE  TRUE  TRUE  TRUE  TRUE  TRUE  TRUE  TRUE  TRUE  TRUE  TRUE FALSE FALSE  TRUE  TRUE
[271]  TRUE  TRUE  TRUE  TRUE  TRUE FALSE  TRUE  TRUE  TRUE  TRUE  TRUE  TRUE  TRUE  TRUE  TRUE
[286]  TRUE  TRUE  TRUE  TRUE  TRUE  TRUE  TRUE  TRUE  TRUE  TRUE  TRUE  TRUE  TRUE  TRUE  TRUE
[301]  TRUE  TRUE FALSE  TRUE  TRUE  TRUE  TRUE  TRUE  TRUE FALSE  TRUE  TRUE  TRUE  TRUE  TRUE
[316]  TRUE  TRUE  TRUE FALSE  TRUE  TRUE FALSE  TRUE  TRUE  TRUE  TRUE  TRUE  TRUE  TRUE  TRUE
[331]  TRUE  TRUE  TRUE  TRUE  TRUE  TRUE  TRUE  TRUE  TRUE  TRUE  TRUE  TRUE FALSE  TRUE  TRUE
[346]  TRUE  TRUE  TRUE  TRUE  TRUE  TRUE  TRUE  TRUE  TRUE  TRUE  TRUE  TRUE  TRUE  TRUE FALSE
[361]  TRUE  TRUE FALSE  TRUE  TRUE  TRUE  TRUE FALSE  TRUE  TRUE  TRUE  TRUE  TRUE  TRUE FALSE
[376] FALSE  TRUE  TRUE  TRUE  TRUE  TRUE FALSE  TRUE  TRUE  TRUE  TRUE  TRUE  TRUE  TRUE  TRUE
[391]  TRUE  TRUE  TRUE  TRUE  TRUE FALSE  TRUE  TRUE  TRUE FALSE  TRUE  TRUE  TRUE  TRUE  TRUE
[406] FALSE  TRUE  TRUE  TRUE FALSE  TRUE  TRUE  TRUE  TRUE  TRUE  TRUE  TRUE  TRUE  TRUE  TRUE
[421] FALSE  TRUE  TRUE FALSE  TRUE  TRUE  TRUE  TRUE  TRUE  TRUE  TRUE  TRUE  TRUE  TRUE  TRUE
[436]  TRUE  TRUE FALSE  TRUE  TRUE  TRUE  TRUE  TRUE  TRUE FALSE  TRUE  TRUE  TRUE  TRUE  TRUE
[451]  TRUE FALSE  TRUE  TRUE  TRUE  TRUE  TRUE  TRUE  TRUE  TRUE  TRUE  TRUE  TRUE  TRUE  TRUE
[466]  TRUE  TRUE  TRUE  TRUE  TRUE  TRUE  TRUE  TRUE  TRUE  TRUE  TRUE  TRUE  TRUE  TRUE  TRUE
[481]  TRUE  TRUE  TRUE  TRUE  TRUE  TRUE  TRUE  TRUE  TRUE  TRUE  TRUE  TRUE  TRUE  TRUE  TRUE
[496]  TRUE  TRUE  TRUE  TRUE  TRUE  TRUE  TRUE  TRUE  TRUE FALSE  TRUE  TRUE  TRUE  TRUE  TRUE
[511]  TRUE  TRUE  TRUE  TRUE  TRUE  TRUE  TRUE  TRUE  TRUE  TRUE  TRUE  TRUE  TRUE  TRUE  TRUE
[526]  TRUE  TRUE  TRUE  TRUE  TRUE  TRUE  TRUE  TRUE  TRUE  TRUE  TRUE  TRUE  TRUE  TRUE  TRUE
[541]  TRUE  TRUE  TRUE  TRUE  TRUE  TRUE  TRUE  TRUE  TRUE  TRUE  TRUE  TRUE  TRUE  TRUE  TRUE
[556]  TRUE  TRUE  TRUE  TRUE  TRUE  TRUE  TRUE  TRUE  TRUE  TRUE  TRUE  TRUE  TRUE  TRUE FALSE
[571]  TRUE  TRUE  TRUE  TRUE  TRUE  TRUE  TRUE  TRUE  TRUE FALSE  TRUE  TRUE  TRUE  TRUE  TRUE
[586]  TRUE  TRUE  TRUE  TRUE  TRUE  TRUE  TRUE  TRUE

