
Birth-death simulation object with 649 species and 500 extant species

Details for some species:

Extinction times (NA means extant)
[1] 54.26562       NA 17.70284 49.11316       NA       NA


Speciation times 
[1] 64.24785 63.47689 56.45757 53.98257 48.12361 24.19506


Species parents (NA for initial)
[1] NA  1  1  2  2  2


Species status (extinct or extant)
[1] "extinct" "extant"  "extinct" "extinct" "extant"  "extant" 


For more details on vector y, try sim$y, with y one of
TE TS PAR EXTANT



$TE
  [1] 54.26561830          NA 17.70283865 49.11315730          NA          NA  4.70224432
  [8]          NA          NA          NA          NA 50.91365520 31.89180977          NA
 [15]          NA  7.96909437 25.96627002  9.19954962          NA  9.55673574 19.56432516
 [22]          NA          NA          NA 27.95577230 30.75341971          NA 18.29399014
 [29] 48.16513367          NA 41.76995778 32.95905937  1.93487987  6.50196187 36.76184585
 [36] 34.88758857 18.06637231  6.84839795  3.80042239          NA          NA          NA
 [43] 45.50032379 30.91903098          NA          NA          NA 12.38593485          NA
 [50]          NA  5.30786245          NA          NA  8.64039684          NA          NA
 [57]          NA          NA          NA          NA          NA          NA          NA
 [64] 33.00525938 32.71461422 21.86047669 14.30598067  8.32959537          NA          NA
 [71]          NA          NA 21.93328568 24.79644513 20.03778860 29.79690797 10.91758409
 [78] 22.94465614  9.46284254 30.08830877 27.53223858          NA          NA          NA
 [85]          NA          NA          NA 24.56234204 13.39469118          NA          NA
 [92]  8.63378932 17.03277754          NA          NA          NA          NA          NA
 [99]          NA          NA 16.18998601          NA          NA  4.48037005 17.22739129
[106]          NA  9.77673278          NA  7.07932289  7.42407257          NA          NA
[113] 16.98429353 11.54907407          NA          NA          NA 20.67646868  3.24369849
[120]          NA          NA          NA          NA          NA 12.01649639          NA
[127] 14.96124087          NA 12.97654499          NA          NA          NA          NA
[134]          NA          NA 13.54407742          NA          NA 25.03828005          NA
[141]          NA          NA  4.45367103          NA          NA          NA          NA
[148]          NA          NA          NA          NA          NA          NA          NA
[155]  3.44648829          NA          NA          NA          NA  2.42675242          NA
[162]          NA 10.73608145          NA          NA          NA          NA          NA
[169]          NA          NA          NA  8.73929747 21.58696138 11.74107036          NA
[176]          NA          NA          NA          NA  4.77553833  4.88787670          NA
[183]  7.80170996          NA          NA          NA 21.32681692  7.76306030          NA
[190]          NA 11.69044614          NA  4.60440984          NA  8.53806688  0.98397922
[197]          NA  0.21213613 22.21757896 16.09694885          NA  4.14000059          NA
[204]  2.00368539          NA 23.22512711          NA          NA          NA 15.77496633
[211]          NA          NA          NA          NA          NA          NA          NA
[218]          NA          NA  2.80732304          NA          NA          NA          NA
[225]  0.13559793          NA          NA  0.43086752          NA          NA          NA
[232]          NA          NA          NA          NA          NA          NA          NA
[239]          NA          NA  2.66645832          NA          NA 14.12951690          NA
[246]  6.55673202          NA          NA          NA          NA          NA  3.36255103
[253]          NA          NA          NA 12.12561039          NA  6.99194878          NA
[260]          NA  4.56439511  5.56146577          NA          NA          NA          NA
[267]          NA 11.03934227  2.43038468          NA          NA          NA          NA
[274] 11.36550356          NA          NA          NA  5.31059444 16.09586231  8.57025907
[281]          NA          NA  3.86459026          NA          NA          NA          NA
[288]          NA          NA  0.14896902          NA          NA          NA          NA
[295]          NA          NA          NA          NA          NA  1.04269104          NA
[302]  2.72691962          NA  1.07174194          NA          NA          NA          NA
[309]          NA  0.55112418          NA          NA          NA          NA          NA
[316]          NA          NA          NA          NA          NA  7.83199533 10.71899235
[323]          NA          NA          NA          NA          NA          NA          NA
[330] 10.01961548          NA          NA          NA          NA          NA  6.23152512
[337]          NA          NA          NA 11.81714390          NA          NA          NA
[344]          NA  3.39858312          NA          NA          NA          NA          NA
[351]          NA  2.97622711          NA          NA          NA          NA          NA
[358]          NA          NA  8.67325585          NA          NA          NA          NA
[365]          NA          NA          NA          NA          NA          NA          NA
[372]  2.30346919          NA          NA  4.07345376          NA          NA          NA
[379]          NA          NA          NA          NA          NA          NA  0.47565468
[386]          NA          NA          NA          NA          NA          NA          NA
[393]          NA          NA          NA          NA          NA  0.07905474          NA
[400]          NA          NA          NA          NA          NA  0.98482992          NA
[407]          NA          NA  1.56670231          NA          NA          NA          NA
[414]          NA          NA          NA          NA          NA          NA          NA
[421]          NA          NA          NA          NA          NA          NA          NA
[428]  5.30824195          NA          NA          NA          NA          NA          NA
[435]          NA          NA          NA          NA          NA          NA          NA
[442]          NA  2.78217999          NA  6.99098021          NA          NA          NA
[449]          NA  4.44823569  0.31371363  1.31954977          NA          NA          NA
[456]  7.47811123          NA          NA          NA  4.48144161          NA          NA
[463]          NA  5.69219905          NA          NA          NA          NA          NA
[470]          NA          NA          NA          NA          NA          NA          NA
[477]          NA          NA  3.88497361          NA          NA          NA          NA
[484]          NA          NA          NA          NA  0.51775142          NA  1.32706555
[491]          NA          NA  1.16091006          NA          NA          NA  1.46257230
[498]  2.34092885          NA          NA          NA          NA          NA          NA
[505]          NA  2.29735886          NA          NA          NA          NA          NA
[512]  1.54496626          NA          NA          NA          NA  3.28197258          NA
[519]          NA          NA          NA          NA  2.64409751          NA          NA
[526]          NA          NA          NA          NA          NA          NA          NA
[533]          NA  5.12106043          NA          NA          NA          NA          NA
[540]          NA  2.59124412          NA          NA          NA          NA          NA
[547]          NA          NA          NA          NA          NA          NA          NA
[554]          NA          NA  1.97993774          NA          NA          NA          NA
[561]          NA  0.22829865          NA          NA          NA          NA          NA
[568]          NA          NA          NA          NA          NA          NA          NA
[575]          NA          NA          NA          NA  0.35233766          NA          NA
[582]          NA  1.92236398          NA          NA          NA          NA          NA
[589]          NA          NA          NA          NA          NA          NA  0.12412595
[596]          NA          NA          NA          NA          NA          NA          NA
[603]          NA          NA          NA          NA          NA          NA          NA
[610]          NA          NA          NA          NA          NA          NA          NA
[617]          NA          NA          NA          NA          NA          NA          NA
[624]          NA          NA          NA          NA          NA          NA          NA
[631]          NA          NA          NA          NA          NA          NA          NA
[638]  0.66206936          NA          NA          NA          NA          NA          NA
[645]          NA          NA          NA          NA          NA

$TS
  [1] 64.247854683 63.476887024 56.457565877 53.982568417 48.123611206 24.195055057 23.947039546
  [8] 18.064182505  6.427544614  3.429884320 54.179655412 54.104678483 52.897187476 26.253938647
 [15] 25.091483758 47.853580081 36.663284247 32.930207375 28.384332985 27.018451270 22.478628659
 [22] 15.540619686 14.027448371  9.682938307 53.181900147 49.615503920 33.696542658 31.288452870
 [29] 50.633713892 47.570990712 42.193768957 48.505322328 44.091799054 39.802167158 38.153450640
 [36] 38.176239828 20.944084139 13.752650173 10.445682979  4.999065722  2.936934847  2.420872738
 [43] 47.067656425 46.816834799 43.187588170 32.878958760 29.817626782 27.601312923 26.740700489
 [50] 25.810006008 21.026627322 14.224752680 39.991212182 10.003672386  6.954588894 29.749512164
 [57] 22.375818743 13.849125762  9.868111849  8.974614180  7.371964610  3.877889121  2.930937882
 [64] 35.860820298 32.736734412 24.835738366 24.087247838  9.926246768 31.142490683 29.051258722
 [71] 17.230932222  7.489575412 38.634643107 36.607501928 31.499732358 38.017320584 34.602857925
 [78] 29.907441611 34.018221304 34.124041800 29.811136778 34.039630277 33.994594473 31.056740400
 [85] 18.784085648  2.357886297 24.477330437 30.107641475 23.068515449 11.993129938  4.296893555
 [92] 28.298061382 24.503805552 15.616540284  6.350016221  6.195161138  1.151208971 31.522072492
 [99] 11.549160688 28.215458883 16.681831610  5.825294334  0.960767995 30.879905835 25.636038772
[106] 25.506915054 18.201508698 15.152702111  7.946674886 27.833435363 27.545473018 26.858584608
[113] 22.244608863 24.735708879  9.923728990  9.156672965  4.898658611 27.678716023  5.557440223
[120]  4.793103985  2.951828373  1.405395925 11.448456288 10.243433250 28.433044470 27.357739688
[127] 25.072356571 27.518553815 26.890282289  9.328152807 27.376395429 16.358630184  4.410122403
[134]  3.453098412  1.308444989 14.222724561 15.718605848 10.340081199 25.962227372 16.245396802
[141]  6.888267830  2.136478544 21.311287632 16.729092280 14.998869990 23.685198878 16.813359841
[148] 12.648467165 11.764478746  6.791409223  5.864055869  2.827218425  1.930847866 24.323304399
[155] 14.692608457  5.258917979  1.124964471  0.102319288 19.159352305  9.011956178  3.575531802
[162]  1.853652170 27.015184991 22.911263936 25.108974150 22.160469733 19.913366461 12.683297238
[169] 20.977903188 20.954253935 15.089409575 13.230271146 21.646494018 17.687696966  9.811116204
[176]  5.126580588  3.001844840 19.113200158 16.785509685  8.294658979  7.882267546  1.847220549
[183] 21.925857213 24.825826657 11.902330898 24.986666659 23.829034142 10.446992996 19.796435011
[190] 19.328489804 20.532725027 10.823495087 21.221002869 12.814108540 17.849793831  2.626077242
[197]  0.507754413  5.582382179 22.762242645 16.640268931 10.091242540  7.051488760  4.524860823
[204] 23.899221068 23.083496545 23.472298565 23.213181751 17.675172831 10.034445065 18.175995885
[211] 11.092239865  8.986864909  3.438987530 18.050267355 16.482025791 16.401472772 14.512539759
[218] 21.665659738 12.171196750  7.842743060  2.611212446 21.441966470 17.241791967  5.620014720
[225]  4.414344749  1.865192560 17.895272183 16.121023406  0.205203580 11.191145818  4.762510554
[232]  1.861713397  1.059117200 18.591912314  7.271667663 17.776281654 16.208979213 13.680072205
[239]  3.482555517  2.559349838 12.260536293  6.014667379 18.455041726 15.433184534 15.301760450
[246]  7.724743491  7.069310660  4.532620058 11.352714664  5.630877763  4.258929351  3.996075969
[253] 10.661531516  2.030661714 15.068519276 17.720226881 17.101070845 13.275920915 11.621074093
[260] 10.385708230 10.062061073  9.411515424  7.179128149  6.357191133  4.011012498  3.129442216
[267]  2.090212793 17.765170789 11.505486841 10.871804187  3.698792046 12.900321534 16.585041091
[274] 17.032801698 14.547306507 13.980747405 12.355751949 16.896345671 16.346831858 11.535606422
[281]  9.957144524  6.315274293  6.769965883  3.987965016 17.169594296 13.895301941  3.453704923
[288]  2.523593644 13.149006665  9.381192359 16.350069932  9.859124492 14.976332229 12.793049996
[295] 10.865173733  9.980796019  0.841528684  6.013569274  2.083458890 15.702086168 11.232019889
[302]  6.459028150 12.605040419 10.899408502  9.183350644  7.366805323  7.158608407  3.644299255
[309] 15.742039945  8.411171159 11.252364238  6.526580088 11.221370591  6.633878912 14.722433469
[316]  7.466982770  5.190965492  1.451007800 14.196816707 10.611304174  7.962629521 13.165909796
[323]  9.844783925  0.623072926  5.932740496  4.438866261  1.876454682  0.378171885 13.386703098
[330] 11.366062966  4.780476609  3.238775471  6.219009206  1.140029867  8.710999859  8.869480330
[337] 11.928523227 11.032036592 13.045149219 12.130489333 10.129997388  2.716077775  1.907780267
[344]  1.174793055 10.241826941 11.417395803 11.599384280 11.445549883  6.355766340  6.272112002
[351]  5.364902554  4.202423544  9.223349881  7.018190499  3.288577405  2.035687413 12.044398076
[358]  2.865995756  1.593732867  9.141167074  6.746788588  4.647978452  3.852731728  3.761117535
[365]  8.177843641  7.291386022  3.839702881  3.228614782  5.166428256  3.396920654  4.285299118
[372]  3.166721749  2.399185301  7.286496510  8.496628056 11.277923592 10.164130959  0.249499990
[379]  0.292166849  8.160687821  6.449020387  7.445886288 11.270169706 10.189199049  1.414602755
[386]  8.220498297  3.062727942  0.112278763  6.761492834  4.876617164  8.796354353  4.596185486
[393]  1.709180933  9.825072387  9.820599909  7.353660017  6.560643928 10.859466577  2.880173717
[400]  9.233910529 10.604265538  8.588147214  3.104218552  0.497346579  8.927214111  7.677475523
[407]  6.377826401  4.622581103  2.723727962  4.496499022  7.350834909  1.974510323  1.762377817
[414]  0.803987883  3.754396165  2.054655872  9.952888243  6.146430122  0.294480235  9.008922173
[421]  5.471015943  8.516666614  5.910004225  5.270084109  2.679500273  1.885968775  9.082351687
[428]  7.031638618  5.664430257  3.245912047  7.529044800  6.322389736  3.473917699  3.436386144
[435]  3.201583794  2.508228822  1.810710970  4.487558727  3.334731718  3.210522554  2.954361483
[442]  6.947199903  3.508768100  3.247243226  8.993075785  5.377293899  1.012064547  7.683306949
[449]  5.115165847  4.958023135  4.907750409  8.824785048  7.771603198  6.809304095  4.380321376
[456]  8.666685593  2.581433549  0.924087289  8.385719743  7.960689979  1.118852113  6.006607347
[463]  2.342860450  7.942944453  8.278578769  5.220849486  1.443500612  7.432821458  0.820117841
[470]  2.050606607  7.167587937  6.315531630  6.289182431  2.734112220  7.407488674  3.934910516
[477]  2.180801523  1.130821297  5.696169412  0.813267167  6.589751942  5.247336983  6.400616383
[484]  0.034647092  7.428826853  1.690592523  0.359510446  7.098351876  3.772741277  5.257129604
[491]  4.356772759  2.955561815  7.172437650  6.390490348  6.017730193  3.667391639  3.582249363
[498]  7.191869011  5.742449083  4.309675836  1.561998621  5.544470704  6.495062310  5.892781836
[505]  2.751161339  5.359885526  4.274418356  5.206957726  5.007945594  6.479282927  4.379409160
[512]  4.483914949  1.582639862  1.711430915  1.409317702  0.914196820  5.341331934  2.163653887
[519]  6.081131950  1.032231787  2.040196226  1.561305742  3.747051502  0.477152947  4.802006030
[526]  5.371022085  1.854354477  2.276934543  1.272600301  3.767915117  1.932605658  3.250875626
[533]  1.080075478  5.651681503  1.321908432  1.165470688  5.490413429  5.077894072  0.089837908
[540]  0.030686728  5.167901809  4.506792560  1.633020119  1.028020867  2.806669738  1.454078052
[547]  2.797284189  3.791517159  2.593515226  1.821707114  4.143207104  2.599768640  2.490108992
[554]  0.255111472  0.112499761  3.471221454  3.228227904  0.602606167  4.822329698  2.539723894
[561]  2.636944594  3.622626580  1.082621503  2.602741238  2.200960857  3.831545659  2.943921386
[568]  4.427509209  4.577979144  3.667026236  1.437393449  1.360975202  0.278753344  2.696650172
[575]  1.700299314  0.845153287  3.735321304  3.574976557  1.585107238  4.418468679  3.313973052
[582]  1.052034207  2.025095901  3.390603392  2.983835386  2.448701526  1.601533839  0.446974496
[589]  0.387258039  2.592713202  2.471940152  1.249432624  2.084572129  3.158756389  0.711783556
[596]  0.008386746  3.268081538  1.710467157  0.494044742  0.735016351  3.050526134  0.867577758
[603]  2.987057169  1.506121476  1.929153809  1.743688409  0.463766961  0.580650990  0.804270397
[610]  1.312814007  0.895855712  0.690541195  0.711089569  0.767712590  0.932165175  0.002510617
[617]  0.935629939  0.986759027  1.938872533  0.396030996  0.706602194  0.239930840  1.709588969
[624]  1.092628266  0.608339662  0.827832020  0.495096479  1.491868602  1.088572044  0.801836413
[631]  0.253092948  0.133811912  0.661480868  0.225246750  0.376723438  1.205814123  0.802140877
[638]  1.121482099  0.743653396  1.140231355  0.994529427  0.737731902  0.687064980  0.510423097
[645]  0.343676752  0.010396355  0.183144008  0.124527865  0.164239026

$PAR
  [1]  NA   1   1   2   2   2   2   2   2   2   3   3   3   3   3  11  11  11  11  11  11  11  11
 [24]  11  12  25  25  25  13  13  13  29  32  32  32   5   5   5   5   5   5   5  16  16  16  16
 [47]  16  16  16  16  16  16  30  30  30  33  33  33  33  33  33  33  33  45  45  45  45  45  53
 [70]  53  53  53  34  34  73  35  76  17  74  77  77  80  82  82  82  82  79  83  83  83  83  27
 [93]  27  27  27  27  27  18  18  46  46  46  46  98  98  98  98  98  98  75  75  75  75  69  69
[116]  69  69  84  84  84  84  84 104 104  88  88  78  56  56  56  70  70  70  70  70  19  92  92
[139] 100 100 100 100  48  48  48 111 111 111 111 111 111 128 128 131 131 131 131 131 126 126 126
[162] 126  20  20 163 163 163 163 129 129 129 112  49  49  49  14  14  50  50  50  50  50 105 165
[185] 165  15  15  15 127 127 186 186 184 184  87  87  87 154   6   6   6   6   6  67  67   7   7
[208]   7   7 204 204 204 204 207 207 205 205  89 164 164 164  21  57  57  57  57 113 166 166 183
[231] 222 222 222 143 143 193  51  51 169 169 170 170  37 167 167 167 189 189 159 159 159 159 178
[254] 178  85 243 243 243 243 243 243 243 243 243 243 243 243   8   8   8 214 195 236 256 256 256
[277] 256 208 208 208 208 208 223 223  71  71  71  71 285 285 257 257 278 278 278 278 147 179 179
[300] 273 273 273 215 215 216 140 140 140 237 300  94  94  22  22 245 245 245 245 108 108 108 171
[323] 255 255 145 293 293 293 275 275 275 275  52  52 286  58  38  38 329 329 329 329 329 329 258
[346] 289 339 339 339 339 339 339 194 294 168 168 148 303 303 277 277 277 277 277 241 241 241 219
[369] 357 357  90  90  90 337 149 259 259 259 347  99  99 269 123 123 123 348 348 348 346 249 383
[392] 383 311 313 313 230 230 338 338 304 270 398 253 253 188  39 138 138 138 345 384 384 384 384
[415] 377 377 341 341 341 201 261 209 296 296 296 296 281 281 417 417 115  59  59  59  59  59  59
[438] 292 323 323 323 394  24  24 130 130 400 353 353 353 305 116 116 427 427 420 420 420 445  60
[461]  60 405 335 456 402 402 402 375 310 459 180 180 180 465 386 386 386 365 380 380 460 460 464
[484] 453 431  72  72 468 468 485 485 485 475  61 306 306 396 411 411 366 374 235 498 498 498 263
[507] 263 471 307 488 488 354 150 314 314 481 397 397 312 312 503 503 381 483 494 349 349  95  95
[530] 432 432 472 472 282 282 333  96 418 418 418 495 423 423 504 102 499 429 250 224 224 537 537
[553] 537 421 421 526 526 526 506 424 156 482 482 508 369 176 176 538  40  40 120 120 331 362 362
[576] 408 569 569 569 203 203 326 568 580 507 507 251 265  62 548 548 364 415 577 578 287 584 584
[599] 581 355 532 532 332 440 594 601 601 474 561 552 549 457 477 267 593 593 356 254 412 531 343
[622] 327 162 182 598 393 393 579 501 467 467 571 385 122 572 610 610 592 636 536 520 544 458 612
[645] 612 633 608 328 554

$EXTANT
  [1] FALSE  TRUE FALSE FALSE  TRUE  TRUE FALSE  TRUE  TRUE  TRUE  TRUE FALSE FALSE  TRUE  TRUE
 [16] FALSE FALSE FALSE  TRUE FALSE FALSE  TRUE  TRUE  TRUE FALSE FALSE  TRUE FALSE FALSE  TRUE
 [31] FALSE FALSE FALSE FALSE FALSE FALSE FALSE FALSE FALSE  TRUE  TRUE  TRUE FALSE FALSE  TRUE
 [46]  TRUE  TRUE FALSE  TRUE  TRUE FALSE  TRUE  TRUE FALSE  TRUE  TRUE  TRUE  TRUE  TRUE  TRUE
 [61]  TRUE  TRUE  TRUE FALSE FALSE FALSE FALSE FALSE  TRUE  TRUE  TRUE  TRUE FALSE FALSE FALSE
 [76] FALSE FALSE FALSE FALSE FALSE FALSE  TRUE  TRUE  TRUE  TRUE  TRUE  TRUE FALSE FALSE  TRUE
 [91]  TRUE FALSE FALSE  TRUE  TRUE  TRUE  TRUE  TRUE  TRUE  TRUE FALSE  TRUE  TRUE FALSE FALSE
[106]  TRUE FALSE  TRUE FALSE FALSE  TRUE  TRUE FALSE FALSE  TRUE  TRUE  TRUE FALSE FALSE  TRUE
[121]  TRUE  TRUE  TRUE  TRUE FALSE  TRUE FALSE  TRUE FALSE  TRUE  TRUE  TRUE  TRUE  TRUE  TRUE
[136] FALSE  TRUE  TRUE FALSE  TRUE  TRUE  TRUE FALSE  TRUE  TRUE  TRUE  TRUE  TRUE  TRUE  TRUE
[151]  TRUE  TRUE  TRUE  TRUE FALSE  TRUE  TRUE  TRUE  TRUE FALSE  TRUE  TRUE FALSE  TRUE  TRUE
[166]  TRUE  TRUE  TRUE  TRUE  TRUE  TRUE FALSE FALSE FALSE  TRUE  TRUE  TRUE  TRUE  TRUE FALSE
[181] FALSE  TRUE FALSE  TRUE  TRUE  TRUE FALSE FALSE  TRUE  TRUE FALSE  TRUE FALSE  TRUE FALSE
[196] FALSE  TRUE FALSE FALSE FALSE  TRUE FALSE  TRUE FALSE  TRUE FALSE  TRUE  TRUE  TRUE FALSE
[211]  TRUE  TRUE  TRUE  TRUE  TRUE  TRUE  TRUE  TRUE  TRUE FALSE  TRUE  TRUE  TRUE  TRUE FALSE
[226]  TRUE  TRUE FALSE  TRUE  TRUE  TRUE  TRUE  TRUE  TRUE  TRUE  TRUE  TRUE  TRUE  TRUE  TRUE
[241] FALSE  TRUE  TRUE FALSE  TRUE FALSE  TRUE  TRUE  TRUE  TRUE  TRUE FALSE  TRUE  TRUE  TRUE
[256] FALSE  TRUE FALSE  TRUE  TRUE FALSE FALSE  TRUE  TRUE  TRUE  TRUE  TRUE FALSE FALSE  TRUE
[271]  TRUE  TRUE  TRUE FALSE  TRUE  TRUE  TRUE FALSE FALSE FALSE  TRUE  TRUE FALSE  TRUE  TRUE
[286]  TRUE  TRUE  TRUE  TRUE FALSE  TRUE  TRUE  TRUE  TRUE  TRUE  TRUE  TRUE  TRUE  TRUE FALSE
[301]  TRUE FALSE  TRUE FALSE  TRUE  TRUE  TRUE  TRUE  TRUE FALSE  TRUE  TRUE  TRUE  TRUE  TRUE
[316]  TRUE  TRUE  TRUE  TRUE  TRUE FALSE FALSE  TRUE  TRUE  TRUE  TRUE  TRUE  TRUE  TRUE FALSE
[331]  TRUE  TRUE  TRUE  TRUE  TRUE FALSE  TRUE  TRUE  TRUE FALSE  TRUE  TRUE  TRUE  TRUE FALSE
[346]  TRUE  TRUE  TRUE  TRUE  TRUE  TRUE FALSE  TRUE  TRUE  TRUE  TRUE  TRUE  TRUE  TRUE FALSE
[361]  TRUE  TRUE  TRUE  TRUE  TRUE  TRUE  TRUE  TRUE  TRUE  TRUE  TRUE FALSE  TRUE  TRUE FALSE
[376]  TRUE  TRUE  TRUE  TRUE  TRUE  TRUE  TRUE  TRUE  TRUE FALSE  TRUE  TRUE  TRUE  TRUE  TRUE
[391]  TRUE  TRUE  TRUE  TRUE  TRUE  TRUE  TRUE FALSE  TRUE  TRUE  TRUE  TRUE  TRUE  TRUE FALSE
[406]  TRUE  TRUE  TRUE FALSE  TRUE  TRUE  TRUE  TRUE  TRUE  TRUE  TRUE  TRUE  TRUE  TRUE  TRUE
[421]  TRUE  TRUE  TRUE  TRUE  TRUE  TRUE  TRUE FALSE  TRUE  TRUE  TRUE  TRUE  TRUE  TRUE  TRUE
[436]  TRUE  TRUE  TRUE  TRUE  TRUE  TRUE  TRUE FALSE  TRUE FALSE  TRUE  TRUE  TRUE  TRUE FALSE
[451] FALSE FALSE  TRUE  TRUE  TRUE FALSE  TRUE  TRUE  TRUE FALSE  TRUE  TRUE  TRUE FALSE  TRUE
[466]  TRUE  TRUE  TRUE  TRUE  TRUE  TRUE  TRUE  TRUE  TRUE  TRUE  TRUE  TRUE  TRUE FALSE  TRUE
[481]  TRUE  TRUE  TRUE  TRUE  TRUE  TRUE  TRUE FALSE  TRUE FALSE  TRUE  TRUE FALSE  TRUE  TRUE
[496]  TRUE FALSE FALSE  TRUE  TRUE  TRUE  TRUE  TRUE  TRUE  TRUE FALSE  TRUE  TRUE  TRUE  TRUE
[511]  TRUE FALSE  TRUE  TRUE  TRUE  TRUE FALSE  TRUE  TRUE  TRUE  TRUE  TRUE FALSE  TRUE  TRUE
[526]  TRUE  TRUE  TRUE  TRUE  TRUE  TRUE  TRUE  TRUE FALSE  TRUE  TRUE  TRUE  TRUE  TRUE  TRUE
[541] FALSE  TRUE  TRUE  TRUE  TRUE  TRUE  TRUE  TRUE  TRUE  TRUE  TRUE  TRUE  TRUE  TRUE  TRUE
[556] FALSE  TRUE  TRUE  TRUE  TRUE  TRUE FALSE  TRUE  TRUE  TRUE  TRUE  TRUE  TRUE  TRUE  TRUE
[571]  TRUE  TRUE  TRUE  TRUE  TRUE  TRUE  TRUE  TRUE FALSE  TRUE  TRUE  TRUE FALSE  TRUE  TRUE
[586]  TRUE  TRUE  TRUE  TRUE  TRUE  TRUE  TRUE  TRUE  TRUE FALSE  TRUE  TRUE  TRUE  TRUE  TRUE
[601]  TRUE  TRUE  TRUE  TRUE  TRUE  TRUE  TRUE  TRUE  TRUE  TRUE  TRUE  TRUE  TRUE  TRUE  TRUE
[616]  TRUE  TRUE  TRUE  TRUE  TRUE  TRUE  TRUE  TRUE  TRUE  TRUE  TRUE  TRUE  TRUE  TRUE  TRUE
[631]  TRUE  TRUE  TRUE  TRUE  TRUE  TRUE  TRUE FALSE  TRUE  TRUE  TRUE  TRUE  TRUE  TRUE  TRUE
[646]  TRUE  TRUE  TRUE  TRUE

