
Birth-death simulation object with 623 species and 500 extant species

Details for some species:

Extinction times (NA means extant)
[1] 43.38775       NA 30.84612       NA 26.47083       NA


Speciation times 
[1] 63.82782 51.18265 50.17798 37.95260 36.30708 28.71033


Species parents (NA for initial)
[1] NA  1  2  2  2  2


Species status (extinct or extant)
[1] "extinct" "extant"  "extinct" "extant"  "extinct" "extant" 


For more details on vector y, try sim$y, with y one of
TE TS PAR EXTANT



$TE
  [1] 43.38774681          NA 30.84611922          NA 26.47083336          NA 23.86252352
  [8]          NA          NA          NA          NA          NA 18.69034540 31.58145627
 [15] 35.24327116          NA          NA 11.95768293 17.67808302          NA 21.76916212
 [22]  0.57776507          NA 17.77150118  8.35397361          NA 14.03373374          NA
 [29] 27.72530845          NA          NA 14.37809311          NA  5.40525209          NA
 [36]  5.79503062          NA 11.53312452 24.39695280          NA          NA          NA
 [43]          NA  9.82040847          NA 16.66179666 13.89790990          NA  1.24081883
 [50]  9.37320679  7.89102269          NA          NA          NA          NA          NA
 [57]          NA          NA          NA  2.54466249          NA          NA 13.15051731
 [64] 10.66241686  0.52098653          NA  4.20228515          NA  7.51639352  9.90481496
 [71]          NA          NA          NA  8.95247101  3.49891755          NA          NA
 [78]          NA          NA          NA          NA          NA  3.22696251          NA
 [85]          NA  5.91772378          NA  3.77229998  7.90154772          NA          NA
 [92] 17.26926747          NA 10.22353216          NA          NA 14.15066059          NA
 [99]  1.07503120  4.10797199          NA  7.86756332          NA          NA  2.92998383
[106]          NA          NA  6.61341456  6.42647221          NA          NA          NA
[113]          NA          NA 13.22321667          NA          NA          NA          NA
[120] 17.50397930          NA          NA  4.48012298 10.31029477          NA          NA
[127]          NA          NA  9.31858477  4.31028373          NA  0.04519507          NA
[134]          NA          NA          NA          NA          NA          NA          NA
[141]          NA          NA          NA          NA          NA          NA  9.95829123
[148]  8.50980156          NA          NA          NA  1.68015012          NA          NA
[155]          NA          NA          NA 13.17833417          NA  2.39637651  8.25376538
[162]          NA          NA  7.05993778 14.00885287          NA          NA          NA
[169]          NA          NA          NA  9.45377105          NA          NA          NA
[176]          NA          NA  2.64383825  3.35905127          NA          NA          NA
[183]          NA          NA          NA          NA          NA          NA          NA
[190]          NA  9.49210791          NA          NA  1.25704408  9.66049883  3.55001595
[197]          NA          NA          NA          NA          NA          NA          NA
[204]          NA          NA          NA          NA          NA          NA          NA
[211]          NA          NA          NA          NA          NA  4.17265414          NA
[218]          NA          NA          NA          NA          NA  0.81519392  5.51241153
[225]          NA  1.61187297          NA          NA          NA  1.51815159  1.67673712
[232]  3.30521620 11.26210952          NA          NA          NA          NA          NA
[239]          NA          NA  9.97577618  9.03812626          NA          NA          NA
[246]          NA          NA          NA  1.96945777  2.94023857  1.53029157          NA
[253]          NA          NA          NA          NA  7.31779205          NA          NA
[260]          NA          NA          NA          NA          NA          NA          NA
[267]          NA          NA          NA          NA          NA  9.11474712          NA
[274]  2.22221798          NA          NA          NA          NA          NA          NA
[281]  3.87163502  1.22556219          NA          NA          NA          NA          NA
[288]  2.29713140          NA          NA          NA          NA          NA          NA
[295]          NA          NA          NA          NA          NA          NA          NA
[302]          NA          NA          NA          NA          NA          NA          NA
[309]          NA          NA  2.96932388          NA          NA          NA          NA
[316]          NA          NA          NA  2.60033756          NA          NA          NA
[323]  0.13087775          NA  3.68417196          NA          NA  2.69034030  1.94497447
[330]          NA          NA          NA  3.31416286          NA          NA          NA
[337]          NA          NA          NA          NA          NA          NA          NA
[344]          NA  1.01805729          NA  4.69383615          NA          NA          NA
[351]          NA          NA  3.47784750          NA          NA          NA  2.52993072
[358]  0.87934341          NA          NA          NA          NA  6.63266165  1.69748236
[365]          NA          NA          NA          NA          NA          NA          NA
[372]          NA          NA          NA          NA          NA          NA          NA
[379]          NA          NA  0.38444028          NA  1.94820148          NA          NA
[386]          NA          NA          NA          NA          NA          NA          NA
[393]          NA          NA          NA          NA          NA  3.51198869          NA
[400]          NA  6.09382948  1.84826416  2.64944244          NA          NA          NA
[407]          NA          NA          NA          NA          NA          NA          NA
[414]          NA          NA          NA          NA          NA          NA          NA
[421]          NA          NA          NA          NA          NA          NA          NA
[428]          NA          NA          NA          NA          NA          NA          NA
[435]          NA  3.96224923          NA          NA          NA          NA          NA
[442]          NA  5.82884477          NA          NA          NA          NA          NA
[449]          NA          NA          NA          NA          NA          NA          NA
[456]          NA          NA  4.86565644          NA          NA  3.17580263          NA
[463]          NA          NA          NA          NA          NA          NA          NA
[470]          NA  0.75451833          NA  2.09750058  0.96444599          NA          NA
[477]          NA          NA          NA          NA          NA          NA          NA
[484]          NA          NA          NA          NA          NA          NA          NA
[491]          NA          NA          NA          NA          NA          NA          NA
[498]          NA          NA  1.08831880          NA          NA          NA          NA
[505]          NA          NA          NA  3.22484958          NA          NA          NA
[512]          NA          NA          NA          NA          NA          NA          NA
[519]          NA  2.85800021          NA          NA          NA          NA          NA
[526]          NA          NA          NA          NA          NA          NA          NA
[533]          NA          NA          NA          NA          NA          NA          NA
[540]          NA          NA          NA          NA          NA          NA          NA
[547]          NA          NA          NA          NA          NA          NA          NA
[554]          NA          NA          NA          NA          NA          NA          NA
[561]          NA          NA          NA          NA          NA          NA          NA
[568]          NA  0.82555031          NA          NA          NA  1.51338484          NA
[575]          NA          NA          NA          NA          NA          NA          NA
[582]          NA          NA          NA          NA          NA          NA          NA
[589]          NA          NA          NA          NA          NA          NA          NA
[596]          NA          NA          NA          NA          NA          NA          NA
[603]          NA          NA          NA          NA          NA          NA          NA
[610]          NA          NA  0.61469466  0.37944083          NA          NA          NA
[617]          NA          NA          NA          NA          NA          NA          NA

$TS
  [1] 6.382782e+01 5.118265e+01 5.017798e+01 3.795260e+01 3.630708e+01 2.871033e+01 2.408283e+01
  [8] 2.340828e+01 1.185951e+01 8.538105e+00 5.171626e+00 2.816264e+00 5.016574e+01 3.706835e+01
 [15] 3.563850e+01 3.151535e+01 3.113597e+01 4.219288e+01 2.179524e+01 3.254417e+01 2.663039e+01
 [22] 2.558196e+01 1.601615e+01 3.691293e+01 3.176175e+01 2.327009e+01 2.136147e+01 3.539562e+01
 [29] 3.215587e+01 2.852483e+01 2.790016e+01 2.685151e+01 1.903076e+01 1.423872e+01 1.361775e+01
 [36] 6.016220e+00 2.289048e+00 3.092043e+01 2.585201e+01 1.484979e+01 1.068585e+01 1.644359e+00
 [43] 1.072504e+00 1.540224e+01 2.369545e+01 2.298405e+01 2.156618e+01 2.107692e+01 1.752880e+01
 [50] 1.669274e+01 9.267249e+00 7.851372e+00 7.191121e+00 6.241575e+00 2.624755e+01 1.971630e+01
 [57] 1.958052e+01 1.764050e+01 2.471876e+01 2.181194e+01 4.896662e+00 3.035899e+00 1.970879e+01
 [64] 1.115857e+01 6.531764e+00 3.515487e+00 1.014456e+01 5.801425e+00 2.333230e+01 2.319273e+01
 [71] 9.492354e+00 1.916284e+01 1.092481e+01 9.820465e+00 5.122557e+00 2.051877e+01 2.008026e+01
 [78] 1.096347e+01 8.381895e+00 1.924783e+01 2.642781e+00 2.515533e+00 1.824682e+01 1.712780e+01
 [85] 1.456111e+01 1.310388e+01 1.079123e+01 2.074430e+01 1.238984e+01 1.131761e+01 7.034041e+00
 [92] 2.055689e+01 1.799198e+01 1.434775e+01 1.395486e+01 1.986709e+01 1.783129e+01 1.284216e+01
 [99] 1.113929e+01 6.935517e+00 2.019703e+01 1.050969e+01 7.800673e+00 7.109948e+00 5.047021e+00
[106] 1.938696e+01 2.040600e+01 1.811535e+01 1.481884e+01 5.136235e+00 4.322091e+00 1.725783e+00
[113] 8.304178e-01 6.357433e-01 1.507595e+01 1.348004e+01 1.242635e+01 1.155709e+01 7.014763e+00
[120] 1.945318e+01 1.692766e+01 1.529314e+01 1.307708e+01 1.180341e+01 2.036559e+00 6.939346e+00
[127] 6.856748e+00 1.873535e+01 1.104192e+01 9.056849e+00 7.907098e+00 5.685881e+00 2.423932e+00
[134] 2.369017e+00 1.336967e+01 1.054784e+01 8.628947e+00 9.233197e+00 1.048346e+00 4.476612e-01
[141] 1.881929e+01 1.830096e+01 5.446746e+00 3.016984e+00 1.361495e+01 1.189480e+01 1.386923e+01
[148] 1.113723e+01 1.012617e+01 9.365462e+00 7.670755e+00 7.037029e+00 1.421219e+01 9.767731e+00
[155] 1.030953e+01 8.420248e+00 3.031920e+00 1.642179e+01 1.078806e+01 8.083297e+00 1.200019e+01
[162] 7.736505e+00 7.349380e+00 1.793707e+01 1.730702e+01 1.210727e+01 9.372175e+00 4.089645e+00
[169] 1.900883e+00 1.829925e+00 7.809103e-01 1.639679e+01 2.968625e+00 1.060314e+01 5.648912e+00
[176] 3.806929e+00 8.795879e+00 8.432821e+00 7.805151e+00 7.619284e+00 6.364940e-01 1.426112e+01
[183] 1.221722e+01 1.405658e+01 1.575025e+01 1.378523e+01 3.409466e+00 1.049472e+01 9.368958e+00
[190] 1.272285e+00 1.462798e+01 8.772228e+00 7.913016e+00 1.204855e+01 1.280924e+01 4.321690e+00
[197] 3.469619e+00 3.378378e+00 2.641221e+00 1.676735e+00 1.317226e+01 1.150346e+01 1.399373e+01
[204] 8.343427e+00 5.748838e+00 1.380932e+01 7.947968e+00 1.060121e+01 4.997799e+00 2.961434e+00
[211] 5.409939e-01 2.218445e+00 1.105721e+01 1.445185e+00 1.105598e+01 1.021431e+01 6.789832e-01
[218] 7.914319e+00 1.095001e+01 7.819296e+00 7.719269e+00 7.203042e+00 3.818006e+00 1.293280e+01
[225] 1.042397e+01 8.820450e+00 4.082368e+00 3.993183e+00 9.362851e+00 8.994331e+00 8.805099e+00
[232] 5.488216e+00 1.267712e+01 1.147776e+01 8.775307e+00 5.643140e+00 6.178436e+00 3.794557e+00
[239] 3.311706e+00 2.132635e+00 1.054204e+01 9.671541e+00 4.851276e+00 3.774625e+00 2.568299e+00
[246] 7.451879e+00 4.492300e+00 4.137849e+00 9.679478e+00 1.054196e+01 7.781300e+00 1.789621e+00
[253] 1.173291e+00 9.605467e+00 2.209561e+00 1.455370e+00 9.932253e+00 7.401817e+00 9.172206e+00
[260] 1.053360e+01 8.103400e+00 5.546702e+00 8.451938e+00 6.708864e-01 8.605480e+00 1.775433e+00
[267] 8.709638e+00 2.473019e+00 1.813120e+00 6.412120e+00 6.528922e-01 9.683129e+00 9.431712e+00
[274] 7.103467e+00 1.048499e+00 8.483972e-01 8.722855e+00 4.857365e+00 4.793941e+00 8.282348e+00
[281] 4.803945e+00 7.585539e+00 5.189075e+00 5.124092e+00 7.178286e+00 5.889383e+00 3.377452e+00
[288] 5.248771e+00 5.395428e+00 7.648119e+00 3.949611e+00 1.978555e+00 1.483851e+00 5.206066e+00
[295] 6.750304e+00 5.836690e+00 3.946132e+00 9.241810e+00 8.519255e+00 4.186815e+00 2.008592e+00
[302] 7.952588e+00 8.600192e+00 5.926680e+00 6.296701e+00 8.430039e+00 5.631726e+00 2.002884e+00
[309] 8.587365e-01 7.814960e-01 7.595277e+00 1.940328e+00 1.218057e+00 3.606817e+00 3.575687e+00
[316] 1.968532e+00 1.311012e+00 7.455901e+00 7.679703e+00 6.582710e+00 8.227031e+00 7.227153e+00
[323] 1.992850e+00 6.375549e-01 8.604018e+00 6.175183e+00 6.054710e+00 8.802314e+00 6.865041e+00
[330] 3.409738e+00 8.632114e+00 8.616225e+00 6.067660e+00 5.683207e+00 4.907081e+00 2.866145e+00
[337] 2.694514e+00 7.048911e+00 6.717447e+00 1.737594e+00 3.424630e+00 2.480332e+00 8.699465e+00
[344] 2.818856e+00 6.568089e+00 5.731005e+00 5.107175e+00 2.244633e+00 5.671250e+00 4.215184e+00
[351] 2.220425e+00 6.675904e+00 6.369154e+00 1.853292e+00 5.110594e+00 4.725435e+00 4.547343e+00
[358] 5.406726e+00 3.952447e+00 3.212670e+00 1.974818e+00 1.393329e-01 7.862248e+00 4.175307e+00
[365] 1.206458e+00 1.087764e+00 7.688866e+00 4.067412e+00 2.136481e+00 3.387092e+00 6.287982e+00
[372] 2.624361e+00 8.116599e+00 4.580642e+00 7.621388e+00 5.676643e+00 5.583443e+00 1.257009e+00
[379] 2.347219e+00 5.198665e+00 3.618140e+00 5.211084e+00 6.287673e+00 6.075390e+00 1.379537e+00
[386] 3.077975e-01 3.247003e+00 4.914183e+00 6.112175e+00 5.915262e+00 3.216600e+00 4.686099e+00
[393] 2.459159e+00 6.996219e+00 3.353703e+00 1.876496e+00 1.482047e+00 6.071583e+00 7.165455e-01
[400] 3.176797e+00 7.264710e+00 6.022021e+00 4.951729e+00 7.578575e+00 3.989322e+00 3.781385e+00
[407] 1.057583e+00 3.594179e+00 3.432049e-02 6.779347e+00 3.288326e+00 1.170565e+00 8.731036e-01
[414] 7.174952e+00 6.939084e+00 6.620345e-01 5.444136e-01 2.756571e+00 6.314771e+00 2.938541e+00
[421] 6.278587e+00 5.522197e+00 2.964838e+00 1.834587e+00 2.190296e-01 4.872500e-01 7.011934e+00
[428] 3.120815e+00 1.927175e+00 6.391920e+00 1.603222e+00 5.524801e+00 3.419091e+00 5.706335e+00
[435] 5.332331e+00 5.494941e+00 3.995551e+00 2.407613e+00 5.657602e+00 2.085204e+00 6.315940e+00
[442] 9.219425e-01 6.057930e+00 5.499103e+00 4.085373e+00 5.738280e+00 1.611218e+00 6.266087e+00
[449] 6.130679e+00 8.648725e-01 9.179324e-01 3.183531e-01 3.846915e+00 1.742026e+00 3.463947e+00
[456] 2.598038e-01 5.586500e+00 5.627555e+00 5.477448e+00 4.563686e+00 5.172500e+00 4.025668e+00
[463] 2.085893e+00 1.122199e+00 4.985567e+00 4.481384e+00 3.768901e+00 3.064197e+00 4.634375e+00
[470] 2.172703e+00 1.245896e+00 3.765279e+00 5.331167e+00 5.321701e+00 5.033575e+00 3.378465e+00
[477] 3.441700e+00 5.133382e+00 4.709791e+00 2.903186e+00 4.718798e+00 5.336783e+00 3.882884e+00
[484] 1.573825e+00 3.670473e+00 6.614436e-01 3.607711e+00 3.187450e+00 2.649176e+00 2.931373e+00
[491] 1.002994e+00 4.096878e+00 4.250106e+00 3.775913e+00 2.350364e+00 3.619105e+00 1.351888e+00
[498] 5.158426e+00 5.098861e+00 4.035043e+00 1.172276e+00 1.098549e+00 9.628109e-01 3.599367e+00
[505] 3.521183e+00 3.362641e+00 1.828517e-01 4.932917e+00 4.224465e+00 2.027778e+00 3.458882e+00
[512] 4.142456e+00 2.499214e+00 5.257361e-02 1.173527e+00 2.289580e+00 4.150424e+00 3.526907e+00
[519] 8.678014e-01 4.591800e+00 2.855703e-01 1.504195e+00 8.494316e-01 4.230846e+00 2.025530e+00
[526] 1.928124e+00 4.319412e-02 3.983780e+00 4.063798e+00 4.476825e-01 3.748153e+00 3.591443e+00
[533] 3.218691e+00 1.589078e+00 3.416590e+00 2.369965e+00 2.483811e+00 2.286813e+00 3.063009e+00
[540] 2.431888e+00 2.559612e+00 2.812539e+00 2.137130e+00 2.147683e+00 1.424748e+00 4.011722e-01
[547] 6.850706e-01 2.560666e+00 2.364336e+00 7.206395e-01 3.349832e+00 1.210934e+00 1.196185e+00
[554] 1.534458e+00 1.423181e+00 5.588756e-01 2.462083e-01 2.039761e-01 1.687392e+00 3.232216e+00
[561] 2.001409e-01 2.572058e+00 1.561347e-01 1.683910e-02 1.368342e+00 7.533233e-01 1.651268e+00
[568] 1.392873e+00 1.244443e+00 1.311027e+00 3.967969e-01 2.632667e+00 2.508951e+00 2.391473e+00
[575] 4.952024e-05 1.604897e+00 1.966245e+00 1.575019e+00 1.595643e-01 1.936234e+00 1.442954e+00
[582] 6.877819e-01 2.173379e+00 1.510714e+00 6.794824e-01 1.048585e+00 2.171750e+00 1.721569e+00
[589] 9.998684e-01 1.469802e+00 1.660838e-02 3.308745e-01 6.036558e-01 1.509699e+00 8.014550e-01
[596] 2.048769e+00 7.704017e-03 1.210331e+00 4.545295e-01 1.349093e+00 1.616071e+00 3.927107e-02
[603] 1.650968e+00 1.506489e+00 6.995309e-01 5.692835e-01 1.370313e+00 5.058085e-01 1.316219e+00
[610] 1.362119e+00 1.051093e+00 1.144595e+00 4.316915e-01 1.385877e+00 7.618567e-01 3.548698e-03
[617] 1.011128e+00 8.191733e-01 2.330726e-01 1.898415e-01 3.595285e-01 1.904919e-01 5.132422e-01

$PAR
  [1]  NA   1   2   2   2   2   2   2   2   2   2   2   3   3   3   3   3  13  13  18  18  18   4
 [24]  14  24  24  24   5  28  28  28  28  28  28  28  28  28  16  16  17  17  17  17  38   6   6
 [47]   6   6   6   6   6   6   6   6  30  30  30  30  31  31  31  31  55  55  55  55  22  59  45
 [70]  45  45   8   8   8   8  69  69  69  69  26  26  26  70  70  70  70  70  46  60  60  60  47
 [93]  47  47  47  27  48  48  48  48  88  88  88  88  88  92  76  76  76  76  76  76  76  76 107
[116] 107 107 107 107 101 101 101 101 101  77  96  96  56  56  56  56  56  56  56 106 106 106  80
[139]  80  80  72  72  72  72  33  33 141 141 141 141 141 141 128 128 142 142 142  83  83  83 108
[162] 108 108  93  93  93  93  93  93  93  93  58  58  84  84  84 121 121 121 121 121  50  50 158
[185] 172 172  23  44 122 122  40 109 109 191  85  85  85  85  85  85  94  94 182 182 182  34  34
[208] 153 184 184 184 203  95  95 147 147 206 186 116 116 116 116 116 135 135 135 135 135 201 201
[231] 201 201 123 224 224 224  98  98  98  98 195 195 117 117 117 183 166 166 194 146 146 146 146
[254]   9   9 118 202 202 234  90  99  99 213 213 215 215  78  78  78 219 219  73  73  73  87  87
[277] 159 159  41 174 174 136 136 136 250 250 250 188 225 155 155 155 155 216 149 149 149 154 154
[300] 154 154 249 254 254  71 273 273 167 167 167 189 189 189 150 150 150 150 229 298 298 138 138
[323] 138 138 259 259 259 226 226 226 328 328 177 177 177 177 177 235 235 235 192 192 267 267 137
[346] 137 137 137 332 332 332 265 265 265 325 325 325 303 303 303 303 303  10  10  10 263 178 306
[369] 306 156  79  79 204 204 280 280 280 280 321 373 207 218 193 193 193 193 131  52 220 220 220
[392] 179 103 251 162 221 221 367 367 290 375 375 375 311 404 318 318 246 246 258 258 258 163 401
[415] 401 322 322  53 285 285 414 414 414 414 414 104 338 338 338 152  91 427 415 100 100 329 127
[438] 410 339 339 320 320 345 345 345  65  65 270 270 270 430 430 419 305 371 421  54 237 326 449
[461] 389 389 389 389 327 402 304 304 296 205 205 346 434 434 334 334 439 175 175 175 236 307 457
[484] 457 377 262 432 459 143 289 289 482 435 435 435 474 474 288 294 294 380 380 380 461 461 110
[507] 478  75 499 499 105 209 209 335 278 243 281 279 279 356 356 481 481 374 460 460 460 466 196
[530] 493 509 509 350 350 517 517 248 248 227 368 529 462 228 223 238 238 406 494 467 467 496 381
[553] 381 314 315 315 505  66 455 511 511 433 330 330 187 476 395 551 239 428 468 539 144 173 490
[576] 336 542 542 542 337 572 562 245 548 548 537 393 133 438 134 348 212 255 583 583 240 125 510
[599] 361 316 429 429 354 170 269 269 340 603 576 578 554 397 545 568 385 565 610 600 317 317 617
[622] 171 566

$EXTANT
  [1] FALSE  TRUE FALSE  TRUE FALSE  TRUE FALSE  TRUE  TRUE  TRUE  TRUE  TRUE FALSE FALSE FALSE
 [16]  TRUE  TRUE FALSE FALSE  TRUE FALSE FALSE  TRUE FALSE FALSE  TRUE FALSE  TRUE FALSE  TRUE
 [31]  TRUE FALSE  TRUE FALSE  TRUE FALSE  TRUE FALSE FALSE  TRUE  TRUE  TRUE  TRUE FALSE  TRUE
 [46] FALSE FALSE  TRUE FALSE FALSE FALSE  TRUE  TRUE  TRUE  TRUE  TRUE  TRUE  TRUE  TRUE FALSE
 [61]  TRUE  TRUE FALSE FALSE FALSE  TRUE FALSE  TRUE FALSE FALSE  TRUE  TRUE  TRUE FALSE FALSE
 [76]  TRUE  TRUE  TRUE  TRUE  TRUE  TRUE  TRUE FALSE  TRUE  TRUE FALSE  TRUE FALSE FALSE  TRUE
 [91]  TRUE FALSE  TRUE FALSE  TRUE  TRUE FALSE  TRUE FALSE FALSE  TRUE FALSE  TRUE  TRUE FALSE
[106]  TRUE  TRUE FALSE FALSE  TRUE  TRUE  TRUE  TRUE  TRUE FALSE  TRUE  TRUE  TRUE  TRUE FALSE
[121]  TRUE  TRUE FALSE FALSE  TRUE  TRUE  TRUE  TRUE FALSE FALSE  TRUE FALSE  TRUE  TRUE  TRUE
[136]  TRUE  TRUE  TRUE  TRUE  TRUE  TRUE  TRUE  TRUE  TRUE  TRUE  TRUE FALSE FALSE  TRUE  TRUE
[151]  TRUE FALSE  TRUE  TRUE  TRUE  TRUE  TRUE FALSE  TRUE FALSE FALSE  TRUE  TRUE FALSE FALSE
[166]  TRUE  TRUE  TRUE  TRUE  TRUE  TRUE FALSE  TRUE  TRUE  TRUE  TRUE  TRUE FALSE FALSE  TRUE
[181]  TRUE  TRUE  TRUE  TRUE  TRUE  TRUE  TRUE  TRUE  TRUE  TRUE FALSE  TRUE  TRUE FALSE FALSE
[196] FALSE  TRUE  TRUE  TRUE  TRUE  TRUE  TRUE  TRUE  TRUE  TRUE  TRUE  TRUE  TRUE  TRUE  TRUE
[211]  TRUE  TRUE  TRUE  TRUE  TRUE FALSE  TRUE  TRUE  TRUE  TRUE  TRUE  TRUE FALSE FALSE  TRUE
[226] FALSE  TRUE  TRUE  TRUE FALSE FALSE FALSE FALSE  TRUE  TRUE  TRUE  TRUE  TRUE  TRUE  TRUE
[241] FALSE FALSE  TRUE  TRUE  TRUE  TRUE  TRUE  TRUE FALSE FALSE FALSE  TRUE  TRUE  TRUE  TRUE
[256]  TRUE FALSE  TRUE  TRUE  TRUE  TRUE  TRUE  TRUE  TRUE  TRUE  TRUE  TRUE  TRUE  TRUE  TRUE
[271]  TRUE FALSE  TRUE FALSE  TRUE  TRUE  TRUE  TRUE  TRUE  TRUE FALSE FALSE  TRUE  TRUE  TRUE
[286]  TRUE  TRUE FALSE  TRUE  TRUE  TRUE  TRUE  TRUE  TRUE  TRUE  TRUE  TRUE  TRUE  TRUE  TRUE
[301]  TRUE  TRUE  TRUE  TRUE  TRUE  TRUE  TRUE  TRUE  TRUE  TRUE FALSE  TRUE  TRUE  TRUE  TRUE
[316]  TRUE  TRUE  TRUE FALSE  TRUE  TRUE  TRUE FALSE  TRUE FALSE  TRUE  TRUE FALSE FALSE  TRUE
[331]  TRUE  TRUE FALSE  TRUE  TRUE  TRUE  TRUE  TRUE  TRUE  TRUE  TRUE  TRUE  TRUE  TRUE FALSE
[346]  TRUE FALSE  TRUE  TRUE  TRUE  TRUE  TRUE FALSE  TRUE  TRUE  TRUE FALSE FALSE  TRUE  TRUE
[361]  TRUE  TRUE FALSE FALSE  TRUE  TRUE  TRUE  TRUE  TRUE  TRUE  TRUE  TRUE  TRUE  TRUE  TRUE
[376]  TRUE  TRUE  TRUE  TRUE  TRUE FALSE  TRUE FALSE  TRUE  TRUE  TRUE  TRUE  TRUE  TRUE  TRUE
[391]  TRUE  TRUE  TRUE  TRUE  TRUE  TRUE  TRUE FALSE  TRUE  TRUE FALSE FALSE FALSE  TRUE  TRUE
[406]  TRUE  TRUE  TRUE  TRUE  TRUE  TRUE  TRUE  TRUE  TRUE  TRUE  TRUE  TRUE  TRUE  TRUE  TRUE
[421]  TRUE  TRUE  TRUE  TRUE  TRUE  TRUE  TRUE  TRUE  TRUE  TRUE  TRUE  TRUE  TRUE  TRUE  TRUE
[436] FALSE  TRUE  TRUE  TRUE  TRUE  TRUE  TRUE FALSE  TRUE  TRUE  TRUE  TRUE  TRUE  TRUE  TRUE
[451]  TRUE  TRUE  TRUE  TRUE  TRUE  TRUE  TRUE FALSE  TRUE  TRUE FALSE  TRUE  TRUE  TRUE  TRUE
[466]  TRUE  TRUE  TRUE  TRUE  TRUE FALSE  TRUE FALSE FALSE  TRUE  TRUE  TRUE  TRUE  TRUE  TRUE
[481]  TRUE  TRUE  TRUE  TRUE  TRUE  TRUE  TRUE  TRUE  TRUE  TRUE  TRUE  TRUE  TRUE  TRUE  TRUE
[496]  TRUE  TRUE  TRUE  TRUE FALSE  TRUE  TRUE  TRUE  TRUE  TRUE  TRUE  TRUE FALSE  TRUE  TRUE
[511]  TRUE  TRUE  TRUE  TRUE  TRUE  TRUE  TRUE  TRUE  TRUE FALSE  TRUE  TRUE  TRUE  TRUE  TRUE
[526]  TRUE  TRUE  TRUE  TRUE  TRUE  TRUE  TRUE  TRUE  TRUE  TRUE  TRUE  TRUE  TRUE  TRUE  TRUE
[541]  TRUE  TRUE  TRUE  TRUE  TRUE  TRUE  TRUE  TRUE  TRUE  TRUE  TRUE  TRUE  TRUE  TRUE  TRUE
[556]  TRUE  TRUE  TRUE  TRUE  TRUE  TRUE  TRUE  TRUE  TRUE  TRUE  TRUE  TRUE  TRUE FALSE  TRUE
[571]  TRUE  TRUE FALSE  TRUE  TRUE  TRUE  TRUE  TRUE  TRUE  TRUE  TRUE  TRUE  TRUE  TRUE  TRUE
[586]  TRUE  TRUE  TRUE  TRUE  TRUE  TRUE  TRUE  TRUE  TRUE  TRUE  TRUE  TRUE  TRUE  TRUE  TRUE
[601]  TRUE  TRUE  TRUE  TRUE  TRUE  TRUE  TRUE  TRUE  TRUE  TRUE  TRUE FALSE FALSE  TRUE  TRUE
[616]  TRUE  TRUE  TRUE  TRUE  TRUE  TRUE  TRUE  TRUE

