
Birth-death simulation object with 590 species and 500 extant species

Details for some species:

Extinction times (NA means extant)
[1] 16.639006 11.642923 17.815417  2.988725        NA        NA


Speciation times 
[1] 58.24114 45.24425 37.23641 32.40206 23.47418 22.76903


Species parents (NA for initial)
[1] NA  1  1  1  1  1


Species status (extinct or extant)
[1] "extinct" "extinct" "extinct" "extinct" "extant"  "extant" 


For more details on vector y, try sim$y, with y one of
TE TS PAR EXTANT



$TE
  [1] 16.639006139 11.642923341 17.815416813  2.988724990           NA           NA 12.328634248           NA 19.179787859 23.046371350
 [11]           NA 22.792736685  8.996432773 12.229858526           NA 28.920710838 16.576581564  4.364608710 11.998635055           NA
 [21]           NA           NA 28.582402717  6.058684077           NA 29.050137157           NA  8.906208116  7.038822116 10.641893499
 [31]  7.940665208  4.131373186           NA  2.798417863           NA           NA           NA           NA  5.072731450  0.563105608
 [41] 15.688822135           NA 18.859385078           NA           NA           NA           NA           NA           NA           NA
 [51]           NA           NA           NA  3.304759603           NA  5.865228698           NA           NA           NA           NA
 [61]  8.361471660           NA           NA           NA           NA           NA           NA           NA           NA  1.917150799
 [71]           NA           NA           NA           NA           NA  5.325990733           NA 13.788601753  7.540250929 11.215555274
 [81]           NA           NA           NA           NA           NA           NA           NA           NA           NA           NA
 [91]           NA           NA  5.670059134           NA           NA  7.849981344           NA           NA           NA           NA
[101]           NA  7.964173453           NA           NA           NA           NA           NA           NA  2.366745154  7.950545413
[111]           NA           NA           NA           NA           NA 12.096214640           NA           NA           NA           NA
[121]  7.115806674           NA           NA           NA           NA           NA 10.728334080           NA  4.980665924           NA
[131]           NA           NA           NA 10.431954900           NA           NA           NA           NA  4.838780722           NA
[141]           NA           NA  1.170427588           NA           NA  2.220504224           NA           NA           NA  2.303858734
[151]           NA           NA           NA           NA  0.967372427           NA           NA  2.727703361  8.746384224           NA
[161]           NA           NA 11.021510164           NA           NA           NA           NA           NA           NA  5.223903451
[171]           NA           NA  5.182356565           NA           NA           NA           NA           NA           NA           NA
[181]           NA           NA           NA           NA           NA           NA  5.089464138           NA  5.501697578           NA
[191]           NA  9.387334837           NA           NA           NA           NA  2.229763927           NA           NA           NA
[201]           NA           NA           NA           NA           NA           NA           NA           NA           NA           NA
[211]           NA           NA           NA  1.124225685  8.828602106           NA           NA           NA  7.154946301           NA
[221]  0.009745199           NA           NA  3.370365023           NA           NA           NA           NA           NA           NA
[231]           NA           NA           NA           NA           NA           NA           NA           NA  1.018863688           NA
[241]           NA           NA           NA           NA  7.108205201           NA  1.905922251  8.736214338  2.729839106           NA
[251]  4.297850814           NA           NA           NA           NA           NA           NA           NA           NA  0.492924568
[261]           NA           NA           NA           NA           NA           NA           NA           NA           NA           NA
[271]           NA           NA           NA           NA           NA  1.730485038           NA           NA           NA           NA
[281]           NA           NA           NA           NA           NA           NA           NA           NA           NA           NA
[291]           NA           NA           NA           NA           NA           NA           NA           NA           NA           NA
[301]           NA           NA  0.230278558           NA           NA           NA           NA           NA           NA  3.266709870
[311]           NA           NA           NA           NA           NA           NA           NA           NA           NA           NA
[321]           NA           NA  1.827885770           NA           NA           NA  2.452916161           NA           NA  0.892076033
[331]           NA           NA  2.587214980           NA           NA           NA           NA           NA           NA           NA
[341]  2.898163769           NA           NA           NA           NA  0.745128534           NA           NA           NA  1.223522640
[351]           NA  6.251259603           NA           NA           NA           NA           NA           NA           NA           NA
[361]           NA           NA           NA           NA           NA           NA           NA           NA           NA           NA
[371]           NA           NA           NA           NA           NA           NA           NA           NA           NA           NA
[381]           NA           NA           NA           NA           NA           NA  0.592353005           NA           NA           NA
[391]           NA           NA           NA           NA           NA           NA           NA  1.502862560           NA           NA
[401]           NA           NA           NA           NA           NA           NA           NA           NA           NA           NA
[411]           NA           NA           NA  0.521949654           NA           NA           NA           NA           NA  3.250506750
[421]           NA           NA           NA           NA           NA           NA  5.079756727           NA           NA           NA
[431]           NA           NA           NA           NA           NA           NA           NA           NA           NA           NA
[441]           NA           NA           NA           NA           NA           NA           NA           NA           NA           NA
[451]           NA           NA           NA           NA           NA           NA           NA           NA           NA           NA
[461]           NA           NA           NA           NA           NA           NA           NA           NA           NA           NA
[471]           NA           NA           NA           NA           NA           NA           NA           NA           NA           NA
[481]           NA           NA           NA           NA           NA           NA           NA  1.044841527           NA           NA
[491]           NA           NA           NA           NA           NA           NA           NA           NA           NA           NA
[501]           NA           NA           NA           NA           NA           NA  2.699996111           NA           NA           NA
[511]           NA           NA           NA           NA           NA           NA           NA           NA           NA           NA
[521]           NA           NA           NA           NA           NA           NA           NA           NA           NA           NA
[531]           NA           NA           NA           NA           NA           NA           NA           NA           NA           NA
[541]           NA           NA           NA           NA           NA           NA           NA           NA           NA           NA
[551]           NA           NA           NA           NA           NA           NA           NA           NA           NA           NA
[561]           NA           NA           NA           NA           NA           NA           NA           NA           NA           NA
[571]           NA           NA  0.182954063           NA           NA           NA           NA           NA           NA           NA
[581]           NA           NA           NA           NA           NA           NA           NA           NA           NA           NA

$TS
  [1] 58.24113609 45.24424599 37.23641467 32.40206230 23.47417679 22.76903168 44.18794477 37.37504888 35.91139582 31.77064135
 [11] 27.39769804 24.73339156 21.45218626 18.92311786 16.72297043 38.06930612 22.95040003 20.32239170 15.39314686 18.17882283
 [21] 17.67526906  0.50418807 29.45487761 23.78484989 15.61524182 30.91119878 24.82265202 20.68154700 19.53035515 11.17755922
 [31] 10.50278377  5.83294638  0.42870932 14.47295005 11.26054470  4.34394199  0.46339171 22.36566004 21.13422553  6.60190886
 [41] 17.33057192 20.52302805 21.22024414 14.62201506 10.94980720 21.05191045 20.79052651 20.56183157 19.63210552 18.53767262
 [51] 20.17830439 12.32375738 16.56449956 15.87916358 10.28870793  8.21737867  2.17244888  0.74490455  3.52522602 15.70777327
 [61] 13.54387823 11.30221678  1.97912082 13.50145991  8.84736314  7.12098611  7.09437170 19.21659030 19.05757031 12.79359596
 [71]  3.26047767  2.04806548 19.15062033  0.13187691 14.91463330 11.85092625  7.96923685 18.55585196 14.40224159 11.83198453
 [81]  9.26278267  8.41350413 18.50416353 14.17175833 11.04501571  5.62505140  4.12900304 15.38933742 12.39479126 12.33237448
 [91]  9.31298599  7.12740306 15.14526151 18.09582585 16.57311972 12.44099102 15.08329911 10.66826395  3.85980557  3.10147739
[101]  0.01842953 11.42067763  7.87166197  6.28461858  1.69054930 16.44125842 14.81904414 14.37966174  9.63736867 13.97731461
[111]  6.10410631  2.83090736 15.03374210  7.81971715  2.74893167 15.18662461  5.17909116  4.67679133  3.68209699 14.93149704
[121] 11.21940216 13.64844828 12.06026324 11.62932567  7.79438455  5.15282660 14.30135405 12.14471695  6.12665939  3.61618258
[131] 13.40471053  9.32418448 13.53575644 12.50608706 11.29851222  2.87952407  2.86037481  0.12204976  8.06164529  3.21984088
[141]  0.58573231  0.57541279 12.33971441 10.34379253  9.54499353  9.86196801  9.26973618  7.82282553  6.98855799  5.27260128
[151]  5.15873783  4.75521149  1.09504875  6.61388727  8.63183062  5.29763256 11.49574565  8.97567289 11.87388324  5.57956837
[161] 13.13656353 11.52099615 11.44276119 10.43966288  1.96829053 10.54665549  8.83312121  7.61180951  7.16032476  7.14242459
[171]  0.92635953 13.20214365 10.18955098  9.31439117  4.46354674  3.69088794  0.99737542  6.88600491  8.92527974  6.48116701
[181]  0.46093401  1.22935657  5.28650890 12.26012878 11.03579997  4.73406426  8.69786052  6.98031266  5.70559993  7.90101022
[191]  5.53732751 11.19660404 10.58574087 11.34416073  4.92833886  4.64607576  3.67120765  5.31721925  0.79258158  6.62115576
[201]  6.00006640  8.72535526  7.66018819  6.06332730  6.59298848  4.72607263  2.04638470 10.42612072  3.35441367 10.83541459
[211] 10.42129773  9.69265160  8.08194591  7.48287419 10.01109176  2.37331467  5.97555081  8.62869017  7.37080297  7.02299808
[221]  5.11845674  1.60478603  8.35774075  4.96643018  4.60666718  1.45060475  8.81068846  5.38901787  7.98662707  3.13900158
[231]  8.58254939  5.91431989  1.31076476  6.42366238 10.24093188  7.52840718  6.66642049  2.36074632  7.18957410  6.36303837
[241] 10.00817322  7.21723267  3.43425709  1.38302206  9.22036901  7.21381706  5.94545774  9.53940512  6.05467999  8.90581778
[251]  6.47947720  5.66936319  8.11499656  2.89070237  9.14482226  8.47720575  1.24250862  1.12144293  9.23830988  8.85082625
[261]  8.65554771  2.81213517  7.01495359  5.69178632  2.76959350  7.82140375  8.85985678  7.99197453  4.57416361  4.14098203
[271]  7.50475086  6.11253833  5.06804167  1.23312840  8.15285208  5.29836650  7.97394750  5.44207741  6.80087758  2.48055130
[281]  8.49816334  4.87016884  2.69409225  5.15550966  3.49766673  7.86951213  7.04195991  1.90458008  0.77966914  8.19418698
[291]  5.69514890  4.95574507  3.69750626  3.47597909  1.85669995  6.17475608  5.74747726  8.57036887  5.08007388  2.64726014
[301]  0.80070438  0.71462312  8.48610937  4.47971568  5.95256429  4.91490243  7.37393047  3.12580331  0.08267327  8.31387369
[311]  2.90082717  4.23409741  0.77840901  0.93743420  6.02322083  5.26189760  3.75775014  7.55689037  7.74742109  4.29291412
[321]  1.62670650  3.12454557  7.85595779  5.41075100  7.41856081  3.91355168  7.42698880  6.20333204  4.68579940  4.62681968
[331]  6.17945354  5.97783443  6.75476446  3.52164222  2.69916683  1.42646014  1.29982629  5.93386921  7.38224617  3.92554171
[341]  7.27629512  0.27629387  3.28232145  1.88437339  6.69543314  7.38627355  2.61580062  0.76295392  6.42599278  5.24822506
[351]  2.29463397  7.18607960  6.25431463  2.97579777  5.08925415  4.33157957  1.24285397  2.25087864  0.48171243  0.45152984
[361]  3.81152173  5.43889753  2.47374982  6.88714447  6.88393814  2.16195934  4.50970815  6.44496915  5.77329641  2.91352251
[371]  0.43159141  6.91791253  6.35544549  3.95994200  3.87841879  3.59152182  2.41876412  0.49992897  4.20713970  1.39068840
[381]  4.67188546  3.40087101  3.33887065  0.27148179  3.65601930  3.61759844  0.65576800  4.91762304  4.33123571  4.85105779
[391]  2.20709820  5.51745540  6.47688408  1.79101893  1.51411015  5.32546577  5.45569790  5.01868904  4.44588076  4.08184735
[401]  2.11334919  1.11899209  6.43059082  2.59490845  1.28570309  1.23939250  5.79295465  5.60669309  0.25724056  0.64139723
[411]  4.66384038  3.16711246  3.05180739  2.54515176  0.96483443  4.99603248  4.70861244  2.07640164  0.40881527  3.79069327
[421]  1.65424231  4.48997275  2.15616975  5.21677971  2.67185357  1.08329249  5.36841236  2.86690718  0.20901122  0.37409786
[431]  5.64166170  5.42284761  4.82100461  0.11833144  2.65103553  1.66716114  4.89894272  3.54300634  2.35197165  2.07198370
[441]  2.06588488  0.60834063  0.71813033  4.45813234  0.60066701  1.31598847  4.98403725  1.79743619  0.71085117  3.89631134
[451]  1.72807277  4.49884499  4.09729306  3.95722284  2.76475489  2.08331767  2.11353234  1.02648584  4.04862877  0.12631322
[461]  2.32184375  1.84700304  1.25949273  3.16824059  0.46407811  0.23920491  3.95183549  0.42581502  1.36262402  3.94577387
[471]  3.10992158  2.36628508  3.26202072  1.15660264  0.23026511  3.70238009  3.34129768  2.11842506  3.46484191  1.84922641
[481]  0.69492825  2.75013115  0.42754820  1.14570104  2.67541494  0.81572640  3.60378905  3.08036245  3.11898502  2.00574338
[491]  1.20491237  0.32017178  4.16785172  3.84710718  1.66085413  1.30164142  4.00759285  3.31621427  2.57920113  2.80802511
[501]  1.36532799  0.28651897  0.06705000  2.21430117  0.13428801  3.07701810  3.46779210  2.24580825  3.74588066  3.50086072
[511]  0.71638275  2.94770790  0.55384400  1.07865002  0.59028399  3.19249993  2.77996474  0.04239055  1.15892712  2.04247356
[521]  0.03632928  2.15250398  1.03233492  1.04529378  3.16286054  0.18644939  0.37114213  2.62141576  3.02353337  2.24226676
[531]  0.64119256  1.20837529  2.16452861  0.91317004  0.52604281  2.48392579  0.81487760  0.78799067  0.70682058  1.81887598
[541]  1.96545165  0.30076260  0.28039787  1.60867638  1.51849100  0.50364860  2.15339446  1.74752788  0.34281056  1.60952608
[551]  1.39334015  0.46155330  0.32755599  1.79105269  1.53849835  1.46425541  2.07375070  2.09196781  1.84629999  0.75332710
[561]  0.11713412  0.54552424  1.69825497  1.18744493  1.60774970  1.60080564  0.36425218  0.21993211  0.94366161  1.06979585
[571]  0.40194445  0.49791733  1.31029977  1.22482267  0.94787424  1.09702244  0.13406631  0.56741421  0.76392191  0.29690648
[581]  0.64457949  0.24620659  0.07707364  0.08661913  0.38646624  0.48973420  0.32942123  0.02593234  0.07701721  0.06172255

$PAR
  [1]  NA   1   1   1   1   1   2   2   2   2   2   2   2   2   2   7   7   7   7   8   8   8   3   4   4  10  11  11  11  11  11  11
 [33]  11  27  27  27  27  24  24  24   5  17  38  38  38  13  13  13  13  13  43  39  46  46  46  46  46  46  47  28  28  48  48  42
 [65]  42  42  42  18  18  51  51  51  49  49  29  29  29  68  68  68  68  68  73  73  73  73  73  69  69  69  69  69  14  50  50  50
 [97]  83  83  83  83  83  20  20  20  20  94  94  94  94  21  21  21  15  15  15  95  95  95  95  53 106  54  54  54  54  54  60  60
[129]  60  60  88  88 116 116  93  97  97  97 113 113 113 113 120 120 120  75  75  75  75  75  75  75  75  44  34  34  79  79 108 108
[161] 127 127  84  84  84 122 122 122 122 122 122  61 133 133 133 133 133  64 131 172 172 161  70  96  89  89 143 143 143  90  90  52
[193]  52 184 184 128 128 123 123  76 124 162 162  62 135 135 135  35  35  30  85  85  85  85  45  45 210  98  98  98  98  98 193 193
[225] 193 193 166 166  31 164 208 208 208 211 144 144 144 144  55  55 173 173 241 241 146 146 146 212 212 109 109 109 145 145 248 132
[257] 132 132 174 174 174  91 147 147  81 259 255 255 255 255 158 158 158 179 250 250 267 267 260 260  65  65  65 167 167 227 227 227
[289] 227 202 202 202 202 202 202 187 187 261 261 261 261 261 155 155 218 218 231 231 231 303 303  82  82 223 290 290 290 275 253 253
[321] 253 213 139 139 229 229 190 286 286 286 323 323 266 266 266 266 266 114 125 125 319 319 203 168 318 236 236 236 271 271 271 327
[353] 327 327 325 325 325 339 339 339 341 246 246 239 239 169  92  66  66  66  66 287 287 287 287 287 287 220 149 149 188 372 372 372
[385] 364 364 364 178 178 279 279 333 345 345 200  40 205 205 205 205 205 205 180 180 368 368 349 349 240 104 353 353 328 331 331 111
[417] 111 204 204 315 201 332 332 217 247 338 232 407 407 369 291 291 291 291 264 264 252 252 431  86  86  86 408 392 362 432 324 324
[449] 324 228 228 396 396 150 150 316 424 424 117 117 151 151 126 221 355 273 447 447 388 306 306 437 433 186 329 118 118 118 269 269
[481] 269 367 367 452 304 304 175 399  36  36  36  36 356 356 389 389 320 312 312 270 270 459 459 374 467 450  99  99 494 494 494 361
[513] 361 509 293 119 119 386 130 487 487 376 243 477 383 383 498 343 473 473  71 140 464 525 525 506 529 529 354 370 311 311 136 300
[545] 528 347 404 499 499 414 536 472 472 351 530 530 504 533 457 457 557 207 480 559 448 394 394 451 544 556 556 336 551 501 463 564
[577] 474 402 524 534 443 442 578 513 535 572  37 419 342 503

$EXTANT
  [1] FALSE FALSE FALSE FALSE  TRUE  TRUE FALSE  TRUE FALSE FALSE  TRUE FALSE FALSE FALSE  TRUE FALSE FALSE FALSE FALSE  TRUE  TRUE
 [22]  TRUE FALSE FALSE  TRUE FALSE  TRUE FALSE FALSE FALSE FALSE FALSE  TRUE FALSE  TRUE  TRUE  TRUE  TRUE FALSE FALSE FALSE  TRUE
 [43] FALSE  TRUE  TRUE  TRUE  TRUE  TRUE  TRUE  TRUE  TRUE  TRUE  TRUE FALSE  TRUE FALSE  TRUE  TRUE  TRUE  TRUE FALSE  TRUE  TRUE
 [64]  TRUE  TRUE  TRUE  TRUE  TRUE  TRUE FALSE  TRUE  TRUE  TRUE  TRUE  TRUE FALSE  TRUE FALSE FALSE FALSE  TRUE  TRUE  TRUE  TRUE
 [85]  TRUE  TRUE  TRUE  TRUE  TRUE  TRUE  TRUE  TRUE FALSE  TRUE  TRUE FALSE  TRUE  TRUE  TRUE  TRUE  TRUE FALSE  TRUE  TRUE  TRUE
[106]  TRUE  TRUE  TRUE FALSE FALSE  TRUE  TRUE  TRUE  TRUE  TRUE FALSE  TRUE  TRUE  TRUE  TRUE FALSE  TRUE  TRUE  TRUE  TRUE  TRUE
[127] FALSE  TRUE FALSE  TRUE  TRUE  TRUE  TRUE FALSE  TRUE  TRUE  TRUE  TRUE FALSE  TRUE  TRUE  TRUE FALSE  TRUE  TRUE FALSE  TRUE
[148]  TRUE  TRUE FALSE  TRUE  TRUE  TRUE  TRUE FALSE  TRUE  TRUE FALSE FALSE  TRUE  TRUE  TRUE FALSE  TRUE  TRUE  TRUE  TRUE  TRUE
[169]  TRUE FALSE  TRUE  TRUE FALSE  TRUE  TRUE  TRUE  TRUE  TRUE  TRUE  TRUE  TRUE  TRUE  TRUE  TRUE  TRUE  TRUE FALSE  TRUE FALSE
[190]  TRUE  TRUE FALSE  TRUE  TRUE  TRUE  TRUE FALSE  TRUE  TRUE  TRUE  TRUE  TRUE  TRUE  TRUE  TRUE  TRUE  TRUE  TRUE  TRUE  TRUE
[211]  TRUE  TRUE  TRUE FALSE FALSE  TRUE  TRUE  TRUE FALSE  TRUE FALSE  TRUE  TRUE FALSE  TRUE  TRUE  TRUE  TRUE  TRUE  TRUE  TRUE
[232]  TRUE  TRUE  TRUE  TRUE  TRUE  TRUE  TRUE FALSE  TRUE  TRUE  TRUE  TRUE  TRUE FALSE  TRUE FALSE FALSE FALSE  TRUE FALSE  TRUE
[253]  TRUE  TRUE  TRUE  TRUE  TRUE  TRUE  TRUE FALSE  TRUE  TRUE  TRUE  TRUE  TRUE  TRUE  TRUE  TRUE  TRUE  TRUE  TRUE  TRUE  TRUE
[274]  TRUE  TRUE FALSE  TRUE  TRUE  TRUE  TRUE  TRUE  TRUE  TRUE  TRUE  TRUE  TRUE  TRUE  TRUE  TRUE  TRUE  TRUE  TRUE  TRUE  TRUE
[295]  TRUE  TRUE  TRUE  TRUE  TRUE  TRUE  TRUE  TRUE FALSE  TRUE  TRUE  TRUE  TRUE  TRUE  TRUE FALSE  TRUE  TRUE  TRUE  TRUE  TRUE
[316]  TRUE  TRUE  TRUE  TRUE  TRUE  TRUE  TRUE FALSE  TRUE  TRUE  TRUE FALSE  TRUE  TRUE FALSE  TRUE  TRUE FALSE  TRUE  TRUE  TRUE
[337]  TRUE  TRUE  TRUE  TRUE FALSE  TRUE  TRUE  TRUE  TRUE FALSE  TRUE  TRUE  TRUE FALSE  TRUE FALSE  TRUE  TRUE  TRUE  TRUE  TRUE
[358]  TRUE  TRUE  TRUE  TRUE  TRUE  TRUE  TRUE  TRUE  TRUE  TRUE  TRUE  TRUE  TRUE  TRUE  TRUE  TRUE  TRUE  TRUE  TRUE  TRUE  TRUE
[379]  TRUE  TRUE  TRUE  TRUE  TRUE  TRUE  TRUE  TRUE FALSE  TRUE  TRUE  TRUE  TRUE  TRUE  TRUE  TRUE  TRUE  TRUE  TRUE FALSE  TRUE
[400]  TRUE  TRUE  TRUE  TRUE  TRUE  TRUE  TRUE  TRUE  TRUE  TRUE  TRUE  TRUE  TRUE  TRUE FALSE  TRUE  TRUE  TRUE  TRUE  TRUE FALSE
[421]  TRUE  TRUE  TRUE  TRUE  TRUE  TRUE FALSE  TRUE  TRUE  TRUE  TRUE  TRUE  TRUE  TRUE  TRUE  TRUE  TRUE  TRUE  TRUE  TRUE  TRUE
[442]  TRUE  TRUE  TRUE  TRUE  TRUE  TRUE  TRUE  TRUE  TRUE  TRUE  TRUE  TRUE  TRUE  TRUE  TRUE  TRUE  TRUE  TRUE  TRUE  TRUE  TRUE
[463]  TRUE  TRUE  TRUE  TRUE  TRUE  TRUE  TRUE  TRUE  TRUE  TRUE  TRUE  TRUE  TRUE  TRUE  TRUE  TRUE  TRUE  TRUE  TRUE  TRUE  TRUE
[484]  TRUE  TRUE  TRUE  TRUE FALSE  TRUE  TRUE  TRUE  TRUE  TRUE  TRUE  TRUE  TRUE  TRUE  TRUE  TRUE  TRUE  TRUE  TRUE  TRUE  TRUE
[505]  TRUE  TRUE FALSE  TRUE  TRUE  TRUE  TRUE  TRUE  TRUE  TRUE  TRUE  TRUE  TRUE  TRUE  TRUE  TRUE  TRUE  TRUE  TRUE  TRUE  TRUE
[526]  TRUE  TRUE  TRUE  TRUE  TRUE  TRUE  TRUE  TRUE  TRUE  TRUE  TRUE  TRUE  TRUE  TRUE  TRUE  TRUE  TRUE  TRUE  TRUE  TRUE  TRUE
[547]  TRUE  TRUE  TRUE  TRUE  TRUE  TRUE  TRUE  TRUE  TRUE  TRUE  TRUE  TRUE  TRUE  TRUE  TRUE  TRUE  TRUE  TRUE  TRUE  TRUE  TRUE
[568]  TRUE  TRUE  TRUE  TRUE  TRUE FALSE  TRUE  TRUE  TRUE  TRUE  TRUE  TRUE  TRUE  TRUE  TRUE  TRUE  TRUE  TRUE  TRUE  TRUE  TRUE
[589]  TRUE  TRUE

