
Birth-death simulation object with 595 species and 500 extant species

Details for some species:

Extinction times (NA means extant)
[1]       NA 23.19997       NA 11.27089 24.28704 11.24285


Speciation times 
[1] 59.70874 50.68086 14.00504 47.89028 32.87349 29.33157


Species parents (NA for initial)
[1] NA  1  1  2  2  2


Species status (extinct or extant)
[1] "extant"  "extinct" "extant"  "extinct" "extinct" "extinct"


For more details on vector y, try sim$y, with y one of
TE TS PAR EXTANT



$TE
  [1]          NA 23.19997213          NA 11.27089135 24.28704492 11.24284605  2.24865564 15.77280607          NA 20.13294284
 [11] 21.58981336 10.39942042  2.41544079  0.79416404          NA 20.10210399 11.64251976          NA          NA          NA
 [21] 11.75736793          NA 17.56520782          NA          NA          NA          NA          NA 21.93658145          NA
 [31] 12.64241316          NA          NA          NA 12.45431821 19.93992696          NA          NA          NA          NA
 [41]          NA 20.08670792          NA          NA          NA          NA  6.81001359 12.06882995          NA 10.52258347
 [51]          NA          NA          NA 11.64651797          NA 11.50840905 10.85273126          NA          NA          NA
 [61]          NA 19.55458671  5.77788137          NA          NA          NA          NA  2.03860473 14.16876153 12.07879570
 [71]  3.37797140  4.75025239          NA          NA          NA 18.25200347          NA          NA  3.17351649          NA
 [81] 15.51982717          NA  1.79299552          NA  4.76259364          NA          NA          NA          NA          NA
 [91]          NA  5.45962227          NA          NA 12.77593573          NA          NA  2.53830182  9.27309362          NA
[101]          NA          NA          NA          NA          NA          NA          NA          NA          NA          NA
[111]          NA          NA          NA          NA 14.64207320          NA          NA          NA          NA          NA
[121]  2.19372555  0.48263852          NA          NA          NA          NA          NA          NA 11.82339396          NA
[131]          NA          NA 10.88230363          NA          NA          NA          NA          NA          NA          NA
[141]          NA          NA          NA          NA  1.72267215          NA  0.30081805          NA          NA  1.89009920
[151]          NA          NA          NA          NA          NA          NA          NA          NA          NA          NA
[161]          NA          NA          NA          NA          NA          NA  6.98198941          NA          NA          NA
[171]          NA          NA          NA          NA 11.28064447          NA          NA          NA          NA  9.68296909
[181]          NA          NA          NA  9.43192916 13.19121415          NA 10.58231601  3.10069713          NA          NA
[191]          NA          NA          NA          NA          NA          NA          NA          NA          NA          NA
[201]          NA          NA          NA          NA          NA          NA          NA          NA  2.37659690          NA
[211]          NA          NA          NA 11.41616071          NA          NA          NA          NA          NA          NA
[221]          NA          NA          NA          NA          NA          NA          NA          NA          NA          NA
[231]  2.52464635          NA          NA          NA          NA          NA          NA          NA          NA          NA
[241]          NA          NA          NA          NA          NA          NA          NA          NA          NA  8.67081767
[251]  7.45985303          NA          NA          NA          NA  3.02128913          NA          NA          NA          NA
[261]          NA          NA          NA          NA          NA          NA          NA          NA          NA  4.92461780
[271]          NA          NA          NA          NA          NA          NA          NA          NA          NA          NA
[281]          NA          NA  1.40480434          NA          NA          NA  6.80913137          NA  3.01550506          NA
[291]          NA          NA          NA  1.69527346  3.83949563          NA          NA          NA          NA          NA
[301]          NA  2.53615496  0.54907663          NA          NA          NA  1.38573481          NA          NA          NA
[311]          NA          NA          NA          NA          NA  1.41542518          NA          NA          NA          NA
[321]  4.58088289          NA          NA          NA          NA          NA          NA          NA  1.39736463          NA
[331]          NA          NA          NA          NA          NA  0.17345999          NA  0.35213949          NA          NA
[341]          NA          NA  3.99244807          NA          NA          NA          NA          NA          NA          NA
[351]          NA          NA          NA          NA  5.83864336          NA          NA          NA          NA          NA
[361]  3.15597187          NA          NA          NA          NA  0.00143214          NA          NA          NA          NA
[371]          NA          NA          NA          NA          NA          NA          NA          NA          NA          NA
[381]          NA          NA          NA          NA          NA  3.14630640          NA          NA          NA          NA
[391]          NA          NA          NA          NA          NA          NA          NA          NA          NA          NA
[401]          NA          NA  3.05732010  0.88795072          NA          NA          NA          NA          NA          NA
[411]          NA          NA          NA          NA          NA          NA          NA          NA          NA  3.77022580
[421]          NA          NA  2.59970828          NA          NA          NA          NA          NA          NA          NA
[431]          NA  1.16292160          NA          NA          NA          NA          NA          NA          NA          NA
[441]          NA  1.36518935          NA          NA          NA          NA          NA          NA          NA          NA
[451]          NA          NA          NA          NA  0.56655522          NA          NA          NA          NA          NA
[461]          NA          NA  0.62176291          NA          NA  1.90613056          NA          NA  0.95345583          NA
[471]          NA          NA          NA          NA          NA          NA          NA          NA  0.74230975          NA
[481]          NA          NA          NA          NA          NA          NA          NA          NA          NA          NA
[491]          NA          NA          NA          NA          NA          NA          NA          NA          NA          NA
[501]          NA          NA          NA          NA          NA          NA          NA          NA          NA          NA
[511]          NA  2.64412846          NA          NA          NA          NA          NA          NA          NA          NA
[521]          NA          NA          NA          NA          NA          NA          NA          NA          NA          NA
[531]          NA          NA          NA          NA          NA          NA          NA          NA          NA          NA
[541]          NA          NA          NA          NA          NA          NA          NA          NA          NA          NA
[551]          NA          NA          NA          NA          NA          NA          NA          NA          NA          NA
[561]          NA          NA          NA          NA          NA          NA          NA          NA          NA          NA
[571]          NA          NA          NA          NA          NA          NA          NA          NA  0.09868142          NA
[581]          NA          NA          NA          NA          NA          NA          NA          NA          NA          NA
[591]          NA          NA          NA          NA          NA

$TS
  [1] 59.70873805 50.68085553 14.00503811 47.89028397 32.87348519 29.33156938 28.40657850 27.79850255 27.53183983 25.48290851
 [11] 44.44988185 34.76621502 28.16504048 26.39216453 26.54083722 24.70213105 23.01174943 19.76296677 19.59304711 16.50893446
 [21] 15.63895149 24.46943954 22.40742919 18.86743716 14.48144709  7.08925087  3.32403370  3.10649861 23.81875300 20.26431947
 [31] 26.70053690 21.55775507 13.58565812 18.70376756 14.69485385 20.10770555 11.45975145  3.76168948  6.34575194 24.43768284
 [41] 24.01055716 23.60843872 19.47718131 11.54797349  0.23259233  0.19536196 15.25943771 12.25100590  2.00086432 23.39560600
 [51]  8.97260183  7.07169161 23.58476336 22.45593133 20.59156580 18.60015357 18.36420977  7.71788371  0.23716585 18.08675838
 [61] 22.57358361 22.02125431 21.54619305 19.52595271 19.52255486 15.00213835  7.55176071 16.39875420 16.16987431 14.03268249
 [71] 12.42094118  9.02841737  6.68186900  0.99758426  0.98797955 19.29018631  9.17239053  8.63529805  6.11943967 20.09698324
 [81] 17.28514486 11.36087158 10.03921593  0.05535881 20.02000120 12.87426747 10.41718312  5.51549555 16.48507660 16.17485757
 [91] 11.90777305 10.00053578  0.15589082 15.66503880 17.70562961 11.90776653  0.51967921 17.28816046 15.68487172  8.24703965
[101]  7.60054234  1.95957106  4.06376258  2.07848832  0.38773364  0.06444310 18.77585410 18.08013179  4.93954830  4.65376538
[111]  2.92719914  1.70068135  8.59029034  0.61790222 18.06362525 14.73043770  6.58879142  5.61357295  0.70596874  6.74894951
[121]  6.07121751  3.51847336  0.11790873  7.98417960  4.97528583 17.98301376 17.89103268 12.18850017 17.85965324  6.90642171
[131]  5.00989838  1.60344780 14.70805001  7.86529779  2.11175412  7.55492842  3.59213679 15.47603405 13.92992344 13.38978415
[141] 10.32059315  6.22505373  5.59901351 11.44590427  6.18996632  4.93394080  1.63935946 14.66622980 10.03851675  4.30210688
[151]  1.86190725  7.35043278  4.96404930  3.65035165 15.12100107 14.06296972 13.87654274 12.03974680  5.35563286  4.14435428
[161]  3.92757701  1.08301890 13.78789218 12.11051631  2.96717890 13.59840902  9.26337003  7.43762523  0.55389971 11.12797285
[171] 10.82097978  6.06613854  2.25228311 14.08615645 13.29331444 11.41576202 13.80356244 12.55694145 11.98084131 11.77605256
[181]  5.01881551  3.01261987  2.68776703 14.16792985 13.25384026  2.49913822 12.09017125 13.39994937  8.76985884 13.10163040
[191]  3.84371462  2.80290692  1.03622394  0.03443284 13.62136526  4.55965013  7.60724345  4.45611943  2.91815919  0.95084192
[201]  0.97534367  0.14787936  2.18801395  9.89818134  8.44055357  4.15910873  1.89901431  5.54123627  6.24776447  4.94022802
[211]  8.06896806  3.61725461  0.03708142 12.79510516 10.90728104  5.55175723  3.10451552  5.91000499  5.86694225  4.54771979
[221]  4.68558428  1.63328987  0.78930690  8.38711045  7.99362982  5.89331716  4.74539333  6.29768666 11.89864583  9.78654330
[231]  9.45229099 10.73614864  4.59017887  5.96177085  0.56716286 10.62709580  9.30720898  6.84033731  3.22806740  2.04230614
[241]  7.88558430  5.51925726  2.02262329  1.39764174 10.96785978  5.90010105  5.18738437  4.23162712  3.30091324  9.85685685
[251] 10.52917641  0.93476222  4.07664459  3.62180258  0.38123620  5.73403866  1.21742264  0.54084866 11.15955654  8.46887921
[261]  7.40447394  1.16919509  0.61272678  4.46335877  6.13227757  5.35692073  4.31909698  1.60104768  0.63581980  9.32942011
[271]  1.90918644  1.30274347  8.60939712  0.98916095  6.29206147  4.02800810  1.72563361  9.67701550  7.42000105  6.75004448
[281]  6.00935050  4.77456163  8.19738335  5.53916938  5.22189739  0.53040432  9.75662819  5.35390056  4.22907595  3.52114239
[291]  3.26409169  7.32723539  6.00570755  2.11354081  7.10693301  5.72400588  5.38605880  4.43424502  3.15616425  0.03297641
[301]  8.31393430  3.63107487  2.86206033  1.74268342  6.95964433  7.84533633  6.31372356  4.91441930  2.63899486  5.04391383
[311]  0.86520446  7.12080926  0.93874808  5.28223185  3.46995107  7.55810610  7.53543181  5.97701041  5.26557248  1.75111916
[321]  6.13245517  3.75220287  2.61910650  4.53319849  1.19107320  0.90450156  7.01080840  6.67504689  2.34669685  6.50611921
[331]  4.48987776  4.44174083  3.92185803  0.32908624  5.48434194  4.63804169  6.75155468  5.16017359  2.92046278  0.75701702
[341]  5.88597745  0.30836147  6.88245964  4.33397250  4.11331990  1.86725429  1.64067284  6.16037343  0.34984802  4.39253420
[351]  2.79666098  1.55139200  1.17662776  3.47276696  6.02469011  6.07804029  2.65541255  2.21571743  5.57282336  4.50776906
[361]  3.56521515  1.10587056  0.51945175  0.28638399  0.20835463  6.22021432  6.54663580  2.94927239  3.56133388  3.48856574
[371]  2.22486853  1.62093684  2.67677557  6.24152332  6.17515256  5.14390770  3.13373659  4.35460356  4.10831024  3.32130151
[381]  5.27190244  1.91090209  4.09692054  4.93463007  2.43904201  5.26534338  4.04083543  1.26019467  1.52025171  6.01196954
[391]  4.71702706  4.30997239  4.05711124  5.01722750  2.20750765  0.18521342  3.85562615  1.70369512  4.54404604  5.37033437
[401]  4.56023821  2.78822344  5.58987388  4.64951285  3.11322049  0.74377982  0.56485233  0.55858535  2.20084188  3.82969531
[411]  2.02546119  4.73961692  2.86812830  1.76200086  3.58255015  3.54061358  0.06099226  0.58617886  5.22241435  3.87988144
[421]  3.70663994  0.24077032  5.41333616  3.71788541  3.58133653  5.22422779  4.98637845  4.47555272  1.42206587  3.77643317
[431]  5.23967889  3.58614959  3.06910349  1.84109501  4.64909593  2.88751029  0.90693492  3.75353075  2.70681593  2.46079468
[441]  4.63142328  3.63062847  1.43897761  2.38247862  3.56103195  0.95677071  4.04411746  1.88338984  1.48044144  0.13824563
[451]  1.92593366  3.15777949  4.23646617  2.21087761  4.23798768  1.29115876  0.66317325  2.99522359  2.39426143  2.00015172
[461]  0.68647881  3.92321481  1.82991068  0.56824888  2.77230111  3.67487220  3.50460063  3.16884624  4.18492777  2.97270319
[471]  1.80815299  0.52329368  2.57413375  2.83767077  1.05102797  0.10759637  0.27896518  3.11502308  0.82943166  0.04278557
[481]  0.01100353  1.80877027  3.79266373  1.66147095  2.66452593  4.08312535  1.73348978  1.42212534  2.03205650  0.57566528
[491]  3.29632701  1.75511731  3.13690568  0.03725642  0.69073798  1.48446872  1.86400135  1.02801526  1.21112777  2.47220399
[501]  0.06859748  3.59691216  0.68903651  3.24789838  2.68561477  1.67766095  3.00956102  0.22245631  2.14237201  0.26276330
[511]  3.60100915  2.73271783  1.73645809  0.54037899  0.44550837  3.41563487  0.93097987  2.71853777  1.82018031  0.52991935
[521]  2.67481437  2.15680866  1.37327610  2.64094597  1.90940958  0.77566461  1.99999594  2.47394237  2.11514258  2.17613071
[531]  1.59243962  2.50234820  1.96206061  0.94776177  2.70497356  1.17346053  0.79361902  2.78540088  2.79385996  1.16075598
[541]  1.50064734  2.65825997  0.42041534  2.65503050  0.40402403  2.57246170  1.92647378  0.65713598  0.16695046  0.39623255
[551]  2.25243957  0.47337061  1.06692318  0.90345073  0.69283233  1.87411982  0.46114392  0.40738276  0.63219002  1.70511520
[561]  1.25044956  0.62907692  1.52823838  0.09259947  1.52440092  0.67868842  1.74344023  1.05324887  1.68031545  0.98482014
[571]  1.37405360  1.66084879  0.13150586  0.64625437  0.90297948  0.85139258  0.11509673  0.21143193  0.89568674  0.66139562
[581]  0.86007868  0.03085881  0.73021132  0.70841861  0.24529111  0.20727826  0.33814037  0.38985063  0.02005042  0.78498567
[591]  0.20729023  0.42033943  0.15627956  0.12687090  0.09890430

$PAR
  [1]  NA   1   1   2   2   2   2   2   2   2   4   4   4  11  12   6   6   6   6   6   6   7   7   7   7   7   7   7   8   8   9   9
 [33]   9  31  31  15  15  15  14  16  22  22  22  22  22  22  40  40  40  41  41  41  29  29  53  53  53  53  53  50  17  17  17  17
 [65]  61  61  61  54  54  54  32  32  32  32  32  63  63  63  63  55  55  55  55  55  30  30  30  30  80  80  80  80  80  85  18  18
 [97]  18  19  19  19  19  19  64  64  64  64  65  65  65  65  65  65  43  43  24  24  24  24  24 107 107 107 107  34  34  56  57  57
[129] 108 108 108 108 126 126 126 127 127  95  98  98  98  98  20  89  89  89  89  90  90  90  90  94  94  94  21 138 138 138 138 138
[161] 138 138 155 155 155  66  66  66  66 116 116 116 116 133 133 133 148 148 148 148 148 148 148  25  25  25 184 174 174 156 156 156
[193]   3   3 139 139 157 157 157 157 177 177 163 195 195 195 195 166  33 188 140 140 140 190 190 190 190  86  86  86 178 178 178  71
[225]  71  71  71 128 164 164 164 158 158 179 179  91  91  91  91  91  96  96  96  96 229 229 229 229 229 180  44  44  37  37  37 144
[257] 144 144 176 176 176 176 176  82 259 259 259 259 170 215 215 171 232 232 236 236 236 141 141 141 141 141 149 149 149 149  92 204
[289] 204 204 230 278 278 278 231 270 237 237 237 237  77  77  77  77 189  78  78  78  78 273 273 113 113 260 205 224 224 100 100 100
[321] 283 283 211 225 225 124 134 134 134  58  58  58  58 197 316 316 136  67  67  67 168 168 279 261 152 152 152 292 292 312 312 312
[353] 312  26 305 130 130 130 238 238 337 337 280 280 280  73 328 117 367 367 330  39 275 209 374 374 374 142 142 142 366 366 145 348
[385] 348 265 265 265 356 121 172 390 390 281 281 281 234 234 218 246 226 226 341 341 219 296 118 118 143 403 359 216 216 216 208 208
[417] 284 242  88  88  88  88 335 335 423 297 400 400 266 159 288 288 288 381 386 431 419 338 376 310 394 394 394 131 427 427 125 125
[449] 125 153 210 109 146 308 282 282 282 227 227 221 221 110 110 435 336 441 441 233 196 196 220 220 324 360 428 198 332 298 350 350
[481] 350 378 344 267 150 469 469 469 206 160 345 345 383 253 393 387 276 276 462 333 191 410 410 438 438 322 424 421 154 154 302 302
[513] 511 137 137 415 369 445 290 290 122 122 467 354 354 354  27 249 491 299 493 478  28 217 165 111 199 436 303 303 538 518 439 535
[545] 505 373 357 532 186 500 329 358 454 395 395 530 522 522 529 294 135 411 451 451 207 151 482 482 320 320 513 560 347 147 531 531
[577] 531 449 443 443 499 499 262 193  74 446 252 326 311 581 495 490 408 508 450

$EXTANT
  [1]  TRUE FALSE  TRUE FALSE FALSE FALSE FALSE FALSE  TRUE FALSE FALSE FALSE FALSE FALSE  TRUE FALSE FALSE  TRUE  TRUE  TRUE FALSE
 [22]  TRUE FALSE  TRUE  TRUE  TRUE  TRUE  TRUE FALSE  TRUE FALSE  TRUE  TRUE  TRUE FALSE FALSE  TRUE  TRUE  TRUE  TRUE  TRUE FALSE
 [43]  TRUE  TRUE  TRUE  TRUE FALSE FALSE  TRUE FALSE  TRUE  TRUE  TRUE FALSE  TRUE FALSE FALSE  TRUE  TRUE  TRUE  TRUE FALSE FALSE
 [64]  TRUE  TRUE  TRUE  TRUE FALSE FALSE FALSE FALSE FALSE  TRUE  TRUE  TRUE FALSE  TRUE  TRUE FALSE  TRUE FALSE  TRUE FALSE  TRUE
 [85] FALSE  TRUE  TRUE  TRUE  TRUE  TRUE  TRUE FALSE  TRUE  TRUE FALSE  TRUE  TRUE FALSE FALSE  TRUE  TRUE  TRUE  TRUE  TRUE  TRUE
[106]  TRUE  TRUE  TRUE  TRUE  TRUE  TRUE  TRUE  TRUE  TRUE FALSE  TRUE  TRUE  TRUE  TRUE  TRUE FALSE FALSE  TRUE  TRUE  TRUE  TRUE
[127]  TRUE  TRUE FALSE  TRUE  TRUE  TRUE FALSE  TRUE  TRUE  TRUE  TRUE  TRUE  TRUE  TRUE  TRUE  TRUE  TRUE  TRUE FALSE  TRUE FALSE
[148]  TRUE  TRUE FALSE  TRUE  TRUE  TRUE  TRUE  TRUE  TRUE  TRUE  TRUE  TRUE  TRUE  TRUE  TRUE  TRUE  TRUE  TRUE  TRUE FALSE  TRUE
[169]  TRUE  TRUE  TRUE  TRUE  TRUE  TRUE FALSE  TRUE  TRUE  TRUE  TRUE FALSE  TRUE  TRUE  TRUE FALSE FALSE  TRUE FALSE FALSE  TRUE
[190]  TRUE  TRUE  TRUE  TRUE  TRUE  TRUE  TRUE  TRUE  TRUE  TRUE  TRUE  TRUE  TRUE  TRUE  TRUE  TRUE  TRUE  TRUE  TRUE FALSE  TRUE
[211]  TRUE  TRUE  TRUE FALSE  TRUE  TRUE  TRUE  TRUE  TRUE  TRUE  TRUE  TRUE  TRUE  TRUE  TRUE  TRUE  TRUE  TRUE  TRUE  TRUE FALSE
[232]  TRUE  TRUE  TRUE  TRUE  TRUE  TRUE  TRUE  TRUE  TRUE  TRUE  TRUE  TRUE  TRUE  TRUE  TRUE  TRUE  TRUE  TRUE FALSE FALSE  TRUE
[253]  TRUE  TRUE  TRUE FALSE  TRUE  TRUE  TRUE  TRUE  TRUE  TRUE  TRUE  TRUE  TRUE  TRUE  TRUE  TRUE  TRUE FALSE  TRUE  TRUE  TRUE
[274]  TRUE  TRUE  TRUE  TRUE  TRUE  TRUE  TRUE  TRUE  TRUE FALSE  TRUE  TRUE  TRUE FALSE  TRUE FALSE  TRUE  TRUE  TRUE  TRUE FALSE
[295] FALSE  TRUE  TRUE  TRUE  TRUE  TRUE  TRUE FALSE FALSE  TRUE  TRUE  TRUE FALSE  TRUE  TRUE  TRUE  TRUE  TRUE  TRUE  TRUE  TRUE
[316] FALSE  TRUE  TRUE  TRUE  TRUE FALSE  TRUE  TRUE  TRUE  TRUE  TRUE  TRUE  TRUE FALSE  TRUE  TRUE  TRUE  TRUE  TRUE  TRUE FALSE
[337]  TRUE FALSE  TRUE  TRUE  TRUE  TRUE FALSE  TRUE  TRUE  TRUE  TRUE  TRUE  TRUE  TRUE  TRUE  TRUE  TRUE  TRUE FALSE  TRUE  TRUE
[358]  TRUE  TRUE  TRUE FALSE  TRUE  TRUE  TRUE  TRUE FALSE  TRUE  TRUE  TRUE  TRUE  TRUE  TRUE  TRUE  TRUE  TRUE  TRUE  TRUE  TRUE
[379]  TRUE  TRUE  TRUE  TRUE  TRUE  TRUE  TRUE FALSE  TRUE  TRUE  TRUE  TRUE  TRUE  TRUE  TRUE  TRUE  TRUE  TRUE  TRUE  TRUE  TRUE
[400]  TRUE  TRUE  TRUE FALSE FALSE  TRUE  TRUE  TRUE  TRUE  TRUE  TRUE  TRUE  TRUE  TRUE  TRUE  TRUE  TRUE  TRUE  TRUE  TRUE FALSE
[421]  TRUE  TRUE FALSE  TRUE  TRUE  TRUE  TRUE  TRUE  TRUE  TRUE  TRUE FALSE  TRUE  TRUE  TRUE  TRUE  TRUE  TRUE  TRUE  TRUE  TRUE
[442] FALSE  TRUE  TRUE  TRUE  TRUE  TRUE  TRUE  TRUE  TRUE  TRUE  TRUE  TRUE  TRUE FALSE  TRUE  TRUE  TRUE  TRUE  TRUE  TRUE  TRUE
[463] FALSE  TRUE  TRUE FALSE  TRUE  TRUE FALSE  TRUE  TRUE  TRUE  TRUE  TRUE  TRUE  TRUE  TRUE  TRUE FALSE  TRUE  TRUE  TRUE  TRUE
[484]  TRUE  TRUE  TRUE  TRUE  TRUE  TRUE  TRUE  TRUE  TRUE  TRUE  TRUE  TRUE  TRUE  TRUE  TRUE  TRUE  TRUE  TRUE  TRUE  TRUE  TRUE
[505]  TRUE  TRUE  TRUE  TRUE  TRUE  TRUE  TRUE FALSE  TRUE  TRUE  TRUE  TRUE  TRUE  TRUE  TRUE  TRUE  TRUE  TRUE  TRUE  TRUE  TRUE
[526]  TRUE  TRUE  TRUE  TRUE  TRUE  TRUE  TRUE  TRUE  TRUE  TRUE  TRUE  TRUE  TRUE  TRUE  TRUE  TRUE  TRUE  TRUE  TRUE  TRUE  TRUE
[547]  TRUE  TRUE  TRUE  TRUE  TRUE  TRUE  TRUE  TRUE  TRUE  TRUE  TRUE  TRUE  TRUE  TRUE  TRUE  TRUE  TRUE  TRUE  TRUE  TRUE  TRUE
[568]  TRUE  TRUE  TRUE  TRUE  TRUE  TRUE  TRUE  TRUE  TRUE  TRUE  TRUE FALSE  TRUE  TRUE  TRUE  TRUE  TRUE  TRUE  TRUE  TRUE  TRUE
[589]  TRUE  TRUE  TRUE  TRUE  TRUE  TRUE  TRUE

