
Birth-death simulation object with 598 species and 500 extant species

Details for some species:

Extinction times (NA means extant)
[1] 30.70704 34.73410       NA       NA 35.02497       NA


Speciation times 
[1] 64.54381 47.93222 36.85361 35.32866 46.42084 41.77896


Species parents (NA for initial)
[1] NA  1  1  1  2  2


Species status (extinct or extant)
[1] "extinct" "extinct" "extant"  "extant"  "extinct" "extant" 


For more details on vector y, try sim$y, with y one of
TE TS PAR EXTANT



$TE
  [1] 30.70703775 34.73409687          NA          NA 35.02496532          NA 23.50321359
  [8]          NA          NA 11.38184000 16.42379089          NA 23.36796477 28.97036873
 [15]          NA          NA          NA          NA 10.19568671 11.46409048          NA
 [22]  3.50515625  4.95812569 11.54360090          NA          NA          NA          NA
 [29]          NA  3.53887281  9.01045485          NA          NA          NA          NA
 [36]  0.93148335          NA 11.28803889  9.03954053          NA 28.79205941          NA
 [43]  9.96561584          NA          NA          NA 18.05639553 18.51693530          NA
 [50]          NA          NA  7.57911093 16.78723181 19.80106285          NA 13.17738650
 [57]  6.26756557          NA 24.14066744          NA          NA          NA 12.22009734
 [64]  2.70485764          NA 19.87256191 15.41379339          NA          NA  7.30337325
 [71] 13.92611573 19.69025920          NA          NA          NA 16.93927167          NA
 [78]          NA          NA          NA  8.49285359          NA          NA          NA
 [85]          NA          NA          NA          NA          NA          NA          NA
 [92]          NA          NA          NA          NA 11.95665823 20.35862342  3.87593724
 [99]          NA          NA  3.37856217  9.63752913  1.19879054          NA          NA
[106]          NA          NA          NA  2.64336242          NA          NA 12.59924632
[113]  7.39487279  7.73545179          NA  3.94744908  8.30120434          NA          NA
[120]          NA          NA          NA          NA  4.77116754          NA          NA
[127]          NA          NA          NA          NA          NA  9.38876958          NA
[134]          NA          NA 11.02046959          NA          NA          NA 14.16641808
[141]          NA          NA          NA          NA 11.96493394          NA          NA
[148]          NA          NA          NA 10.87123315          NA          NA 15.68285114
[155]          NA          NA          NA          NA          NA          NA          NA
[162]  0.41626134          NA  4.04856088  1.51442951          NA          NA          NA
[169]          NA          NA          NA  2.90326217          NA          NA  8.02803306
[176]          NA          NA          NA          NA          NA          NA  0.89651140
[183]          NA          NA          NA          NA          NA          NA          NA
[190]  3.69921952          NA          NA          NA  2.25606947          NA          NA
[197]          NA          NA          NA          NA          NA          NA  0.61203117
[204]          NA          NA          NA          NA          NA  5.24589961          NA
[211]          NA          NA          NA          NA          NA          NA          NA
[218]          NA          NA          NA          NA  2.29664080          NA          NA
[225]          NA          NA          NA          NA  1.43536485          NA          NA
[232]          NA          NA          NA          NA          NA          NA          NA
[239]          NA          NA  6.66111154          NA          NA          NA  6.46218811
[246]          NA          NA  0.06849621          NA          NA          NA          NA
[253]  5.72980276  3.84148212          NA          NA          NA  3.14912407          NA
[260]          NA          NA          NA          NA          NA          NA          NA
[267]          NA          NA  0.07030249          NA          NA          NA          NA
[274]          NA          NA          NA          NA          NA          NA          NA
[281]          NA          NA          NA          NA          NA          NA          NA
[288]          NA          NA          NA          NA          NA          NA          NA
[295]          NA          NA          NA          NA          NA          NA          NA
[302]  7.13002841          NA          NA          NA  0.58852480          NA          NA
[309]          NA  4.32438643          NA          NA          NA  6.16151068  3.88681482
[316]          NA          NA          NA          NA          NA          NA          NA
[323]          NA          NA          NA  2.81684730          NA          NA  4.30027810
[330]          NA          NA          NA          NA          NA          NA          NA
[337]  1.01311133          NA          NA          NA          NA          NA          NA
[344]          NA          NA          NA          NA          NA          NA          NA
[351]          NA          NA  4.11863186          NA          NA          NA          NA
[358]          NA  3.42645081          NA  1.58739491          NA          NA          NA
[365]          NA          NA          NA          NA          NA          NA          NA
[372]  1.91303907          NA          NA          NA          NA          NA          NA
[379]          NA          NA          NA          NA          NA          NA          NA
[386]          NA          NA          NA          NA          NA          NA          NA
[393]          NA  1.82612123          NA          NA          NA          NA          NA
[400]          NA          NA  2.56888158          NA          NA          NA          NA
[407]  3.81397477          NA          NA          NA          NA          NA  1.94626608
[414]          NA          NA          NA          NA          NA          NA          NA
[421]          NA          NA          NA          NA          NA          NA          NA
[428]          NA          NA          NA          NA          NA  4.52500926          NA
[435]          NA          NA          NA          NA          NA          NA          NA
[442]          NA  2.71532990          NA          NA          NA          NA          NA
[449]          NA          NA          NA          NA          NA          NA          NA
[456]          NA          NA          NA          NA          NA          NA          NA
[463]          NA          NA          NA          NA          NA          NA          NA
[470]          NA          NA          NA          NA  0.88319031          NA          NA
[477]          NA          NA          NA          NA          NA          NA          NA
[484]          NA          NA          NA          NA          NA          NA          NA
[491]          NA          NA          NA          NA          NA          NA          NA
[498]  1.42655324          NA          NA          NA          NA          NA          NA
[505]          NA          NA          NA          NA          NA          NA          NA
[512]          NA          NA          NA          NA          NA          NA          NA
[519]          NA          NA  0.58573414          NA          NA          NA          NA
[526]          NA          NA          NA          NA          NA          NA          NA
[533]          NA          NA          NA          NA          NA          NA          NA
[540]          NA          NA          NA          NA          NA          NA          NA
[547]          NA          NA          NA          NA          NA          NA          NA
[554]          NA          NA          NA          NA  0.84778895          NA          NA
[561]          NA          NA          NA          NA          NA          NA          NA
[568]          NA          NA          NA          NA          NA          NA          NA
[575]          NA          NA          NA          NA          NA          NA          NA
[582]          NA          NA          NA          NA          NA          NA  0.02813503
[589]          NA          NA          NA          NA          NA          NA          NA
[596]          NA          NA          NA

$TS
  [1] 6.454381e+01 4.793222e+01 3.685361e+01 3.532866e+01 4.642084e+01 4.177896e+01 3.679838e+01
  [8] 4.379288e+01 1.027122e+00 3.238179e+01 2.256644e+01 7.619468e-02 3.671463e+01 3.202708e+01
 [15] 3.185191e+01 2.265343e+01 1.742889e+01 1.240882e+01 3.126961e+01 3.022331e+01 2.457440e+01
 [22] 2.395094e+01 3.116710e+01 3.067288e+01 2.571768e+01 2.096485e+01 6.818296e+00 4.098570e+00
 [29] 1.513821e+01 1.500245e+01 2.961507e+01 2.286721e+01 1.526384e+01 9.422645e+00 6.020790e+00
 [36] 3.236413e+00 2.456821e+00 2.045160e+01 2.003466e+01 1.945983e+01 3.103683e+01 2.913487e+01
 [43] 2.433987e+01 1.687682e+01 1.620229e+01 3.041443e+01 2.344759e+01 2.134049e+01 7.121287e+00
 [50] 2.635417e+01 1.762559e+01 2.509466e+01 2.248390e+01 2.031904e+01 1.466787e+01 2.589805e+01
 [57] 1.968592e+01 1.297256e+01 2.582155e+01 2.141343e+01 2.547082e+01 1.734629e+01 1.597092e+01
 [64] 1.294292e+01 1.882247e+00 2.188349e+01 2.075321e+01 1.202110e+01 1.007273e+01 2.151940e+01
 [71] 1.965853e+01 2.248698e+01 1.878254e+01 1.856059e+01 1.705997e+01 1.702590e+01 1.119033e+01
 [78] 1.045781e+00 1.038571e+00 1.592110e+01 1.167707e+01 1.930405e+01 1.643126e+01 1.248429e+01
 [85] 8.963562e+00 8.746807e+00 8.591663e+00 6.179359e+00 1.227272e+00 1.929117e+01 2.232085e+01
 [92] 2.056608e+01 1.772848e+01 4.293810e+00 3.331395e+00 2.156713e+01 2.043150e+01 2.007767e+01
 [99] 1.733784e+01 1.488766e+01 1.461557e+01 1.386645e+01 1.449220e+01 8.518364e+00 8.060756e+00
[106] 3.285896e+00 2.021121e+01 8.284782e+00 1.887309e+01 1.864142e+01 1.821032e+01 2.024010e+01
[113] 1.932544e+01 1.583618e+01 1.551768e+01 1.652618e+01 1.601612e+01 1.420132e+01 9.597711e+00
[120] 1.797320e+01 1.453669e+01 9.652436e+00 1.314646e+01 9.922700e+00 1.341874e+01 8.748111e+00
[127] 7.783117e+00 7.053997e+00 3.402117e+00 7.859316e-01 1.663683e+01 1.304727e+01 5.891941e+00
[134] 1.617578e+01 9.859248e+00 1.850273e+01 1.602472e+01 1.430699e+01 6.030472e+00 1.702212e+01
[141] 1.540650e+01 1.024324e+01 7.359232e+00 3.265135e+00 1.615976e+01 8.043355e+00 1.416930e+00
[148] 1.817022e+01 1.382078e+01 1.290376e+01 1.177252e+01 1.753712e+01 5.744514e-01 1.606599e+01
[155] 1.275041e+01 1.974816e+00 1.148270e+01 6.946161e+00 2.620814e+00 1.431371e+01 1.324639e+01
[162] 1.276619e+01 6.371763e+00 1.083097e+01 6.348351e+00 3.755930e+00 5.548660e-02 8.739991e-01
[169] 8.961230e+00 8.384443e+00 7.079947e+00 4.425747e+00 4.003768e+00 1.084062e+01 1.648366e+01
[176] 1.021150e+01 9.521215e+00 1.270323e+01 7.047628e+00 5.236083e+00 8.475897e+00 1.070448e+01
[183] 1.288641e+01 6.699857e+00 4.106701e+00 1.113987e+01 3.171850e+00 1.489002e+01 1.000237e+01
[190] 6.383961e+00 8.930939e+00 8.778677e+00 6.973229e+00 5.871830e+00 6.574446e-01 9.414592e+00
[197] 1.376762e+01 5.615817e+00 3.292076e+00 3.204718e-01 1.390979e+01 1.094456e+01 1.082633e+01
[204] 7.948947e+00 7.787291e+00 7.581221e+00 7.862010e+00 1.067163e+01 6.957704e+00 1.238057e+01
[211] 6.768853e+00 5.427036e+00 1.221130e+00 2.540041e-01 3.502116e-02 6.641483e+00 1.795642e+00
[218] 1.452493e+01 5.300365e+00 4.282386e+00 1.429649e+01 4.743428e+00 9.972468e-01 7.071219e+00
[225] 1.148631e+01 9.538620e+00 7.869120e+00 4.130955e+00 2.192537e+00 1.335636e+01 1.037022e+01
[232] 2.010133e+00 1.404208e+01 6.511791e+00 5.556050e+00 1.934550e+00 1.014087e+01 8.745473e+00
[239] 8.149859e+00 1.003021e+01 8.602192e+00 4.741493e+00 2.891242e+00 1.015307e-01 1.304841e+01
[246] 7.367574e-01 1.119596e+01 2.190709e+00 7.625228e+00 1.759168e+00 1.017409e+01 4.107394e+00
[253] 8.105271e+00 6.659085e+00 1.011551e+01 9.606642e+00 6.473219e+00 9.574236e+00 1.648056e+00
[260] 5.898802e-01 2.946215e+00 1.271880e+01 9.449938e+00 5.452382e+00 5.197230e+00 6.785657e+00
[267] 6.088254e+00 2.759715e+00 1.024514e+01 4.023081e+00 1.389765e+00 7.884643e+00 6.448528e+00
[274] 5.211280e+00 4.277777e+00 5.105969e-01 1.184148e+01 6.099427e+00 2.424463e+00 1.111611e+01
[281] 8.452234e+00 4.852666e+00 1.094443e+00 9.929807e-01 8.263908e+00 1.966729e+00 1.497626e+00
[288] 4.462666e+00 9.128628e+00 4.050145e+00 1.370882e+00 9.953061e+00 7.978503e+00 3.624556e+00
[295] 1.716766e+00 9.987589e+00 7.204736e+00 1.329303e+00 1.014581e+01 9.309739e+00 5.222600e+00
[302] 9.827246e+00 9.638631e+00 5.697085e+00 5.266599e+00 6.595550e-01 6.937989e+00 2.504898e+00
[309] 7.351324e+00 4.382096e+00 3.397572e+00 2.927784e+00 8.797400e-01 7.982279e+00 5.962902e+00
[316] 4.438422e-01 9.831398e+00 1.871776e+00 5.913763e-01 6.218911e+00 5.813975e-01 7.010142e+00
[323] 2.048412e+00 7.274057e+00 6.540148e+00 8.530576e+00 6.362303e+00 4.777770e+00 4.958509e+00
[330] 1.315522e+00 8.726500e+00 4.571101e+00 1.268331e+00 9.588371e+00 6.647536e+00 6.118187e+00
[337] 3.647242e+00 7.908531e+00 2.760618e+00 8.141759e+00 7.372391e+00 6.819447e+00 6.793014e+00
[344] 6.682757e+00 5.285009e+00 2.670874e+00 4.673195e+00 6.415268e+00 3.545772e+00 7.187862e+00
[351] 6.375141e+00 3.827495e-01 4.521791e+00 3.444247e+00 8.059340e+00 8.056498e+00 3.742282e+00
[358] 5.714147e+00 4.189101e+00 4.151374e+00 1.591947e+00 8.074620e+00 8.049840e+00 5.803739e+00
[365] 4.736406e+00 6.027419e+00 7.918983e+00 7.100797e+00 5.166387e+00 3.149591e+00 2.860098e+00
[372] 2.232245e+00 1.158097e+00 5.162839e-01 7.409580e+00 4.784331e+00 3.091730e+00 7.701411e-01
[379] 2.992232e+00 5.520940e+00 4.501000e+00 4.682099e+00 9.249036e-01 3.102371e+00 2.828614e+00
[386] 1.394848e+00 8.084452e-01 7.864087e+00 1.403334e+00 1.340041e+00 1.644427e-01 7.153087e+00
[393] 3.033935e+00 7.589120e+00 3.300064e+00 1.387705e+00 3.783391e+00 3.177998e+00 2.353847e+00
[400] 4.001168e+00 3.394017e-01 5.361462e+00 2.883031e+00 3.106315e+00 2.304134e+00 6.464451e+00
[407] 6.324544e+00 3.388339e+00 6.551103e+00 3.689771e-01 2.758865e+00 6.467707e+00 5.984857e+00
[414] 1.818519e+00 3.547603e+00 2.565139e-01 5.195680e+00 4.683164e+00 5.905942e+00 2.266546e+00
[421] 3.167736e-01 4.814382e+00 4.742471e+00 6.147754e+00 6.806472e+00 4.131730e+00 1.842665e+00
[428] 6.493713e+00 2.272121e+00 2.991613e+00 1.797584e+00 6.200240e+00 6.553086e+00 2.608033e+00
[435] 5.415988e+00 3.051032e+00 1.274069e+00 4.319152e+00 4.120359e+00 1.888863e+00 1.396652e+00
[442] 4.458691e+00 5.566067e+00 4.589648e+00 3.563886e+00 2.576228e+00 3.838526e+00 6.073851e+00
[449] 1.444034e+00 5.242870e-01 5.523070e+00 2.924018e+00 6.357883e-01 1.334225e+00 5.019016e+00
[456] 2.996178e+00 1.968226e+00 4.250798e-01 5.970332e+00 5.796523e+00 1.001543e+00 4.668786e+00
[463] 4.664366e+00 3.778262e+00 5.537266e+00 3.389958e+00 2.099483e+00 1.110013e+00 3.801579e+00
[470] 2.138614e+00 6.379155e-01 4.391531e-03 5.249762e+00 5.051664e+00 3.693099e+00 1.279012e+00
[477] 2.684242e+00 2.417706e+00 1.212156e+00 3.563034e+00 6.186759e-01 3.811699e+00 3.195025e+00
[484] 3.557461e+00 3.554093e+00 1.796056e+00 3.389667e+00 3.563542e+00 2.793924e+00 3.025386e-02
[491] 2.063801e+00 4.974397e-01 3.407747e+00 2.611747e+00 1.881843e+00 1.554071e+00 4.963390e-01
[498] 3.698346e+00 3.359903e+00 9.319671e-01 2.097070e+00 1.430412e+00 3.901771e+00 1.253592e+00
[505] 2.123042e+00 7.242130e-01 8.729801e-02 1.613428e+00 3.114021e+00 1.301774e+00 7.466422e-01
[512] 1.983169e+00 1.530499e+00 1.330728e+00 1.133728e+00 3.632523e+00 1.477283e+00 2.795804e+00
[519] 6.974407e-01 2.581344e-01 1.700128e+00 4.918281e-01 2.627554e+00 1.700794e+00 7.707108e-01
[526] 2.461833e+00 2.402956e+00 8.695340e-01 3.059767e+00 6.638027e-01 4.198250e-01 2.387818e+00
[533] 1.517785e+00 1.502099e+00 2.878452e+00 2.846896e+00 1.158492e+00 1.803482e+00 2.240672e+00
[540] 5.726021e-01 5.675667e-01 2.106495e-01 4.995765e-01 1.495880e+00 1.423963e+00 8.947785e-02
[547] 3.343685e-01 2.427375e+00 8.340386e-01 3.368079e-01 1.856546e+00 9.885346e-01 2.441221e+00
[554] 2.241731e+00 2.347840e+00 4.154942e-01 9.933603e-01 2.117134e+00 1.911191e+00 6.409176e-01
[561] 2.004220e+00 1.644861e+00 1.127014e+00 1.013675e+00 1.141619e-01 1.645990e+00 9.185405e-01
[568] 2.092029e-01 1.762604e+00 1.251772e+00 1.601089e+00 1.277652e+00 5.151082e-01 4.818256e-01
[575] 6.024478e-01 3.145326e-01 1.136776e+00 9.786158e-01 1.283271e+00 4.979053e-02 1.062002e+00
[582] 4.032452e-01 3.124229e-01 9.501418e-02 4.860251e-04 2.321071e-01 9.853041e-01 6.177256e-02
[589] 7.096248e-01 4.066919e-01 5.379180e-01 5.182438e-01 2.870003e-01 5.164990e-01 7.759657e-03
[596] 4.517945e-01 7.804971e-02 7.185240e-02

$PAR
  [1]  NA   1   1   1   2   2   2   5   8   6   6   6   3   3   3   3   3   3   7   7   7   7  13
 [24]  13  13   4   4   4  10  10  14  15  15  15  15  15  15  19  19  19  23  23  23  23  23  24
 [47]  24  24  46  20  20  31  31  31  31  42  42  42  50  50  56  56  25  25  25  61  61  61  61
 [70]  52  52  21  21  21  21  21  21  21  21  43  43  32  32  32  32  32  32  32  32  11  72  72
 [93]  91  91  91  66  66  66  96  96  96  96  70  60  60  60  26  26  67  67  67  38 112 112 112
[116]  98  98  98  98  39  39  39  57  57  40  40  40  40  40  40 113 113  90 109 109  73  73  73
[139]  73 110 110 110 110 110  74  74  74 136 136 136 136 111 111 148 148 148 120 120 120  93  51
[162]  51 152  17  17  17  17  62  99  99  99  99  99  75 140  44  44 131 131 131 116 175  83  83
[185]  83  45  45 134 134 134 137 137 137 137 137  80 114 115 115 115 141 141 141 141 141 141  30
[208] 188 188 100 100 100 100 100 100  55  55 101 101 101 121 121 121 218 103 160 160 160 138 221
[231] 221 221 118 118 118 118 233 233 233 201 149 149 149 149 197 197 125 125 230 230 161 161 123
[254] 123 245 245 245 132 150 150 183 162 162 162 162 262 262 262 178 178 178  84 210 210 210 210
[277]  68  68  68 277 277 277 277 277 157 157 157 247  77 186 280 202 202 202 202 174 174 174 164
[300] 164 164 203 203 208 208 208 231 269 142 142 142 142 142 299 299 299 237 237 237 255 255  69
[323]  69 240 189 296 292 124 135 135 317 317 317 256 334 334 334 258 226 263 263 263 196 196 196
[346] 196 289  85  85 169 169 169 191 191 126 126 126  86  86  86  86 238 241  87  87 326 104 181
[369] 281 170 170 170 170 108 285 239 239 239 340 362 362 105 105 355 356 356 356 363 363 363 363
[392] 146 146 293 293 293 367 207 207 205 205 127 127 394 394 206 375 375 341 143 309 324 297 297
[415] 350 392  49  49 368 171 224 128 128 193 209 158 158 307 307 342 425 343 266 211 184 325 234
[438] 428 257 412 412 273 190 351 351 163 327 165 432 432  88 336 336 278 267 267 448 366  35 459
[461] 364 304 198 198 443 443 235 235 465 380 264 264 402 402 305 301 274 369 455 422 422 222 242
[484] 418 418 382 462 332 332 381 442 442 172  94 275 275 360 426 426 426 228 228 290 290 270 173
[507] 173 503 447 447 447 469 469 464 464 166 357 516 516 516 445 445 488 488 484 485 485 129 499
[530] 395 187 370 370 509 377 377 377 529 436 379 312 312 452 403 535 371 385 518 518 339 477 523
[553] 494 527 532 555 420 554 229 505 501 232 232 232 232 512 457 551 431 250 562 571 571 533 147
[576] 147 389 441 386 271 298 330 330 510 510 373 563 283  78  79 284 313 589 195 522 574 416 391

$EXTANT
  [1] FALSE FALSE  TRUE  TRUE FALSE  TRUE FALSE  TRUE  TRUE FALSE FALSE  TRUE FALSE FALSE  TRUE
 [16]  TRUE  TRUE  TRUE FALSE FALSE  TRUE FALSE FALSE FALSE  TRUE  TRUE  TRUE  TRUE  TRUE FALSE
 [31] FALSE  TRUE  TRUE  TRUE  TRUE FALSE  TRUE FALSE FALSE  TRUE FALSE  TRUE FALSE  TRUE  TRUE
 [46]  TRUE FALSE FALSE  TRUE  TRUE  TRUE FALSE FALSE FALSE  TRUE FALSE FALSE  TRUE FALSE  TRUE
 [61]  TRUE  TRUE FALSE FALSE  TRUE FALSE FALSE  TRUE  TRUE FALSE FALSE FALSE  TRUE  TRUE  TRUE
 [76] FALSE  TRUE  TRUE  TRUE  TRUE FALSE  TRUE  TRUE  TRUE  TRUE  TRUE  TRUE  TRUE  TRUE  TRUE
 [91]  TRUE  TRUE  TRUE  TRUE  TRUE FALSE FALSE FALSE  TRUE  TRUE FALSE FALSE FALSE  TRUE  TRUE
[106]  TRUE  TRUE  TRUE FALSE  TRUE  TRUE FALSE FALSE FALSE  TRUE FALSE FALSE  TRUE  TRUE  TRUE
[121]  TRUE  TRUE  TRUE FALSE  TRUE  TRUE  TRUE  TRUE  TRUE  TRUE  TRUE FALSE  TRUE  TRUE  TRUE
[136] FALSE  TRUE  TRUE  TRUE FALSE  TRUE  TRUE  TRUE  TRUE FALSE  TRUE  TRUE  TRUE  TRUE  TRUE
[151] FALSE  TRUE  TRUE FALSE  TRUE  TRUE  TRUE  TRUE  TRUE  TRUE  TRUE FALSE  TRUE FALSE FALSE
[166]  TRUE  TRUE  TRUE  TRUE  TRUE  TRUE FALSE  TRUE  TRUE FALSE  TRUE  TRUE  TRUE  TRUE  TRUE
[181]  TRUE FALSE  TRUE  TRUE  TRUE  TRUE  TRUE  TRUE  TRUE FALSE  TRUE  TRUE  TRUE FALSE  TRUE
[196]  TRUE  TRUE  TRUE  TRUE  TRUE  TRUE  TRUE FALSE  TRUE  TRUE  TRUE  TRUE  TRUE FALSE  TRUE
[211]  TRUE  TRUE  TRUE  TRUE  TRUE  TRUE  TRUE  TRUE  TRUE  TRUE  TRUE FALSE  TRUE  TRUE  TRUE
[226]  TRUE  TRUE  TRUE FALSE  TRUE  TRUE  TRUE  TRUE  TRUE  TRUE  TRUE  TRUE  TRUE  TRUE  TRUE
[241] FALSE  TRUE  TRUE  TRUE FALSE  TRUE  TRUE FALSE  TRUE  TRUE  TRUE  TRUE FALSE FALSE  TRUE
[256]  TRUE  TRUE FALSE  TRUE  TRUE  TRUE  TRUE  TRUE  TRUE  TRUE  TRUE  TRUE  TRUE FALSE  TRUE
[271]  TRUE  TRUE  TRUE  TRUE  TRUE  TRUE  TRUE  TRUE  TRUE  TRUE  TRUE  TRUE  TRUE  TRUE  TRUE
[286]  TRUE  TRUE  TRUE  TRUE  TRUE  TRUE  TRUE  TRUE  TRUE  TRUE  TRUE  TRUE  TRUE  TRUE  TRUE
[301]  TRUE FALSE  TRUE  TRUE  TRUE FALSE  TRUE  TRUE  TRUE FALSE  TRUE  TRUE  TRUE FALSE FALSE
[316]  TRUE  TRUE  TRUE  TRUE  TRUE  TRUE  TRUE  TRUE  TRUE  TRUE FALSE  TRUE  TRUE FALSE  TRUE
[331]  TRUE  TRUE  TRUE  TRUE  TRUE  TRUE FALSE  TRUE  TRUE  TRUE  TRUE  TRUE  TRUE  TRUE  TRUE
[346]  TRUE  TRUE  TRUE  TRUE  TRUE  TRUE  TRUE FALSE  TRUE  TRUE  TRUE  TRUE  TRUE FALSE  TRUE
[361] FALSE  TRUE  TRUE  TRUE  TRUE  TRUE  TRUE  TRUE  TRUE  TRUE  TRUE FALSE  TRUE  TRUE  TRUE
[376]  TRUE  TRUE  TRUE  TRUE  TRUE  TRUE  TRUE  TRUE  TRUE  TRUE  TRUE  TRUE  TRUE  TRUE  TRUE
[391]  TRUE  TRUE  TRUE FALSE  TRUE  TRUE  TRUE  TRUE  TRUE  TRUE  TRUE FALSE  TRUE  TRUE  TRUE
[406]  TRUE FALSE  TRUE  TRUE  TRUE  TRUE  TRUE FALSE  TRUE  TRUE  TRUE  TRUE  TRUE  TRUE  TRUE
[421]  TRUE  TRUE  TRUE  TRUE  TRUE  TRUE  TRUE  TRUE  TRUE  TRUE  TRUE  TRUE FALSE  TRUE  TRUE
[436]  TRUE  TRUE  TRUE  TRUE  TRUE  TRUE  TRUE FALSE  TRUE  TRUE  TRUE  TRUE  TRUE  TRUE  TRUE
[451]  TRUE  TRUE  TRUE  TRUE  TRUE  TRUE  TRUE  TRUE  TRUE  TRUE  TRUE  TRUE  TRUE  TRUE  TRUE
[466]  TRUE  TRUE  TRUE  TRUE  TRUE  TRUE  TRUE  TRUE FALSE  TRUE  TRUE  TRUE  TRUE  TRUE  TRUE
[481]  TRUE  TRUE  TRUE  TRUE  TRUE  TRUE  TRUE  TRUE  TRUE  TRUE  TRUE  TRUE  TRUE  TRUE  TRUE
[496]  TRUE  TRUE FALSE  TRUE  TRUE  TRUE  TRUE  TRUE  TRUE  TRUE  TRUE  TRUE  TRUE  TRUE  TRUE
[511]  TRUE  TRUE  TRUE  TRUE  TRUE  TRUE  TRUE  TRUE  TRUE  TRUE FALSE  TRUE  TRUE  TRUE  TRUE
[526]  TRUE  TRUE  TRUE  TRUE  TRUE  TRUE  TRUE  TRUE  TRUE  TRUE  TRUE  TRUE  TRUE  TRUE  TRUE
[541]  TRUE  TRUE  TRUE  TRUE  TRUE  TRUE  TRUE  TRUE  TRUE  TRUE  TRUE  TRUE  TRUE  TRUE  TRUE
[556]  TRUE  TRUE FALSE  TRUE  TRUE  TRUE  TRUE  TRUE  TRUE  TRUE  TRUE  TRUE  TRUE  TRUE  TRUE
[571]  TRUE  TRUE  TRUE  TRUE  TRUE  TRUE  TRUE  TRUE  TRUE  TRUE  TRUE  TRUE  TRUE  TRUE  TRUE
[586]  TRUE  TRUE FALSE  TRUE  TRUE  TRUE  TRUE  TRUE  TRUE  TRUE  TRUE  TRUE  TRUE

