
Birth-death simulation object with 644 species and 500 extant species

Details for some species:

Extinction times (NA means extant)
[1]        NA 51.363994 15.092687 11.347000        NA  0.289166


Speciation times 
[1] 63.85433 59.42868 54.47035 47.99807 30.41179 25.96364


Species parents (NA for initial)
[1] NA  1  1  1  1  1


Species status (extinct or extant)
[1] "extant"  "extinct" "extinct" "extinct" "extant"  "extinct"


For more details on vector y, try sim$y, with y one of
TE TS PAR EXTANT



$TE
  [1]         NA 51.3639939 15.0926871 11.3470005         NA  0.2891660  8.4666119         NA 42.4127432 14.0096388 44.9152493
 [12] 18.3969419  7.3314725 40.3548407 40.9301412 24.8877467  2.2003044         NA 43.1398064 36.9942284 16.5952152         NA
 [23] 38.2959871         NA 40.5131645 26.7771401 18.1031877 13.5637503         NA         NA 28.8336171  9.4796418  0.1493680
 [34] 10.5506636         NA 33.3501294         NA 22.6415181 27.6441561         NA 17.0969834         NA  2.6915795 12.6001036
 [45] 15.7534894         NA  2.0364439         NA         NA  3.5106279 36.2991365 30.2447704 37.7096357         NA         NA
 [56]  0.5783675 17.7809485 16.1138429 16.5246804         NA  7.1054753  4.0908679         NA         NA         NA 23.5084227
 [67] 22.1726274 15.0668002         NA         NA 14.8013824 15.8249273 17.3825506         NA 15.5126410 16.0927922 13.3950128
 [78]         NA         NA         NA         NA         NA         NA         NA         NA         NA 18.6720727         NA
 [89]         NA         NA 17.9477713         NA         NA         NA         NA  8.7963424         NA         NA         NA
[100]  8.1503378 14.6314410 15.2751951         NA 18.7977192  3.3434301  3.1441208         NA  2.7077430         NA         NA
[111] 10.4144216 15.5826078  6.6557758         NA  7.0784365         NA         NA         NA         NA         NA         NA
[122] 19.6155388         NA         NA  4.0046987         NA         NA         NA         NA  3.5182425         NA         NA
[133] 12.2257114         NA         NA  2.5723168         NA         NA 13.3911914 15.2548381  0.1677047         NA         NA
[144]         NA         NA         NA         NA         NA         NA         NA 10.8467527         NA         NA         NA
[155]         NA         NA         NA         NA         NA         NA         NA  6.8912436         NA  5.5401996         NA
[166]         NA         NA         NA 14.8692755         NA         NA         NA  0.8787884  2.6679821         NA         NA
[177]         NA         NA         NA         NA         NA         NA         NA         NA         NA         NA  3.7566589
[188]         NA         NA         NA 13.4747066         NA  1.0131835         NA         NA         NA         NA         NA
[199]         NA         NA  0.1107363         NA         NA  4.8371820         NA         NA         NA         NA         NA
[210]  3.7405396         NA  7.9114639         NA         NA  2.2468590         NA         NA         NA         NA         NA
[221]         NA 12.5332396         NA         NA         NA         NA         NA         NA  2.1736769         NA         NA
[232]         NA         NA         NA         NA 10.4741126         NA         NA  7.8025108  2.9898460         NA         NA
[243]  5.3086597  4.4283976         NA  0.2413131         NA         NA  8.0989899         NA         NA         NA         NA
[254]         NA         NA         NA         NA         NA         NA         NA  2.6762460         NA         NA         NA
[265]  8.3862660  9.6165961         NA 10.9045380         NA         NA         NA         NA         NA         NA         NA
[276]         NA 10.7208772         NA         NA         NA         NA         NA         NA         NA  4.7342292         NA
[287]         NA         NA         NA         NA         NA 10.9893701         NA         NA         NA         NA  7.0029990
[298]         NA         NA         NA         NA         NA         NA  7.8385214         NA         NA         NA  0.7833437
[309]         NA         NA  0.2980915         NA         NA         NA         NA         NA         NA  5.8508932         NA
[320]         NA         NA  2.5338651  4.1455926  2.6630575  1.2672039         NA         NA         NA  3.6056507         NA
[331]         NA         NA  7.1369456         NA         NA         NA         NA         NA         NA         NA         NA
[342]         NA 11.6545000         NA         NA  7.0457497         NA         NA         NA         NA         NA         NA
[353]         NA         NA         NA         NA  2.9135728  0.8749234  7.1884427         NA         NA         NA         NA
[364]         NA         NA         NA         NA         NA         NA  1.4497284         NA         NA         NA         NA
[375]         NA         NA         NA         NA  2.4263611  2.3456884         NA         NA         NA  3.9157294         NA
[386]         NA         NA         NA         NA         NA         NA         NA         NA         NA         NA         NA
[397]         NA         NA         NA         NA  5.2292123         NA         NA         NA         NA         NA         NA
[408]         NA         NA  5.5459941         NA         NA         NA         NA         NA         NA         NA         NA
[419]  2.4111188         NA         NA         NA         NA         NA  5.9544583         NA  2.3829593         NA         NA
[430]  2.2399895         NA         NA         NA         NA         NA         NA         NA  6.3971249         NA         NA
[441]         NA         NA         NA  1.5343891         NA         NA         NA         NA         NA         NA         NA
[452]         NA         NA         NA  1.8567336         NA         NA         NA  3.1557175         NA         NA         NA
[463]  2.8631732         NA         NA         NA         NA         NA         NA         NA         NA         NA         NA
[474]         NA         NA         NA         NA         NA         NA         NA  4.9883660         NA         NA         NA
[485]         NA  5.2486063  4.8818607         NA         NA         NA         NA         NA         NA         NA         NA
[496]         NA         NA         NA         NA         NA         NA  2.4864946         NA         NA         NA         NA
[507]         NA         NA         NA         NA         NA         NA         NA         NA         NA         NA         NA
[518]         NA         NA         NA         NA         NA         NA         NA         NA         NA         NA         NA
[529]         NA         NA         NA         NA         NA         NA         NA         NA         NA         NA         NA
[540]         NA         NA         NA  3.6954987         NA         NA         NA         NA         NA         NA         NA
[551]         NA         NA         NA         NA         NA         NA         NA         NA         NA         NA         NA
[562]         NA         NA         NA         NA         NA         NA         NA         NA         NA         NA         NA
[573]         NA         NA  0.5546311         NA         NA         NA         NA         NA         NA         NA         NA
[584]         NA         NA         NA         NA         NA         NA  1.3171215         NA         NA         NA         NA
[595]         NA         NA         NA         NA  0.8572667         NA         NA         NA         NA         NA         NA
[606]         NA         NA         NA         NA         NA         NA         NA         NA         NA         NA         NA
[617]         NA         NA         NA         NA         NA         NA         NA         NA         NA         NA         NA
[628]         NA         NA         NA         NA         NA         NA         NA         NA         NA         NA         NA
[639]         NA         NA         NA         NA         NA         NA

$TS
  [1] 63.854330005 59.428682923 54.470354368 47.998072612 30.411790465 25.963636496 16.276215813  7.654276258 57.668610564 55.954645909
 [11] 53.754291397 52.682624794 44.906218749 43.670067427 41.446299594 30.228444975 28.528866106 21.601065546 49.210517814 48.844194208
 [21] 48.078754858 44.160859219 40.396612771 20.197521373 44.370141643 41.863323085 32.689330546 21.941668600 36.947757895 32.828018816
 [31] 29.786167760 14.367518893 11.744214968 41.620862759 18.789866369 41.307525736 42.853802639 41.648658090 36.089038376 29.225134088
 [41] 23.891046895 20.253958852  9.332950194 36.971347579 27.368688288  5.501797445  4.157551443  3.106391178 33.607307873 31.639031276
 [51] 37.449938964 30.873607130 38.494837746 21.007125553 13.490788207 13.358696174 35.112130614 26.370616789 24.278591237 21.741244965
 [61] 18.139011100 17.170021603 30.379594969 19.802246657 28.165994077 29.126676905 28.159761081 21.914441289  7.395461856  0.235424903
 [71] 25.596269625 29.600491614 27.568172987 18.963960863 17.885031253 26.589799206 18.826817469 17.785722129 12.216240298 10.129666627
 [81]  3.522844817 29.011766058 23.837279399 17.096188108 13.629812516 12.609751925 23.929680378 24.102711377 19.839616550 19.133962005
 [91] 18.904458753  9.793969378 15.882488428  6.697929295  0.805809193 13.810622478  8.100885833  4.355489995 20.633201559 17.808345439
[101] 23.816131463 25.134949843 18.139458741 22.652581582 17.878318092 16.098439631 16.013265556 10.437654350  6.910979359  1.679315784
[111] 15.555750913 23.222299185 17.445303630 19.260736792 12.831677013  9.743045700  9.479596532  7.603239174  4.326420962  0.804730943
[121] 21.066949905 23.363842684 18.205541444 14.286465222  6.905887106 20.057613144 17.268249050 21.475940538 20.821922933 22.480410604
[131] 22.061803440 16.293938292 13.413654211  5.771444152  5.302618442  3.803652323  5.030039909  1.573742511 17.738064166 15.527493401
[141] 14.663353643 14.000314988 17.639863021  5.545140773  2.645954432  1.115365686  1.012909374  6.980594639  1.526960829  0.087991557
[151] 16.467605003 10.869312956  4.450397689  1.005636490 13.893273644  7.568252370  5.693953754  2.314522372  1.956510996 16.529877508
[161]  9.375617941  7.258018773 17.011201868 11.758747252  7.019185160  6.499698275  3.936622270 19.322030860 15.402475450 16.365065376
[171] 10.052209282 10.875083965 10.737860258  5.362250026  3.532849307  2.822605295  2.575253416  2.427669826  0.382537711 13.638659740
[181]  7.788718625  3.574271668  1.658237426  8.001430550  4.135852003  0.633318264 17.438223019 11.905842952 18.456996106  3.590348007
[191] 16.924676572 13.934100491 12.857053735 12.660104487  7.446837580 15.401689359  7.091968260  3.716892721 17.295326646  0.561831370
[201]  5.095102820 15.125493321 14.258442553  8.314753719  4.869104626 14.259582747 17.243092677 14.037824801  6.637208261  4.420782974
[211] 14.230980805 12.403498001 10.978524582  0.390849847 16.670258972 14.417961144 14.257887439  9.611784117 15.524721527 14.909638054
[221] 11.383850171 16.395179749  8.001943323  7.986526129  2.315100677  0.045246038 12.228210602  2.732153974  6.523837356  6.760353716
[231] 11.316421051 10.289308853  3.931036133  0.415182636 16.169689277 12.991136906 10.591489890  9.913142246  9.886109480  3.143292563
[241]  2.416185244  8.784193396  8.977579518  6.301015213  0.971440923 13.726322904 13.131663035 11.280295988 11.631761908  4.861731899
[251] 12.066981530 11.388078129  7.876509151  3.820264580  3.192714437 14.721387766 13.850677131  9.974963789  9.646090139  8.546503380
[261]  2.888480517 12.272324647  9.960729025  0.005457682 13.888747516 10.638267045  8.808200480 15.191990125 13.531566986  0.319610921
[271]  2.335546720  4.244679690  6.459656946  6.032307383  4.186756376  2.155800587 13.121627760 13.019585227  0.572019975  0.104264548
[281]  9.799646827  5.317609029 10.029725363  6.539413696  4.831511337  4.353010108  0.220524712  8.426978434  3.541910242  3.011904184
[291]  2.499482545 11.012584725 13.967519121  1.588270765 10.321383930  3.472023940 13.028267127  9.378120339 10.869740035  9.017078986
[301] 12.068981118 10.703169509  3.196480886 13.288679617  7.899928113  5.533197840  4.231185539  3.754160631  2.590679780  2.769861483
[311]  4.275513154  1.009850299  0.521946707  3.040531873  0.268062980 11.427204187  4.305322606 10.650813304  4.968520250 12.160160637
[321] 11.006233799  6.163979391  9.775754754  7.535666498  7.248470780  9.302635962 10.376262166  5.686845743  4.683953749  3.327347811
[331] 10.467953719  8.329787128  9.999590897  5.059936060  7.539681380  6.074048139  3.855193964  0.084421255 10.294715735 10.120267245
[341]  6.334242417  0.353524934 11.837319626  4.037991655  3.572601021  8.115194456  0.744064256  3.400821050  1.414857266  2.138746805
[351]  1.487120077  0.684171993  5.568992707  3.842065132  9.313896613  3.198244749  9.839207828  2.077059000  8.246711341  4.690690714
[361]  3.709555344  3.350323111  1.743195664  2.450386593 10.359167409  8.436869622  5.580314124  0.533794091  7.436928960  1.756137324
[371]  0.347048904  1.399922914  8.887718120  6.687827540  3.904706637  8.040030067  1.057812867  9.509510883  8.092547574  5.589114889
[381]  3.112830480  9.657885715  6.451909723  4.334829441  3.317572343  0.291881303  8.660101770  6.960192900  3.336138569  1.004398418
[391]  0.122199898  7.824629364  2.710341346  1.804495559  9.863833260  9.077796653  8.190245767  9.540369291  7.588677445  6.011270295
[401]  5.283216194  3.184966075  1.783899402  0.371171449  9.733929753  0.829359938  9.146418732  0.520876071  9.291501238  5.809343515
[411]  3.769469906  8.631842311  3.150802650  4.036685022  7.534642610  6.463641544  1.403860516  9.459260579  7.204006835  0.501896002
[421]  5.042347375  5.796194092  5.335582904  2.700817786  8.979925540  7.574965455  5.726747061  2.667742632  4.205820604  7.498844930
[431]  6.990297908  3.067371282  5.444078846  3.882033993  5.770802162  4.385091720  0.815502429  7.417137414  7.355162610  2.213626494
[441]  2.205651853  7.783122335  5.287178327  7.296342405  5.729204774  6.391029992  1.152495397  2.937799272  5.491865240  3.141257412
[451]  0.194825985  5.011606621  7.419667471  5.276353432  2.919383224  6.470025129  5.534859819  1.840281956  5.034109228  2.042856388
[461]  0.067106170  7.262560354  5.976218387  5.170186957  3.689676758  0.571769779  5.893735897  4.415718393  2.685547878  6.473537836
[471]  4.460205568  2.861380262  0.131024931  5.152414376  1.711896419  0.999110295  5.119878618  1.980625975  6.604342463  2.086040746
[481]  5.564039626  5.628985624  3.314424034  0.179132784  2.019970092  6.055263357  5.509283219  4.146641145  3.337302895  2.655355564
[491]  1.729603932  1.379325413  5.820361934  3.549194971  2.532086109  5.753371794  2.361965378  0.328188252  5.472872379  3.430187772
[501]  5.174665489  4.923724081  5.564891437  4.188769470  3.583713355  2.463589455  3.907492342  0.099410637  1.655932967  4.814964938
[511]  4.949783046  0.484272671  0.015175511  0.675124201  3.525419355  2.228070445  1.678305406  2.964109550  4.803277535  2.533861023
[521]  1.106669048  0.763719644  1.311531622  5.102755232  2.531420230  3.855375220  3.269683696  1.071540438  4.925113281  3.960416411
[531]  1.572821408  0.583287438  1.682562409  1.585468597  1.546832859  3.128875113  2.252862256  4.922533638  4.758838215  3.676357534
[541]  3.148292469  0.726360787  3.856862839  1.633835197  1.151893576  0.933098093  0.301943839  2.408497114  2.021631652  3.092162072
[551]  1.148401439  2.195352332  0.816190922  0.804562131  2.509554659  0.708953289  2.846084631  0.844815371  1.684091314  2.996290475
[561]  2.745277022  3.788913839  0.266086683  2.980165964  2.130250379  3.083847848  3.188957759  3.193862312  2.358435140  3.236720264
[571]  0.659718057  0.187188368  3.287615840  1.313605969  2.611361647  2.428259641  2.940813303  2.853728788  1.745142644  0.275067886
[581]  1.775711814  1.560893488  1.751940270  2.335269635  2.839669683  2.225903575  0.387269941  1.957977177  2.391970887  2.541281042
[591]  2.410933658  1.924307596  1.288600864  2.844053832  1.877350278  1.918066708  1.733191534  1.665890148  2.297390883  1.167004905
[601]  0.985891793  1.979589110  1.249931043  0.726590990  0.828652789  0.888269383  1.703803899  2.382024437  2.312339909  2.070610686
[611]  1.524985849  0.395429603  1.022619319  0.580891275  0.233769909  1.818725654  0.991436375  0.527901200  0.681767132  0.595569985
[621]  0.911750831  0.531890338  0.409205691  1.184720640  1.693531385  1.612969597  0.197180316  0.040982675  0.767958858  0.734224215
[631]  0.617596249  0.668606383  0.192883337  0.659734155  0.296071205  0.010092644  0.737338921  0.642417128  0.277793076  0.143651357
[641]  0.234264648  0.222027183  0.113503390  0.210160762

$PAR
  [1]  NA   1   1   1   1   1   1   1   2   9   9   9   9   9   3   3   3   3  11  11  12  12  12  12  20  20  21  21   4   4   4   4
 [33]   4  13  13  25  22  22  22  22  22  22  22  37  37  37  37  37  26  26  38  38  34  34  34  34  44  44  44  44  44  44  29  29
 [65]  39  49  30  30  30  30  27  50  50  50  50   5   5   5   5   5   5  63  63  63  63  63  72  40  40  40  40  40  82  82  82  17
 [97]  17  65  73  73  45  76  76   6   6   6   6   6   6   6  71 102 102  59  88  88  88  88  88  88  87  83  83  83  83 101 101 112
[129] 112 104 104 130 130 130 130 130 131 131  28  28  28  28  68  60  60  60  60  18  18  18 128 128 128 128 121 121 121 121 121 129
[161] 129 129  99  99  99  99  99  42  42  24  24 126 126 126  89  89  89  89  89  64  64  64  64 168 168 168 114 114  90  90  74  74
[193]  74  74  74  35  35  35 189 189 123 103 103 103 103  61  75 105 105 105  78  78  78 143 113 113 113 113 187 199 199 127 127 127
[225] 127 127 207 207  62  84 163 163 163 163 215 215 160 160 160 160 160 170 132 132 132   7   7   7 235 235 106 106 106 106 106 107
[257] 107 107 107 107 107  93  93  93 111 219 219 196 196 220 256 141 216 216 216 216  32 124 124 124 206 206 203 203 203 203 203 217
[289] 217 217 217 211 208 208 293 293 155 155 265 257 246 246 246 180 180 180 180 180 180  85 269 269 269  55  55 247 247 297 278 236
[321] 236 193 115 115 115 194 212 262 262 262  79  79 320 320 301 301 301 301 251 251 251 251 188 188 188 164  33 316 316 252 252 252
[353] 221 221 231 231 248 248 321 321 321 321 321 213 172 299 299 299 152 152 152 173 302 302 237 331 331 108 108 108 108 327 327 295
[385] 295 295 339 339 339 339 232  80  80  80 340 340 340 171 171 283 258 258 258 258 263 263 238 238 395 395 395 357 357 281 382 382
[417] 382 259 259 218 378 117 418 418 298 298 298 298 161  43  43 355 409 409 407 407 407 396 396 396 396 300 373 267 387 260 332 397
[449] 379 379 376 223 224 224 181 442 442 118 426 156 156 335 195 369 369 369  69  69  69 439 439 439 462 431 431 148 388 388 125 230
[481] 374 209 209 209 479 166 470 470 470 456 456 456 416 273 273 383 383 383 446 341 322 322 422 134 435 435 496 496 445 427 482 367
[513] 306 449 499 499 499 433 423 282 282 135 443 454 501 477 477 477 524 524 524 334 137 137 319 511 511 529 529 529 529 529 538 205
[545] 250 250 250 519 519 360 471 119 119 317 311 311 429 429 504  47  47 488 488 185 344 167 526 337 361 540 190 190 505 505 345 345
[577] 289 289  81  81 500 348 489 483 573 573 573 303 541 450 450 536 381  48  48 550 550 550 432 290 518 577 578 578 557 594 469 428
[609] 520 241 271 271 599 537 276 350 350 485 602 595 616 581 583 363 607 533 110 509 294 531 372 624 146 147 390 546 558 632 620 618
[641] 371 498 580  70

$EXTANT
  [1]  TRUE FALSE FALSE FALSE  TRUE FALSE FALSE  TRUE FALSE FALSE FALSE FALSE FALSE FALSE FALSE FALSE FALSE  TRUE FALSE FALSE FALSE
 [22]  TRUE FALSE  TRUE FALSE FALSE FALSE FALSE  TRUE  TRUE FALSE FALSE FALSE FALSE  TRUE FALSE  TRUE FALSE FALSE  TRUE FALSE  TRUE
 [43] FALSE FALSE FALSE  TRUE FALSE  TRUE  TRUE FALSE FALSE FALSE FALSE  TRUE  TRUE FALSE FALSE FALSE FALSE  TRUE FALSE FALSE  TRUE
 [64]  TRUE  TRUE FALSE FALSE FALSE  TRUE  TRUE FALSE FALSE FALSE  TRUE FALSE FALSE FALSE  TRUE  TRUE  TRUE  TRUE  TRUE  TRUE  TRUE
 [85]  TRUE  TRUE FALSE  TRUE  TRUE  TRUE FALSE  TRUE  TRUE  TRUE  TRUE FALSE  TRUE  TRUE  TRUE FALSE FALSE FALSE  TRUE FALSE FALSE
[106] FALSE  TRUE FALSE  TRUE  TRUE FALSE FALSE FALSE  TRUE FALSE  TRUE  TRUE  TRUE  TRUE  TRUE  TRUE FALSE  TRUE  TRUE FALSE  TRUE
[127]  TRUE  TRUE  TRUE FALSE  TRUE  TRUE FALSE  TRUE  TRUE FALSE  TRUE  TRUE FALSE FALSE FALSE  TRUE  TRUE  TRUE  TRUE  TRUE  TRUE
[148]  TRUE  TRUE  TRUE FALSE  TRUE  TRUE  TRUE  TRUE  TRUE  TRUE  TRUE  TRUE  TRUE  TRUE FALSE  TRUE FALSE  TRUE  TRUE  TRUE  TRUE
[169] FALSE  TRUE  TRUE  TRUE FALSE FALSE  TRUE  TRUE  TRUE  TRUE  TRUE  TRUE  TRUE  TRUE  TRUE  TRUE  TRUE  TRUE FALSE  TRUE  TRUE
[190]  TRUE FALSE  TRUE FALSE  TRUE  TRUE  TRUE  TRUE  TRUE  TRUE  TRUE FALSE  TRUE  TRUE FALSE  TRUE  TRUE  TRUE  TRUE  TRUE FALSE
[211]  TRUE FALSE  TRUE  TRUE FALSE  TRUE  TRUE  TRUE  TRUE  TRUE  TRUE FALSE  TRUE  TRUE  TRUE  TRUE  TRUE  TRUE FALSE  TRUE  TRUE
[232]  TRUE  TRUE  TRUE  TRUE FALSE  TRUE  TRUE FALSE FALSE  TRUE  TRUE FALSE FALSE  TRUE FALSE  TRUE  TRUE FALSE  TRUE  TRUE  TRUE
[253]  TRUE  TRUE  TRUE  TRUE  TRUE  TRUE  TRUE  TRUE FALSE  TRUE  TRUE  TRUE FALSE FALSE  TRUE FALSE  TRUE  TRUE  TRUE  TRUE  TRUE
[274]  TRUE  TRUE  TRUE FALSE  TRUE  TRUE  TRUE  TRUE  TRUE  TRUE  TRUE FALSE  TRUE  TRUE  TRUE  TRUE  TRUE  TRUE FALSE  TRUE  TRUE
[295]  TRUE  TRUE FALSE  TRUE  TRUE  TRUE  TRUE  TRUE  TRUE FALSE  TRUE  TRUE  TRUE FALSE  TRUE  TRUE FALSE  TRUE  TRUE  TRUE  TRUE
[316]  TRUE  TRUE FALSE  TRUE  TRUE  TRUE FALSE FALSE FALSE FALSE  TRUE  TRUE  TRUE FALSE  TRUE  TRUE  TRUE FALSE  TRUE  TRUE  TRUE
[337]  TRUE  TRUE  TRUE  TRUE  TRUE  TRUE FALSE  TRUE  TRUE FALSE  TRUE  TRUE  TRUE  TRUE  TRUE  TRUE  TRUE  TRUE  TRUE  TRUE FALSE
[358] FALSE FALSE  TRUE  TRUE  TRUE  TRUE  TRUE  TRUE  TRUE  TRUE  TRUE  TRUE FALSE  TRUE  TRUE  TRUE  TRUE  TRUE  TRUE  TRUE  TRUE
[379] FALSE FALSE  TRUE  TRUE  TRUE FALSE  TRUE  TRUE  TRUE  TRUE  TRUE  TRUE  TRUE  TRUE  TRUE  TRUE  TRUE  TRUE  TRUE  TRUE  TRUE
[400]  TRUE FALSE  TRUE  TRUE  TRUE  TRUE  TRUE  TRUE  TRUE  TRUE FALSE  TRUE  TRUE  TRUE  TRUE  TRUE  TRUE  TRUE  TRUE FALSE  TRUE
[421]  TRUE  TRUE  TRUE  TRUE FALSE  TRUE FALSE  TRUE  TRUE FALSE  TRUE  TRUE  TRUE  TRUE  TRUE  TRUE  TRUE FALSE  TRUE  TRUE  TRUE
[442]  TRUE  TRUE FALSE  TRUE  TRUE  TRUE  TRUE  TRUE  TRUE  TRUE  TRUE  TRUE  TRUE FALSE  TRUE  TRUE  TRUE FALSE  TRUE  TRUE  TRUE
[463] FALSE  TRUE  TRUE  TRUE  TRUE  TRUE  TRUE  TRUE  TRUE  TRUE  TRUE  TRUE  TRUE  TRUE  TRUE  TRUE  TRUE  TRUE FALSE  TRUE  TRUE
[484]  TRUE  TRUE FALSE FALSE  TRUE  TRUE  TRUE  TRUE  TRUE  TRUE  TRUE  TRUE  TRUE  TRUE  TRUE  TRUE  TRUE  TRUE FALSE  TRUE  TRUE
[505]  TRUE  TRUE  TRUE  TRUE  TRUE  TRUE  TRUE  TRUE  TRUE  TRUE  TRUE  TRUE  TRUE  TRUE  TRUE  TRUE  TRUE  TRUE  TRUE  TRUE  TRUE
[526]  TRUE  TRUE  TRUE  TRUE  TRUE  TRUE  TRUE  TRUE  TRUE  TRUE  TRUE  TRUE  TRUE  TRUE  TRUE  TRUE  TRUE FALSE  TRUE  TRUE  TRUE
[547]  TRUE  TRUE  TRUE  TRUE  TRUE  TRUE  TRUE  TRUE  TRUE  TRUE  TRUE  TRUE  TRUE  TRUE  TRUE  TRUE  TRUE  TRUE  TRUE  TRUE  TRUE
[568]  TRUE  TRUE  TRUE  TRUE  TRUE  TRUE  TRUE FALSE  TRUE  TRUE  TRUE  TRUE  TRUE  TRUE  TRUE  TRUE  TRUE  TRUE  TRUE  TRUE  TRUE
[589]  TRUE FALSE  TRUE  TRUE  TRUE  TRUE  TRUE  TRUE  TRUE  TRUE FALSE  TRUE  TRUE  TRUE  TRUE  TRUE  TRUE  TRUE  TRUE  TRUE  TRUE
[610]  TRUE  TRUE  TRUE  TRUE  TRUE  TRUE  TRUE  TRUE  TRUE  TRUE  TRUE  TRUE  TRUE  TRUE  TRUE  TRUE  TRUE  TRUE  TRUE  TRUE  TRUE
[631]  TRUE  TRUE  TRUE  TRUE  TRUE  TRUE  TRUE  TRUE  TRUE  TRUE  TRUE  TRUE  TRUE  TRUE

