
Birth-death simulation object with 595 species and 500 extant species

Details for some species:

Extinction times (NA means extant)
[1] 19.92725       NA       NA 14.22855       NA       NA


Speciation times 
[1] 46.17779 40.12671 37.37956 24.99988 17.11214 15.96511


Species parents (NA for initial)
[1] NA  1  2  2  2  2


Species status (extinct or extant)
[1] "extinct" "extant"  "extant"  "extinct" "extant"  "extant" 


For more details on vector y, try sim$y, with y one of
TE TS PAR EXTANT



$TE
  [1] 19.92725028          NA          NA 14.22855323          NA          NA          NA 21.29612276          NA 23.78571062
 [11] 27.24382612          NA 20.37731154          NA 26.31418200  6.20652364          NA          NA          NA          NA
 [21]          NA          NA 22.31604023 12.70199678  8.00483087 14.51065943 16.67282382          NA          NA          NA
 [31]  9.47291503          NA          NA          NA          NA          NA          NA          NA          NA  6.00691310
 [41]          NA  6.02630197          NA          NA          NA          NA          NA          NA          NA          NA
 [51]          NA          NA 16.02852379          NA          NA          NA          NA 14.00275882          NA  6.08024746
 [61]          NA          NA          NA          NA 14.18722409  0.95443550          NA          NA          NA          NA
 [71]          NA          NA  2.82921967 15.55480416          NA  7.93362502          NA          NA          NA 18.28428572
 [81]  8.72452727          NA          NA  8.51627123          NA          NA          NA          NA  0.81806653          NA
 [91]  9.60769677          NA          NA          NA          NA          NA          NA          NA          NA  3.71266357
[101]          NA          NA  1.14127898  2.67281645          NA          NA          NA 10.58955678  4.12685202 11.38250435
[111]  0.04490752          NA          NA          NA          NA          NA          NA          NA          NA  2.14997938
[121]          NA          NA          NA  1.98412522          NA          NA          NA          NA          NA  1.00624228
[131]          NA          NA          NA          NA          NA          NA          NA          NA          NA          NA
[141]          NA  1.98151504          NA          NA          NA  1.13846766  2.99925909          NA  0.33810000          NA
[151]          NA  7.52649965          NA  6.85457377  2.01130774          NA          NA          NA          NA          NA
[161]  0.56538670          NA          NA  8.98740708          NA          NA          NA          NA          NA          NA
[171]          NA          NA          NA  0.04001676          NA          NA          NA 12.73711903          NA          NA
[181]          NA  3.00139935          NA          NA  7.10985623          NA          NA  6.59670405 10.09718897          NA
[191]          NA          NA          NA  3.71800901          NA          NA          NA          NA          NA  5.30323443
[201]          NA          NA          NA          NA          NA          NA          NA          NA          NA          NA
[211]          NA  4.60679932          NA          NA          NA          NA          NA          NA          NA          NA
[221]          NA          NA          NA          NA          NA          NA          NA          NA          NA          NA
[231]          NA          NA          NA          NA          NA          NA  7.79459773          NA          NA          NA
[241]          NA          NA          NA  4.87732095  0.35875285          NA          NA          NA          NA          NA
[251]  0.58307707          NA          NA          NA  5.35790306          NA          NA          NA          NA          NA
[261]          NA          NA          NA          NA          NA          NA          NA          NA          NA          NA
[271]          NA          NA          NA          NA          NA          NA          NA          NA          NA          NA
[281]  3.42903468          NA  0.87491237          NA          NA          NA          NA          NA          NA          NA
[291]          NA          NA          NA          NA          NA          NA          NA          NA          NA          NA
[301]          NA  3.40354045  6.68697399          NA          NA          NA          NA          NA          NA          NA
[311]  7.87062053          NA          NA  3.14865150          NA  4.94355183  1.89016502          NA  5.22999834          NA
[321]  3.25206649          NA          NA          NA          NA          NA          NA          NA          NA          NA
[331]          NA          NA          NA          NA          NA          NA          NA          NA          NA          NA
[341]          NA          NA          NA          NA          NA  1.88483457          NA          NA          NA          NA
[351]          NA          NA  1.38126626          NA          NA          NA          NA          NA          NA          NA
[361]  2.73134628          NA          NA          NA          NA          NA          NA          NA          NA          NA
[371]          NA          NA          NA  0.30635325          NA          NA          NA          NA          NA          NA
[381]          NA          NA          NA          NA          NA          NA          NA          NA          NA          NA
[391]          NA          NA          NA          NA  1.86806965          NA          NA  1.26562223          NA          NA
[401]  2.29521792  2.34726055          NA  1.57305548  3.85999137          NA          NA          NA          NA          NA
[411]          NA  5.03063511          NA          NA          NA          NA          NA          NA  0.24267420          NA
[421]          NA          NA          NA          NA          NA  3.48297203          NA          NA          NA          NA
[431]          NA          NA          NA          NA          NA          NA          NA          NA          NA          NA
[441]          NA  1.23348576          NA  0.48826932          NA  0.51004493          NA          NA          NA          NA
[451]          NA          NA          NA  0.32936026          NA          NA  2.31705997          NA          NA          NA
[461]          NA  0.33214350          NA          NA          NA          NA          NA          NA          NA          NA
[471]          NA          NA          NA  3.22300460          NA          NA          NA          NA          NA          NA
[481]          NA          NA          NA          NA          NA          NA          NA          NA          NA          NA
[491]          NA          NA          NA          NA          NA          NA          NA          NA          NA          NA
[501]          NA          NA          NA          NA          NA          NA          NA          NA          NA          NA
[511]          NA          NA          NA  2.29558605          NA          NA          NA          NA          NA          NA
[521]          NA          NA          NA          NA          NA          NA          NA          NA          NA          NA
[531]          NA          NA          NA          NA          NA          NA          NA          NA          NA          NA
[541]          NA          NA          NA          NA          NA  1.63408686          NA  1.57353824          NA          NA
[551]          NA          NA          NA          NA          NA          NA          NA          NA          NA          NA
[561]          NA          NA          NA          NA          NA          NA          NA          NA          NA          NA
[571]          NA          NA          NA          NA          NA          NA          NA          NA          NA          NA
[581]          NA          NA          NA          NA          NA          NA          NA          NA          NA          NA
[591]          NA          NA          NA          NA          NA

$TS
  [1] 46.177785158 40.126707408 37.379555663 24.999880288 17.112135233 15.965105319 13.099327371 31.490873234 31.259150444 30.325677279
 [11] 28.798045593 28.620669982 24.956389871 27.518592606 26.933642224 25.439999485 18.025557847 16.318415107  9.415329790  8.089894010
 [21]  1.257847785 28.921240951 28.162867851 27.894929311 25.036054802 22.605686441 21.893593271  1.906401539  0.472529445 25.367839053
 [31] 23.111812799 19.234802995 25.188461879 26.381814768 19.380198373 19.309225148 15.743576345  7.416319679 22.599250344 16.450191350
 [41] 13.366047487  9.683617528  9.225341772  2.902959644  2.426495642 19.075037581 11.326720283 22.017549869 12.445584402 11.117161881
 [51]  7.347895779  6.118147454 24.222557173 20.575539596 17.239247082 15.285180454 21.631164984 14.408350159 20.095257595 17.499491630
 [61] 14.587847871 13.090517755 12.070364332  7.773046774 19.151576102 15.877586930 13.239670828  7.816647212  7.523087742 21.731930191
 [71] 20.663689561 18.752043006 12.218495338 20.758308335 11.622115823  9.715655945 19.354172083 10.138473044  2.002371317 19.877607380
 [81] 17.850573634  5.846891511  2.125101721 19.331166864 14.802620713 16.953479320 15.482862329 14.465237422  9.471825011  8.210644288
 [91] 18.492292524 17.884615349 16.571672479  4.216969577  3.170536609  0.346287315  9.345553846 16.841576994 15.845604061 14.404024034
[101]  8.937484533 15.308523016 12.290943668  3.550602446 15.634049150 16.971607489 16.864156989 14.851147531 12.170089373 17.297656239
[111] 10.096184878  7.955790123  5.712350356  3.741457046  3.327572573  1.065492053  1.016645671 18.217952513 12.009726893 17.980512662
[121] 12.408752880 11.558638523  8.642138758  6.049950715  1.991021236  0.018625477  8.122813527 14.655767308 13.709583165 11.349256231
[131]  9.740234105 13.794247088 15.618376296  9.911979070 13.682643492 13.255660488  6.656245196 14.469902412  4.578486030  0.774077061
[141]  1.857184089  4.713402959 14.372558594 13.298554777 10.279264392 10.214023623  7.318828558 11.889014415 10.060044088 11.400896381
[151]  8.836484347 15.602039773  9.244292723  8.286838370  4.039156800  2.205331623 15.132767210  9.693606085  8.839965713  7.911056833
[161]  5.072836399  1.621766246 14.128219783 13.760513555  2.055133002  0.781509860 11.058154838 10.359727897  5.144168114  4.914836340
[171]  2.472859361  2.359132735 11.241530737  8.365260686  7.497300089  2.053855432  0.738815610 14.053819386 10.022618053  1.594919655
[181]  4.550400359  4.507067643  2.584218272  1.376246519  8.083784425  8.061967275  1.431743246 13.780421938 13.121964607 13.057386246
[191] 10.370979056 10.135773173 13.765027874 13.421672493 10.709402654  8.947495549  2.124387204  1.095401995 11.133852752  7.876758575
[201]  4.752133354 14.330577248  4.383756109  2.414544704  9.040744723  3.083551959  2.439369494  1.722995231 11.946306724  4.392832134
[211]  0.415661199 12.988075879 10.279497299  9.742804948 10.805788635  9.669820039 12.390559763  7.529448125  2.819735890  9.023463931
[221] 10.057262386  8.894943690  3.345689059  5.040192684  5.125068896  2.586765869  6.350010762  3.540976645 10.388003886  9.014358522
[231]  4.317714297  3.568687906  1.538852295  8.715553200  6.051306301  3.211022886 11.372998263  7.062657912  4.645277061  2.687047388
[241]  1.094062251  5.019100060  4.015394644 10.750968389  7.337483008  0.959380444  9.633878104  6.387014056  0.390577770  8.816167150
[251]  5.253815997  1.100826968  9.110544000  5.112561729  7.566150394  6.644069006  2.443788965  9.899022827  6.077902902  6.148364758
[261]  7.550863462  5.891839056  9.093904997  9.821189359  7.776131138  7.757186528  0.877218368  5.645198435  4.183772711  1.111901858
[271]  8.837917646  6.567844387  6.759921140  2.184139830  9.123329013  4.634445631  6.716290461  6.023328816  3.267469141  1.070091731
[281]  9.179596934  7.727181033  8.703455038  1.340786767  7.502456166  6.211503688  0.154297148  4.611805290  2.631703870  0.874826153
[291]  9.512176688  4.853679966  9.513765064  3.624556565  6.510086249  8.913903674  6.211900939  4.550704606  9.433693662  2.023023050
[301]  9.196430525  8.749006484  7.366561825  5.321884440  8.947472397  3.406680874  0.845359611  6.216650069  0.329472298  9.222129477
[311]  8.410710195  2.841888354  1.444913749  7.333696289  3.671517861  9.071583450  6.903743725  2.411766134  7.803743576  6.893488725
[321]  6.569893292  5.667739526  4.446643802  3.275637901  1.798347944  7.266597452  9.086120547  6.206579886  7.888888468  2.196985319
[331]  6.418504551  2.424838159  0.085167207  1.923170344  0.466348086  5.145801951  8.400954571  4.254737138  1.845385810  0.392169072
[341]  8.665854458  0.471662673  4.743047288  2.759928118  2.261008143  3.770652349  3.142343321  0.906732625  1.958991861  0.958426943
[351]  0.507301373  5.793290835  4.920027162  6.376505309  7.869191143  5.777689500  4.946148347  4.736915702  0.576948980  3.912239060
[361]  8.117860611  4.080221569  3.011110210  2.797687726  2.431395808  1.314548068  7.219415961  6.945102263  4.989825893  3.203061326
[371]  4.800754771  4.748669001  1.173141053  3.074376589  6.168180899  4.990717902  2.046844522  6.248637975  5.580231959  4.331237729
[381]  5.974541576  2.692318061  7.190642530  2.740928584  1.271355851  6.149409973  4.285076998  5.313047587  0.208314147  6.903273240
[391]  5.002230392  7.324229499  4.519847042  4.229947996  2.903577965  0.159495553  6.688167906  5.880525962  7.274427438  7.090335953
[401]  6.131992253  5.592630037  4.116806294  7.045754674  4.997655039  2.821631577  2.638079088  0.181974686  5.717830203  3.209434642
[411]  1.742628336  6.033291212  2.980538016  3.939514911  0.835204163  4.813297993  0.565620807  0.009698411  2.279089016  4.659431937
[421]  0.645921593  6.162506400  6.063668178  5.882924678  4.990735141  4.177805076  0.610665898  1.790007103  4.240442023  1.619478184
[431]  4.551991119  1.280758741  1.534305022  0.078297410  0.112037028  3.008479803  1.200806197  5.554668701  3.481742444  1.856589820
[441]  0.211261108  5.299696182  3.883069903  1.709953779  4.722453022  2.218719273  0.128323423  5.096308088  2.002625726  0.017247839
[451]  4.034862180  1.856169708  4.366774265  2.634154309  5.005415387  4.144834215  4.078254823  4.520695069  1.740823225  1.939704261
[461]  0.794472339  3.130270716  1.100404686  5.083979175  4.171743910  2.038061288  1.514602940  0.268936124  4.012298239  2.293892586
[471]  3.855701573  1.379930595  1.310376090  4.569977958  4.282813539  2.792879421  0.182783807  3.822479282  1.509159675  1.296684367
[481]  3.510617695  0.109794950  2.604703565  2.800534252  2.334920221  0.462526490  0.743344454  4.332613632  1.327401714  1.031191564
[491]  4.442482494  2.677619000  2.215177764  1.356142070  4.466848639  3.542766622  4.232367140  0.811320208  3.865827801  0.005990338
[501]  0.977179022  4.009900475  2.148456372  1.204493270  1.703667097  1.774921928  1.114449824  0.404734626  3.995347610  1.787104383
[511]  1.189909075  0.169117056  2.351534141  2.823501055  2.030950222  1.663568625  1.250714278  0.183032864  0.795431192  0.952816957
[521]  1.371858414  2.378530301  2.105995896  2.443181409  2.980433390  1.917288043  2.001813673  0.535820144  2.321552882  0.885189957
[531]  1.509451090  0.427711480  1.809462155  1.519877920  2.350807681  1.164231624  0.903401620  0.594552462  1.976099882  2.017485945
[541]  0.752579078  2.257436187  2.287061046  0.771237424  0.646490585  2.746057747  2.675282803  2.063328202  1.106986110  1.776018144
[551]  1.426672493  0.674940864  1.247704324  1.302842192  1.642848949  0.902202625  0.047549115  1.162434742  0.611136171  0.570578406
[561]  2.007706749  1.342023078  1.256833244  1.083180975  1.054856910  1.451478586  0.362391417  0.343694227  1.108562915  0.933670674
[571]  1.604569979  1.339962923  1.394466266  0.032842442  0.526084172  1.220547888  0.836192279  0.895720357  1.089158189  0.851129754
[581]  0.110455019  0.656869993  0.059681671  0.487242032  0.719239896  0.369183920  0.793001264  0.019878839  0.744058532  0.433585218
[591]  0.193413548  0.057234673  0.044540376  0.003977773  0.019861117

$PAR
  [1]  NA   1   2   2   2   2   2   3   3   3   3   8   8   9   9   9   9   9   9   9   9  10  10  10  10  22  22  22  22  12  12  12
 [33]  23  24  24  24  24  14  34  34  34  34  34  34  34  16  16  30  33  33  33  33  25  25  25  25   4  31  26  26  26  39  39  39
 [65]  48  48  48  48  48  27  27  70  70  57  57  57  71  71  71  54  54  54  54  59  59  35  35  35  35  35  77  77  77  77  77  77
 [97]  84  36  36  36  36  32  32  32  65  46  46  46  46  72  72  72  72  72  72  72  72  91  91 118 118 118 118 118 118 118 120  92
[129]  92  92  92  81  60  60  55  55  55   5   5   5 106  86  98  98  98  98  98  93  93  40  40  18  18   6   6   6  66  66  66  66
[161]  66  66  99  99  99  99  37 105 105 105 105 105 133 133 133 133 133 152 152  87 102 102 102  56 157 157  85 128 128 128 128 128
[193]  61 138 138 138 138 138  88  88  88 143 143 143 202 202 202 202 163 163 163 178 188 188 193 129 135  41  41 144 136  67   7  62
[225] 190 190 212 121 217 217 217 217 103  73  73  73  63  63  63  63  63 119 119 209 148 148  75  75  75 150 150  47 173 173 199 199
[257] 199 167 167 215 244 244 195 229 229 229 229 191 191 191 168 168 213 213 146  78 192 192 192 111 149 221 179 179 134 134 134 258
[289] 258 258 264 264 214 214 131  76 158 158 216 216 293 293 293 293 291 291  89  19  19  97  97  97  97 153 153  43  43  43 310 310
[321] 310 310 310 310 301 281 275 275 253 327 220 220 220 230 230 196 305 305 305 101 159 159 271 271 271 151 151 151 250 250 234 283
[353] 283 341 123 123 123 337 337 174 154  90 361  20  20  20 185 186 186 186 160 160 329 355  68  68  68  64  64  64 266 266 282 282
[385] 261 218 218  69  69 285 285 175 175 175 175 175 303 245 147 399 399 399 399 326 326 383 383 383 317 320 320 273 277 137 256 321
[417] 272 272 354 227 227 308 308 308 308 308 286 328 375 375 422 386 260 260 259 423 235 412 278 278 278 262 262 262 424 424 424 398
[449] 398  82 356 356 409 409 113 113 113 322 268 304 304 251 169 225 254 448 448 464 224 224 455 455 455 376 376 369 369 353 353 201
[481] 372 372 445 276 276 288 139 431 431 298 458 458 458 458 393 182 495 495 491 491 210 203 203 488 387 475 475 475 338 429 429 429
[513] 394  94 269 465 465 465 451 243 502 509 360 499 471 478 315 315 294 294 481 115 410 410 370 347 462 206 436 395 312 219 484 484
[545] 484 476 476 476 382 524 524 513 542 493 330 330 503 165 176 377 466 466 449 527 527 125 460 334 440 440 459 459 430 571 180 433
[577] 489 553 576 536 270 569 569 549 463 565 530 461 166 589 427 335 408 447 592

$EXTANT
  [1] FALSE  TRUE  TRUE FALSE  TRUE  TRUE  TRUE FALSE  TRUE FALSE FALSE  TRUE FALSE  TRUE FALSE FALSE  TRUE  TRUE  TRUE  TRUE  TRUE
 [22]  TRUE FALSE FALSE FALSE FALSE FALSE  TRUE  TRUE  TRUE FALSE  TRUE  TRUE  TRUE  TRUE  TRUE  TRUE  TRUE  TRUE FALSE  TRUE FALSE
 [43]  TRUE  TRUE  TRUE  TRUE  TRUE  TRUE  TRUE  TRUE  TRUE  TRUE FALSE  TRUE  TRUE  TRUE  TRUE FALSE  TRUE FALSE  TRUE  TRUE  TRUE
 [64]  TRUE FALSE FALSE  TRUE  TRUE  TRUE  TRUE  TRUE  TRUE FALSE FALSE  TRUE FALSE  TRUE  TRUE  TRUE FALSE FALSE  TRUE  TRUE FALSE
 [85]  TRUE  TRUE  TRUE  TRUE FALSE  TRUE FALSE  TRUE  TRUE  TRUE  TRUE  TRUE  TRUE  TRUE  TRUE FALSE  TRUE  TRUE FALSE FALSE  TRUE
[106]  TRUE  TRUE FALSE FALSE FALSE FALSE  TRUE  TRUE  TRUE  TRUE  TRUE  TRUE  TRUE  TRUE FALSE  TRUE  TRUE  TRUE FALSE  TRUE  TRUE
[127]  TRUE  TRUE  TRUE FALSE  TRUE  TRUE  TRUE  TRUE  TRUE  TRUE  TRUE  TRUE  TRUE  TRUE  TRUE FALSE  TRUE  TRUE  TRUE FALSE FALSE
[148]  TRUE FALSE  TRUE  TRUE FALSE  TRUE FALSE FALSE  TRUE  TRUE  TRUE  TRUE  TRUE FALSE  TRUE  TRUE FALSE  TRUE  TRUE  TRUE  TRUE
[169]  TRUE  TRUE  TRUE  TRUE  TRUE FALSE  TRUE  TRUE  TRUE FALSE  TRUE  TRUE  TRUE FALSE  TRUE  TRUE FALSE  TRUE  TRUE FALSE FALSE
[190]  TRUE  TRUE  TRUE  TRUE FALSE  TRUE  TRUE  TRUE  TRUE  TRUE FALSE  TRUE  TRUE  TRUE  TRUE  TRUE  TRUE  TRUE  TRUE  TRUE  TRUE
[211]  TRUE FALSE  TRUE  TRUE  TRUE  TRUE  TRUE  TRUE  TRUE  TRUE  TRUE  TRUE  TRUE  TRUE  TRUE  TRUE  TRUE  TRUE  TRUE  TRUE  TRUE
[232]  TRUE  TRUE  TRUE  TRUE  TRUE FALSE  TRUE  TRUE  TRUE  TRUE  TRUE  TRUE FALSE FALSE  TRUE  TRUE  TRUE  TRUE  TRUE FALSE  TRUE
[253]  TRUE  TRUE FALSE  TRUE  TRUE  TRUE  TRUE  TRUE  TRUE  TRUE  TRUE  TRUE  TRUE  TRUE  TRUE  TRUE  TRUE  TRUE  TRUE  TRUE  TRUE
[274]  TRUE  TRUE  TRUE  TRUE  TRUE  TRUE  TRUE FALSE  TRUE FALSE  TRUE  TRUE  TRUE  TRUE  TRUE  TRUE  TRUE  TRUE  TRUE  TRUE  TRUE
[295]  TRUE  TRUE  TRUE  TRUE  TRUE  TRUE  TRUE FALSE FALSE  TRUE  TRUE  TRUE  TRUE  TRUE  TRUE  TRUE FALSE  TRUE  TRUE FALSE  TRUE
[316] FALSE FALSE  TRUE FALSE  TRUE FALSE  TRUE  TRUE  TRUE  TRUE  TRUE  TRUE  TRUE  TRUE  TRUE  TRUE  TRUE  TRUE  TRUE  TRUE  TRUE
[337]  TRUE  TRUE  TRUE  TRUE  TRUE  TRUE  TRUE  TRUE  TRUE FALSE  TRUE  TRUE  TRUE  TRUE  TRUE  TRUE FALSE  TRUE  TRUE  TRUE  TRUE
[358]  TRUE  TRUE  TRUE FALSE  TRUE  TRUE  TRUE  TRUE  TRUE  TRUE  TRUE  TRUE  TRUE  TRUE  TRUE  TRUE FALSE  TRUE  TRUE  TRUE  TRUE
[379]  TRUE  TRUE  TRUE  TRUE  TRUE  TRUE  TRUE  TRUE  TRUE  TRUE  TRUE  TRUE  TRUE  TRUE  TRUE  TRUE FALSE  TRUE  TRUE FALSE  TRUE
[400]  TRUE FALSE FALSE  TRUE FALSE FALSE  TRUE  TRUE  TRUE  TRUE  TRUE  TRUE FALSE  TRUE  TRUE  TRUE  TRUE  TRUE  TRUE FALSE  TRUE
[421]  TRUE  TRUE  TRUE  TRUE  TRUE FALSE  TRUE  TRUE  TRUE  TRUE  TRUE  TRUE  TRUE  TRUE  TRUE  TRUE  TRUE  TRUE  TRUE  TRUE  TRUE
[442] FALSE  TRUE FALSE  TRUE FALSE  TRUE  TRUE  TRUE  TRUE  TRUE  TRUE  TRUE FALSE  TRUE  TRUE FALSE  TRUE  TRUE  TRUE  TRUE FALSE
[463]  TRUE  TRUE  TRUE  TRUE  TRUE  TRUE  TRUE  TRUE  TRUE  TRUE  TRUE FALSE  TRUE  TRUE  TRUE  TRUE  TRUE  TRUE  TRUE  TRUE  TRUE
[484]  TRUE  TRUE  TRUE  TRUE  TRUE  TRUE  TRUE  TRUE  TRUE  TRUE  TRUE  TRUE  TRUE  TRUE  TRUE  TRUE  TRUE  TRUE  TRUE  TRUE  TRUE
[505]  TRUE  TRUE  TRUE  TRUE  TRUE  TRUE  TRUE  TRUE  TRUE FALSE  TRUE  TRUE  TRUE  TRUE  TRUE  TRUE  TRUE  TRUE  TRUE  TRUE  TRUE
[526]  TRUE  TRUE  TRUE  TRUE  TRUE  TRUE  TRUE  TRUE  TRUE  TRUE  TRUE  TRUE  TRUE  TRUE  TRUE  TRUE  TRUE  TRUE  TRUE  TRUE FALSE
[547]  TRUE FALSE  TRUE  TRUE  TRUE  TRUE  TRUE  TRUE  TRUE  TRUE  TRUE  TRUE  TRUE  TRUE  TRUE  TRUE  TRUE  TRUE  TRUE  TRUE  TRUE
[568]  TRUE  TRUE  TRUE  TRUE  TRUE  TRUE  TRUE  TRUE  TRUE  TRUE  TRUE  TRUE  TRUE  TRUE  TRUE  TRUE  TRUE  TRUE  TRUE  TRUE  TRUE
[589]  TRUE  TRUE  TRUE  TRUE  TRUE  TRUE  TRUE

