
Birth-death simulation object with 622 species and 500 extant species

Details for some species:

Extinction times (NA means extant)
[1] 30.36770 30.39547 21.70607       NA       NA 37.35894


Speciation times 
[1] 49.13923 46.92319 46.26517 43.59991 32.68868 46.62199


Species parents (NA for initial)
[1] NA  1  1  1  1  2


Species status (extinct or extant)
[1] "extinct" "extinct" "extinct" "extant"  "extant"  "extinct"


For more details on vector y, try sim$y, with y one of
TE TS PAR EXTANT



$TE
  [1] 30.3677005 30.3954701 21.7060654         NA         NA 37.3589390         NA         NA 12.8229305 24.8245554  8.3264574
 [12]  0.5604795         NA  7.6735848         NA         NA         NA         NA         NA  8.7167214 19.4394727 18.7712665
 [23] 26.0258623         NA         NA         NA         NA 12.8576618         NA         NA         NA         NA         NA
 [34]  2.0926592         NA         NA 16.0295280 20.7500686         NA  4.1648889 25.5076589         NA 14.9685392 10.2625618
 [45] 17.0013515         NA  3.0037567         NA  0.9609695         NA         NA  0.7660335  1.5772838         NA  8.2909028
 [56]         NA  5.2342702         NA         NA         NA         NA         NA 18.6503156  2.8415112  6.2865123         NA
 [67]         NA         NA         NA  9.1323039         NA         NA  4.8336708         NA         NA         NA  3.2077652
 [78]         NA 16.1313761  7.8538049         NA         NA         NA 15.1756266         NA 17.7330949  1.0387691         NA
 [89]  5.5350396  4.9167525         NA         NA 22.1589273         NA         NA         NA         NA         NA  3.7340037
[100]         NA         NA         NA         NA         NA  2.3166991  1.2931803  8.7710679  0.5552189         NA 22.1301905
[111]         NA         NA         NA         NA  0.9458331 14.3283120  5.1547226         NA         NA         NA         NA
[122]         NA  5.7656149  4.4105547         NA  6.6510076         NA         NA         NA         NA         NA         NA
[133]         NA         NA         NA         NA 22.3094115  9.3525192 12.6842169  5.8965422 10.7464080         NA  9.1133133
[144]  1.1294359         NA         NA         NA         NA         NA         NA         NA         NA  3.6323337         NA
[155]         NA         NA         NA 11.1485074         NA         NA  1.9490515         NA         NA         NA 11.3496970
[166]         NA         NA  7.3536177         NA         NA 14.0451897  8.6838049         NA  8.1673061         NA         NA
[177]         NA  2.8743500         NA  6.1271312  9.9765187  2.7371260  8.3107535         NA 14.9158064         NA         NA
[188]  4.2925970         NA         NA         NA  0.3334503         NA         NA         NA         NA  6.9679783         NA
[199]         NA         NA  1.4515198         NA         NA         NA         NA 10.4236961  1.5624756         NA         NA
[210]         NA         NA         NA         NA         NA         NA         NA         NA         NA         NA         NA
[221]         NA         NA         NA         NA         NA  9.8866790  5.0913745         NA         NA         NA         NA
[232]         NA         NA         NA  3.2814116         NA         NA         NA         NA  4.7613973         NA         NA
[243]         NA         NA         NA  5.4237083         NA         NA         NA         NA         NA  0.9812852         NA
[254]         NA         NA         NA         NA         NA         NA  2.1525684         NA         NA         NA         NA
[265]         NA  3.5128300         NA         NA         NA         NA  6.7713740         NA         NA         NA         NA
[276]         NA         NA         NA  4.0994563  6.2747658         NA         NA         NA         NA         NA         NA
[287]         NA         NA         NA         NA         NA  5.9416244         NA         NA         NA         NA         NA
[298]         NA         NA         NA         NA  1.0796770         NA         NA         NA         NA         NA         NA
[309]         NA         NA  6.1842128         NA  6.3214316         NA         NA  1.6605133         NA         NA         NA
[320]         NA  8.8352100         NA         NA         NA  5.7083732         NA         NA  5.6170612  4.0686835         NA
[331]         NA         NA         NA         NA         NA         NA         NA         NA         NA         NA         NA
[342]         NA         NA         NA         NA         NA         NA         NA         NA         NA         NA         NA
[353]         NA         NA         NA         NA         NA         NA         NA         NA         NA         NA         NA
[364]         NA         NA  8.5618251  2.6950485         NA         NA         NA         NA         NA  3.3615171         NA
[375]  0.7672708         NA         NA         NA         NA         NA         NA         NA         NA         NA         NA
[386]         NA         NA         NA         NA         NA         NA         NA         NA         NA         NA         NA
[397]  0.5462711  5.2225292         NA         NA         NA         NA         NA         NA         NA         NA         NA
[408]         NA         NA         NA         NA         NA         NA         NA  1.1303295         NA         NA         NA
[419]  3.8612250         NA         NA         NA  2.3230448         NA         NA         NA         NA         NA         NA
[430]         NA         NA         NA         NA         NA         NA  1.8831572         NA         NA         NA         NA
[441]         NA  3.6808188         NA  0.2439925         NA         NA         NA         NA         NA         NA         NA
[452]         NA  3.3696318         NA  5.3459101         NA         NA         NA         NA         NA         NA         NA
[463]         NA         NA         NA         NA  2.0094228         NA         NA         NA         NA         NA         NA
[474]         NA         NA  1.3092218         NA         NA         NA  0.9296448         NA         NA         NA         NA
[485]         NA         NA         NA         NA         NA         NA         NA         NA         NA         NA         NA
[496]         NA         NA         NA  2.9869872         NA         NA         NA         NA         NA         NA         NA
[507]         NA         NA         NA         NA         NA         NA         NA         NA         NA         NA         NA
[518]         NA  2.6210834         NA         NA  0.3103218         NA         NA         NA         NA         NA         NA
[529]         NA         NA         NA         NA         NA         NA         NA         NA         NA         NA         NA
[540]         NA         NA         NA         NA         NA         NA         NA         NA         NA         NA         NA
[551]         NA         NA         NA         NA         NA         NA  0.2207180         NA         NA         NA         NA
[562]         NA         NA         NA         NA         NA         NA         NA         NA         NA         NA         NA
[573]         NA         NA         NA         NA         NA         NA         NA         NA         NA         NA         NA
[584]         NA         NA         NA         NA         NA         NA         NA         NA         NA         NA         NA
[595]         NA         NA         NA         NA         NA         NA         NA         NA         NA         NA         NA
[606]         NA         NA         NA         NA         NA         NA         NA         NA         NA         NA         NA
[617]         NA         NA         NA         NA         NA         NA

$TS
  [1] 49.139229014 46.923188017 46.265172800 43.599905972 32.688676310 46.621993753 42.877658322 39.102920097 36.816982217 36.012716950
 [11] 34.395211655 45.973795519 33.137478472 30.927880078 25.629056746 24.883213232 23.288748865 18.748336830 15.901853528 10.532699879
 [21] 38.787493547 36.480486216 29.657056867  4.105863269  3.356619483 42.759600460 23.252050534 21.953601739  2.411291558 31.519410220
 [31] 22.060708949 13.020757470 10.814595467  5.716670579  2.856346262  1.893828861 28.599314661 23.250890373 34.629822564 30.546474829
 [41] 30.229241718 29.588178234 33.911045158 27.651119301 30.284921448 29.793110429 28.624887516 19.115026124 18.934093029 26.383987757
 [51] 24.576349861 22.197467044 21.828473047 11.693615860 10.567753017  9.904529481  6.317387909  3.574290545  3.129683917 28.236664206
 [61] 26.049660326 23.558085191 27.272574233 20.857132786 11.307117588 26.062095683 24.718719502 24.484217842 20.934844475 17.709926300
 [71] 24.840346649 16.993521493 12.539447305 12.268531415 11.108663564 10.488881596 22.951621937 21.577417975 28.355024096 21.683444937
 [81]  5.118237322  2.100520619  0.583281562 28.731847971 26.668824359 21.165857046 18.657964176 10.677240892  7.583388944 27.515700982
 [91] 15.587987945  7.207540060 25.911897840 17.164874847 14.511359792  7.928007758  2.282843023 25.768782006 11.446511973 16.852785278
[101] 16.810401954 12.318709050  7.374546407 15.891267311 13.459423598  9.588119756 15.545521505  5.379810461  0.747230995 25.062023931
[111] 13.498749738  9.764822650  8.999339632  3.177625408 20.948596937 18.081639468 17.537325463 15.351576698  0.168205578 21.570464107
[121] 15.474386961 12.065967354 11.319861049 10.270346932  1.694289826 10.982174730  0.509433351 20.739147244 14.317417522  9.843489804
[131]  0.611861029  8.822390330  9.726716981  9.650534875  6.122705399  0.761799999 22.835760527 11.635403840 14.140828152 18.794471450
[141] 20.393464723 18.622036542 18.878025717 16.179981085  8.840474949 19.583262034 17.797187691 10.612602765 18.937277379  2.694740314
[151]  1.040345575 15.213834314  9.075883992  5.288937401  2.955809091  2.003898538  0.717274863 17.886421446 17.555233250 14.668539722
[161] 14.066195411  7.708252690  6.338609280  3.255222566 17.292785731 11.061536608  2.608738437 13.211028104 19.086894034  5.703111487
[171] 14.795185748 13.443731631  6.210301726 12.135695138  9.777632861  8.477271904  6.651289235  6.193474135  5.399718777 17.897719345
[181] 13.146568024 12.294361016  9.658502005  2.574287189 18.214820948 15.291089730 13.879794146  9.892973358  7.930513581  2.229944587
[191]  2.208010504 16.786156884  7.733348788 13.566344557 13.406102834 11.086813018 10.371564869 15.276182970  6.376217833  0.872310315
[201]  8.444966516 11.862957219  1.965709932  0.798739654 16.876948176 10.938818624  7.636371072  4.142122948  8.186148934  1.240840832
[211] 11.661511443 10.100019338  7.566785746  2.439072458  2.110246132  6.530022631  5.768736560  3.481542794  3.357490344 11.253597193
[221] 10.664118457  3.099735594  0.729211301  8.542116783  4.253926087 13.137709494 15.319430409 13.873140498 11.719729444  5.945012013
[231] 11.235236612  8.747470068 11.151037178 12.201387610  9.183044929  8.512936641  6.570179107  4.223842871  9.506593066  8.466772960
[241]  8.200068762  3.946755639  0.643884080 13.994940397 12.492950669 10.274686552  7.231962545 13.966669720 11.419539863  7.449715573
[251]  4.608942037  1.398056570 11.247167269  7.806059067 12.995519994  9.146070057 12.466969363 11.546103929 12.965396167  7.453207379
[261]  1.955099901  0.732121184 12.371539132 12.191621075 12.863202561 12.821885825 11.737838534 10.149216738  5.189166746  4.549554913
[271] 11.353911917  4.473984928 11.714287624  4.319244713 10.414541543  9.624651902  7.948585888  6.116118707  5.593201836 10.757909360
[281]  5.292430984  0.457097396  6.248485495  0.756241751  2.356659055  3.999453013  3.604150523  9.906104056  5.269291609  4.774193278
[291]  3.265302970  9.586365298  3.599525300  7.064837151  2.927479859  1.824550665  3.873148172  0.379542722  3.635097750  2.692438623
[301]  7.726804638  7.646584149  6.028260884  0.156241853  8.342615453  8.275392165  0.063465478 10.830317575  0.630075500  0.326323491
[311]  6.394164231 10.102854419  8.474437741  8.533827407 10.976192242  8.752834824  5.389212866  5.031447435  4.067498303  3.481589770
[321]  9.289669213  6.585561237  0.152517580  4.296429217 10.135730820  1.610263303  8.933324496  8.408649343  7.485704085  3.694516965
[331]  2.283498488  7.666546259  4.253751886  1.075569553  8.283264830  2.152936875  6.888169549  0.543549444  2.941656783  6.044304808
[341]  2.333074873  9.433793113  9.337891238  1.063772652  0.389331411  8.209487970  5.163077462  2.427981002 10.025382395  5.358527594
[351]  8.136336024  1.893022106  0.907683460  7.387790733  5.901285516  8.623342289  7.109092746  2.931776958  2.839981474  8.912305611
[361]  7.847992165  3.789302283  5.358052485  8.911355845  6.240175838  9.402203534  3.103839668  2.180001054  7.568208061  4.229881937
[371]  2.799128975  2.290354830  5.588350468  5.035126622  4.930288115  1.752741007  5.686581028  7.836386719  4.551673319  4.232774761
[381]  2.396723104  8.788780583  2.925087833  7.961689713  0.138351774  1.667719259  8.076749711  1.347148988  8.367620136  6.736581665
[391]  2.305542720  7.872085967  7.615937198  5.065519354  1.374467589  8.525621680  4.404567213  7.476134963  6.688019862  5.013446255
[401]  4.001836776  1.851077307  0.724888598  4.502341474  7.069016939  7.600469892  5.882059893  5.928511784  7.908637125  7.716819721
[411]  5.182297409  3.535085063  7.735656272  5.806988986  4.362850539  6.182250322  2.337757779  6.575635457  5.498059841  0.458890979
[421]  3.917851663  0.598385146  7.263129619  6.410003508  1.026694724  4.591506736  1.392170147  2.975922025  6.579124092  7.072048329
[431]  7.599943379  7.497279074  4.943907876  2.135183723  6.615095289  5.293885044  4.616745953  6.776834761  7.549289187  6.415704588
[441]  0.246766230  6.939778669  3.187021323  2.632750265  2.804137980  0.140880490  5.463692282  4.681779405  2.775881681  2.706055725
[451]  2.951896471  5.036935380  4.544674628  3.121835653  5.471888344  3.791152263  0.797915818  2.383994936  2.197094371  1.667654826
[461]  3.963376277  0.428626377  0.983593459  4.818821496  3.059228235  2.153624646  3.491933643  2.038975274  3.445259557  1.434456391
[471]  2.838644444  3.512922349  1.546939915  3.771352627  1.450827802  4.861257656  5.729830730  4.969480638  2.040778993  3.858802067
[481]  0.660182132  0.419565243  1.050868470  5.686815606  5.569864539  6.114477273  4.234930162  1.928207116  5.633691888  3.627004204
[491]  0.723090249  4.424530830  4.285348766  1.007973441  0.443434922  1.242432300  4.215275544  0.809766663  4.528986797  3.048480264
[501]  5.247524755  5.565961114  2.674521053  5.100474484  3.031572894  2.089217996  1.064482063  0.260852951  1.728418032  0.473969459
[511]  0.095281032  0.046738042  4.339894427  2.821751764  2.717635138  0.618995771  0.662096687  0.485699185  3.573942252  2.765877677
[521]  2.707396227  4.692461701  4.007856531  1.958745661  0.267698236  4.504128839  4.456366427  0.982330963  3.931177722  4.392871630
[531]  3.338419053  0.718847820  4.735979498  3.516964656  0.041554075  3.065258167  2.287925543  2.127446284  2.338536806  2.271165298
[541]  0.659818118  3.969641290  0.952823891  3.138348507  2.674803104  1.214782108  1.773693455  4.354648340  4.043229142  3.682992646
[551]  1.531780626  1.101018065  0.649305026  2.855219702  1.832249962  2.314511242  0.753402352  1.861229960  2.241405139  2.248479575
[561]  0.617589796  0.031586423  1.807833133  1.944152165  2.762971766  3.145308941  0.981816007  1.297717102  3.250693932  0.063360413
[571]  0.107122496  2.825736478  0.631220235  0.464941571  0.952638423  1.500703373  1.521123014  1.951999854  1.760577991  1.429571548
[581]  1.721906112  0.304048174  1.625071127  2.115792068  1.508645235  0.854873231  0.999237097  1.258012561  1.178135918  2.093074502
[591]  1.253913103  0.999733684  1.487013745  1.085059596  1.586791948  1.069226297  1.222228460  0.465263964  0.792945463  0.408900501
[601]  1.549663749  0.746663145  1.035324167  0.053150310  0.001654310  0.470806413  0.450914535  0.064438794  0.843551781  0.657877712
[611]  0.824217229  0.492390464  0.499122429  0.631013428  0.513569284  0.374436280  0.468128568  0.191775067  0.051765232  0.357140835
[621]  0.399667480  0.002748854

$PAR
  [1]  NA   1   1   1   1   2   2   2   2   2   2   3   3  12  12  12  12  12  12  12   4   4   4   4   4   7   7   7   7  26  26  26
 [33]   8   8   8   8  21  21   9   9  22  22  10  10  39  39  39  39  39  13  13  13  13  13  13  13  13  13  13   5   5   5  30  30
 [65]  30  14  14  14  14  14  40  40  40  40  40  40  45  45  41  46  46  46  46  23  42  42  42  42  42  47  47  47  60  60  60  60
 [97]  60  44  44  90  90  90  90  85  85  50  66  66  98  15  15  15  15  15  16  16  16  71  71  67  67  67  67  67  67  51  51  68
[129]  68  68  68  62  17  17  17  17  27  27  77  52  31  31  80  80  78 120 120 120 115 115 115  69  69  69  69  69  69  64  64  64
[161]  64  64  64  64 128 128 128 146  48  48 169 169 169 149 149 149 149 149 149  18  18  18  18  18 142 142 142 142 142 142 142 185
[193] 180 158 147 147 147 159 159 159 117 165  94  94  72  72  72  72 205 205 100 100 100 101 101 192 144 144 144  19  19  19  19 104
[225] 104  91 121 121 121 121 118 118 227 186 186 198 198 198 152 152 152 152 152 160 160  95 129 161 161 161 161 244 187 228 194 194
[257] 111 111 195 195 195 195 168 168 181  32 255 255 255 259 265 265 266 266  73  73 245 245 245 257 257 257 263 263 102 182 182  74
[289]  74  74  74 234 234 264 264 122 202 202 267 267 229 229 229 273  54  54  54 258 258 258 249 271 271 123 220 220 220 220 220 220
[321] 231 231 233  75 196 196 166 166 166 166 166 126 315 315 308 308 280  88 221 148 148  20  76  76  76 275 275 275 197 124 268 312
[353] 312 288 288  56  56  56 130 175 175 175 112 133 133 183 134 276 106 106 239 239 342 342 342 343 256 153 153 153 113 327 327 360
[385] 360 364 145 145 132 382 382 316 316 232 232 356 356 224 396 396 396 236 236 176 240 201 328 305 306 306 306 209 351 351 384 277
[417] 277 409 392 392 361 361 378 378 301 410 410 162 332 207 393 393 393 406 431 431 431 369 213 213 432 398 260 354 103 103 423 423
[449] 247 247  92 357 430 430 294 294 294 337 337 337 438 438 390 399 399 177 435 435 322 322 429 418 418 237 237 216 440 440 440 163
[481] 365 365 173 416 416 135 486 486 303 303 303 408 355 355 355 407 217 217 477 477  34 170 170 484 484 489 502 179 317 317 317 350
[513] 363 363 363 363 289 501 411 411 347  81  81  81  81 504 504 504 374 318 400 400 375 375 464 522 522 448 426 379 270 526 404 272
[545] 272 272 397 415 274 274 274 493 493 225 333 370 497 208 319 549 401 529 421 480 456 412 412 472 218 469 531 114 544 222 536 339
[577] 295 572 449 520 515 150 545 444 444 285 539 417 341 459 466 336 538 584  82 506 479 468 156 203 578 564 296 547 581 125 326 475
[609] 580 580 588 546 344 353 602 157 481 573 309 518 574 298

$EXTANT
  [1] FALSE FALSE FALSE  TRUE  TRUE FALSE  TRUE  TRUE FALSE FALSE FALSE FALSE  TRUE FALSE  TRUE  TRUE  TRUE  TRUE  TRUE FALSE FALSE
 [22] FALSE FALSE  TRUE  TRUE  TRUE  TRUE FALSE  TRUE  TRUE  TRUE  TRUE  TRUE FALSE  TRUE  TRUE FALSE FALSE  TRUE FALSE FALSE  TRUE
 [43] FALSE FALSE FALSE  TRUE FALSE  TRUE FALSE  TRUE  TRUE FALSE FALSE  TRUE FALSE  TRUE FALSE  TRUE  TRUE  TRUE  TRUE  TRUE FALSE
 [64] FALSE FALSE  TRUE  TRUE  TRUE  TRUE FALSE  TRUE  TRUE FALSE  TRUE  TRUE  TRUE FALSE  TRUE FALSE FALSE  TRUE  TRUE  TRUE FALSE
 [85]  TRUE FALSE FALSE  TRUE FALSE FALSE  TRUE  TRUE FALSE  TRUE  TRUE  TRUE  TRUE  TRUE FALSE  TRUE  TRUE  TRUE  TRUE  TRUE FALSE
[106] FALSE FALSE FALSE  TRUE FALSE  TRUE  TRUE  TRUE  TRUE FALSE FALSE FALSE  TRUE  TRUE  TRUE  TRUE  TRUE FALSE FALSE  TRUE FALSE
[127]  TRUE  TRUE  TRUE  TRUE  TRUE  TRUE  TRUE  TRUE  TRUE  TRUE FALSE FALSE FALSE FALSE FALSE  TRUE FALSE FALSE  TRUE  TRUE  TRUE
[148]  TRUE  TRUE  TRUE  TRUE  TRUE FALSE  TRUE  TRUE  TRUE  TRUE FALSE  TRUE  TRUE FALSE  TRUE  TRUE  TRUE FALSE  TRUE  TRUE FALSE
[169]  TRUE  TRUE FALSE FALSE  TRUE FALSE  TRUE  TRUE  TRUE FALSE  TRUE FALSE FALSE FALSE FALSE  TRUE FALSE  TRUE  TRUE FALSE  TRUE
[190]  TRUE  TRUE FALSE  TRUE  TRUE  TRUE  TRUE FALSE  TRUE  TRUE  TRUE FALSE  TRUE  TRUE  TRUE  TRUE FALSE FALSE  TRUE  TRUE  TRUE
[211]  TRUE  TRUE  TRUE  TRUE  TRUE  TRUE  TRUE  TRUE  TRUE  TRUE  TRUE  TRUE  TRUE  TRUE  TRUE FALSE FALSE  TRUE  TRUE  TRUE  TRUE
[232]  TRUE  TRUE  TRUE FALSE  TRUE  TRUE  TRUE  TRUE FALSE  TRUE  TRUE  TRUE  TRUE  TRUE FALSE  TRUE  TRUE  TRUE  TRUE  TRUE FALSE
[253]  TRUE  TRUE  TRUE  TRUE  TRUE  TRUE  TRUE FALSE  TRUE  TRUE  TRUE  TRUE  TRUE FALSE  TRUE  TRUE  TRUE  TRUE FALSE  TRUE  TRUE
[274]  TRUE  TRUE  TRUE  TRUE  TRUE FALSE FALSE  TRUE  TRUE  TRUE  TRUE  TRUE  TRUE  TRUE  TRUE  TRUE  TRUE  TRUE FALSE  TRUE  TRUE
[295]  TRUE  TRUE  TRUE  TRUE  TRUE  TRUE  TRUE FALSE  TRUE  TRUE  TRUE  TRUE  TRUE  TRUE  TRUE  TRUE FALSE  TRUE FALSE  TRUE  TRUE
[316] FALSE  TRUE  TRUE  TRUE  TRUE FALSE  TRUE  TRUE  TRUE FALSE  TRUE  TRUE FALSE FALSE  TRUE  TRUE  TRUE  TRUE  TRUE  TRUE  TRUE
[337]  TRUE  TRUE  TRUE  TRUE  TRUE  TRUE  TRUE  TRUE  TRUE  TRUE  TRUE  TRUE  TRUE  TRUE  TRUE  TRUE  TRUE  TRUE  TRUE  TRUE  TRUE
[358]  TRUE  TRUE  TRUE  TRUE  TRUE  TRUE  TRUE  TRUE FALSE FALSE  TRUE  TRUE  TRUE  TRUE  TRUE FALSE  TRUE FALSE  TRUE  TRUE  TRUE
[379]  TRUE  TRUE  TRUE  TRUE  TRUE  TRUE  TRUE  TRUE  TRUE  TRUE  TRUE  TRUE  TRUE  TRUE  TRUE  TRUE  TRUE  TRUE FALSE FALSE  TRUE
[400]  TRUE  TRUE  TRUE  TRUE  TRUE  TRUE  TRUE  TRUE  TRUE  TRUE  TRUE  TRUE  TRUE  TRUE  TRUE FALSE  TRUE  TRUE  TRUE FALSE  TRUE
[421]  TRUE  TRUE FALSE  TRUE  TRUE  TRUE  TRUE  TRUE  TRUE  TRUE  TRUE  TRUE  TRUE  TRUE  TRUE FALSE  TRUE  TRUE  TRUE  TRUE  TRUE
[442] FALSE  TRUE FALSE  TRUE  TRUE  TRUE  TRUE  TRUE  TRUE  TRUE  TRUE FALSE  TRUE FALSE  TRUE  TRUE  TRUE  TRUE  TRUE  TRUE  TRUE
[463]  TRUE  TRUE  TRUE  TRUE FALSE  TRUE  TRUE  TRUE  TRUE  TRUE  TRUE  TRUE  TRUE FALSE  TRUE  TRUE  TRUE FALSE  TRUE  TRUE  TRUE
[484]  TRUE  TRUE  TRUE  TRUE  TRUE  TRUE  TRUE  TRUE  TRUE  TRUE  TRUE  TRUE  TRUE  TRUE  TRUE FALSE  TRUE  TRUE  TRUE  TRUE  TRUE
[505]  TRUE  TRUE  TRUE  TRUE  TRUE  TRUE  TRUE  TRUE  TRUE  TRUE  TRUE  TRUE  TRUE  TRUE FALSE  TRUE  TRUE FALSE  TRUE  TRUE  TRUE
[526]  TRUE  TRUE  TRUE  TRUE  TRUE  TRUE  TRUE  TRUE  TRUE  TRUE  TRUE  TRUE  TRUE  TRUE  TRUE  TRUE  TRUE  TRUE  TRUE  TRUE  TRUE
[547]  TRUE  TRUE  TRUE  TRUE  TRUE  TRUE  TRUE  TRUE  TRUE  TRUE FALSE  TRUE  TRUE  TRUE  TRUE  TRUE  TRUE  TRUE  TRUE  TRUE  TRUE
[568]  TRUE  TRUE  TRUE  TRUE  TRUE  TRUE  TRUE  TRUE  TRUE  TRUE  TRUE  TRUE  TRUE  TRUE  TRUE  TRUE  TRUE  TRUE  TRUE  TRUE  TRUE
[589]  TRUE  TRUE  TRUE  TRUE  TRUE  TRUE  TRUE  TRUE  TRUE  TRUE  TRUE  TRUE  TRUE  TRUE  TRUE  TRUE  TRUE  TRUE  TRUE  TRUE  TRUE
[610]  TRUE  TRUE  TRUE  TRUE  TRUE  TRUE  TRUE  TRUE  TRUE  TRUE  TRUE  TRUE  TRUE

