
Birth-death simulation object with 592 species and 500 extant species

Details for some species:

Extinction times (NA means extant)
[1] 50.724716  6.732175 19.141736 26.092566        NA        NA


Speciation times 
[1] 69.20522 55.99455 50.76976 43.53231 33.99099 32.34411


Species parents (NA for initial)
[1] NA  1  1  2  2  2


Species status (extinct or extant)
[1] "extinct" "extinct" "extinct" "extinct" "extant"  "extant" 


For more details on vector y, try sim$y, with y one of
TE TS PAR EXTANT



$TE
  [1] 50.72471613  6.73217541 19.14173590 26.09256576          NA          NA  7.05313002
  [8]          NA  2.78626633          NA          NA  4.47273689          NA          NA
 [15] 28.57396049 12.57949547          NA          NA          NA 28.24546309  4.26640881
 [22] 22.18167054 12.16585276          NA          NA          NA          NA          NA
 [29]          NA          NA          NA          NA          NA          NA  2.71012510
 [36]  6.59246521          NA          NA          NA 12.01190253          NA          NA
 [43]          NA          NA          NA  1.31332027 22.08105369  1.87730958          NA
 [50] 14.78016342  2.68073256  7.86212041          NA 15.39622805          NA  5.87374949
 [57]          NA          NA          NA          NA          NA 11.29298599  5.37999530
 [64]          NA          NA          NA          NA          NA          NA          NA
 [71]          NA  9.56701702          NA          NA          NA 15.15796720          NA
 [78]  7.43742171          NA          NA          NA          NA 15.90911943  9.58584109
 [85]          NA 10.38908862          NA          NA 14.27232720  4.18673519 14.35552438
 [92]  9.49558750 18.36875236  8.15086264 10.90700605          NA          NA 14.00520246
 [99]          NA          NA          NA  1.05154834 11.01851077          NA  1.30616347
[106]  4.29930873          NA          NA  0.15652836          NA          NA          NA
[113]          NA          NA          NA  2.09154890          NA  7.24847704          NA
[120]          NA 15.01719726          NA          NA          NA  5.03701712          NA
[127]          NA          NA          NA          NA          NA          NA          NA
[134]          NA          NA 10.81223519          NA          NA          NA          NA
[141]          NA 10.51461821  7.44412591  0.03648589          NA          NA          NA
[148]          NA          NA          NA  4.53815844          NA          NA          NA
[155]          NA  8.59271478  7.76142668          NA          NA          NA          NA
[162]          NA  4.58652114          NA          NA          NA          NA          NA
[169]          NA          NA          NA          NA          NA          NA          NA
[176]          NA  0.64776525          NA          NA          NA          NA          NA
[183]          NA 12.44018358 11.37557802  0.89636251  7.53634364          NA  0.79870543
[190]  2.80017541          NA          NA          NA          NA          NA          NA
[197]          NA  0.69595648  0.60571269          NA          NA          NA          NA
[204]          NA          NA          NA          NA          NA          NA          NA
[211]          NA          NA          NA          NA          NA          NA          NA
[218]          NA          NA          NA          NA          NA  1.83792267          NA
[225]          NA          NA          NA          NA          NA          NA          NA
[232]          NA  6.20103859          NA          NA          NA          NA          NA
[239]          NA          NA          NA          NA          NA          NA          NA
[246]  0.98284953          NA          NA          NA          NA          NA  6.11260763
[253]          NA          NA          NA          NA          NA          NA  2.59488756
[260]  9.94476776          NA          NA          NA          NA          NA          NA
[267]          NA          NA          NA          NA          NA          NA          NA
[274]  1.52903402          NA          NA  0.97352803          NA          NA          NA
[281]          NA          NA          NA  8.77026132          NA          NA          NA
[288]          NA          NA          NA          NA          NA          NA          NA
[295]          NA          NA  0.85133018          NA          NA  6.32178434          NA
[302]          NA          NA          NA          NA          NA          NA          NA
[309]          NA          NA          NA          NA          NA          NA          NA
[316]  0.30791013          NA          NA          NA          NA  1.65888194          NA
[323]          NA          NA  6.30861752          NA          NA          NA          NA
[330]  0.78905168          NA          NA          NA          NA          NA          NA
[337]          NA          NA          NA          NA          NA          NA          NA
[344]          NA          NA          NA          NA          NA          NA          NA
[351]          NA          NA          NA          NA          NA          NA          NA
[358]          NA          NA          NA          NA          NA          NA          NA
[365]          NA  1.29590554          NA          NA          NA          NA          NA
[372]          NA  2.85990478          NA          NA  1.39389335          NA          NA
[379]          NA          NA          NA  3.22856943  1.40711273          NA          NA
[386]          NA          NA          NA          NA          NA          NA          NA
[393]          NA          NA          NA          NA          NA          NA          NA
[400]          NA          NA          NA          NA          NA          NA          NA
[407]          NA          NA          NA          NA          NA          NA          NA
[414]          NA  2.08643896          NA          NA          NA          NA          NA
[421]          NA          NA          NA          NA          NA          NA          NA
[428]          NA          NA          NA          NA          NA          NA          NA
[435]          NA          NA          NA          NA          NA          NA          NA
[442]          NA          NA          NA          NA          NA          NA          NA
[449]          NA          NA          NA          NA          NA          NA          NA
[456]          NA          NA          NA          NA          NA          NA          NA
[463]          NA          NA          NA          NA          NA          NA          NA
[470]          NA          NA          NA          NA          NA  3.30929369          NA
[477]          NA          NA          NA          NA  2.77685414          NA          NA
[484]          NA  1.10713096          NA          NA          NA          NA          NA
[491]          NA          NA          NA          NA          NA          NA          NA
[498]          NA          NA          NA          NA          NA          NA          NA
[505]          NA          NA          NA          NA          NA          NA          NA
[512]          NA          NA          NA          NA          NA          NA          NA
[519]          NA          NA          NA          NA          NA          NA          NA
[526]          NA          NA          NA          NA          NA          NA          NA
[533]          NA          NA          NA          NA          NA          NA          NA
[540]          NA          NA          NA          NA          NA          NA          NA
[547]          NA          NA          NA          NA          NA          NA          NA
[554]          NA          NA  0.21321637          NA          NA          NA          NA
[561]          NA          NA          NA          NA          NA          NA          NA
[568]          NA          NA          NA          NA          NA          NA          NA
[575]          NA          NA          NA  0.22186826          NA          NA          NA
[582]          NA          NA          NA          NA          NA          NA          NA
[589]          NA          NA          NA          NA

$TS
  [1] 6.920522e+01 5.599455e+01 5.076976e+01 4.353231e+01 3.399099e+01 3.234411e+01 2.658890e+01
  [8] 2.069969e+01 1.569195e+01 1.325191e+01 4.328463e+01 3.344814e+01 2.777652e+01 2.021750e+01
 [15] 3.853800e+01 3.438992e+01 4.307014e+01 1.475016e+01 1.061352e+01 3.567988e+01 2.478673e+01
 [22] 2.476219e+01 2.020563e+01 1.873857e+01 7.118181e+00 6.490888e+00 3.545180e+00 3.140352e+01
 [29] 2.317313e+01 8.951810e+00 7.384562e+00 3.388909e+00 1.120862e-01 2.191143e+01 6.367772e+00
 [36] 7.857310e+00 7.604404e+00 6.024561e-01 9.123285e-02 2.590222e+01 1.948624e+01 1.028468e+01
 [43] 6.882118e+00 4.564910e+00 3.890369e+00 2.096940e+00 2.265943e+01 1.287338e+01 1.061346e+01
 [50] 2.003512e+01 1.261186e+01 9.066796e+00 7.275098e+00 2.263495e+01 2.254809e+01 2.068978e+01
 [57] 1.758854e+01 1.450995e+01 4.805590e+00 2.437084e+01 2.395085e+01 1.485403e+01 1.419537e+01
 [64] 9.254536e+00 4.420209e+00 3.596236e+00 1.817027e+01 8.208012e+00 4.845607e+00 4.837849e+00
 [71] 4.388732e+00 1.217636e+01 5.699295e+00 2.578636e+00 1.012069e+00 2.209497e+01 1.729258e+01
 [78] 2.172446e+01 2.011671e+01 1.082921e+01 5.036843e+00 2.021887e+00 2.086333e+01 1.749537e+01
 [85] 1.632626e+01 1.746982e+01 1.469827e+01 5.717666e+00 1.806084e+01 2.085797e+01 1.450176e+01
 [92] 1.172261e+01 1.863172e+01 1.639369e+01 1.618747e+01 1.455234e+01 4.281253e+00 1.595859e+01
 [99] 1.126896e+01 1.708832e+01 1.234884e+01 1.893019e+01 1.326284e+01 1.676545e+01 8.121936e+00
[106] 1.082741e+01 9.686878e+00 8.552147e+00 7.571999e+00 4.216813e+00 1.767412e+01 1.678808e+01
[113] 1.528227e+01 1.138560e+01 4.234658e-02 1.414619e+01 1.293011e+01 1.121752e+01 7.146318e+00
[120] 1.704363e+01 1.507553e+01 9.564319e+00 1.184184e+01 8.471858e+00 7.459573e+00 5.292529e+00
[127] 4.276508e-01 3.824995e-01 1.460335e+01 9.957095e+00 9.185755e+00 6.723407e+00 1.254161e+01
[134] 1.222675e+01 2.790765e+00 1.581985e+01 1.425058e+01 8.739337e+00 8.134798e+00 1.595399e+01
[141] 7.670114e+00 1.600518e+01 1.510612e+01 4.152777e+00 2.881670e+00 1.352746e+01 1.194036e+01
[148] 1.091562e+01 9.690068e+00 7.873058e+00 7.549876e+00 3.311651e+00 2.422282e+00 4.873987e-01
[155] 1.307331e+01 9.405990e+00 1.358639e+01 1.001322e+01 1.037103e+01 9.784706e+00 1.714603e+00
[162] 7.399664e-01 6.717929e+00 5.006735e+00 4.405621e+00 6.650689e-01 5.570017e+00 6.226970e-01
[169] 1.285909e+01 1.008864e+01 1.106428e+01 8.558174e+00 2.800603e+00 9.472335e+00 9.467897e+00
[176] 8.471542e+00 4.760099e+00 4.485349e+00 1.032235e+01 6.289652e+00 2.853880e+00 9.690990e+00
[183] 1.165364e+01 1.320478e+01 1.311607e+01 1.296820e+01 1.194950e+01 1.184581e+01 9.420681e+00
[190] 1.176130e+01 1.156622e+01 9.809824e+00 6.994924e+00 2.837047e-01 1.148640e+01 7.610826e+00
[197] 6.650946e+00 5.812208e+00 4.437172e+00 2.474563e+00 1.160170e+01 9.129931e+00 6.472123e+00
[204] 1.148087e+01 1.075626e+01 5.102486e+00 8.608774e+00 5.706410e+00 1.168727e+01 8.695465e+00
[211] 9.772767e+00 1.177442e+00 1.040791e+01 6.820199e+00 5.828524e+00 4.547736e+00 2.466778e+00
[218] 5.050182e+00 1.117762e+01 9.284929e+00 5.465397e+00 5.256876e+00 3.904508e+00 3.197957e+00
[225] 5.682316e+00 1.076505e+01 3.128032e+00 1.806856e+00 1.445893e+00 7.937668e+00 9.971576e+00
[232] 8.110999e-01 8.282649e+00 4.341997e+00 4.029501e+00 1.035391e+01 4.207494e+00 4.128377e+00
[239] 8.412851e+00 3.800544e+00 2.767725e+00 9.214346e+00 1.057706e+01 4.399563e+00 9.462352e+00
[246] 8.185564e+00 6.192780e+00 4.147441e+00 3.676283e+00 1.061600e+00 7.780737e+00 6.991674e+00
[253] 9.417525e+00 7.948317e+00 2.379106e+00 5.819339e+00 3.711030e+00 7.597986e+00 5.208754e+00
[260] 1.009313e+01 7.679549e+00 5.987064e+00 3.255579e+00 2.196204e+00 1.030902e+01 4.748024e+00
[267] 2.992650e+00 2.489319e+00 4.166040e+00 3.826610e+00 5.610180e+00 3.848820e+00 8.272785e+00
[274] 5.863433e+00 1.606731e+00 5.069177e+00 4.914474e+00 4.849228e+00 3.837130e+00 7.797089e+00
[281] 2.005583e+00 8.925940e-01 9.625009e+00 9.092283e+00 8.865885e+00 7.698086e+00 7.203862e+00
[288] 6.619348e+00 4.035862e+00 4.729743e+00 2.703484e+00 7.090765e+00 2.200608e+00 9.047728e+00
[295] 4.269411e+00 8.264917e+00 3.061489e+00 8.939988e+00 2.077556e+00 9.161565e+00 6.048326e+00
[302] 2.016976e+00 4.732007e+00 5.170832e+00 3.228437e+00 7.516133e+00 8.108588e+00 7.843176e+00
[309] 7.902004e+00 6.327241e+00 4.251267e+00 3.634143e+00 3.542667e+00 1.788957e+00 8.079136e+00
[316] 3.688786e+00 5.023709e+00 3.153744e+00 4.571033e+00 4.244370e+00 3.768012e+00 6.395683e+00
[323] 4.943494e+00 9.259210e-01 6.747769e+00 1.177666e+00 3.250802e+00 6.277049e+00 3.700270e+00
[330] 5.093264e+00 4.767244e+00 3.519000e+00 8.116594e-01 7.726370e+00 3.944327e+00 7.991780e+00
[337] 2.356281e+00 7.796152e+00 4.592005e+00 7.505682e+00 6.232146e+00 3.928324e+00 2.725014e+00
[344] 5.347069e+00 4.595458e+00 2.396460e+00 6.895606e+00 7.104372e+00 6.515271e+00 1.258374e-01
[351] 5.762896e+00 2.328446e+00 1.147360e+00 6.953693e+00 5.697927e+00 2.873456e+00 9.451936e-01
[358] 3.365043e+00 6.929457e+00 4.057867e+00 1.682339e+00 5.145476e+00 7.155183e+00 6.254215e+00
[365] 5.067654e+00 7.172222e+00 3.597039e+00 2.316737e+00 4.174920e+00 6.726219e+00 5.726465e+00
[372] 3.504684e-01 4.288084e+00 2.391293e-01 4.259095e+00 7.034065e+00 2.367504e-01 6.714065e+00
[379] 5.527335e+00 3.079663e+00 2.787924e+00 5.185091e+00 2.137276e+00 1.008340e+00 5.367282e+00
[386] 3.725880e+00 1.035989e+00 3.546293e+00 2.555157e+00 1.367795e+00 6.445480e+00 4.017783e+00
[393] 3.584577e+00 3.468953e+00 2.265531e+00 3.742040e+00 5.916474e+00 3.011748e+00 2.646619e+00
[400] 1.200615e+00 5.291377e-01 7.343239e-02 3.958940e+00 2.562726e+00 6.023792e+00 1.191870e+00
[407] 2.362656e+00 6.654578e-01 5.270757e+00 2.663865e+00 1.752151e+00 4.724795e+00 4.177789e+00
[414] 2.726638e+00 4.089037e+00 4.039572e+00 3.867411e+00 4.367190e+00 2.006229e+00 5.749037e+00
[421] 4.696032e+00 4.265844e+00 1.671429e+00 3.808533e+00 2.520077e+00 5.650374e+00 1.945302e-01
[428] 2.528063e+00 4.420869e-01 1.636831e+00 1.027749e-01 2.141421e+00 9.001903e-01 9.948832e-01
[435] 2.327085e+00 1.684871e+00 1.206956e+00 5.600341e-01 4.670791e+00 3.878846e+00 2.770604e+00
[442] 7.990681e-01 2.422776e+00 5.115434e-01 1.039039e+00 3.589947e+00 3.268970e+00 2.338814e-01
[449] 5.089719e+00 4.981841e+00 1.424058e+00 6.517452e-01 1.677163e-01 4.530681e+00 3.619652e+00
[456] 2.426216e+00 3.430091e+00 1.241743e+00 4.403571e+00 2.483999e+00 3.049090e+00 3.957374e+00
[463] 3.137710e+00 4.794470e+00 7.602089e-01 1.839407e+00 2.946584e+00 2.584308e+00 6.044775e-01
[470] 2.088171e+00 1.700669e+00 6.682252e-01 2.792536e+00 2.290135e+00 4.014230e+00 3.362363e+00
[477] 2.603205e+00 2.338482e+00 5.430830e-01 3.985735e+00 3.035520e+00 1.263405e+00 3.941491e+00
[484] 2.768716e+00 2.602674e+00 2.887123e+00 1.767594e+00 5.587580e-01 2.665363e+00 2.258424e+00
[491] 1.137765e+00 4.336597e+00 2.982012e+00 2.416592e+00 2.388977e+00 1.937356e-01 9.729471e-01
[498] 2.833791e+00 3.781924e-02 3.719648e+00 4.055559e+00 1.174533e+00 2.781527e+00 2.794346e+00
[505] 3.805160e+00 1.485613e+00 3.423352e+00 2.575398e+00 1.914614e+00 2.242415e+00 2.182094e-01
[512] 3.404073e-02 3.085282e-01 1.443779e+00 2.794848e+00 1.252104e+00 3.003446e+00 1.703034e+00
[519] 9.315208e-01 2.452390e+00 2.816578e+00 2.094636e+00 2.995631e+00 2.927883e+00 2.477290e+00
[526] 2.042422e+00 2.335627e+00 3.065064e+00 3.543356e+00 2.616596e+00 1.848824e+00 8.273487e-01
[533] 3.246387e+00 3.019700e-01 2.544783e+00 1.774141e+00 3.300717e+00 2.881660e-01 1.256276e+00
[540] 1.381775e+00 2.809216e+00 1.433461e+00 1.480584e+00 9.435068e-01 2.075610e+00 2.529354e+00
[547] 5.555974e-01 1.857503e+00 2.303825e+00 3.294821e-01 2.708885e+00 9.503291e-01 1.429286e+00
[554] 1.414593e-01 2.129432e+00 2.443168e+00 1.368013e+00 1.232475e-01 2.035923e-01 2.013697e+00
[561] 2.323779e+00 2.965472e-04 1.180579e+00 1.329852e+00 1.324408e+00 1.670201e+00 1.214864e+00
[568] 7.475391e-01 8.531726e-01 2.351271e+00 2.318930e+00 7.043368e-01 1.953548e+00 1.193830e+00
[575] 1.902207e-01 7.404096e-01 1.559699e-01 1.987600e+00 1.130962e+00 9.791478e-01 1.477842e-01
[582] 3.455231e-01 7.117415e-01 2.877850e-01 5.488696e-01 7.673076e-01 2.454445e-01 6.077325e-01
[589] 4.170138e-01 2.512062e-01 1.384610e-01 2.421147e-01

$PAR
  [1]  NA   1   1   2   2   2   2   2   2   2   3   3   3   3   4   4  11  11  11  17  17  17  17
 [24]  17  17  17  17   5   5   5   5   5   5  12  12   6   6   6   6  28  28  28  28  28  28  28
 [47]  13  13  13   7   7   7   7  40  40  40  40  21  21  22  22  60  60  60  60  60  61  61  61
 [70]  61  61  29  29  29  29  54  54  55  55  55  55  55  76  76  76  34  34  34  78  83  90  90
 [93]   8   8   8   8   8  56  56  14  14  23  23  79  41 102 102 102 102 102  24  24  24  24  24
[116]  67  67  67  67  89  89 111  57  57  57  57  57  57  84  84  77  77 120 120 120 112 112 112
[139] 112 104 104  94  94  85  85  95  95 142 140 140 140 140 140 140   9   9 113 113 143  18  18
[162]  18  87  87  87  87 129 129  96  96  58  58  58 137 137 137 137 137 116 116 116 157 146 103
[185] 103 103 103 103  10 185 185 155 155 155 186 186 186 186 117 117 169 169 169  51  51  51 134
[208] 134  72 187 147 147 123 123 123 123 123 190 209 183 183 183 183 201 191 195 204 204 204 114
[231]  99  99 219 219 219 171 171 171 148 148 148  80 106 106 226 226 226 226 226 226 205 205  49
[254]  49  49 243 243 213 213 159 159 159 159 159 236 236 236 236 179 179 265 265 170 170 170 158
[277] 158 158 231 130 130 130 192 192 192 192 192 160 160 182 182 149 149 107 107 283 283 122 174
[300] 245 189 253 220  64 242 131 300 294  30  30  30  30  30  30 285 285 210 108 124 124 124 239
[323] 239 239 273 273 296 246 246 139 139 139 139 105 105 307 307 315 315 336 336 336 254 230 230
[346] 309 150 308 308 251 286 261 261 196 196 196 258 109 151 306 306 340 125  31  31  53  53  53
[369] 287 366 366 363  25  25 348 292 292 376 376 376 376 193 193 193 359  43 214 370 132 132 378
[392] 378 378 378 378 197 288 288 288 322 322 322 310 310 180 180 328 328 364 341 247 301 405 405
[415] 262 262 262 397 274 198 198 198 198 351 351 420 420 371 371  88  88 208 208  73 355 225 426
[438] 426 379 379 221 221 385 344 126 222 304 362 206 276 276 276 365 218  81  81 317 317 164 323
[461] 278  69  69  59 464 177 266 290 421 345 345 339 319  44 216 216 454 454 178 199 199 199  65
[484]  65  65 459 459 459 244 244 244 234 234 234 234 234 492 295 320 237 144 238 415 360 416 416
[507] 392 392 392 403 462 462  45 417 272 424 505 505 505 396 257 329 249 249 312 455 367  66 446
[530] 393 388  27 529 313 394 457 358 358 537 447 263 533 318 528 461 267 524 486 356 498 521 173
[553] 515 504 473 441 484 489 477 508 546 546 268 525 525 556 556 443 153 495 495 495 570 570 570
[576] 435 299 545 545  82 487 451 502 445 357 333 232 586 576 452 585 538

$EXTANT
  [1] FALSE FALSE FALSE FALSE  TRUE  TRUE FALSE  TRUE FALSE  TRUE  TRUE FALSE  TRUE  TRUE FALSE
 [16] FALSE  TRUE  TRUE  TRUE FALSE FALSE FALSE FALSE  TRUE  TRUE  TRUE  TRUE  TRUE  TRUE  TRUE
 [31]  TRUE  TRUE  TRUE  TRUE FALSE FALSE  TRUE  TRUE  TRUE FALSE  TRUE  TRUE  TRUE  TRUE  TRUE
 [46] FALSE FALSE FALSE  TRUE FALSE FALSE FALSE  TRUE FALSE  TRUE FALSE  TRUE  TRUE  TRUE  TRUE
 [61]  TRUE FALSE FALSE  TRUE  TRUE  TRUE  TRUE  TRUE  TRUE  TRUE  TRUE FALSE  TRUE  TRUE  TRUE
 [76] FALSE  TRUE FALSE  TRUE  TRUE  TRUE  TRUE FALSE FALSE  TRUE FALSE  TRUE  TRUE FALSE FALSE
 [91] FALSE FALSE FALSE FALSE FALSE  TRUE  TRUE FALSE  TRUE  TRUE  TRUE FALSE FALSE  TRUE FALSE
[106] FALSE  TRUE  TRUE FALSE  TRUE  TRUE  TRUE  TRUE  TRUE  TRUE FALSE  TRUE FALSE  TRUE  TRUE
[121] FALSE  TRUE  TRUE  TRUE FALSE  TRUE  TRUE  TRUE  TRUE  TRUE  TRUE  TRUE  TRUE  TRUE  TRUE
[136] FALSE  TRUE  TRUE  TRUE  TRUE  TRUE FALSE FALSE FALSE  TRUE  TRUE  TRUE  TRUE  TRUE  TRUE
[151] FALSE  TRUE  TRUE  TRUE  TRUE FALSE FALSE  TRUE  TRUE  TRUE  TRUE  TRUE FALSE  TRUE  TRUE
[166]  TRUE  TRUE  TRUE  TRUE  TRUE  TRUE  TRUE  TRUE  TRUE  TRUE  TRUE FALSE  TRUE  TRUE  TRUE
[181]  TRUE  TRUE  TRUE FALSE FALSE FALSE FALSE  TRUE FALSE FALSE  TRUE  TRUE  TRUE  TRUE  TRUE
[196]  TRUE  TRUE FALSE FALSE  TRUE  TRUE  TRUE  TRUE  TRUE  TRUE  TRUE  TRUE  TRUE  TRUE  TRUE
[211]  TRUE  TRUE  TRUE  TRUE  TRUE  TRUE  TRUE  TRUE  TRUE  TRUE  TRUE  TRUE FALSE  TRUE  TRUE
[226]  TRUE  TRUE  TRUE  TRUE  TRUE  TRUE  TRUE FALSE  TRUE  TRUE  TRUE  TRUE  TRUE  TRUE  TRUE
[241]  TRUE  TRUE  TRUE  TRUE  TRUE FALSE  TRUE  TRUE  TRUE  TRUE  TRUE FALSE  TRUE  TRUE  TRUE
[256]  TRUE  TRUE  TRUE FALSE FALSE  TRUE  TRUE  TRUE  TRUE  TRUE  TRUE  TRUE  TRUE  TRUE  TRUE
[271]  TRUE  TRUE  TRUE FALSE  TRUE  TRUE FALSE  TRUE  TRUE  TRUE  TRUE  TRUE  TRUE FALSE  TRUE
[286]  TRUE  TRUE  TRUE  TRUE  TRUE  TRUE  TRUE  TRUE  TRUE  TRUE  TRUE FALSE  TRUE  TRUE FALSE
[301]  TRUE  TRUE  TRUE  TRUE  TRUE  TRUE  TRUE  TRUE  TRUE  TRUE  TRUE  TRUE  TRUE  TRUE  TRUE
[316] FALSE  TRUE  TRUE  TRUE  TRUE FALSE  TRUE  TRUE  TRUE FALSE  TRUE  TRUE  TRUE  TRUE FALSE
[331]  TRUE  TRUE  TRUE  TRUE  TRUE  TRUE  TRUE  TRUE  TRUE  TRUE  TRUE  TRUE  TRUE  TRUE  TRUE
[346]  TRUE  TRUE  TRUE  TRUE  TRUE  TRUE  TRUE  TRUE  TRUE  TRUE  TRUE  TRUE  TRUE  TRUE  TRUE
[361]  TRUE  TRUE  TRUE  TRUE  TRUE FALSE  TRUE  TRUE  TRUE  TRUE  TRUE  TRUE FALSE  TRUE  TRUE
[376] FALSE  TRUE  TRUE  TRUE  TRUE  TRUE FALSE FALSE  TRUE  TRUE  TRUE  TRUE  TRUE  TRUE  TRUE
[391]  TRUE  TRUE  TRUE  TRUE  TRUE  TRUE  TRUE  TRUE  TRUE  TRUE  TRUE  TRUE  TRUE  TRUE  TRUE
[406]  TRUE  TRUE  TRUE  TRUE  TRUE  TRUE  TRUE  TRUE  TRUE FALSE  TRUE  TRUE  TRUE  TRUE  TRUE
[421]  TRUE  TRUE  TRUE  TRUE  TRUE  TRUE  TRUE  TRUE  TRUE  TRUE  TRUE  TRUE  TRUE  TRUE  TRUE
[436]  TRUE  TRUE  TRUE  TRUE  TRUE  TRUE  TRUE  TRUE  TRUE  TRUE  TRUE  TRUE  TRUE  TRUE  TRUE
[451]  TRUE  TRUE  TRUE  TRUE  TRUE  TRUE  TRUE  TRUE  TRUE  TRUE  TRUE  TRUE  TRUE  TRUE  TRUE
[466]  TRUE  TRUE  TRUE  TRUE  TRUE  TRUE  TRUE  TRUE  TRUE FALSE  TRUE  TRUE  TRUE  TRUE  TRUE
[481] FALSE  TRUE  TRUE  TRUE FALSE  TRUE  TRUE  TRUE  TRUE  TRUE  TRUE  TRUE  TRUE  TRUE  TRUE
[496]  TRUE  TRUE  TRUE  TRUE  TRUE  TRUE  TRUE  TRUE  TRUE  TRUE  TRUE  TRUE  TRUE  TRUE  TRUE
[511]  TRUE  TRUE  TRUE  TRUE  TRUE  TRUE  TRUE  TRUE  TRUE  TRUE  TRUE  TRUE  TRUE  TRUE  TRUE
[526]  TRUE  TRUE  TRUE  TRUE  TRUE  TRUE  TRUE  TRUE  TRUE  TRUE  TRUE  TRUE  TRUE  TRUE  TRUE
[541]  TRUE  TRUE  TRUE  TRUE  TRUE  TRUE  TRUE  TRUE  TRUE  TRUE  TRUE  TRUE  TRUE  TRUE  TRUE
[556] FALSE  TRUE  TRUE  TRUE  TRUE  TRUE  TRUE  TRUE  TRUE  TRUE  TRUE  TRUE  TRUE  TRUE  TRUE
[571]  TRUE  TRUE  TRUE  TRUE  TRUE  TRUE  TRUE FALSE  TRUE  TRUE  TRUE  TRUE  TRUE  TRUE  TRUE
[586]  TRUE  TRUE  TRUE  TRUE  TRUE  TRUE  TRUE

