
Birth-death simulation object with 613 species and 500 extant species

Details for some species:

Extinction times (NA means extant)
[1]        NA 29.875636 17.070614 15.317168  8.828744 19.358620


Speciation times 
[1] 54.44034 46.54017 42.44673 31.05883 29.22959 25.24316


Species parents (NA for initial)
[1] NA  1  1  1  1  1


Species status (extinct or extant)
[1] "extant"  "extinct" "extinct" "extinct" "extinct" "extinct"


For more details on vector y, try sim$y, with y one of
TE TS PAR EXTANT



$TE
  [1]          NA 29.87563569 17.07061438 15.31716825  8.82874441 19.35861977  2.85467032
  [8]  3.60927482          NA          NA 28.50879935 15.82449380          NA          NA
 [15] 16.61190818          NA 25.44418046          NA          NA 20.92886830 25.27558279
 [22] 15.27061444          NA  8.46896935          NA 21.35639367 19.73882360 14.88488506
 [29]          NA  3.11802320          NA          NA          NA          NA          NA
 [36] 14.31082419          NA          NA  1.56110210  6.58110462          NA          NA
 [43]          NA          NA          NA          NA          NA 25.25034888          NA
 [50] 12.72446787          NA          NA          NA          NA          NA          NA
 [57]          NA          NA          NA          NA          NA          NA          NA
 [64] 11.68894859          NA          NA 19.10394809  2.99928182  6.18702243          NA
 [71]          NA  6.33379245          NA 11.54677948  0.96995865 14.50169987          NA
 [78]          NA  2.11675295          NA          NA  9.02046020          NA 20.14059900
 [85] 17.02188639          NA          NA  4.18025386          NA          NA          NA
 [92]          NA          NA          NA          NA          NA  5.87114208 20.42551190
 [99]  5.72413624          NA          NA 18.84771810          NA          NA  1.08568692
[106]          NA          NA          NA          NA          NA          NA          NA
[113]  6.96157032          NA          NA          NA          NA          NA          NA
[120]          NA          NA  9.25167914          NA          NA          NA          NA
[127]          NA  4.07201818          NA          NA          NA          NA          NA
[134]          NA          NA          NA          NA          NA          NA          NA
[141]          NA          NA          NA          NA          NA  6.82907866          NA
[148]          NA  3.13448359          NA          NA  5.12179036          NA          NA
[155]          NA          NA          NA  0.91773558          NA          NA          NA
[162]          NA          NA  6.48592226          NA          NA          NA  9.31933330
[169]          NA          NA  9.48933432          NA          NA          NA          NA
[176]          NA 10.97467735          NA  0.25878368          NA          NA          NA
[183]          NA          NA          NA          NA          NA          NA 11.80138922
[190]          NA          NA  6.75924525          NA          NA          NA          NA
[197]          NA  7.57555136          NA          NA  2.36817727  7.07028961          NA
[204]          NA  2.23158362          NA          NA          NA  9.43629732          NA
[211]  1.75398798          NA  6.77011953          NA          NA          NA          NA
[218] 10.50316328          NA          NA          NA          NA          NA 10.67395828
[225]  3.06976605          NA          NA  6.23428950  3.46934430  5.22745246  0.09351813
[232]          NA  2.49145502          NA          NA          NA          NA          NA
[239]          NA          NA          NA          NA          NA          NA          NA
[246]          NA          NA  2.42881525  3.81069482 11.38883604          NA          NA
[253]          NA          NA          NA          NA          NA  0.35311482          NA
[260]          NA          NA          NA          NA          NA          NA          NA
[267]          NA  1.70261595          NA  2.31354235          NA          NA          NA
[274]          NA  4.33772859  7.52168647          NA          NA          NA          NA
[281]  7.87413564          NA          NA          NA          NA  8.80901113  2.88133155
[288]          NA          NA          NA          NA          NA          NA  4.73977280
[295]          NA          NA          NA          NA          NA          NA  4.10931080
[302]          NA          NA          NA          NA          NA          NA          NA
[309]  4.90385768          NA          NA          NA          NA  3.70709842          NA
[316]          NA          NA          NA          NA          NA          NA          NA
[323]          NA          NA          NA          NA          NA          NA          NA
[330]          NA          NA          NA          NA          NA          NA          NA
[337]          NA          NA          NA          NA          NA          NA  0.51943327
[344]          NA          NA          NA  3.73102473          NA          NA          NA
[351]          NA          NA          NA          NA          NA          NA          NA
[358]          NA          NA          NA          NA          NA  1.63643089          NA
[365]  5.30679892          NA          NA  5.77369057          NA          NA          NA
[372]          NA          NA          NA          NA          NA  0.30648800          NA
[379]          NA  4.69462551          NA          NA          NA  4.67528171          NA
[386]          NA          NA  5.23391867          NA          NA          NA          NA
[393]  1.80996457  1.18685510          NA  0.49198361          NA          NA          NA
[400]          NA          NA          NA          NA          NA          NA          NA
[407]  1.50686180          NA          NA  5.65323631          NA          NA          NA
[414]          NA          NA          NA  3.17814420          NA          NA          NA
[421]          NA          NA          NA          NA          NA          NA          NA
[428]          NA          NA          NA          NA          NA          NA          NA
[435]          NA          NA          NA          NA  4.81392813          NA          NA
[442]          NA          NA          NA          NA          NA          NA          NA
[449]          NA          NA          NA          NA          NA          NA          NA
[456]          NA          NA  2.60217448          NA          NA          NA          NA
[463]          NA          NA  0.31041822  2.04635320  1.07328666          NA          NA
[470]          NA          NA          NA          NA  4.69927698          NA          NA
[477]          NA          NA          NA          NA          NA          NA          NA
[484]          NA          NA          NA          NA          NA          NA          NA
[491]          NA          NA          NA          NA          NA          NA          NA
[498]          NA          NA          NA          NA          NA          NA          NA
[505]          NA          NA          NA          NA          NA          NA          NA
[512]          NA          NA          NA          NA          NA          NA          NA
[519]          NA          NA          NA  4.45845332          NA          NA          NA
[526]  2.83637498          NA          NA          NA          NA          NA          NA
[533]          NA          NA          NA          NA          NA          NA          NA
[540]          NA          NA          NA  1.58579858          NA          NA          NA
[547]          NA          NA          NA          NA          NA          NA          NA
[554]          NA          NA          NA          NA          NA          NA          NA
[561]          NA          NA          NA          NA          NA          NA          NA
[568]          NA          NA          NA          NA          NA          NA          NA
[575]          NA          NA  1.76188011          NA          NA          NA          NA
[582]          NA          NA          NA          NA          NA  0.53242299          NA
[589]          NA          NA  1.18734891          NA          NA          NA          NA
[596]          NA          NA          NA          NA          NA          NA          NA
[603]          NA          NA          NA          NA          NA          NA          NA
[610]          NA          NA          NA          NA

$TS
  [1] 54.440343249 46.540170231 42.446729105 31.058827190 29.229585247 25.243159257 21.955440191
  [8] 12.389572043 11.882797063  0.519551154 35.664917491 34.934966969 31.408411156 22.663215691
 [15] 32.916609901 28.481974817 28.458226830 25.543559528 20.406857379 30.984618512 30.236640591
 [22] 20.736636483 18.118476389 17.984086409 29.663289059 25.034081731 24.958047846 22.244936542
 [29] 17.032760718 13.548374467  3.693945001  3.058843351 24.913549774 16.576052801 28.279490049
 [36] 22.598933617 21.025061698 29.520004227 25.212943223 17.759196950 16.973833241 13.548208951
 [43]  8.662725500  7.211058578  3.438980995  1.318933626  0.963088289 25.747762150 22.361750571
 [50] 20.366375345 11.353370020  8.544223528 23.877982960 18.919653848 13.811819104 12.997296680
 [57]  7.375949439  4.849388285 24.305387488 24.189113621 15.008289116  9.143343721  7.986127105
 [64] 24.111788952  5.071504316  3.616428722 23.853947144 20.058400216 17.049205740  8.242348191
 [71]  8.098977145  7.404167341  6.289342088 24.902940659 22.179281919 20.745212929 20.619810920
 [78] 20.688156486 10.767218993  3.470905393  1.213558817 15.300098948  7.999703862 23.200766360
 [85] 17.989008916 13.170969411  9.354242728  9.066242374  7.588966004 16.438842719 16.761648869
 [92] 12.388704020 11.216306490  4.957246831  2.102085212 23.314119659 19.475820895 22.987616330
 [99] 12.943364300  6.046913116 21.965872584 20.253287558 15.720941419 10.103283356 16.762157848
[106] 20.001204060 18.969737779 16.816202972 20.347081328 10.801510768 10.445306246  9.893053511
[113] 10.120468679  9.191203928  1.176970135  0.123434673 14.132635276 20.176211821 17.105132515
[120] 14.415602681 11.917027065 11.094274774  9.263429813 15.853007681 14.530611851  7.881292017
[127] 20.001206981 19.483582188  3.287126461  2.923669167  2.837812162  0.705293186  0.207512827
[134] 12.908326870  3.249542492  2.279552227  1.289125556  6.683092624  9.676054618  6.046122708
[141] 13.891229542  8.194999426  0.617925748  0.331666144 11.481318446 11.000664384  8.561739955
[148]  4.171804274 13.495425747  6.000228941 16.854243997  9.461342703 17.671246630 14.709426294
[155] 13.829774071  8.878676199  5.466445151  1.479320154  0.941080496 17.163399681 10.848854317
[162] 10.162431513 16.231999905 12.171062674 11.772890392 10.929037636  7.723987622 10.375570724
[169]  5.505665747  4.995303202 14.118349885  7.973482015  2.208801754  1.318850550 16.350683780
[176] 14.235159290 11.397048049  1.005064034  8.559693802  0.795809211 15.176522594  8.559997871
[183] 12.424639598  3.164792330  1.267919789 15.347650571 15.182462345 12.544671601 14.447187809
[190] 12.252071078 10.956707522  9.992414142  5.787088109  2.051306280  1.477653475 10.478828384
[197]  3.287878427 12.473590468  8.145887591  5.221140217 12.235784988  9.864756365  7.592466973
[204]  2.336230832  7.791776400  4.335579482  2.282597864  0.408897955 11.185291190  8.235262853
[211] 11.999868357 12.059894958 11.562576518  2.821413490  5.232043359  4.179413774 12.988036663
[218] 11.485467588  9.140868885 10.432745343  0.690471566  0.222122617  0.356417640 11.050692001
[225]  4.032521099  2.758518208  9.012325216  8.536964325  9.783805620  8.523533318  5.120852303
[232] 13.019664192 10.104685598  8.183182855  6.339175039  4.061474962  1.077333224  9.732858654
[239]  3.757367682  7.237303679  2.516252394  2.065651610  0.140807016  6.339005484  1.430466188
[246]  1.364384121  0.335507983  9.946766135  8.825412635 12.720060236  9.347542158  0.461167225
[253] 10.461797225 10.401606106  6.745851169  1.951696591  0.937214601 12.291611713 11.997330816
[260]  1.414601603 11.234406670  8.766742686  0.080791817  9.255131613  4.824157990  2.504948334
[267]  8.736024396  7.292704245  9.334744346  7.105971410  4.982230038  2.673338797  7.121243757
[274]  8.697220448  7.981650991  7.622003709  7.282794619  7.138237139  6.134960172  1.265181954
[281]  9.958129473 10.990876461  6.133116264  3.645466817  7.039994578  9.574601296  7.616750393
[288]  9.801116942  8.477862719  4.128405049  2.929862243  8.447590541  8.305469207  9.880355690
[295]  5.894869106  5.690592678  3.481899949  2.118469588  1.503240524  8.366329634  6.079959689
[302]  8.431275340  6.350189176  5.820310374  6.964356067  0.490158205  8.039227529  8.500415799
[309]  7.435016991  4.515810608  9.289815703  7.888385965  3.854259682  8.183864337  4.378949574
[316]  3.172427454  7.032096589  9.790436823  8.463165381  8.056496988  6.644907198  6.375245783
[323]  0.716276886  9.279803641  1.075307515  7.081933969  4.967505075  4.303823086  7.036171280
[330]  0.635760806  2.147132734  1.687081852  1.122723809  0.538132104  9.265907388  8.945189926
[337]  8.791634431  3.855537544  8.151519596  7.815061392  7.025938837  5.815917889  3.797375012
[344]  4.494676464  4.717782182  1.312802647  9.050161712  0.987696167  0.077965995  5.871782678
[351]  4.927439827  4.259237293  7.052052881  6.830066840  6.528652675  3.585006160  7.493972836
[358]  8.888961999  7.326740220  5.867973584  4.497665183  2.170274655  8.653958321  6.482797549
[365]  5.998090326  3.311662037  0.271560955  6.188437783  6.058255161  3.924295228  3.759424472
[372]  2.305676409  1.983781045  1.437737254  6.146351379  2.236077425  3.648890014  6.933192497
[379]  5.638978678  7.910203553  3.880137096  4.207403528  7.022475937  6.607206374  6.895951791
[386]  6.680883865  2.387175998  5.872316990  5.442877629  7.225313828  2.124541238  1.182087586
[393]  7.766332875  7.063155649  6.929026590  2.727795961  1.893897346  0.514586823  8.162247373
[400]  5.711968644  0.978234904  2.857171612  4.051930596  7.937287974  2.263410572  2.229774491
[407]  1.778364426  2.663039948  1.348263675  6.103218658  5.338523423  3.968979080  3.556324985
[414]  7.176073116  7.174012245  5.387260543  5.141423407  4.861934309  3.008627251  4.258531804
[421]  2.735847793  1.800464526  1.528689998  6.248046803  6.007493764  3.144743343  6.826190033
[428]  2.612239470  0.864862770  3.855981158  6.406961655  6.738930584  6.381873138  1.408856488
[435]  5.998513350  6.457162148  3.601040560  6.844282460  5.266678154  3.898632012  3.193740045
[442]  0.803237978  0.548110140  3.062808764  2.946849548  5.834962925  0.326174901  4.055907933
[449]  6.369153510  1.847418121  0.535057722  2.421187332  5.752179540  2.187623239  0.634258651
[456]  3.821293333  1.309598672  5.058653100  4.845493154  3.625200804  4.768050924  3.177856073
[463]  1.766053705  5.942972710  5.513673120  5.762062025  5.036906229  1.097866093  2.841668352
[470]  1.507485783  5.385887358  4.927144507  1.172217289  5.991328452  5.944612990  3.636692844
[477]  0.486400205  4.463282319  4.432946216  0.482095840  0.180210957  2.631749233  0.358773400
[484]  3.934730143  6.009266263  2.343380584  2.203058540  1.252935482  0.916494845  5.786641222
[491]  3.898692893  5.566988106  5.625559610  1.875668007  4.738081151  4.906015437  1.409894730
[498]  3.764248409  4.352751038  5.236331673  2.440878923  2.284349510  1.643870370  1.194525138
[505]  2.942490767  5.287621595  1.431450323  4.859915648  2.814446422  2.413685647  1.811184564
[512]  1.720702133  2.534187101  2.500461093  3.186538233  0.836751052  4.735797413  4.625726660
[519]  3.978650397  3.045154805  2.550680912  4.532081852  0.876776824  2.593194243  0.043391048
[526]  3.570296436  2.561253723  1.005478265  2.709563414  1.702914438  1.544805035  0.144275012
[533]  0.049940646  4.288729767  0.506956437  0.078829912  0.426156951  3.342011481  0.297297695
[540]  0.968318982  4.121476318  0.217410756  3.339327927  2.943789469  0.551555804  2.020809619
[547]  0.354386626  3.311675372  0.758825355  1.482891929  1.802454865  0.996850901  1.396433253
[554]  2.390332970  0.797905923  1.989343703  1.299810239  0.915057798  0.357360759  1.443094636
[561]  1.582781305  1.936554751  2.421290495  2.077280751  1.371457555  0.503236591  2.691790923
[568]  1.381770186  1.921190403  0.763836338  0.394947104  2.233438141  0.475953212  1.886062480
[575]  1.660203881  1.018747424  1.933813043  1.313002527  0.946538758  0.663628969  0.713766710
[582]  0.650161784  0.005914570  1.678817039  0.406423269  1.757613265  1.278223069  0.983746904
[589]  0.768564246  0.192538954  1.537283339  0.273000374  0.629190157  0.784773422  0.656089757
[596]  1.300640548  0.534861503  1.296136503  0.997101908  0.695873348  0.729982009  0.068703072
[603]  0.735286198  0.175619396  0.241317129  0.026676882  0.546480646  0.529234257  0.004638447
[610]  0.175445657  0.505759051  0.300773161  0.227364677

$PAR
  [1]  NA   1   1   1   1   1   1   1   1   1   3   3   3   3  12  12  12  12  12  15  15  15  15
 [24]  15  13  13  13  13  13  13  13  13   4   4  20  20  20  25  25  25  25  25  25  25  25  25
 [47]  25  38  38  38  38  38  16  16  16  16  16  16  35  35  35  35  35  18  18  18  39  39  39
 [70]  39  39  39  39  26  27  27  27  33  33  33  33  74  59  60  60  60  60  60  60  64  53  53
 [93]  53  53  53  67  67  96  96  96  84  84  14  14  36  49  28  28  75  75  75  75 101 101 101
[116] 101   7  37  37  37  37  37  37  76  76  78  77  77  77  77  77  77  77  19  19  19  19 118
[139]  68  68 127 127 127 127 106 106 106 106 128 128  97  97  54  54  54  23  23  23  23  24  24
[162]  24  40  40  40  40  40 153 153 153 160 160 160 160 119 119 119 119  29  29  41  41 151 151
[185] 151 108 108 108 105 105 105 105 105 105 105  91  91  34  34  34  90  90 163 163 124 124 124
[208] 103 186 186  82 181  61  61 154 154 125 125 120 176 176 176 117 171 141 141 155 155  55  55
[231]  55  30  30  30  30  30  42 149 149  86  86  86  86 232 232 232 232  56  56 217 217 217  99
[254] 134 134 134 134 250 250 188 183 183 183   8   8  92 258 258 190 190 201 201 164 212 212 259
[277] 259 259 259 259 121   9   9 165 145 261 261  93  93  93  93 146 282 166 166 166 166 166 166
[300] 161 161 110 196 196 253 253 111 254 254 162 233 104 104 248 248 248 112 294 202 202 288 288
[323] 288 318 318 229 229 229 238 139  87  87  87  87 251 269 269 269 311 311 311 311 311 335 123
[346] 123 264 264 264  62  62  62 219 219 219 219  88 347 227 227 336 336 358 358 358 358 358 249
[369] 249 337 337 337 337 337 267 274  43 363 363 147 182  52 228 228 230 230 308 289 289 292 292
[392] 300  70  70  70  70  70 142 314 234 234 399 339  71  71  71  71 320 320  83  83  83  83 172
[415] 404 404 404 312 312 126 126 126 126 393 393 393 167 167 167 203 357 309  72  57 268 240 240
[438] 390 278 394 394 353 353 329 341 383 305 378 385 385 438 354 427 427 432 138 138 386 386 386
[461] 355 355 355 436 436 431 431 431 433 322 303 235 244  73  73 424 424 283 283 283 283 369 369
[484] 100 140 140 140 140 485 150 435 475 295 295 350 360 446 304 490 453 296 493 493 493 389 471
[507] 471 411 411 500 500 500 231  65 467 327 351 351 351 472 472 496 418 459 459 461 461 461 495
[530] 345 345 345 518 361 344 478 206 328 352 382 216 148 448 403 403 491 491 338 456 498 371 371
[553] 239 377 284 437 437  45  45 135 515 426  32 445 544 505 214 396 567 567 524 527 513 501 563
[576] 563 510 510 486 372 136 454  95 242 242 397 422 422 586 512 332 503 561 531 423 470 434 553
[599]  46 457 137 392 429 516 555 555 594 589 581 582 451 477 483

$EXTANT
  [1]  TRUE FALSE FALSE FALSE FALSE FALSE FALSE FALSE  TRUE  TRUE FALSE FALSE  TRUE  TRUE FALSE
 [16]  TRUE FALSE  TRUE  TRUE FALSE FALSE FALSE  TRUE FALSE  TRUE FALSE FALSE FALSE  TRUE FALSE
 [31]  TRUE  TRUE  TRUE  TRUE  TRUE FALSE  TRUE  TRUE FALSE FALSE  TRUE  TRUE  TRUE  TRUE  TRUE
 [46]  TRUE  TRUE FALSE  TRUE FALSE  TRUE  TRUE  TRUE  TRUE  TRUE  TRUE  TRUE  TRUE  TRUE  TRUE
 [61]  TRUE  TRUE  TRUE FALSE  TRUE  TRUE FALSE FALSE FALSE  TRUE  TRUE FALSE  TRUE FALSE FALSE
 [76] FALSE  TRUE  TRUE FALSE  TRUE  TRUE FALSE  TRUE FALSE FALSE  TRUE  TRUE FALSE  TRUE  TRUE
 [91]  TRUE  TRUE  TRUE  TRUE  TRUE  TRUE FALSE FALSE FALSE  TRUE  TRUE FALSE  TRUE  TRUE FALSE
[106]  TRUE  TRUE  TRUE  TRUE  TRUE  TRUE  TRUE FALSE  TRUE  TRUE  TRUE  TRUE  TRUE  TRUE  TRUE
[121]  TRUE FALSE  TRUE  TRUE  TRUE  TRUE  TRUE FALSE  TRUE  TRUE  TRUE  TRUE  TRUE  TRUE  TRUE
[136]  TRUE  TRUE  TRUE  TRUE  TRUE  TRUE  TRUE  TRUE  TRUE  TRUE FALSE  TRUE  TRUE FALSE  TRUE
[151]  TRUE FALSE  TRUE  TRUE  TRUE  TRUE  TRUE FALSE  TRUE  TRUE  TRUE  TRUE  TRUE FALSE  TRUE
[166]  TRUE  TRUE FALSE  TRUE  TRUE FALSE  TRUE  TRUE  TRUE  TRUE  TRUE FALSE  TRUE FALSE  TRUE
[181]  TRUE  TRUE  TRUE  TRUE  TRUE  TRUE  TRUE  TRUE FALSE  TRUE  TRUE FALSE  TRUE  TRUE  TRUE
[196]  TRUE  TRUE FALSE  TRUE  TRUE FALSE FALSE  TRUE  TRUE FALSE  TRUE  TRUE  TRUE FALSE  TRUE
[211] FALSE  TRUE FALSE  TRUE  TRUE  TRUE  TRUE FALSE  TRUE  TRUE  TRUE  TRUE  TRUE FALSE FALSE
[226]  TRUE  TRUE FALSE FALSE FALSE FALSE  TRUE FALSE  TRUE  TRUE  TRUE  TRUE  TRUE  TRUE  TRUE
[241]  TRUE  TRUE  TRUE  TRUE  TRUE  TRUE  TRUE FALSE FALSE FALSE  TRUE  TRUE  TRUE  TRUE  TRUE
[256]  TRUE  TRUE FALSE  TRUE  TRUE  TRUE  TRUE  TRUE  TRUE  TRUE  TRUE  TRUE FALSE  TRUE FALSE
[271]  TRUE  TRUE  TRUE  TRUE FALSE FALSE  TRUE  TRUE  TRUE  TRUE FALSE  TRUE  TRUE  TRUE  TRUE
[286] FALSE FALSE  TRUE  TRUE  TRUE  TRUE  TRUE  TRUE FALSE  TRUE  TRUE  TRUE  TRUE  TRUE  TRUE
[301] FALSE  TRUE  TRUE  TRUE  TRUE  TRUE  TRUE  TRUE FALSE  TRUE  TRUE  TRUE  TRUE FALSE  TRUE
[316]  TRUE  TRUE  TRUE  TRUE  TRUE  TRUE  TRUE  TRUE  TRUE  TRUE  TRUE  TRUE  TRUE  TRUE  TRUE
[331]  TRUE  TRUE  TRUE  TRUE  TRUE  TRUE  TRUE  TRUE  TRUE  TRUE  TRUE  TRUE FALSE  TRUE  TRUE
[346]  TRUE FALSE  TRUE  TRUE  TRUE  TRUE  TRUE  TRUE  TRUE  TRUE  TRUE  TRUE  TRUE  TRUE  TRUE
[361]  TRUE  TRUE FALSE  TRUE FALSE  TRUE  TRUE FALSE  TRUE  TRUE  TRUE  TRUE  TRUE  TRUE  TRUE
[376]  TRUE FALSE  TRUE  TRUE FALSE  TRUE  TRUE  TRUE FALSE  TRUE  TRUE  TRUE FALSE  TRUE  TRUE
[391]  TRUE  TRUE FALSE FALSE  TRUE FALSE  TRUE  TRUE  TRUE  TRUE  TRUE  TRUE  TRUE  TRUE  TRUE
[406]  TRUE FALSE  TRUE  TRUE FALSE  TRUE  TRUE  TRUE  TRUE  TRUE  TRUE FALSE  TRUE  TRUE  TRUE
[421]  TRUE  TRUE  TRUE  TRUE  TRUE  TRUE  TRUE  TRUE  TRUE  TRUE  TRUE  TRUE  TRUE  TRUE  TRUE
[436]  TRUE  TRUE  TRUE FALSE  TRUE  TRUE  TRUE  TRUE  TRUE  TRUE  TRUE  TRUE  TRUE  TRUE  TRUE
[451]  TRUE  TRUE  TRUE  TRUE  TRUE  TRUE  TRUE FALSE  TRUE  TRUE  TRUE  TRUE  TRUE  TRUE FALSE
[466] FALSE FALSE  TRUE  TRUE  TRUE  TRUE  TRUE  TRUE FALSE  TRUE  TRUE  TRUE  TRUE  TRUE  TRUE
[481]  TRUE  TRUE  TRUE  TRUE  TRUE  TRUE  TRUE  TRUE  TRUE  TRUE  TRUE  TRUE  TRUE  TRUE  TRUE
[496]  TRUE  TRUE  TRUE  TRUE  TRUE  TRUE  TRUE  TRUE  TRUE  TRUE  TRUE  TRUE  TRUE  TRUE  TRUE
[511]  TRUE  TRUE  TRUE  TRUE  TRUE  TRUE  TRUE  TRUE  TRUE  TRUE  TRUE FALSE  TRUE  TRUE  TRUE
[526] FALSE  TRUE  TRUE  TRUE  TRUE  TRUE  TRUE  TRUE  TRUE  TRUE  TRUE  TRUE  TRUE  TRUE  TRUE
[541]  TRUE  TRUE FALSE  TRUE  TRUE  TRUE  TRUE  TRUE  TRUE  TRUE  TRUE  TRUE  TRUE  TRUE  TRUE
[556]  TRUE  TRUE  TRUE  TRUE  TRUE  TRUE  TRUE  TRUE  TRUE  TRUE  TRUE  TRUE  TRUE  TRUE  TRUE
[571]  TRUE  TRUE  TRUE  TRUE  TRUE  TRUE FALSE  TRUE  TRUE  TRUE  TRUE  TRUE  TRUE  TRUE  TRUE
[586]  TRUE FALSE  TRUE  TRUE  TRUE FALSE  TRUE  TRUE  TRUE  TRUE  TRUE  TRUE  TRUE  TRUE  TRUE
[601]  TRUE  TRUE  TRUE  TRUE  TRUE  TRUE  TRUE  TRUE  TRUE  TRUE  TRUE  TRUE  TRUE

