
Birth-death simulation object with 633 species and 500 extant species

Details for some species:

Extinction times (NA means extant)
[1]        NA 41.076233        NA 53.487392  3.375238        NA


Speciation times 
[1] 70.98492 66.22916 55.13471 54.65891 27.08415 25.60790


Species parents (NA for initial)
[1] NA  1  1  1  1  1


Species status (extinct or extant)
[1] "extant"  "extinct" "extant"  "extinct" "extinct" "extant" 


For more details on vector y, try sim$y, with y one of
TE TS PAR EXTANT



$TE
  [1]          NA 41.07623274          NA 53.48739199  3.37523847          NA          NA
  [8] 59.66327844 23.83849929 23.88384042 46.50189610 40.04243276 20.75751678 35.03921283
 [15]          NA          NA          NA          NA          NA  4.19464053  4.37814385
 [22] 20.16519762 39.56370862 29.75911603          NA 19.73132992          NA 14.54057438
 [29]          NA 13.63057161          NA          NA 16.97036356 19.57656707          NA
 [36]          NA          NA          NA          NA          NA          NA          NA
 [43]          NA  0.60039115          NA 22.56316486          NA          NA  9.61138278
 [50]          NA 12.93096675          NA 10.43525411          NA          NA  8.82670713
 [57]          NA          NA 16.32646940          NA          NA 17.42621368          NA
 [64]          NA 16.40204327          NA 12.74897937 19.34726733          NA          NA
 [71]  3.85365797  8.88148912  4.63496287          NA          NA          NA 16.40017294
 [78]          NA 25.95109229 10.95697117  7.71030016          NA          NA          NA
 [85]  1.50290156 14.09551295          NA          NA          NA          NA          NA
 [92]          NA          NA          NA          NA          NA          NA          NA
 [99]          NA  4.25831265          NA          NA          NA 23.78198992          NA
[106]          NA          NA 13.28431922  3.87221322          NA  3.49577589          NA
[113] 13.29054564          NA          NA          NA          NA          NA          NA
[120]          NA          NA          NA 12.03142834          NA          NA          NA
[127]          NA          NA          NA          NA          NA          NA  1.87692197
[134]          NA          NA          NA          NA          NA          NA          NA
[141]  7.60597961 18.88989781          NA          NA  5.66842663 18.84230242          NA
[148]  4.41716721          NA          NA          NA          NA          NA          NA
[155]          NA          NA          NA          NA          NA  0.43184942 12.32871143
[162]          NA  0.99008916  5.90025922          NA          NA  8.37644780          NA
[169]          NA  2.82556703          NA          NA          NA          NA          NA
[176]          NA          NA 12.93051273          NA          NA 16.48368442          NA
[183]          NA          NA          NA          NA 11.80423245          NA          NA
[190] 13.22174617          NA          NA          NA          NA          NA          NA
[197]          NA          NA          NA          NA          NA  1.19585323          NA
[204]          NA          NA  2.29649847  2.52215716          NA          NA          NA
[211]          NA          NA          NA  9.66422783          NA 11.39017449          NA
[218]          NA          NA  6.31416824          NA  5.82101190          NA          NA
[225]  1.05328804          NA 10.04672597          NA          NA          NA          NA
[232]          NA          NA  3.57665482  4.03145100          NA          NA          NA
[239] 10.48180883          NA          NA          NA          NA          NA          NA
[246]          NA          NA 12.21602074  8.78493303          NA          NA          NA
[253] 11.90369901          NA  7.95990238          NA          NA 11.65988227          NA
[260]          NA          NA          NA          NA          NA  0.12018251          NA
[267]          NA          NA  4.26627756          NA          NA  8.40023709  9.87381277
[274]          NA  0.25403186          NA          NA  1.04993923          NA          NA
[281]          NA          NA  6.07058127          NA  2.82867291          NA          NA
[288]          NA  4.86865824  0.82254548          NA  8.47364149          NA  5.91787164
[295]          NA          NA          NA          NA  5.95592640  6.31396169          NA
[302]          NA          NA          NA          NA          NA  2.32703834          NA
[309]  6.83697974  6.35908066          NA          NA  1.98802563          NA          NA
[316]          NA          NA  2.04341015          NA          NA          NA          NA
[323]  0.79681018  4.03396389          NA          NA  1.04795480  5.08459851 10.37466809
[330]  2.34892393  9.60239483  5.83403481          NA          NA          NA  9.94779432
[337]          NA          NA          NA          NA          NA          NA  7.78924428
[344]          NA          NA          NA          NA          NA          NA          NA
[351]          NA          NA  6.96471338          NA          NA          NA          NA
[358]          NA          NA          NA          NA          NA          NA          NA
[365]          NA          NA          NA          NA  6.90509160          NA          NA
[372]          NA  6.58443709          NA          NA          NA          NA          NA
[379]          NA  8.51441441  5.12919826          NA  6.90896552  3.13719463          NA
[386]          NA          NA          NA          NA          NA          NA          NA
[393]          NA  2.84804958          NA          NA          NA          NA          NA
[400]          NA          NA          NA          NA          NA          NA          NA
[407]          NA          NA          NA          NA          NA          NA          NA
[414]          NA          NA          NA          NA          NA          NA          NA
[421]          NA          NA          NA          NA          NA          NA          NA
[428]          NA          NA  7.21530714  4.45249594          NA          NA          NA
[435]          NA          NA          NA          NA          NA          NA          NA
[442]          NA          NA          NA          NA          NA          NA  3.11741121
[449]          NA          NA          NA          NA          NA          NA          NA
[456]          NA          NA          NA          NA          NA          NA          NA
[463]          NA          NA          NA  1.38894802          NA  0.63669532          NA
[470]          NA          NA          NA          NA  2.88367151          NA          NA
[477]          NA          NA          NA          NA          NA          NA          NA
[484]          NA          NA          NA          NA          NA          NA          NA
[491]          NA          NA  0.36631013          NA          NA          NA          NA
[498]          NA          NA          NA          NA          NA          NA          NA
[505]          NA  4.29645873          NA          NA          NA          NA          NA
[512]          NA          NA          NA          NA          NA          NA          NA
[519]          NA          NA          NA          NA          NA          NA          NA
[526]  0.46304606          NA          NA          NA  0.56211831          NA  3.70515174
[533]          NA          NA          NA          NA          NA          NA  0.91224168
[540]          NA  2.09127966          NA          NA          NA          NA          NA
[547]          NA          NA          NA          NA          NA          NA          NA
[554]          NA          NA          NA          NA          NA          NA          NA
[561]          NA          NA          NA          NA          NA          NA          NA
[568]          NA          NA          NA          NA          NA          NA          NA
[575]          NA          NA          NA          NA          NA  2.45057397          NA
[582]          NA          NA          NA          NA          NA          NA          NA
[589]  1.37567743          NA          NA          NA          NA          NA          NA
[596]          NA          NA          NA  0.06280102          NA          NA          NA
[603]          NA          NA          NA          NA          NA          NA          NA
[610]          NA          NA          NA          NA          NA          NA          NA
[617]          NA          NA          NA          NA          NA          NA          NA
[624]          NA          NA          NA          NA          NA          NA          NA
[631]          NA          NA          NA

$TS
  [1] 70.984920966 66.229164162 55.134713454 54.658908645 27.084149017 25.607899285 19.417004676
  [8] 63.503880533 54.252283962 54.886296894 52.005329597 51.427517019 41.804211333 35.841319196
 [15] 31.693326023 13.648695884  8.477946701  5.647118347  3.984729606 33.137377092 25.948607327
 [22] 23.967583261 45.328402993 40.333191831 37.576457662 37.120139156 41.757744070 32.254981779
 [29] 22.638638587 35.111016527 27.508927920 22.199058545 33.481222846 31.263398648 29.282733969
 [36] 28.168225459 24.497674886 20.060622951 14.653946806 11.246228371  9.967677519  3.479299599
 [43]  1.884118504  1.716138182  1.092927784 30.981038165 30.546949226 30.165432577 29.087361225
 [50] 21.506805514 21.071666459 18.364259073 22.207426030 19.070288125 15.453322540 13.645354750
 [57] 12.548129043  5.687039329 26.286343777 18.120636147 14.813231380 28.911067725  6.713682464
 [64] 28.917892038 25.890731410 23.901958776 30.688976519 29.769287562 21.788962274 14.512418491
 [71] 27.008313886 24.939087125  7.684370399  6.014219251  5.716451578  0.592405842 28.013760559
 [78] 28.229764353 27.148511619 16.344631810 11.418643768  2.060202416 18.032444840 13.183423056
 [85]  6.174285206 28.237720515 16.436526835 24.506057778 21.977138730 21.013590175 17.184929334
 [92] 16.862197916  7.125759757  6.246079109  0.854901425 22.425118168 13.530442879  5.754017063
 [99] 22.270347801 24.362655144 11.593212170 10.391069164  1.537949013 25.698842287 18.033404948
[106] 23.313680240 11.837704033 14.306417245  8.218868282 19.339941995 19.660208078  7.817634062
[113] 23.220894485 21.897908342 13.292218459  1.977514490  9.693108281  8.818849055 13.236174026
[120] 22.962253131 18.627662320 13.517261101 19.591989144  8.766412974  5.741372247 22.321845115
[127]  9.335630320 18.543909002 14.371552431 14.025168203 12.733713431 11.700317830 10.572121514
[134] 10.515922067  9.833369636  8.769969550  7.971356277  5.747173747  6.769512184  1.897266060
[141] 21.071970122 20.371299378 15.865196172  8.556186716  5.990182515 21.366282900  9.259722385
[148] 21.352402465 15.996658785 15.674788459 15.403564771  9.723959716  8.512961999  7.669986202
[155]  4.125567451  1.614223945 12.869228402  1.990343946  0.021311434 20.962071280 17.213684461
[162]  4.982416696 10.820527197  8.138843419 17.688974489 16.607893367 13.572665578 13.301167580
[169]  8.308789622 19.647929447 19.829901138 12.726836309 10.536775339 10.239350197  8.201082509
[176]  3.527204252  0.699591963 15.914753311 13.288001652 11.170806185 18.705158360 16.884181956
[183] 18.699704833  4.720918242 16.357113592  2.552371755 15.440048150  6.174795574  2.338475444
[190] 18.356973565  7.840023057  4.547409227 11.416996394  9.424268074 15.945118487  8.617640246
[197] 11.480559017  9.417055621  7.562480003  5.215438516  0.580426202 12.448571538 13.629468376
[204] 12.426290967  2.128810407 11.428213532  6.967153103  4.351648453  3.223682407 14.303185614
[211]  8.862532418  5.066178610  0.181096875 11.052538076  1.329345048 15.130480810 12.598874966
[218] 12.153412164 12.086577696 10.838522748  8.487671650  8.438273851  7.567274292  1.879033992
[225] 14.766157981 13.916662126 14.230650113  0.740822686  2.927465430  7.345176089  4.105690055
[232]  1.537002221  0.054448478 13.669835453  9.620347792  8.666153823  8.143504677  4.984118799
[239] 12.043232331  6.418034061  8.656785305  3.027876154 13.018616566 11.742784980 11.227955455
[246] 11.169703782  4.363139726 13.349588471 10.074334654  5.890090145  5.404624934  4.260031856
[253] 14.126849639 13.437820687 10.113092109  9.534482470 13.854600127 13.277722579 12.260230734
[260] 11.601860405  6.936222579  5.751391145  2.165662496  2.073061316  0.351495271  7.761242004
[267]  5.949390982  1.962792342 12.416104852 11.211814217 10.324594862  9.219344220 12.975959446
[274]  6.911181563  4.298428194  4.261811476 10.670052106  4.725302678 11.592785606 12.468267895
[281] 12.180707430  8.256214644  7.121647111  6.472882122  6.302171336  2.625097655 13.245060209
[288]  5.391342955  5.283477600  2.556053685 10.665288496  8.695427795  7.532908577  6.129747932
[295]  0.248865695 12.299383229 10.505678544  5.660309423 12.723911213 12.034296012  1.943455138
[302] 10.462239378  6.575618618  1.993377494  1.371277784  5.882437645 10.995577351  8.319640419
[309] 12.062987933 12.193504317 10.914456878  2.857449480 12.315667753  4.489527563  4.036327158
[316]  0.298579116  6.762647882  2.293031159  9.687694522  7.868308126  7.490981004  7.876541332
[323]  2.495522786 10.376040185 10.681085778  4.744161526 11.419882139  6.026572859 11.969411672
[330]  4.619567423 10.800973203 10.762219389  9.795345899  9.377147306  8.740124172 11.707752168
[337]  8.129192694  6.682063368  3.940110017  0.006606210  3.961699635  8.614603114  7.907879910
[344] 11.372606509  9.357672612  4.289107917  1.042018626  4.454486324  0.129115237  9.791966331
[351]  2.540677523  0.843391146  9.078860791  2.523478583  4.107101263  2.647267412  7.605362779
[358]  3.545723253  3.163546387 10.416012256  6.687042521  9.511130717  8.386226383  8.355624924
[365]  2.146820302  7.692037733  1.659785584  4.593717312  7.885905518  6.957355032  4.687124113
[372]  0.470268110  7.407420503  6.737434794  2.572085725  0.938244354  9.097997202  5.941808548
[379]  5.838246018 10.015069398  8.057102938  8.786236823  9.442174653  6.357568935  9.589274491
[386]  4.280049622  0.838255196  8.909027959  5.023912258  4.190806066  7.409675912  3.882793317
[393]  0.068495315  9.082942782  6.051487677  5.919848219  8.946708856  6.334387347  2.928000338
[400]  3.133763865  5.834118816  1.153404346  0.974012556  1.561814728  2.464114447  3.062018688
[407]  3.039359142  8.194692158  7.174713504  3.829166481  3.829714501  0.978124385  4.971883776
[414]  1.184535718  3.953313253  1.947525981  0.078841199  2.611645444  5.317725865  3.699585945
[421]  3.197917305  1.598465187  4.245303894  2.238871167  1.893882450  3.271422768  5.547069307
[428]  4.326247125  0.929899555  7.607782297  6.783343055  2.142397689  0.443681348  1.144103500
[435]  0.643367098  7.962800332  7.947618487  7.515476658  7.101424623  6.100887241  6.071851784
[442]  3.396073289  6.541714306  6.025003253  1.369219834  5.849737747  5.245686423  4.486174539
[449]  3.612288438  3.068804597  2.685080296  6.675446216  1.997352025  1.646865351  7.421975447
[456]  0.332945343  0.295055291  5.413616563  3.159688409  3.080188260  7.127479833  4.170699243
[463]  0.322059373  5.545955180  1.588477331  3.989800464  0.420080237  3.450105212  0.203558915
[470]  2.048512157  6.174422511  1.892337902  5.263274825  4.275858901  3.474453570  3.356086891
[477]  1.811531475  1.191303048  2.680423398  1.407390435  0.089925288  1.902982939  6.390815190
[484]  4.624402088  5.189625614  5.144281313  2.315405907  6.432470615  3.537647257  6.325876148
[491]  5.657269349  3.955032194  3.000206134  3.276725417  2.529629927  0.632315770  0.489154724
[498]  4.980075707  1.793316983  2.862652082  3.775587595  2.581290256  5.634178947  3.653134856
[505]  0.107940698  4.319952976  5.364345931  5.173948103  4.606154837  2.162014621  0.588561161
[512]  1.810380794  3.546015173  2.149166490  3.969411087  0.021044235  0.255107973  3.817887534
[519]  0.109149386  3.258499783  1.496639742  0.886998341  0.526453541  2.807053690  0.800526913
[526]  2.054949786  0.182525137  4.487248931  1.511447267  2.849944380  1.874889148  4.092351390
[533]  3.160485909  3.012018958  3.866171792  0.153041838  3.110673991  1.300500452  3.575740291
[540]  0.086272189  2.328095989  0.206831948  2.067256642  2.605196001  0.650978666  0.510977118
[547]  0.259178270  0.199486248  2.815211143  2.757378072  2.724978561  2.132385921  1.343108438
[554]  3.135565508  0.712192468  2.181664081  0.377038355  0.293296476  2.041492655  0.954621433
[561]  2.850763811  0.153806176  3.325544777  1.703502219  0.924238231  2.468912592  2.075206222
[568]  2.825456573  2.423904973  0.005344336  3.062525132  0.036697235  0.020071814  1.667113391
[575]  1.049325784  2.364032169  1.892860873  2.092653526  0.198144395  2.952488419  2.487986727
[582]  2.259035229  0.789717681  0.432665220  0.722316612  2.626809832  0.748884915  2.584091068
[589]  1.881558448  1.250349409  0.761183299  1.700539628  0.277592453  1.036416435  1.706627720
[596]  0.343279802  0.386319136  1.652444667  1.103671210  1.313854484  0.201157813  0.160898335
[603]  1.919565395  1.128722402  0.343535294  1.726836589  1.545851630  1.985198801  0.649109755
[610]  1.187907760  1.059836289  1.421747703  1.036133818  1.456078209  1.711248460  1.555384397
[617]  0.606050412  1.332949458  1.507206869  1.469952981  0.260107209  1.255076573  1.044175750
[624]  0.327634979  0.999024185  0.023003840  0.685582734  0.517681816  0.241306229  0.215157814
[631]  0.474812395  0.001519061  0.351769338

$PAR
  [1]  NA   1   1   1   1   1   1   2   2   3   3   3   3   3   3   3   3   3   3  10  10  10   9
 [24]   9   9   9  23  13  13  27  27  27  24  24  25  25  25  25  25  25  25  25  25  25  25  26
 [47]  26  30  30  30  33  33  20  20  20  20  20  20  28  28  28  15  15  34  34  34  46  46  67
 [70]  67  47  47  47  47  47  47  68  35  35  35  35  35  64  64  64  62  86  78  78  78  78  78
 [93]  78  78  78  36  36  36  77  31  31  31  31   5   5  71  71  21  21  65   6   6  88  88  88
[116]  88 100 100  66 106 113 113 120 120 120  29  29  96  96  96  96  96  96  96  96  96  96  96
[139] 126 126  99  99  99  99  99  32  32  89  89  89  89  89  89  89  89  89 114 114 114  50  50
[162]  50 148 141  51  90  90  90  90 160  38  38  38  38  38  38  38 171 171 171 123 123   7   7
[185] 110 110  54  54  54 121 121 121 128  52 190  60 105 105  83  83  83 165 161 161  91 182 182
[208] 182 182 166 166 166 166 185 185  80 149 149 149 149 195 195 195 195 178 178 143 143 150  55
[231]  55  55  55 151 151 151 151 151  61  61 225 225  39  39  39  39  39  70  70  70  70  70 210
[254] 210 210 210 253 253 130 130 130 130 130 130 130 226 226 257  16  16  16  56 203 203 203 203
[277]  97  97 122 248 168 168 168 168 168 168 115 115 115 115 179 179 179 179 179 258 287 119 243
[300] 243 243 273 157 157 157 131 172 172 299 217 217  57 280 280 280 280 202 202 204 204 204 269
[323] 313 310 281 281 218 218 219 219 309 309 309 309 300 107 132 132 101 101 279 206 206  81 344
[346] 344 344  40  40 245 245 270 180 180 246 246 311 311 311 220 220 332 332 332 325 291 291 173
[369] 134 134 134 134 297 297 297 302 360 360 324 271 271 380 135 350 152 152 152 235 235 235 385
[392] 256 256 362 362 362 383 198 198 334 345 345 345 127 147 377 377 394 394 397 211 211 118 118
[415] 382 136 136 335 236 236 236 236 241 196 144 153 221 221  17 363 364 175 175 237 237 164 337
[438] 337 137 137 137 436 322 322 322 320 320 320 320 320 320 191 191 191 112 112 112 266 266 266
[461]  73 223 199 293 293 438 438 321 321 391 409 461  93  93 439 439 439 439 207 370 370 261 431
[484] 431 139 374 361 338 452 303 303 303 303 443 443 284 483 490 490 440  74  74 267 267 378 250
[507] 446 262 262 262 138  58 491  18 427 464 251 507 507 200 486 486 486 389 389 162 498 326 326
[530] 184 184 330 192 314 528 528 348 348 247 247 275 346 386 276 276 252 252 252 462 315  19  19
[553] 515 341 341 392 410 410 501 501 504 504 489 489 489  42  42 468 494 359 459 554 400 537 460
[576] 406 406 242 534 493 312 312 550 550 451 479 356 286 286 286 286 544 588 502 290 354 405 189
[599] 189 487 263 263 432 432 432 578 578 567 301 482 482 472 472 512 499  44 615 564 592 574 367
[622] 465 616 414 623 594 522 387 627 609 546 467 597

$EXTANT
  [1]  TRUE FALSE  TRUE FALSE FALSE  TRUE  TRUE FALSE FALSE FALSE FALSE FALSE FALSE FALSE  TRUE
 [16]  TRUE  TRUE  TRUE  TRUE FALSE FALSE FALSE FALSE FALSE  TRUE FALSE  TRUE FALSE  TRUE FALSE
 [31]  TRUE  TRUE FALSE FALSE  TRUE  TRUE  TRUE  TRUE  TRUE  TRUE  TRUE  TRUE  TRUE FALSE  TRUE
 [46] FALSE  TRUE  TRUE FALSE  TRUE FALSE  TRUE FALSE  TRUE  TRUE FALSE  TRUE  TRUE FALSE  TRUE
 [61]  TRUE FALSE  TRUE  TRUE FALSE  TRUE FALSE FALSE  TRUE  TRUE FALSE FALSE FALSE  TRUE  TRUE
 [76]  TRUE FALSE  TRUE FALSE FALSE FALSE  TRUE  TRUE  TRUE FALSE FALSE  TRUE  TRUE  TRUE  TRUE
 [91]  TRUE  TRUE  TRUE  TRUE  TRUE  TRUE  TRUE  TRUE  TRUE FALSE  TRUE  TRUE  TRUE FALSE  TRUE
[106]  TRUE  TRUE FALSE FALSE  TRUE FALSE  TRUE FALSE  TRUE  TRUE  TRUE  TRUE  TRUE  TRUE  TRUE
[121]  TRUE  TRUE FALSE  TRUE  TRUE  TRUE  TRUE  TRUE  TRUE  TRUE  TRUE  TRUE FALSE  TRUE  TRUE
[136]  TRUE  TRUE  TRUE  TRUE  TRUE FALSE FALSE  TRUE  TRUE FALSE FALSE  TRUE FALSE  TRUE  TRUE
[151]  TRUE  TRUE  TRUE  TRUE  TRUE  TRUE  TRUE  TRUE  TRUE FALSE FALSE  TRUE FALSE FALSE  TRUE
[166]  TRUE FALSE  TRUE  TRUE FALSE  TRUE  TRUE  TRUE  TRUE  TRUE  TRUE  TRUE FALSE  TRUE  TRUE
[181] FALSE  TRUE  TRUE  TRUE  TRUE  TRUE FALSE  TRUE  TRUE FALSE  TRUE  TRUE  TRUE  TRUE  TRUE
[196]  TRUE  TRUE  TRUE  TRUE  TRUE  TRUE FALSE  TRUE  TRUE  TRUE FALSE FALSE  TRUE  TRUE  TRUE
[211]  TRUE  TRUE  TRUE FALSE  TRUE FALSE  TRUE  TRUE  TRUE FALSE  TRUE FALSE  TRUE  TRUE FALSE
[226]  TRUE FALSE  TRUE  TRUE  TRUE  TRUE  TRUE  TRUE FALSE FALSE  TRUE  TRUE  TRUE FALSE  TRUE
[241]  TRUE  TRUE  TRUE  TRUE  TRUE  TRUE  TRUE FALSE FALSE  TRUE  TRUE  TRUE FALSE  TRUE FALSE
[256]  TRUE  TRUE FALSE  TRUE  TRUE  TRUE  TRUE  TRUE  TRUE FALSE  TRUE  TRUE  TRUE FALSE  TRUE
[271]  TRUE FALSE FALSE  TRUE FALSE  TRUE  TRUE FALSE  TRUE  TRUE  TRUE  TRUE FALSE  TRUE FALSE
[286]  TRUE  TRUE  TRUE FALSE FALSE  TRUE FALSE  TRUE FALSE  TRUE  TRUE  TRUE  TRUE FALSE FALSE
[301]  TRUE  TRUE  TRUE  TRUE  TRUE  TRUE FALSE  TRUE FALSE FALSE  TRUE  TRUE FALSE  TRUE  TRUE
[316]  TRUE  TRUE FALSE  TRUE  TRUE  TRUE  TRUE FALSE FALSE  TRUE  TRUE FALSE FALSE FALSE FALSE
[331] FALSE FALSE  TRUE  TRUE  TRUE FALSE  TRUE  TRUE  TRUE  TRUE  TRUE  TRUE FALSE  TRUE  TRUE
[346]  TRUE  TRUE  TRUE  TRUE  TRUE  TRUE  TRUE FALSE  TRUE  TRUE  TRUE  TRUE  TRUE  TRUE  TRUE
[361]  TRUE  TRUE  TRUE  TRUE  TRUE  TRUE  TRUE  TRUE FALSE  TRUE  TRUE  TRUE FALSE  TRUE  TRUE
[376]  TRUE  TRUE  TRUE  TRUE FALSE FALSE  TRUE FALSE FALSE  TRUE  TRUE  TRUE  TRUE  TRUE  TRUE
[391]  TRUE  TRUE  TRUE FALSE  TRUE  TRUE  TRUE  TRUE  TRUE  TRUE  TRUE  TRUE  TRUE  TRUE  TRUE
[406]  TRUE  TRUE  TRUE  TRUE  TRUE  TRUE  TRUE  TRUE  TRUE  TRUE  TRUE  TRUE  TRUE  TRUE  TRUE
[421]  TRUE  TRUE  TRUE  TRUE  TRUE  TRUE  TRUE  TRUE  TRUE FALSE FALSE  TRUE  TRUE  TRUE  TRUE
[436]  TRUE  TRUE  TRUE  TRUE  TRUE  TRUE  TRUE  TRUE  TRUE  TRUE  TRUE  TRUE FALSE  TRUE  TRUE
[451]  TRUE  TRUE  TRUE  TRUE  TRUE  TRUE  TRUE  TRUE  TRUE  TRUE  TRUE  TRUE  TRUE  TRUE  TRUE
[466] FALSE  TRUE FALSE  TRUE  TRUE  TRUE  TRUE  TRUE FALSE  TRUE  TRUE  TRUE  TRUE  TRUE  TRUE
[481]  TRUE  TRUE  TRUE  TRUE  TRUE  TRUE  TRUE  TRUE  TRUE  TRUE  TRUE  TRUE FALSE  TRUE  TRUE
[496]  TRUE  TRUE  TRUE  TRUE  TRUE  TRUE  TRUE  TRUE  TRUE  TRUE FALSE  TRUE  TRUE  TRUE  TRUE
[511]  TRUE  TRUE  TRUE  TRUE  TRUE  TRUE  TRUE  TRUE  TRUE  TRUE  TRUE  TRUE  TRUE  TRUE  TRUE
[526] FALSE  TRUE  TRUE  TRUE FALSE  TRUE FALSE  TRUE  TRUE  TRUE  TRUE  TRUE  TRUE FALSE  TRUE
[541] FALSE  TRUE  TRUE  TRUE  TRUE  TRUE  TRUE  TRUE  TRUE  TRUE  TRUE  TRUE  TRUE  TRUE  TRUE
[556]  TRUE  TRUE  TRUE  TRUE  TRUE  TRUE  TRUE  TRUE  TRUE  TRUE  TRUE  TRUE  TRUE  TRUE  TRUE
[571]  TRUE  TRUE  TRUE  TRUE  TRUE  TRUE  TRUE  TRUE  TRUE FALSE  TRUE  TRUE  TRUE  TRUE  TRUE
[586]  TRUE  TRUE  TRUE FALSE  TRUE  TRUE  TRUE  TRUE  TRUE  TRUE  TRUE  TRUE  TRUE FALSE  TRUE
[601]  TRUE  TRUE  TRUE  TRUE  TRUE  TRUE  TRUE  TRUE  TRUE  TRUE  TRUE  TRUE  TRUE  TRUE  TRUE
[616]  TRUE  TRUE  TRUE  TRUE  TRUE  TRUE  TRUE  TRUE  TRUE  TRUE  TRUE  TRUE  TRUE  TRUE  TRUE
[631]  TRUE  TRUE  TRUE

