
Birth-death simulation object with 636 species and 500 extant species

Details for some species:

Extinction times (NA means extant)
[1] 116.91591  73.66754  61.79434 104.59131  83.03192        NA


Speciation times 
[1] 124.46626 124.06245 118.60480 120.44147  86.85619  75.81274


Species parents (NA for initial)
[1] NA  1  1  2  2  2


Species status (extinct or extant)
[1] "extinct" "extinct" "extinct" "extinct" "extinct" "extant" 


For more details on vector y, try sim$y, with y one of
TE TS PAR EXTANT



$TE
  [1] 116.915909  73.667537  61.794337 104.591307  83.031923         NA  77.340543  27.139861
  [9]  55.310494  81.482039  96.318634  44.160580  72.901850  45.164781  73.258359  40.137846
 [17]  51.407244  37.243783  12.711568 106.721537  91.423377  70.766108         NA         NA
 [25]         NA         NA         NA         NA         NA         NA  62.203700  73.202424
 [33]  65.670384  72.780206 101.414949  59.835479  91.646352  68.474539  51.850453  64.896643
 [41]         NA  93.804735  35.171533  89.076702  33.189743  42.162806   8.104402  11.096298
 [49]  82.091744  19.211159  68.995431  77.754945  68.327272         NA         NA         NA
 [57]         NA  31.852559  97.401502  71.509212  17.570090  19.119718  63.708311  26.035367
 [65]  72.072132         NA         NA         NA  75.847005  10.097217  76.444447         NA
 [73]         NA         NA         NA         NA         NA         NA         NA  48.907781
 [81]   1.208632         NA         NA         NA         NA         NA         NA         NA
 [89]         NA         NA         NA         NA  38.319861  82.665051         NA         NA
 [97]  78.142895  80.729511  82.819516         NA  20.258337         NA         NA         NA
[105]         NA  60.252215  48.808587  48.171386  76.685650         NA         NA         NA
[113]         NA  73.626025  44.517629         NA         NA  86.311574  55.779878         NA
[121]         NA         NA         NA         NA         NA         NA  49.448131         NA
[129]         NA         NA         NA         NA  35.402122  64.659424  71.821279         NA
[137]         NA         NA         NA         NA         NA  78.159718  74.482341         NA
[145]         NA         NA         NA  35.120657  46.621784  48.004339  48.561747  56.653747
[153]  62.941835         NA         NA         NA         NA         NA         NA         NA
[161]         NA         NA         NA         NA         NA  72.757961  71.585721         NA
[169]         NA         NA         NA         NA         NA         NA  68.399564         NA
[177]         NA  18.031455  38.725058         NA         NA  60.157791         NA         NA
[185]         NA         NA         NA         NA         NA         NA         NA   7.091208
[193]  76.408010  12.466984  48.079011  50.379508  51.308779         NA         NA         NA
[201]         NA         NA         NA         NA         NA         NA         NA         NA
[209]         NA         NA         NA  72.668604         NA         NA         NA         NA
[217]  67.190029         NA         NA         NA         NA         NA         NA         NA
[225]         NA         NA  67.033693  22.555786  72.796722         NA         NA         NA
[233]         NA         NA         NA  58.919033         NA         NA         NA         NA
[241]  50.536429  19.938371         NA         NA         NA         NA         NA         NA
[249]         NA         NA         NA         NA         NA  80.690818         NA         NA
[257]         NA         NA         NA         NA         NA         NA         NA         NA
[265]         NA         NA         NA         NA         NA         NA         NA         NA
[273]         NA         NA         NA         NA         NA         NA  53.029972  21.333942
[281]         NA         NA  33.679218  61.211364  74.251085         NA         NA  48.288948
[289]         NA         NA         NA         NA         NA         NA         NA         NA
[297]         NA  21.675263         NA         NA         NA         NA         NA         NA
[305]         NA         NA         NA         NA         NA         NA         NA         NA
[313]         NA  62.513198         NA         NA         NA         NA         NA         NA
[321]         NA         NA         NA         NA         NA         NA         NA         NA
[329]         NA         NA         NA  58.055141         NA         NA         NA         NA
[337]         NA         NA         NA         NA         NA  34.169180  45.278773         NA
[345]         NA         NA         NA         NA         NA         NA         NA         NA
[353]         NA         NA         NA         NA         NA         NA  39.411406  49.705433
[361]  66.575895         NA  55.893459         NA         NA         NA         NA         NA
[369]         NA         NA         NA         NA         NA         NA         NA  73.429241
[377]  75.784681         NA         NA         NA         NA         NA         NA         NA
[385]         NA         NA         NA  65.270103         NA         NA         NA  68.407252
[393]         NA         NA         NA         NA  30.196458         NA         NA         NA
[401]         NA         NA         NA         NA         NA         NA         NA         NA
[409]         NA         NA         NA         NA         NA         NA         NA         NA
[417]         NA         NA         NA         NA         NA         NA         NA  73.750725
[425]         NA         NA         NA         NA         NA         NA  36.432698         NA
[433]         NA         NA         NA         NA         NA         NA         NA         NA
[441]  64.950747  75.686244         NA         NA         NA         NA         NA         NA
[449]         NA         NA         NA         NA  26.790500         NA         NA         NA
[457]         NA         NA         NA         NA         NA         NA         NA         NA
[465]         NA         NA  60.041584  47.718045         NA         NA         NA         NA
[473]         NA         NA         NA         NA         NA  48.299341         NA         NA
[481]         NA         NA         NA         NA         NA         NA         NA         NA
[489]         NA         NA         NA         NA         NA         NA         NA         NA
[497]         NA         NA         NA         NA         NA         NA  68.637587         NA
[505]         NA         NA         NA         NA         NA         NA         NA         NA
[513]         NA         NA         NA         NA         NA         NA         NA  77.850280
[521]         NA         NA         NA         NA         NA         NA         NA         NA
[529]         NA         NA         NA         NA         NA  50.846786         NA         NA
[537]         NA         NA         NA         NA         NA         NA         NA         NA
[545]         NA         NA         NA         NA         NA         NA         NA         NA
[553]         NA  70.673019         NA         NA         NA  40.121093         NA         NA
[561]         NA         NA         NA         NA         NA         NA         NA         NA
[569]         NA         NA         NA         NA         NA         NA         NA         NA
[577]         NA         NA         NA         NA         NA         NA         NA         NA
[585]         NA         NA         NA         NA         NA         NA         NA         NA
[593]         NA         NA         NA         NA         NA         NA         NA         NA
[601]         NA         NA         NA         NA         NA         NA         NA         NA
[609]         NA         NA         NA         NA         NA         NA         NA         NA
[617]         NA         NA         NA         NA         NA         NA         NA         NA
[625]         NA         NA         NA         NA         NA         NA         NA         NA
[633]         NA         NA         NA         NA

$TS
  [1] 124.4662632 124.0624456 118.6048020 120.4414679  86.8561928  75.8127444 119.8793101
  [8] 119.3526422 105.2149419 109.9871498  96.7367044  92.4924612  92.1605597  91.3495426
 [15]  90.2884817  89.1258205  86.6140630  82.8847956  80.6641656 107.9270420 104.2836626
 [22]  92.2964890  68.2612557  61.2293688  60.8796136  56.8701411  52.5793835  50.1130503
 [29]  45.3036025  36.5931839 113.6042215 111.2180088  82.9070207  80.8005555 108.4951165
 [36] 101.7620314 100.2742221  87.0300367  84.1387238  77.4709365  74.9805837  96.7027572
 [43]  77.9963951 103.2744047  97.5433348  90.7522193  87.9474362  82.9174586  82.7252803
 [50]  78.9292472  78.3694306  77.9356780  77.6962178  70.4857084  70.2930353  61.0497317
 [57]  58.7713513  95.8533788 101.0722608  93.6542958  97.6708407  92.2107996  83.7581235
 [64]  83.6584941  80.9147739  69.7936565  64.0253458  62.9306587  92.7393886  90.5302790
 [71]  89.5267424  67.8162512  66.9160336  65.8177609  61.8077285  60.0623876  59.6500075
 [78]  26.5199348  18.8988396  87.1407398  81.2629968  73.4530051  72.5550848  69.7203335
 [85]  64.7178680  48.5011698  36.1581186  66.8981569  59.4090132  57.6046895  44.7246467
 [92]  75.0503910  91.0932401  89.5472258  48.5250025  47.9889601  88.6381892  88.4688624
 [99]  85.3080396  75.3697948  83.2615740  72.9311732  36.0216507  22.2679052  21.1285722
[106]  86.7755642  89.8467184  81.7076718  80.0127837  70.5520388  66.5601178  63.9126961
[113]  59.8439727  86.2482272  85.3371696  67.3269612  46.3902832  89.1484138  77.2740870
[120]  76.8892291  69.8058149  66.6726401  66.2381451  52.3202670  43.1135451  42.8317306
[127]  77.3321274  72.6444503  56.7624036  36.4829139  36.0405594  75.0860117  80.0489281
[134]  79.2269340  77.3052119  76.6825016  71.7099917  67.8568956  64.0307845  63.6833530
[141]  57.1745002  86.4358378  86.5755778  80.3168988  74.4183903  56.7409929  43.7074263
[148]  87.7557545  80.6997497  86.5899758  82.2954134  82.0449192  77.4119723  75.8971473
[155]  64.5934027  63.7977187  62.1536321  51.4339002  39.5126747  25.5761233  15.4235371
[162]  14.1002200  13.9571766  13.0424855   9.1433148  82.1449329  80.9860282  76.7739804
[169]  72.5786209  70.0209791  50.9354059  41.5788306  37.8358771  36.7285288  79.5164280
[176]  69.6013647  61.5338121  85.8729938  82.2596860  55.9948855  51.4356024  80.7603487
[183]  76.5819658  75.9872218  74.6767605  71.9799823  71.6202885  62.7493350  58.0716306
[190]  49.7855984  84.3390624  81.5684338  80.0542245  79.5723223  83.5737295  82.6178589
[197]  77.7573326  68.9473221  40.3386912  34.5689111  26.1531544  24.9517754  19.2476378
[204]  18.7832777  65.6848678  64.5610965  49.1449384  75.7904293  74.0113406  56.7644216
[211]  36.3476734  77.0504010  69.0043571  68.5850419  67.0222289  55.5487725  77.9533630
[218]  73.1522731  65.0741063  73.2274480  58.1452791  57.4179298  53.3915029  52.3607015
[225]  38.3295057  34.1696362  82.7359327  81.5666272  79.4234558  73.3466739  70.5024665
[232]  69.9564425  64.6945135  63.6216945  58.0342842  79.6786271  60.1493638  57.4025988
[239]  51.5805361  48.3681510  81.9959829  81.8448035  71.7014914  66.3552419  62.5286324
[246]  61.6930348  57.2990119  51.7809090  17.7615458  15.5708917  76.8515810  69.7860903
[253]  68.9687294  80.8851479  79.9649283  75.8115031  73.5894102  66.2368354  54.1692198
[260]  76.9636037  76.5006045  69.2392287  62.5729709  59.9528075  58.3042115  58.1713427
[267]  71.7449878  65.6381104  58.9988357  58.7807921  51.3144118  72.7878233  70.1809131
[274]  54.5556156  52.4667866  51.3463335  47.0048287  40.1201865  78.9646201  80.3136169
[281]  67.2276856  66.9898627  81.5211810  80.4035643  77.5828937  56.0573623  54.8621946
[288]  78.4949674  75.3035926  72.6975487  71.3626957  68.3963223  67.8963958  66.4768624
[295]  65.2308722  43.8580046  27.5119833  79.7660472  76.5392061  50.6331687  76.2658456
[302]  68.4454491  60.0151016  58.9004900  49.3377744  44.5134190  44.1887858  36.8554580
[309]  36.0493578  26.2338546  16.4579546  14.9947667  10.1834230  78.5767078  72.7905985
[316]  68.2574707  64.7830264  61.1192377  56.8314062  56.1275013  54.1651221  52.6804524
[323]  49.6514136  49.5671660  46.3616912  43.1795220  42.9076976  42.7266604  42.5258532
[330]  41.0895788  35.7501250  78.6533031  76.0846938  69.6340618  65.5854768  64.1242613
[337]  47.9286067  44.7008588  39.1518326  36.4350762  35.8811326  78.9517729  77.4252446
[344]  62.0003615  37.9055678  36.1108166  34.2696841  32.6249216  31.9412204  29.2411241
[351]  26.6600973  25.5687674  22.8083094  11.0062863  10.1240667   2.8139752   1.5870827
[358]  74.9346317  78.7735224  80.5625426  80.4090156  64.0294629  77.7802460  73.3446107
[365]  70.3642119  69.0706490  66.5828577  64.2178769  63.3877638  62.2205134  57.5290128
[372]  56.0870109  53.9413126  51.0280416  47.1539922  78.3186454  77.9659186  72.5453384
[379]  66.2563416  65.9056705  51.9923411  46.1988373  42.7801222  29.7903242  27.5976742
[386]  18.4870836  17.6091993  78.7327014  74.7442628  74.6672562  53.6531310  79.8522432
[393]  72.6011821  76.6004052  76.2255713  67.2351840  77.6822661  68.1755224  64.6820731
[400]  45.1066742  45.0808263  36.2207088  24.4607101  22.0108912  21.2394829  17.5996752
[407]  14.9514891   8.1018712   6.6780051   5.6142125  78.7460685  73.1146450  67.8793539
[414]  60.0329053  59.4606827  58.2267336  47.5498603  44.3996225  34.6701720  31.9353902
[421]  31.7853900  24.9452695  22.2317928  79.0385427  73.3071437  66.0158596  64.2774331
[428]  59.0558690  45.8790358  41.8213878  79.3900327  63.5155153  56.9051029  54.5403348
[435]  49.0015292  44.0318209  29.5650023  16.2607074  15.7624228  14.4121389  77.7265087
[442]  77.3160489  74.1467212  69.2262509  77.0079228  66.0346684  64.0652214  57.3195980
[449]  55.8252631  52.0319599  40.1117571  30.7646404  77.3575802  65.6666810  64.3807652
[456]  62.1770205  54.9332723  54.3278460  51.9583906  33.4330917  76.4985146  73.7365654
[463]  61.6271913  53.3244247  44.2919520  38.3261176  78.3839022  77.7210823  73.6787207
[470]  68.4297332  65.6652103  65.3564769  76.2163980  72.8713234  68.6696214  61.5369147
[477]  56.9506024  78.7176835  72.4196909  67.3929909  63.0155903  61.1072216  47.8570580
[484]  35.9501366  78.4297135  76.5422561  76.0224197  74.0942567  73.4253222  58.0854519
[491]  53.6764144  51.0182328  50.6724248  43.8244919  41.3652417  37.1912012  34.1620295
[498]  33.7654631  28.1265100  26.8157997  25.4130320  19.2264899  77.6889026  75.3477543
[505]  70.2559330  55.2458324  51.1867462  45.1779855  32.3482864  28.9310362  23.0278681
[512]  18.8672654  14.1515525  11.0164925   4.2726716  69.2639761  65.5028076  66.9305562
[519]  57.8634863  78.1261734  77.0484661  74.0499270  70.3121770  71.0783143  70.5782539
[526]  70.5275629  65.9400889  65.5546598  65.3541726  58.5862389  58.1759869  53.3210276
[533]  51.5787110  77.7726968  63.9673272  62.2991916  31.5134680  29.8674802  75.4196274
[540]  73.6247575  72.4385351  72.9353570  70.8523959  54.9030413  48.1826041  47.5221982
[547]  44.7491479  36.9238264  72.0771181  69.8512010  71.1118785  58.7696346  58.4261189
[554]  77.1246291  75.4180537  58.2473360  52.7653728  77.3458782  74.0450024  72.7690387
[561]  65.7036207  75.7683974  73.2896008  68.3047608  65.6120562  65.1364521  63.7189883
[568]  62.8540619  56.5060263  55.4485763  52.6083810  47.7214758  73.6021585  72.9884771
[575]  72.0977691  68.6936083  77.0103344  75.2936663  72.3701777  66.0854952  56.0261931
[582]  55.4681541  47.0603483  42.0783361  36.7982653  34.4824109  30.8519296  76.4915052
[589]  75.6285627  74.6689898  74.6861314  72.4164468  70.8479713  57.1283308  72.5033436
[596]  66.2564818  63.6381457  71.3780886  69.5607145  68.9076473  44.5585045  36.6667375
[603]  61.9031900  60.7991348  55.1445701  75.1101639  71.6424834  68.7708742  68.5809386
[610]  50.5995464  50.4661732  75.9607796  77.0109433  76.8813244  72.0462699  70.2578226
[617]  71.3375842  76.4643754  73.2233882  75.9624552  73.2210917  72.2613453  71.6243656
[624]  58.4643221  54.9056659  52.3602936  42.4916520  37.7654090  36.8929952  32.9824174
[631]  25.9241456  12.4743193  10.0669120   3.1114095   0.5870497   0.4590463

$PAR
  [1]  NA   1   1   2   2   2   4   4   4   7   7   7   7   7   7   7   7   7   7   8   8   8   8
 [24]   8   8   8   8   8   8   8   3   3   3   3  31  31  31  31  31  31  31  32  32  10  10   9
 [47]   9   9   9   9   9   9   9   9   9   9   9  21  44  44  36  36  36  36  36  36  36  36  61
 [70]  61  61  61  61  61  61  61  61  61  61  45  45  45  45  45  45  45  45  58  58  58  58  60
 [93]  69  12  12  12  22  22  22  22  62  62  62  62  62  13  14  14  14  14  14  14  14  93  93
[116]  93  93  46  46  46  46  46  46  46  46  46  70  70  70  70  70  15 107 107 107 107 107 107
[139] 107 107 107  94  71  71  16  16  16  97  97  47  47  47  47  47  47  47  47  47  47  47  47
[162]  47  47  47  47 148 148 148 148 148 148 148 148 148  80  80  80  38  17  17  17 150 150 150
[185] 150 150 150 150 150 150 143 143 142 142 178 178 178 178 178 178 178 178 178 178 115 115 115
[208] 191 191 191 191  39  39  39  39  39  63  63  63  64  64  64  64  64  64  64 195 195 195 195
[231] 195 195 195 195 195 101 101 101 101 101  48  48  48  48  48  48  48  48  48  48  33  33  33
[254]  18  18  18  18  18  18 196 196 196 196 196 196 196 151 151 151 151 151 179 179 179 179 179
[277] 179 179 166 152 152 152 241 241 241 241 241 242 242 242 242 242 242 242 242 242 242 108 108
[300] 108 192 192 192 192 192 192 192 192 192 192 192 192 192 228 228 228 228 228 228 228 228 228
[323] 228 228 228 228 228 228 228 228 228 283 283 283 283 283 283 283 283 283 283  81  81  81  81
[346]  81  81  81  81  81  81  81  81  81  81  81  81 167  65  34 182 182 149 149 149 149 149 149
[369] 149 149 149 149 149 149 149  19  19  19  19  19  19  19  19  19  19  19  19 360 360 360 360
[392] 361 361 284 284 284 144 144 144 144 144 144 144 144 144 144 144 144 144 144 280 280 280 280
[415] 280 280 280 280 280 280 280 280 280 193 133 133 133 133 133 133 109 255 255 255 255 255 255
[438] 255 255 255 392 392 392 392 298 298 298 298 298 298 298 298 236 236 194 194 194 194 194 194
[461] 431 431 431 431 431 431 134 134 134 134 134 134 279 279 279 279 279 342 342 342 342 342 342
[484] 342  50  50  50  50  50  50  50  50  50  50  50  50  50  50  50  50  50  50 411 411 411 411
[507] 411 411 411 411 411 411 411 411 411 388 388 478 478 332 332 332 332 314 314 314 288 288 288
[530] 288 288 288 288 485 485 485 485 485 467 467 467  51  43  43  43  43  43  43 217 217 363 363
[553] 363 534 534 534 534 197 197 441 441 468 468 468 468 468 468 468 468 468 468 468  53  53  53
[576]  53 503 503 503 397 397 397 397 397 397 397 397 285 285 285 343 343 343 343 153 153 153 453
[599] 453 453 453 453 558 558 558 127 127 127 127 127 127 442 135 135 135 119 554 212 212 521 521
[622] 521 521 521 521 521 521 521 521 521 521 521 521 521 521 521

$EXTANT
  [1] FALSE FALSE FALSE FALSE FALSE  TRUE FALSE FALSE FALSE FALSE FALSE FALSE FALSE FALSE FALSE
 [16] FALSE FALSE FALSE FALSE FALSE FALSE FALSE  TRUE  TRUE  TRUE  TRUE  TRUE  TRUE  TRUE  TRUE
 [31] FALSE FALSE FALSE FALSE FALSE FALSE FALSE FALSE FALSE FALSE  TRUE FALSE FALSE FALSE FALSE
 [46] FALSE FALSE FALSE FALSE FALSE FALSE FALSE FALSE  TRUE  TRUE  TRUE  TRUE FALSE FALSE FALSE
 [61] FALSE FALSE FALSE FALSE FALSE  TRUE  TRUE  TRUE FALSE FALSE FALSE  TRUE  TRUE  TRUE  TRUE
 [76]  TRUE  TRUE  TRUE  TRUE FALSE FALSE  TRUE  TRUE  TRUE  TRUE  TRUE  TRUE  TRUE  TRUE  TRUE
 [91]  TRUE  TRUE FALSE FALSE  TRUE  TRUE FALSE FALSE FALSE  TRUE FALSE  TRUE  TRUE  TRUE  TRUE
[106] FALSE FALSE FALSE FALSE  TRUE  TRUE  TRUE  TRUE FALSE FALSE  TRUE  TRUE FALSE FALSE  TRUE
[121]  TRUE  TRUE  TRUE  TRUE  TRUE  TRUE FALSE  TRUE  TRUE  TRUE  TRUE  TRUE FALSE FALSE FALSE
[136]  TRUE  TRUE  TRUE  TRUE  TRUE  TRUE FALSE FALSE  TRUE  TRUE  TRUE  TRUE FALSE FALSE FALSE
[151] FALSE FALSE FALSE  TRUE  TRUE  TRUE  TRUE  TRUE  TRUE  TRUE  TRUE  TRUE  TRUE  TRUE  TRUE
[166] FALSE FALSE  TRUE  TRUE  TRUE  TRUE  TRUE  TRUE  TRUE FALSE  TRUE  TRUE FALSE FALSE  TRUE
[181]  TRUE FALSE  TRUE  TRUE  TRUE  TRUE  TRUE  TRUE  TRUE  TRUE  TRUE FALSE FALSE FALSE FALSE
[196] FALSE FALSE  TRUE  TRUE  TRUE  TRUE  TRUE  TRUE  TRUE  TRUE  TRUE  TRUE  TRUE  TRUE  TRUE
[211]  TRUE FALSE  TRUE  TRUE  TRUE  TRUE FALSE  TRUE  TRUE  TRUE  TRUE  TRUE  TRUE  TRUE  TRUE
[226]  TRUE FALSE FALSE FALSE  TRUE  TRUE  TRUE  TRUE  TRUE  TRUE FALSE  TRUE  TRUE  TRUE  TRUE
[241] FALSE FALSE  TRUE  TRUE  TRUE  TRUE  TRUE  TRUE  TRUE  TRUE  TRUE  TRUE  TRUE FALSE  TRUE
[256]  TRUE  TRUE  TRUE  TRUE  TRUE  TRUE  TRUE  TRUE  TRUE  TRUE  TRUE  TRUE  TRUE  TRUE  TRUE
[271]  TRUE  TRUE  TRUE  TRUE  TRUE  TRUE  TRUE  TRUE FALSE FALSE  TRUE  TRUE FALSE FALSE FALSE
[286]  TRUE  TRUE FALSE  TRUE  TRUE  TRUE  TRUE  TRUE  TRUE  TRUE  TRUE  TRUE FALSE  TRUE  TRUE
[301]  TRUE  TRUE  TRUE  TRUE  TRUE  TRUE  TRUE  TRUE  TRUE  TRUE  TRUE  TRUE  TRUE FALSE  TRUE
[316]  TRUE  TRUE  TRUE  TRUE  TRUE  TRUE  TRUE  TRUE  TRUE  TRUE  TRUE  TRUE  TRUE  TRUE  TRUE
[331]  TRUE FALSE  TRUE  TRUE  TRUE  TRUE  TRUE  TRUE  TRUE  TRUE  TRUE FALSE FALSE  TRUE  TRUE
[346]  TRUE  TRUE  TRUE  TRUE  TRUE  TRUE  TRUE  TRUE  TRUE  TRUE  TRUE  TRUE  TRUE FALSE FALSE
[361] FALSE  TRUE FALSE  TRUE  TRUE  TRUE  TRUE  TRUE  TRUE  TRUE  TRUE  TRUE  TRUE  TRUE  TRUE
[376] FALSE FALSE  TRUE  TRUE  TRUE  TRUE  TRUE  TRUE  TRUE  TRUE  TRUE  TRUE FALSE  TRUE  TRUE
[391]  TRUE FALSE  TRUE  TRUE  TRUE  TRUE FALSE  TRUE  TRUE  TRUE  TRUE  TRUE  TRUE  TRUE  TRUE
[406]  TRUE  TRUE  TRUE  TRUE  TRUE  TRUE  TRUE  TRUE  TRUE  TRUE  TRUE  TRUE  TRUE  TRUE  TRUE
[421]  TRUE  TRUE  TRUE FALSE  TRUE  TRUE  TRUE  TRUE  TRUE  TRUE FALSE  TRUE  TRUE  TRUE  TRUE
[436]  TRUE  TRUE  TRUE  TRUE  TRUE FALSE FALSE  TRUE  TRUE  TRUE  TRUE  TRUE  TRUE  TRUE  TRUE
[451]  TRUE  TRUE FALSE  TRUE  TRUE  TRUE  TRUE  TRUE  TRUE  TRUE  TRUE  TRUE  TRUE  TRUE  TRUE
[466]  TRUE FALSE FALSE  TRUE  TRUE  TRUE  TRUE  TRUE  TRUE  TRUE  TRUE  TRUE FALSE  TRUE  TRUE
[481]  TRUE  TRUE  TRUE  TRUE  TRUE  TRUE  TRUE  TRUE  TRUE  TRUE  TRUE  TRUE  TRUE  TRUE  TRUE
[496]  TRUE  TRUE  TRUE  TRUE  TRUE  TRUE  TRUE FALSE  TRUE  TRUE  TRUE  TRUE  TRUE  TRUE  TRUE
[511]  TRUE  TRUE  TRUE  TRUE  TRUE  TRUE  TRUE  TRUE  TRUE FALSE  TRUE  TRUE  TRUE  TRUE  TRUE
[526]  TRUE  TRUE  TRUE  TRUE  TRUE  TRUE  TRUE  TRUE FALSE  TRUE  TRUE  TRUE  TRUE  TRUE  TRUE
[541]  TRUE  TRUE  TRUE  TRUE  TRUE  TRUE  TRUE  TRUE  TRUE  TRUE  TRUE  TRUE  TRUE FALSE  TRUE
[556]  TRUE  TRUE FALSE  TRUE  TRUE  TRUE  TRUE  TRUE  TRUE  TRUE  TRUE  TRUE  TRUE  TRUE  TRUE
[571]  TRUE  TRUE  TRUE  TRUE  TRUE  TRUE  TRUE  TRUE  TRUE  TRUE  TRUE  TRUE  TRUE  TRUE  TRUE
[586]  TRUE  TRUE  TRUE  TRUE  TRUE  TRUE  TRUE  TRUE  TRUE  TRUE  TRUE  TRUE  TRUE  TRUE  TRUE
[601]  TRUE  TRUE  TRUE  TRUE  TRUE  TRUE  TRUE  TRUE  TRUE  TRUE  TRUE  TRUE  TRUE  TRUE  TRUE
[616]  TRUE  TRUE  TRUE  TRUE  TRUE  TRUE  TRUE  TRUE  TRUE  TRUE  TRUE  TRUE  TRUE  TRUE  TRUE
[631]  TRUE  TRUE  TRUE  TRUE  TRUE  TRUE

