
Birth-death simulation object with 631 species and 500 extant species

Details for some species:

Extinction times (NA means extant)
[1]  85.25695  81.19371  99.91405  86.94786  54.50590 106.54009


Speciation times 
[1] 139.00632 116.17909 105.46196 101.72046  88.76432 114.25907


Species parents (NA for initial)
[1] NA  1  1  1  1  2


Species status (extinct or extant)
[1] "extinct" "extinct" "extinct" "extinct" "extinct" "extinct"


For more details on vector y, try sim$y, with y one of
TE TS PAR EXTANT



$TE
  [1]  85.25695  81.19371  99.91405  86.94786  54.50590 106.54009        NA        NA  23.44105
 [10]        NA  53.73132  77.10530  59.81120  75.57456  34.82125 110.70677  90.37084  70.57062
 [19]        NA  18.55608  78.92155  68.00231        NA        NA        NA        NA        NA
 [28]        NA 105.10504  62.07141  17.41304        NA        NA        NA        NA        NA
 [37]        NA        NA        NA        NA        NA        NA        NA        NA  51.17085
 [46]  77.46063  71.24018  89.26577  95.13939        NA  38.51697  53.85578  89.42773  85.26459
 [55]  74.09912  72.44363        NA  83.91435  38.22304        NA        NA        NA  86.06975
 [64]  25.03997  54.33677  47.49118        NA        NA        NA        NA        NA        NA
 [73]  34.92813  67.55597        NA  72.91816  35.01722        NA  28.62973  90.17470  38.06758
 [82]        NA        NA        NA        NA        NA  88.40024  79.90125        NA        NA
 [91]        NA        NA        NA  59.85475        NA  72.37388  10.12560        NA  72.50635
[100]        NA        NA        NA        NA        NA        NA        NA        NA        NA
[109]        NA        NA        NA        NA        NA        NA        NA        NA        NA
[118]        NA        NA  69.54501  74.53474  64.32836        NA        NA        NA        NA
[127]        NA        NA  89.02990  16.36973        NA        NA        NA        NA        NA
[136]        NA        NA  57.20849        NA        NA        NA  63.20938  47.28232  85.67603
[145]  61.45073        NA        NA        NA        NA        NA        NA        NA        NA
[154]        NA        NA        NA        NA        NA        NA        NA        NA        NA
[163]        NA  63.82261        NA        NA        NA        NA  52.04072        NA        NA
[172]  65.14600        NA        NA        NA        NA        NA        NA        NA        NA
[181]        NA        NA        NA  47.93774        NA        NA        NA  76.15927        NA
[190]        NA        NA        NA        NA        NA        NA        NA        NA        NA
[199]        NA        NA        NA        NA        NA        NA        NA  75.49357  66.32540
[208]        NA  51.70844  32.21220  54.17276  36.85333  41.06436        NA        NA  49.34403
[217]  49.13147        NA  74.15393  61.11514        NA        NA        NA        NA  75.81996
[226]  15.33104  73.17773  53.10659   0.00000        NA        NA        NA        NA        NA
[235]        NA        NA        NA        NA  64.67875  44.10324        NA  79.15901  17.26545
[244]   3.01355        NA        NA        NA        NA        NA        NA        NA        NA
[253]        NA        NA        NA        NA        NA  72.42703  57.36106  62.18063  61.88214
[262]        NA        NA        NA        NA        NA        NA        NA        NA        NA
[271]  42.26523        NA        NA  71.60907        NA        NA        NA  18.13497  69.36205
[280]        NA        NA        NA        NA        NA        NA        NA        NA        NA
[289]        NA        NA  27.36225        NA        NA        NA        NA  70.17789        NA
[298]        NA        NA        NA        NA        NA        NA        NA        NA  52.34211
[307]  27.53715        NA        NA        NA  54.47650  40.33843        NA        NA        NA
[316]        NA        NA        NA        NA  60.16972  59.58793  54.81329        NA        NA
[325]        NA        NA        NA        NA        NA        NA        NA  70.91894  14.99388
[334]        NA        NA        NA        NA        NA        NA        NA        NA        NA
[343]        NA        NA        NA        NA        NA        NA        NA        NA        NA
[352]        NA        NA        NA        NA        NA  75.09543        NA        NA        NA
[361]        NA        NA        NA        NA        NA  41.24757        NA        NA        NA
[370]        NA        NA        NA        NA        NA        NA        NA        NA  71.19397
[379]  66.87440        NA        NA        NA        NA        NA        NA        NA        NA
[388]        NA        NA        NA        NA        NA        NA        NA        NA        NA
[397]        NA        NA        NA        NA        NA  54.31599        NA        NA        NA
[406]        NA        NA        NA        NA        NA        NA        NA        NA  45.65472
[415]  68.55690  67.94584        NA        NA  56.90542        NA        NA        NA        NA
[424]        NA        NA        NA        NA        NA        NA        NA        NA        NA
[433]        NA        NA  73.25323        NA        NA        NA        NA        NA        NA
[442]        NA        NA        NA  23.99169        NA        NA        NA        NA        NA
[451]        NA        NA        NA        NA        NA        NA        NA        NA        NA
[460]        NA        NA        NA        NA        NA        NA        NA        NA        NA
[469]        NA        NA        NA        NA  71.73973  72.44456  34.04023  27.71602  71.62506
[478]        NA        NA        NA        NA        NA        NA        NA        NA        NA
[487]        NA        NA        NA        NA        NA        NA  69.53752  32.72975  32.56503
[496]        NA        NA        NA        NA  58.89074        NA        NA        NA        NA
[505]        NA        NA        NA        NA        NA        NA        NA        NA        NA
[514]        NA        NA        NA        NA        NA        NA  70.50426        NA        NA
[523]        NA        NA        NA        NA        NA        NA        NA        NA        NA
[532]        NA        NA        NA        NA        NA  62.20772        NA  34.32210  72.09683
[541]        NA        NA        NA        NA        NA        NA        NA        NA        NA
[550]        NA        NA        NA        NA        NA        NA        NA  73.14937        NA
[559]        NA        NA        NA        NA        NA        NA        NA        NA        NA
[568]        NA        NA        NA        NA        NA        NA        NA        NA        NA
[577]        NA        NA        NA        NA        NA        NA        NA        NA        NA
[586]        NA        NA        NA        NA        NA        NA        NA        NA        NA
[595]        NA        NA        NA        NA        NA        NA        NA        NA        NA
[604]        NA        NA        NA        NA        NA        NA        NA        NA        NA
[613]        NA        NA        NA        NA        NA        NA        NA        NA        NA
[622]        NA        NA        NA        NA        NA        NA        NA        NA        NA
[631]        NA

$TS
  [1] 139.0063156 116.1790855 105.4619578 101.7204562  88.7643242 114.2590718 111.5615412
  [8] 111.3834214 103.0636901  88.8045816  81.7868283 113.0386469 108.8769668  93.3951905
 [15]  83.9028204 111.5038810 108.6951633 105.1024680  96.8934200  96.1483015  84.7288201
 [22]  76.0749358  50.3291879  27.1884060  25.3528765  23.8739921   7.3934301   6.1999081
 [29] 110.8584013  87.6058466  76.7759155  74.5165502  73.6589646  73.3401457  65.6474114
 [36]  58.1558542  56.9717725  27.2680125  22.0522318  20.6726216  11.8305278  11.3194686
 [43]   3.9587758   0.1020993 103.0846617  87.2470822  76.0150105 108.3473786  98.9190275
 [50]  95.5825120 102.6553960 101.0530586 100.9068589  91.4913187  83.8768352  81.9743263
 [57]  73.0587179  93.9257645  75.6232494  64.9715458  64.8846724  54.6926207  95.1164351
 [64]  91.7974981  81.4232772  75.5919009  73.8382988  60.4150051  60.1762068  52.3746194
 [71]  43.3948608  34.4865841  87.3275662  85.0950692  54.9029588  85.1822806  76.5654024
 [78]  73.2217495  90.0064488  95.3397647  82.7255339  62.4490289  61.8256089  31.4649178
 [85]  14.8330942   5.7359225  93.4306730  91.0384292  54.7624118  51.1045762  39.0011623
 [92]  29.4113478  24.6820742  88.2195553  86.8445042  84.9747280  82.2894106  80.7056435
 [99]  80.3502252  74.9301976  67.9301368  67.4400043  66.6725810  66.2253905  65.6118705
[106]  53.1133612  47.2684858  38.9745119  32.3423677  31.0586498  28.8661129  27.8396956
[113]  27.0071599  24.4716694  20.1202912  18.7267946   8.9281034   4.3095309   3.5458755
[120]  85.4588148  85.4585914  88.9711123  58.5800366  50.8508267  48.4318052  43.1828739
[127]  35.0339400  30.6335758  90.8935378  89.4787520  68.9250974  59.3337464  57.1279906
[134]  55.6587972  54.3986855  51.4100099  40.5379653  77.8894651  71.2945985  53.8350927
[141]  24.6144881  82.9696960  87.5173375  86.6983700  83.9886753  73.8541766  70.1664990
[148]  60.9541837  58.8270915  46.5913811  36.2694275  32.9352123  27.5327544  22.9387151
[155]  19.1670546  16.8772587  15.9556715  15.0003245  13.7595986  10.5299272   8.5939926
[162]   6.5280815   1.5008426  83.7865006  71.6927900  66.4169122  60.6999746  54.6637561
[169]  75.4543921  60.2962741  69.4104410  76.0898898  73.0676836  70.6082291  67.8946491
[176]  66.2940808  63.3089048  59.8984777  58.6394256  57.8301346  57.7876232  56.5640151
[183]  54.3342203  75.4021136  63.7350392  56.3886360  42.6999921  77.4014226  72.9666988
[190]  69.9718749  66.8037374  63.8496870  60.1558709  57.8185899  53.5917826  43.6381445
[197]  43.3151251  42.1412030  41.9488070  40.9922444  38.2422781  35.1988537  33.0882121
[204]  11.4688474   2.8374877  85.0086598  82.2371983  73.3743054  84.4561899  80.4778776
[211]  78.4749479  77.5040243  77.9693070  71.9222573  69.0257534  80.9175443  75.1004643
[218]  74.7967550  80.8724481  76.1678466  69.4036467  61.7853054  56.2079926  83.4339322
[225]  83.1117990  83.0740534  78.1484831  77.1617999  75.0705540  74.1777772  71.9516685
[232]  69.4870240  64.8443010  64.2693996  61.1358051  45.9710882  45.7171271  35.5612789
[239]  80.7399798  76.2610159  74.1182121  80.5459862  78.2550526  77.5129815  73.0876085
[246]  65.7307624  65.4883190  56.2440384  54.6570101  48.0820754  42.7117391  34.3535005
[253]  20.0461108  11.9188805   9.6917543   6.4769835   0.8008342  77.7776663  77.5691481
[260]  77.4207712  78.7796217  57.1944905  52.0808715  44.4848364  42.2454522  32.4080969
[267]  20.6894185  19.5008052  17.9407070  16.3355688  82.4614099  66.8091329  41.9929782
[274]  78.4716569  68.4059716  67.8509190  47.1660672  82.1525356  77.1982355  70.8188633
[281]  68.3054037  66.2009623  65.8650236  62.6375751  53.8892267  53.0815183  47.9267466
[288]  41.1001762  39.3907445  30.3632088  81.3314575  75.0484880  72.2967501  69.0909469
[295]  68.4072720  75.4629312  59.2934718  56.3567958  53.7635246  50.4302335  36.3136193
[302]  35.1087224  20.6806204  18.3650169  74.1262589  78.0521088  75.3677614  74.4271477
[309]  57.5059465  55.7081861  77.9691059  77.0209249  67.4441619  66.0226122  52.8560910
[316]  48.4460662  39.6232468  39.4255745  35.7059064  79.5305319  78.1679509  77.1858553
[323]  71.7064224  71.7040432  70.8458881  68.7318717  66.2931670  63.9477479  56.0897137
[330]  51.0459872  74.4549774  77.2489158  75.4410827  73.9772538  71.1861203  71.1584221
[337]  70.5046798  65.3212076  65.0229616  61.7275388  61.2265209  59.2270269  59.0714778
[344]  58.4606333  49.6655639  37.9654123  36.0683254  29.0273975  27.2219084  20.6060165
[351]  15.3716714  14.6264155   9.3589600   8.7514975   5.7197590   4.3270199  79.0886797
[358]  71.6470119  67.7773854  66.5002428  52.9729640  50.5702418  46.7064695  41.8164196
[365]  78.6522422  77.2399112  71.7097078  67.6516160  65.4568626  65.0982279  62.8138091
[372]  62.3368921  61.6688227  70.7844130  70.2040617  65.7783005  63.7494437  76.2348751
[379]  75.5248754  72.0089363  70.5793735  53.0486285  46.4211448  37.0568323  34.5397883
[386]  28.7662553  21.1730207  14.0503136  11.1436111   7.0238072   1.0503868  77.9173578
[393]  72.8253316  69.4374821  69.0347886  65.6836164  65.2734619  63.0561958  62.0229570
[400]  57.2274302  55.6602471  76.9371396  73.1711151  73.9174706  69.3278967  63.9568101
[407]  58.9875260  57.2156044  52.2918080  28.3163805  24.1348891  22.2023757  20.4343401
[414]  77.0663546  76.6053957  76.1990063  74.7766505  68.7464308  75.7313049  67.0427125
[421]  64.7529120  63.9442081  58.1073547  65.1086072  61.1208006  57.1577727  56.2065541
[428]  55.4699346  49.4274441  44.6708265  41.7526924  41.3168399  69.1353462  60.0158582
[435]  77.2024399  64.2364538  58.4098723  47.8504107  25.5819388   2.0799129  63.0295182
[442]  62.9436621  58.3619756  75.0424802  75.5777984  62.2609850  70.8939933  68.2606599
[449]  68.0846679  68.0500972  58.0340550  53.3643847  48.8473317  47.5699062  43.1480585
[456]  39.8186649  33.5278247  33.2421329  25.1654294   6.6147381  73.7394491  72.6565351
[463]  71.0044666  70.8231844  61.3704750  56.3581341  55.3845100  51.3748862  41.3373257
[470]  38.3839495  38.1671564  37.1739792  76.0891187  77.2470098  76.2385113  77.0234904
[477]  75.8007458  74.7311107  60.3444435  60.0463653  57.2360962  42.1676646  42.0502353
[484]  73.6984295  72.7981235  70.8285958  63.6810288  61.0906320  69.8000549  69.5852455
[491]  63.0070780  54.6572210  75.9650107  75.7512492  75.2196880  73.6262130  66.9447877
[498]  53.4432332  49.2459827  75.2577974  74.9082609  70.9625346  59.7793630  56.8858825
[505]  51.5242092  48.1844572  45.0675935  43.5710202  51.8724778  41.9929345  73.8738665
[512]  64.0737543  63.2515561  55.8707467  50.5595646  47.0760119  29.8455456  23.7462290
[519]  21.6916882  75.6932668  68.9271290  60.6965756  71.5400734  71.2192539  65.3686988
[526]  51.9622031  48.8165152  74.5836910  71.8572811  62.8393805  43.7982003  73.0069163
[533]  63.8635227  61.9093223  61.4740365  61.1383560  75.4673625  73.3369288  75.3688468
[540]  75.0835691  68.2422024  62.3414581  57.4200777  57.1696010  51.5087023  49.6334283
[547]  45.5770487  44.5620766  42.6599804  34.8101404  33.3694839  32.7300721  72.5686020
[554]  62.7026169  59.8022380  58.0764857  75.4385871  72.5466078  70.7880272  66.4222784
[561]  59.9634425  57.0615861  74.5160051  52.0064840  48.6290426  71.3680694  59.8669727
[568]  43.3890589  41.2086482  40.6899956  34.1633083  28.5055016  74.8522141  67.9855843
[575]  65.9613514  70.3592862  72.5205355  73.8558681  67.1682502  61.4649393  58.9150925
[582]  42.3794638  32.5788609  31.8366762  27.7240529  20.5933418  19.1593181  74.9130736
[589]  73.3988460  70.8775072  70.4176053  56.0502903  54.6931878  53.6238673  52.3881542
[596]  50.6782435  48.3696389  68.8984073  37.5759705  36.1161413  68.1960116  63.2469135
[603]  46.1166920  41.7630174  35.4234166  30.3334412  74.6343363  74.2710352  73.7895937
[610]  64.1321791  63.1307223  73.2996807  56.4225976  55.0934541  50.6760158  40.2039191
[617]  38.5571252  62.0958229  58.6647799  51.4990839  49.9028428  71.3496640  61.5250109
[624]  60.4619347  50.9563218  40.5724029  34.8660594  34.3799153  14.9209751  13.9813526
[631]   1.3070695

$PAR
  [1]  NA   1   1   1   1   2   2   2   2   2   2   6  12  12  12   7   7   7   7   7   7   7   7
 [24]   7   7   7   7   7  16   8   8   8   8   8   8   8   8   8   8   8   8   8   8   8  13  13
 [47]  13  17  17  17   3  18  18  18  18  18  18  45  45  45  45  45   9   9   9   9   9   9   9
 [70]   9   9   9  51  51  51  52  52  52  53  19  19  19  19  19  19  19  20  20  20  20  20  20
 [93]  20  50  50  50  50  50  50  50  50  50  50  50  50  50  50  50  50  50  50  50  50  50  50
[116]  50  50  50  50  58  58  64  64  64  64  64  64  64  88  79  79  79  79  79  79  79  79 130
[139] 130 130 130 122  10  10  10  10  10  10  10  10  10  10  10  10  10  10  10  10  10  10  10
[162]  10  10   5   5   5   5   5  94  94  30 143 143 143 143 143 143 143 143 143 143 143 143  73
[185]  73  73  73  95  95  95  95  95  95  95  95  95  95  95  95  95  95  95  95  95  95 120 120
[208] 120 121 121 121 121  76  74  74  96  96  96  21 209 209 209 209  15  15  15  15  15  15  15
[231]  15  15  15  15  15  15  15  15 164 164 164 224 224 224 224 224 224 224 224 224 224 224 224
[254] 224 224 224 224 225 225 225 226 226 226 226 226 226 226 226 226 226 142  81  81 271 271 271
[277] 271  97  97  97  97  97  97  97  97  97  97  97  97  97 207 207 207 207 207 278 278 278 278
[300] 278 278 278 278 278  56  11  11  11  11  11  65  65 291 291 291 291 291 291 291 216 216 216
[323] 216 216 216 216 216 216 216 216 219  98  98  98  98  98  98  98  98  98  98  98  98  98  98
[346]  98  98  98  98  98  98  98  98  98  98  98 210 210 210 210 210 210 210 210  99 320 320 320
[369] 320 320 320 320 320 261 261 261 261 365 365 365 365 365 365 365 365 365 365 365 365 365 365
[392] 211 211 211 211 211 211 211 211 211 211 274 274 243 243 243 243 243 243 243 243 243 243 321
[415] 321 321 321 321 306 306 306 306 306 213 213 213 213 213 213 213 213 213 311 311 392 392 392
[438] 392 392 392 138 138 138 258 259 259 244 244 244 244 244 244 244 244 244 244 244 244 244 244
[461] 212 212 212 212 212 212 212 212 212 212 212 212 260 188 188 332 332 474 366 366 366 366 366
[484] 322 322 322 322 322 228 228 228 228 414 414 414 414 414 414 414 476 476 476 476 476 476 476
[507] 476 476 312 312 402 402 402 402  31  31  31  31  31 415 415  77 240 240 240 240 240 475 475
[530] 475 475 220 220 220 220 220 172 172 493 477 494 494 494 494 494 494 494 494 494 494 494 494
[553] 419 419 419 419  59  59  59  59  59  59  66  66  66 445 445 445 445 445 445 445 379 379 537
[576] 296 169 333 333 333 333 333 333 333 333 333 333 184 184 184 184 184 184 184 184 184 184 539
[599] 539 539 307 307 307 307 307 307 500 500 500 500 500 495 495 495 495 495 495 217 217 217 217
[622] 229 229 229 229 229 229 229 229 229 229

$EXTANT
  [1] FALSE FALSE FALSE FALSE FALSE FALSE  TRUE  TRUE FALSE  TRUE FALSE FALSE FALSE FALSE FALSE
 [16] FALSE FALSE FALSE  TRUE FALSE FALSE FALSE  TRUE  TRUE  TRUE  TRUE  TRUE  TRUE FALSE FALSE
 [31] FALSE  TRUE  TRUE  TRUE  TRUE  TRUE  TRUE  TRUE  TRUE  TRUE  TRUE  TRUE  TRUE  TRUE FALSE
 [46] FALSE FALSE FALSE FALSE  TRUE FALSE FALSE FALSE FALSE FALSE FALSE  TRUE FALSE FALSE  TRUE
 [61]  TRUE  TRUE FALSE FALSE FALSE FALSE  TRUE  TRUE  TRUE  TRUE  TRUE  TRUE FALSE FALSE  TRUE
 [76] FALSE FALSE  TRUE FALSE FALSE FALSE  TRUE  TRUE  TRUE  TRUE  TRUE FALSE FALSE  TRUE  TRUE
 [91]  TRUE  TRUE  TRUE FALSE  TRUE FALSE FALSE  TRUE FALSE  TRUE  TRUE  TRUE  TRUE  TRUE  TRUE
[106]  TRUE  TRUE  TRUE  TRUE  TRUE  TRUE  TRUE  TRUE  TRUE  TRUE  TRUE  TRUE  TRUE  TRUE FALSE
[121] FALSE FALSE  TRUE  TRUE  TRUE  TRUE  TRUE  TRUE FALSE FALSE  TRUE  TRUE  TRUE  TRUE  TRUE
[136]  TRUE  TRUE FALSE  TRUE  TRUE  TRUE FALSE FALSE FALSE FALSE  TRUE  TRUE  TRUE  TRUE  TRUE
[151]  TRUE  TRUE  TRUE  TRUE  TRUE  TRUE  TRUE  TRUE  TRUE  TRUE  TRUE  TRUE  TRUE FALSE  TRUE
[166]  TRUE  TRUE  TRUE FALSE  TRUE  TRUE FALSE  TRUE  TRUE  TRUE  TRUE  TRUE  TRUE  TRUE  TRUE
[181]  TRUE  TRUE  TRUE FALSE  TRUE  TRUE  TRUE FALSE  TRUE  TRUE  TRUE  TRUE  TRUE  TRUE  TRUE
[196]  TRUE  TRUE  TRUE  TRUE  TRUE  TRUE  TRUE  TRUE  TRUE  TRUE FALSE FALSE  TRUE FALSE FALSE
[211] FALSE FALSE FALSE  TRUE  TRUE FALSE FALSE  TRUE FALSE FALSE  TRUE  TRUE  TRUE  TRUE FALSE
[226] FALSE FALSE FALSE FALSE  TRUE  TRUE  TRUE  TRUE  TRUE  TRUE  TRUE  TRUE  TRUE FALSE FALSE
[241]  TRUE FALSE FALSE FALSE  TRUE  TRUE  TRUE  TRUE  TRUE  TRUE  TRUE  TRUE  TRUE  TRUE  TRUE
[256]  TRUE  TRUE FALSE FALSE FALSE FALSE  TRUE  TRUE  TRUE  TRUE  TRUE  TRUE  TRUE  TRUE  TRUE
[271] FALSE  TRUE  TRUE FALSE  TRUE  TRUE  TRUE FALSE FALSE  TRUE  TRUE  TRUE  TRUE  TRUE  TRUE
[286]  TRUE  TRUE  TRUE  TRUE  TRUE FALSE  TRUE  TRUE  TRUE  TRUE FALSE  TRUE  TRUE  TRUE  TRUE
[301]  TRUE  TRUE  TRUE  TRUE  TRUE FALSE FALSE  TRUE  TRUE  TRUE FALSE FALSE  TRUE  TRUE  TRUE
[316]  TRUE  TRUE  TRUE  TRUE FALSE FALSE FALSE  TRUE  TRUE  TRUE  TRUE  TRUE  TRUE  TRUE  TRUE
[331]  TRUE FALSE FALSE  TRUE  TRUE  TRUE  TRUE  TRUE  TRUE  TRUE  TRUE  TRUE  TRUE  TRUE  TRUE
[346]  TRUE  TRUE  TRUE  TRUE  TRUE  TRUE  TRUE  TRUE  TRUE  TRUE  TRUE FALSE  TRUE  TRUE  TRUE
[361]  TRUE  TRUE  TRUE  TRUE  TRUE FALSE  TRUE  TRUE  TRUE  TRUE  TRUE  TRUE  TRUE  TRUE  TRUE
[376]  TRUE  TRUE FALSE FALSE  TRUE  TRUE  TRUE  TRUE  TRUE  TRUE  TRUE  TRUE  TRUE  TRUE  TRUE
[391]  TRUE  TRUE  TRUE  TRUE  TRUE  TRUE  TRUE  TRUE  TRUE  TRUE  TRUE FALSE  TRUE  TRUE  TRUE
[406]  TRUE  TRUE  TRUE  TRUE  TRUE  TRUE  TRUE  TRUE FALSE FALSE FALSE  TRUE  TRUE FALSE  TRUE
[421]  TRUE  TRUE  TRUE  TRUE  TRUE  TRUE  TRUE  TRUE  TRUE  TRUE  TRUE  TRUE  TRUE  TRUE FALSE
[436]  TRUE  TRUE  TRUE  TRUE  TRUE  TRUE  TRUE  TRUE  TRUE FALSE  TRUE  TRUE  TRUE  TRUE  TRUE
[451]  TRUE  TRUE  TRUE  TRUE  TRUE  TRUE  TRUE  TRUE  TRUE  TRUE  TRUE  TRUE  TRUE  TRUE  TRUE
[466]  TRUE  TRUE  TRUE  TRUE  TRUE  TRUE  TRUE FALSE FALSE FALSE FALSE FALSE  TRUE  TRUE  TRUE
[481]  TRUE  TRUE  TRUE  TRUE  TRUE  TRUE  TRUE  TRUE  TRUE  TRUE  TRUE  TRUE FALSE FALSE FALSE
[496]  TRUE  TRUE  TRUE  TRUE FALSE  TRUE  TRUE  TRUE  TRUE  TRUE  TRUE  TRUE  TRUE  TRUE  TRUE
[511]  TRUE  TRUE  TRUE  TRUE  TRUE  TRUE  TRUE  TRUE  TRUE FALSE  TRUE  TRUE  TRUE  TRUE  TRUE
[526]  TRUE  TRUE  TRUE  TRUE  TRUE  TRUE  TRUE  TRUE  TRUE  TRUE  TRUE FALSE  TRUE FALSE FALSE
[541]  TRUE  TRUE  TRUE  TRUE  TRUE  TRUE  TRUE  TRUE  TRUE  TRUE  TRUE  TRUE  TRUE  TRUE  TRUE
[556]  TRUE FALSE  TRUE  TRUE  TRUE  TRUE  TRUE  TRUE  TRUE  TRUE  TRUE  TRUE  TRUE  TRUE  TRUE
[571]  TRUE  TRUE  TRUE  TRUE  TRUE  TRUE  TRUE  TRUE  TRUE  TRUE  TRUE  TRUE  TRUE  TRUE  TRUE
[586]  TRUE  TRUE  TRUE  TRUE  TRUE  TRUE  TRUE  TRUE  TRUE  TRUE  TRUE  TRUE  TRUE  TRUE  TRUE
[601]  TRUE  TRUE  TRUE  TRUE  TRUE  TRUE  TRUE  TRUE  TRUE  TRUE  TRUE  TRUE  TRUE  TRUE  TRUE
[616]  TRUE  TRUE  TRUE  TRUE  TRUE  TRUE  TRUE  TRUE  TRUE  TRUE  TRUE  TRUE  TRUE  TRUE  TRUE
[631]  TRUE

