
Birth-death simulation object with 630 species and 500 extant species

Details for some species:

Extinction times (NA means extant)
[1] 122.85339 151.77271  99.02124 117.44310 102.43987 116.89042


Speciation times 
[1] 156.0685 152.6869 130.7328 128.7441 126.4781 125.3529


Species parents (NA for initial)
[1] NA  1  1  1  1  1


Species status (extinct or extant)
[1] "extinct" "extinct" "extinct" "extinct" "extinct" "extinct"


For more details on vector y, try sim$y, with y one of
TE TS PAR EXTANT



$TE
  [1] 122.8533895 151.7727076  99.0212372 117.4430989 102.4398689 116.8904192 127.0203396
  [8] 132.5539338  95.5525647  99.7502330 103.0178679  96.0697137  54.3721583  85.5165854
 [15] 117.3575198 127.6138341  91.4942186  67.8469080  99.3135597 101.7298963 108.7967559
 [22]          NA  11.4813397  44.3329923  40.1014267  62.4870660  95.9344021  53.6029036
 [29]  39.9052278  74.1995055  53.3828696 112.4796388  91.0595075  72.3899683  85.2483500
 [36]  61.5466087          NA          NA          NA          NA          NA          NA
 [43]  66.7973244  96.1178125  81.7791582  95.7942703 100.6669163  70.0158650          NA
 [50]  36.3675046  99.1458773  54.0972572          NA          NA 105.1007613  99.7611202
 [57]          NA          NA          NA          NA  95.7599988          NA          NA
 [64]          NA          NA          NA 104.3159425  62.7070191  78.9679982          NA
 [71]          NA          NA          NA          NA          NA          NA          NA
 [78]          NA          NA          NA          NA          NA          NA          NA
 [85]          NA          NA          NA          NA          NA          NA          NA
 [92]          NA          NA          NA  86.1642742          NA          NA          NA
 [99]          NA          NA          NA          NA          NA          NA          NA
[106]          NA          NA          NA          NA          NA          NA          NA
[113]  68.8908289          NA          NA          NA          NA          NA          NA
[120]          NA          NA          NA          NA          NA          NA          NA
[127] 100.0945708 103.3826308   0.8262993  83.3061076  49.9893712          NA          NA
[134]          NA          NA          NA          NA          NA          NA          NA
[141]          NA          NA          NA          NA          NA          NA          NA
[148]  72.7022490   0.4972078  84.2514798  91.1522157  92.7446934          NA          NA
[155]  90.4921805  31.5562908          NA          NA          NA          NA          NA
[162]   0.9911144  90.9876041          NA          NA          NA          NA          NA
[169]          NA          NA          NA          NA          NA  95.2371159  91.0310809
[176]          NA          NA          NA          NA          NA          NA          NA
[183]          NA          NA          NA          NA          NA          NA          NA
[190]          NA          NA          NA          NA          NA  65.2030542          NA
[197]  61.3964995  85.0034581  81.4069726  77.5786012          NA          NA  96.9225705
[204]  83.9532274  59.2167088          NA          NA          NA          NA          NA
[211]          NA  75.4739365          NA          NA          NA          NA          NA
[218]          NA          NA          NA          NA          NA          NA          NA
[225]          NA          NA          NA          NA          NA          NA          NA
[232]          NA  75.3736983          NA          NA          NA          NA          NA
[239]  86.6455127  80.8841653  51.6922210  94.0788633  65.8581218          NA          NA
[246]          NA  95.6646793  82.4500724  66.0107193  72.4360730  88.8697228  86.6247130
[253]  65.3173023          NA          NA  39.3832489          NA          NA          NA
[260]          NA          NA          NA          NA          NA  79.8475962          NA
[267]          NA  23.9902820  96.6958874  94.2493197          NA          NA          NA
[274]          NA          NA          NA          NA          NA          NA          NA
[281]          NA          NA          NA          NA          NA          NA          NA
[288]          NA          NA          NA          NA          NA  64.6320584          NA
[295]          NA          NA          NA          NA  68.4417148          NA          NA
[302]          NA          NA          NA          NA          NA          NA          NA
[309]          NA          NA          NA          NA          NA          NA  95.2416817
[316]  91.1335311          NA          NA          NA          NA          NA          NA
[323]          NA  81.3975730          NA  49.9360742  78.8502463          NA          NA
[330]          NA   0.0000000          NA          NA          NA          NA          NA
[337]          NA          NA          NA          NA          NA          NA          NA
[344]          NA  59.5687385  69.7547278          NA          NA          NA          NA
[351]          NA          NA          NA          NA          NA          NA          NA
[358]          NA          NA          NA          NA          NA          NA          NA
[365]          NA          NA  68.9546040  93.0377007          NA          NA          NA
[372]  93.8951718  39.0528347          NA          NA  40.4108274          NA          NA
[379]          NA          NA          NA          NA          NA          NA  83.6644640
[386]  81.4019796  53.6772022  95.1195927          NA          NA          NA          NA
[393]          NA          NA          NA          NA          NA          NA          NA
[400]          NA          NA  49.2017485          NA          NA          NA          NA
[407]          NA          NA          NA          NA  92.4561498  12.5667415  56.6488627
[414]  90.6491290  90.1920504  81.6568638          NA          NA          NA          NA
[421]          NA          NA          NA          NA          NA          NA          NA
[428]          NA  92.5633522  80.8610978          NA          NA          NA          NA
[435]          NA  92.2727361          NA  14.5447839  78.2577550  69.9123519          NA
[442]          NA          NA          NA          NA          NA          NA          NA
[449]          NA          NA          NA          NA          NA          NA          NA
[456]          NA          NA          NA          NA          NA          NA          NA
[463]          NA          NA          NA          NA          NA          NA          NA
[470]          NA          NA          NA          NA          NA          NA          NA
[477]          NA          NA  74.3818645          NA          NA          NA          NA
[484]          NA          NA          NA          NA          NA          NA          NA
[491]          NA          NA          NA          NA          NA          NA          NA
[498]          NA          NA          NA          NA          NA          NA  31.5938249
[505]          NA          NA          NA          NA          NA          NA          NA
[512]          NA          NA          NA          NA          NA   3.3402661          NA
[519]          NA          NA          NA          NA          NA          NA          NA
[526]          NA          NA          NA          NA          NA          NA          NA
[533]          NA          NA          NA          NA          NA          NA          NA
[540]          NA          NA          NA          NA          NA          NA          NA
[547]          NA          NA          NA          NA          NA          NA          NA
[554]          NA          NA          NA          NA          NA          NA          NA
[561]          NA          NA          NA          NA          NA          NA          NA
[568]          NA          NA          NA          NA          NA          NA          NA
[575]          NA          NA          NA          NA          NA          NA          NA
[582]          NA          NA          NA          NA          NA          NA          NA
[589]          NA          NA          NA          NA          NA          NA          NA
[596]          NA          NA          NA          NA          NA          NA          NA
[603]          NA          NA          NA          NA          NA          NA          NA
[610]          NA          NA          NA          NA          NA          NA          NA
[617]          NA          NA          NA          NA          NA          NA          NA
[624]          NA          NA          NA          NA          NA          NA          NA

$TS
  [1] 156.068453 152.686885 130.732797 128.744073 126.478142 125.352869 152.560534 136.710051
  [9] 135.031487 119.580916 115.359817 113.409716 110.324074 107.975910 129.834972 129.435240
 [17] 116.611183 111.759706 104.842931 123.767416 115.193216 108.636310 106.566830 112.531953
 [25] 105.260927 103.038942 105.799283 100.915101 104.834380 105.802778 114.173010 113.122382
 [33] 112.990421 106.108383 105.062020 104.717423  92.045538  89.224385  82.892604  82.705984
 [41]  80.763800  68.157412 110.410902 109.429185 103.881346 102.155064 100.697567  95.683372
 [49]  93.462660 105.941168 103.320916 101.851651  93.933350  48.411156 108.317550 104.485411
 [57]  71.759153  79.773482  79.643668  69.068820  98.477281  85.521756  70.469628  65.770421
 [65]  57.795251  56.154626 108.955692 105.203751 102.054065  92.232381  90.981602  89.865612
 [73]  84.741124  81.811916  72.867123  66.375370  65.361494  64.479953  64.053821  57.986920
 [81]  56.238593  55.831652  53.552918  52.373124  51.723280  51.298870  36.265219  35.159081
 [89]  33.031477  27.876378  25.582800  20.947371  15.594007   2.411748  97.248201  92.101507
 [97]  90.994780  85.668140  88.953388  87.400167  83.663850  76.891526  74.192165  64.330992
[105]  61.670759  54.046531  44.228746  43.408734  35.655868  26.857200  26.535711  23.847733
[113] 104.769885  88.144398  86.706017  85.990819  84.148173  78.266530  77.530760  74.655084
[121]  83.007452  54.902565  49.620164  48.543421  45.099958  38.607457 104.773958 104.298853
[129]  96.617039 103.963680  96.204188  92.449742  86.639862  66.565171  63.881546  61.622159
[137]  57.907143  53.099311  46.663186  46.286625  42.325082  40.477578 104.314101  90.670269
[145]  86.214779  84.269295  67.321324 102.874889  97.521130  96.991064  95.843473  95.377095
[153]  91.358315  89.104421  97.103118  96.128723  79.153678  71.433895  47.758583  43.391643
[161]  41.432404 102.924419  97.876052  92.808146  92.723254  92.383891  90.242852  82.032294
[169]  78.758819  76.921497  76.783425  74.368090 100.244896  98.632414  98.376442  91.941395
[177]  89.670422  79.887778  77.842406  75.334201  72.406317  61.983971  61.189365  58.322403
[185]  54.774847  53.434489  43.566613  24.638820  21.969761  18.795603  18.450953  15.296699
[193]   9.557949   9.080244  95.398741  92.762009 102.739143 100.368479  98.927678  95.655709
[201]  93.415449  93.130141 102.318947  99.698999  99.252838  83.849422  82.301665  79.861024
[209]  74.315842  72.080791  64.790190  99.187868  92.136893  88.537007  84.373004  81.498610
[217]  71.103266  68.023884  58.622808  55.732362  49.392043  48.707420  46.971836  46.795345
[225]  35.924881  16.218729  16.092856  16.024632  13.756493  10.313133   9.286473   8.633332
[233] 101.925166  93.600941  81.314947  80.701897  76.212042  75.649805 102.233881 101.580042
[241] 100.158159  98.458136  95.617221  76.819265  76.402077  74.626613 101.645479  98.960836
[249] 101.466693  99.033402  98.835293 100.770545  97.444919  87.730454  81.413008  94.237243
[257]  92.796004  91.679913  80.857032  80.421218  77.120381  67.296620  59.695261  99.132828
[265]  95.251572  93.531286  87.309178 101.196247  99.120845  98.695568  90.363608  89.328462
[273]  88.155434  81.824772  67.683410  92.339472  90.927389  87.676353  72.284898  70.366289
[281]  66.481466  53.612315  51.310232  51.244457  45.183871  44.183618  27.360800  93.165844
[289]  89.536496  56.879396  93.651067  88.545322  94.986324  92.155400  91.632189  87.610106
[297]  86.915053  85.644050  94.889912  83.418106  76.874297  66.846018  65.465648  61.740076
[305]  59.344225  53.889856  52.571926  50.320799  40.747986  27.818227  26.838880  11.103235
[313]   5.927861   2.868539  99.113393  94.690624  90.823554  89.358606  87.450960  86.977936
[321]  82.047925  57.355770  55.316048  96.650263  87.864763  99.201908  97.349611  82.807660
[329]  71.826747  66.170579  94.091135  90.174756  84.466059  84.414657  82.192908  82.059279
[337]  81.586710  77.792676  77.279236  71.575607  67.470985  66.792254  62.357604  51.186428
[345]  97.010121  94.659935  85.918335  79.269513  92.682913  71.931312  68.229347  64.009844
[353]  62.574344  60.756629  46.751046  45.543341  45.350288  45.095855  43.244974  34.291909
[361]  33.990625  25.192867   9.952509   4.735326   2.955796   2.004695  98.927151  97.385053
[369]  90.020566  82.216235  76.999279  95.081320  94.429534  87.316630  84.680661  98.580898
[377]  92.756057  86.663367  75.199496  74.286042  73.126356  91.359875  90.875083  90.678801
[385]  97.256763  95.835608  98.538612  96.164296  87.306682  84.778831  82.159361  78.480685
[393]  73.668029  72.233889  71.765341  67.154792  64.270482  58.835531  58.157288  52.182955
[401]  43.894212  94.356741  93.848655  89.472108  84.701981  80.629444  77.898530  77.581467
[409]  68.691827  59.311061  95.391228  94.211411  94.821301  95.161829  94.534027  94.183193
[417]  91.496857  88.926964  80.489903  76.010953  70.734151  70.076290  54.743818  34.331073
[425]  24.070438  17.854674  16.086733  91.003753  95.732322  96.305727  89.994483  81.507270
[433]  79.536099  89.371765  84.881472  94.794324  93.139687  96.736118  95.284823  94.350316
[441]  94.048512  86.303555  77.506159  72.269967  65.205435  83.081501  66.717878  66.131065
[449]  65.349890  62.083776  48.470280  47.797329  41.338351  39.265936  36.285411  35.763066
[457]  29.204156  28.052508  17.716073  17.076185  93.335537  87.572329  82.194322  90.821513
[465]  60.400879  50.862829  47.128798  38.573651  32.286884  31.958017  20.760790  19.743046
[473]  14.185373  11.828910   9.560521   9.463117   5.631122   1.358105  95.651886  76.028053
[481]  75.468698  72.203769  69.800717  89.811621  84.212909  73.743240  55.080067  50.707977
[489]  50.147835  49.274564  37.536213  35.106416  34.579657  87.295769  83.604937  93.539489
[497]  88.805978  83.408115  70.500895  92.068798  81.692909  79.755417  79.029470  94.989340
[505]  86.703117  83.654611  81.069442  79.212816  76.891469  70.504564  92.413283  83.925318
[513]  82.075164  81.319399  80.360910  78.662138  94.519801  93.741945  93.923822  88.984455
[521]  88.583598  85.397021  84.870704  84.097801  83.393790  81.141819  81.139935  80.404590
[529]  77.598870  67.541977  54.937883  47.233562  34.371890  86.058643  78.934064  88.030072
[537]  87.825213  87.573558  84.110126  82.411159  78.846482  78.158945  74.723525  68.457240
[545]  77.508894  70.212885  89.583490  80.694587  78.555947  75.522312  73.816990  73.807107
[553]  70.145356  88.522121  88.158117  79.055164  75.841607  67.201965  56.789960  56.429241
[561]  54.660149  54.576797  52.653087  45.723832  44.086661  42.964635  42.088669  37.927961
[569]  29.021483  23.753748  14.386265  93.372376  91.003744  82.175676  76.167425  65.948927
[577]  54.443824  40.169220  84.724396  80.601851  60.759405  55.876846  53.015979  93.228285
[585]  85.199209  82.880115  77.251521  75.929841  72.516518  70.641781  85.268209  85.246322
[593]  82.753153  82.034524  77.456787  75.558604  74.334178  70.107603  65.412473  62.951057
[601]  40.267740  92.180144  88.299604  74.583792  73.573425  72.882312  71.534228  68.498763
[609]  67.407566  64.768482  63.145692  59.026859  57.784099  14.529280  90.112831  88.915987
[617]  85.272257  84.904808  88.618051  77.341265  76.616920  76.289727  73.800298  65.325424
[625]  60.845831  48.293724  46.987269  28.365079  14.470257   6.796336

$PAR
  [1]  NA   1   1   1   1   1   2   7   8   9   9   9   9   9   3   3   3   3   3   5   5   5   5
 [24]  20  20  20  10  10  17  11  21  21  31  31  31  31  31  31  31  31  31  31  12  12  33  33
 [47]  33  33  33  24  24  24  24  24  18  18  18  43  43  43  13  13  13  13  13  13  44  44  22
 [70]  22  22  22  22  22  22  22  22  22  22  22  22  22  22  22  22  22  22  22  22  22  22  22
 [93]  22  22  14  14  14  14  23  23  23  23  23  23  23  23  23  23  23  23  23  23  34  34  34
[116]  34  34  34  34  34  50  50  50  50  50  50  30  27  27  25  25  25  25  25  25  25  25  25
[139]  25  25  25  25  68  68  68  68  68  35  35  35  35  35  35  35  29  29  29  29  29  29  29
[162] 113 113 113 113 113 113 113 113 113 113 113  36  36  36  36  36  36  36  36  36  36 143 143
[185] 143 143 143 143 143 143 143 143 143 143 130 130  45  45  45  45  45  45  26  26  26  26  26
[208]  26  26  26  26 162 162 162 162 162 162 162 162 162 162 162 162 162 162 162 162 162 162 162
[231] 162 162 148 148 148 148 148 148 197 197 197 197 197 197 197 197 203 203 239 239 239  46  46
[254]  69  69 233 233 233 233  52  52  52  52 240 240 240 240 249 249 249 249 249 249 249 249 268
[277] 268 268 268 268 268 268 268 268 268 268 268  28  28  28 252 252 198 198 198 198 198 198 173
[300] 173 173 173 173 173 173 173 173 173 173 173 173 173 173 173 241 241 241 241 241 241 241 241
[323] 241 204 204 205 205 205 205 205 326 326 326 326 326 326 326 326 326 326 326 326 326 326 212
[346] 212 212 212 264 264 264 264 264 264 264 264 264 264 264 264 264 264 264 264 264 264 315 315
[369] 250 250 250 248 248 248 248 367 367 367 367 367 367 251 251 251 270 174 376 376 376 376 376
[392] 376 376 376 376 376 376 376 376 376 376 387 387 387 387 387 387 387 387 387 242 242 175 163
[415] 163 149 149 149 149 149 149 149 149 149 149 149 149 253 368 327 327 327 327 385 385  95  95
[438] 345 345 345 345 345 345 345 345 438 438 438 438 438 438 438 438 438 438 438 438 438 438 438
[461] 324 324 324 129 129 129 129 129 129 129 129 129 129 129 129 129 129 129 131 131 131 131 131
[484] 156 156 156 156 156 156 156 156 156 156 386 386 429  48  48  48 200 200 200 479 243 243 243
[507] 243 243 243 243 195 195 195 195 195 195 411 152 439 439 439 439 439 265 504 504 504 504 504
[530] 504 504 504 504 293 293 299 299 299 299 299 299 299 299 299 413 413 346 346 346 346 346 346
[553] 346 517 517 517 517 517 517 517 517 517 517 517 517 517 517 517 517 517 517 373 373 373 373
[576] 373 373 373 402 402 402 402 402 440 440 440 440 440 440 440 256 256 256 256 256 256 256 256
[599] 256 256 256 412 412 412 412 412 412 412 412 412 412 412 412 412 416 416 416 416 331 331 331
[622] 331 331 331 331 331 331 331 331 331

$EXTANT
  [1] FALSE FALSE FALSE FALSE FALSE FALSE FALSE FALSE FALSE FALSE FALSE FALSE FALSE FALSE FALSE
 [16] FALSE FALSE FALSE FALSE FALSE FALSE  TRUE FALSE FALSE FALSE FALSE FALSE FALSE FALSE FALSE
 [31] FALSE FALSE FALSE FALSE FALSE FALSE  TRUE  TRUE  TRUE  TRUE  TRUE  TRUE FALSE FALSE FALSE
 [46] FALSE FALSE FALSE  TRUE FALSE FALSE FALSE  TRUE  TRUE FALSE FALSE  TRUE  TRUE  TRUE  TRUE
 [61] FALSE  TRUE  TRUE  TRUE  TRUE  TRUE FALSE FALSE FALSE  TRUE  TRUE  TRUE  TRUE  TRUE  TRUE
 [76]  TRUE  TRUE  TRUE  TRUE  TRUE  TRUE  TRUE  TRUE  TRUE  TRUE  TRUE  TRUE  TRUE  TRUE  TRUE
 [91]  TRUE  TRUE  TRUE  TRUE FALSE  TRUE  TRUE  TRUE  TRUE  TRUE  TRUE  TRUE  TRUE  TRUE  TRUE
[106]  TRUE  TRUE  TRUE  TRUE  TRUE  TRUE  TRUE FALSE  TRUE  TRUE  TRUE  TRUE  TRUE  TRUE  TRUE
[121]  TRUE  TRUE  TRUE  TRUE  TRUE  TRUE FALSE FALSE FALSE FALSE FALSE  TRUE  TRUE  TRUE  TRUE
[136]  TRUE  TRUE  TRUE  TRUE  TRUE  TRUE  TRUE  TRUE  TRUE  TRUE  TRUE  TRUE FALSE FALSE FALSE
[151] FALSE FALSE  TRUE  TRUE FALSE FALSE  TRUE  TRUE  TRUE  TRUE  TRUE FALSE FALSE  TRUE  TRUE
[166]  TRUE  TRUE  TRUE  TRUE  TRUE  TRUE  TRUE  TRUE FALSE FALSE  TRUE  TRUE  TRUE  TRUE  TRUE
[181]  TRUE  TRUE  TRUE  TRUE  TRUE  TRUE  TRUE  TRUE  TRUE  TRUE  TRUE  TRUE  TRUE  TRUE FALSE
[196]  TRUE FALSE FALSE FALSE FALSE  TRUE  TRUE FALSE FALSE FALSE  TRUE  TRUE  TRUE  TRUE  TRUE
[211]  TRUE FALSE  TRUE  TRUE  TRUE  TRUE  TRUE  TRUE  TRUE  TRUE  TRUE  TRUE  TRUE  TRUE  TRUE
[226]  TRUE  TRUE  TRUE  TRUE  TRUE  TRUE  TRUE FALSE  TRUE  TRUE  TRUE  TRUE  TRUE FALSE FALSE
[241] FALSE FALSE FALSE  TRUE  TRUE  TRUE FALSE FALSE FALSE FALSE FALSE FALSE FALSE  TRUE  TRUE
[256] FALSE  TRUE  TRUE  TRUE  TRUE  TRUE  TRUE  TRUE  TRUE FALSE  TRUE  TRUE FALSE FALSE FALSE
[271]  TRUE  TRUE  TRUE  TRUE  TRUE  TRUE  TRUE  TRUE  TRUE  TRUE  TRUE  TRUE  TRUE  TRUE  TRUE
[286]  TRUE  TRUE  TRUE  TRUE  TRUE  TRUE  TRUE FALSE  TRUE  TRUE  TRUE  TRUE  TRUE FALSE  TRUE
[301]  TRUE  TRUE  TRUE  TRUE  TRUE  TRUE  TRUE  TRUE  TRUE  TRUE  TRUE  TRUE  TRUE  TRUE FALSE
[316] FALSE  TRUE  TRUE  TRUE  TRUE  TRUE  TRUE  TRUE FALSE  TRUE FALSE FALSE  TRUE  TRUE  TRUE
[331] FALSE  TRUE  TRUE  TRUE  TRUE  TRUE  TRUE  TRUE  TRUE  TRUE  TRUE  TRUE  TRUE  TRUE FALSE
[346] FALSE  TRUE  TRUE  TRUE  TRUE  TRUE  TRUE  TRUE  TRUE  TRUE  TRUE  TRUE  TRUE  TRUE  TRUE
[361]  TRUE  TRUE  TRUE  TRUE  TRUE  TRUE FALSE FALSE  TRUE  TRUE  TRUE FALSE FALSE  TRUE  TRUE
[376] FALSE  TRUE  TRUE  TRUE  TRUE  TRUE  TRUE  TRUE  TRUE FALSE FALSE FALSE FALSE  TRUE  TRUE
[391]  TRUE  TRUE  TRUE  TRUE  TRUE  TRUE  TRUE  TRUE  TRUE  TRUE  TRUE FALSE  TRUE  TRUE  TRUE
[406]  TRUE  TRUE  TRUE  TRUE  TRUE FALSE FALSE FALSE FALSE FALSE FALSE  TRUE  TRUE  TRUE  TRUE
[421]  TRUE  TRUE  TRUE  TRUE  TRUE  TRUE  TRUE  TRUE FALSE FALSE  TRUE  TRUE  TRUE  TRUE  TRUE
[436] FALSE  TRUE FALSE FALSE FALSE  TRUE  TRUE  TRUE  TRUE  TRUE  TRUE  TRUE  TRUE  TRUE  TRUE
[451]  TRUE  TRUE  TRUE  TRUE  TRUE  TRUE  TRUE  TRUE  TRUE  TRUE  TRUE  TRUE  TRUE  TRUE  TRUE
[466]  TRUE  TRUE  TRUE  TRUE  TRUE  TRUE  TRUE  TRUE  TRUE  TRUE  TRUE  TRUE  TRUE FALSE  TRUE
[481]  TRUE  TRUE  TRUE  TRUE  TRUE  TRUE  TRUE  TRUE  TRUE  TRUE  TRUE  TRUE  TRUE  TRUE  TRUE
[496]  TRUE  TRUE  TRUE  TRUE  TRUE  TRUE  TRUE  TRUE FALSE  TRUE  TRUE  TRUE  TRUE  TRUE  TRUE
[511]  TRUE  TRUE  TRUE  TRUE  TRUE  TRUE FALSE  TRUE  TRUE  TRUE  TRUE  TRUE  TRUE  TRUE  TRUE
[526]  TRUE  TRUE  TRUE  TRUE  TRUE  TRUE  TRUE  TRUE  TRUE  TRUE  TRUE  TRUE  TRUE  TRUE  TRUE
[541]  TRUE  TRUE  TRUE  TRUE  TRUE  TRUE  TRUE  TRUE  TRUE  TRUE  TRUE  TRUE  TRUE  TRUE  TRUE
[556]  TRUE  TRUE  TRUE  TRUE  TRUE  TRUE  TRUE  TRUE  TRUE  TRUE  TRUE  TRUE  TRUE  TRUE  TRUE
[571]  TRUE  TRUE  TRUE  TRUE  TRUE  TRUE  TRUE  TRUE  TRUE  TRUE  TRUE  TRUE  TRUE  TRUE  TRUE
[586]  TRUE  TRUE  TRUE  TRUE  TRUE  TRUE  TRUE  TRUE  TRUE  TRUE  TRUE  TRUE  TRUE  TRUE  TRUE
[601]  TRUE  TRUE  TRUE  TRUE  TRUE  TRUE  TRUE  TRUE  TRUE  TRUE  TRUE  TRUE  TRUE  TRUE  TRUE
[616]  TRUE  TRUE  TRUE  TRUE  TRUE  TRUE  TRUE  TRUE  TRUE  TRUE  TRUE  TRUE  TRUE  TRUE  TRUE

