
Birth-death simulation object with 634 species and 500 extant species

Details for some species:

Extinction times (NA means extant)
[1]  76.23733 111.68459  54.65346  69.75475 111.93445  68.12962


Speciation times 
[1] 123.94698 120.14238  95.57044  85.57409 115.65221 113.81262


Species parents (NA for initial)
[1] NA  1  1  1  2  5


Species status (extinct or extant)
[1] "extinct" "extinct" "extinct" "extinct" "extinct" "extinct"


For more details on vector y, try sim$y, with y one of
TE TS PAR EXTANT



$TE
  [1]  76.237326 111.684593  54.653462  69.754752 111.934453  68.129615  81.858838  68.013884
  [9]  87.655485  51.854690  65.570753  96.786060  90.780640  68.067919  66.978222  13.313581
 [17]  20.513509  98.770234  15.273940  69.591221  88.703308  82.868751  40.369840  74.366858
 [25]  81.780626  62.765771  19.232584         NA  81.846320  79.766269  27.053678         NA
 [33]  58.531763  72.330297  59.244561  57.081464         NA         NA         NA         NA
 [41]         NA         NA         NA  66.183974  76.124894  77.663120  50.693823  46.571760
 [49]  46.370736  70.128037         NA         NA  47.870057         NA         NA  57.240226
 [57]  59.653233  20.508695  57.585925  58.873190  53.488321  22.343678  31.810999         NA
 [65]         NA         NA         NA         NA  78.881709  38.743762  24.636396         NA
 [73]  32.302293  11.399006         NA  74.911334  69.668762         NA         NA         NA
 [81]         NA         NA         NA  74.838593         NA         NA  70.938335  27.087342
 [89]  65.561659  63.163964         NA         NA         NA         NA         NA         NA
 [97]         NA         NA         NA         NA         NA  77.311455  70.873766  45.692273
[105]         NA  71.950333  72.977340  67.756609         NA         NA         NA         NA
[113]         NA         NA         NA         NA         NA         NA  79.329952  20.636013
[121]         NA         NA         NA         NA         NA         NA  79.828348         NA
[129]         NA         NA         NA         NA         NA         NA         NA         NA
[137]  50.025218         NA         NA         NA         NA  67.322362         NA         NA
[145]         NA  68.709961  58.398450  65.457602         NA         NA         NA         NA
[153]         NA         NA  51.799524  60.067313  38.284123         NA         NA         NA
[161]         NA         NA  61.951315         NA         NA         NA         NA         NA
[169]  37.599918         NA         NA  60.743136  19.106238  33.211432         NA         NA
[177]         NA         NA         NA         NA         NA         NA         NA         NA
[185]         NA  60.746723         NA         NA         NA         NA         NA         NA
[193]         NA         NA         NA         NA         NA         NA  35.043363  64.829899
[201]         NA         NA         NA         NA         NA         NA  66.994964         NA
[209]         NA         NA         NA  52.847580  24.155862  68.520570  38.925167  49.462100
[217]  29.641573         NA  46.889024         NA         NA  69.623134         NA         NA
[225]  33.111149         NA         NA         NA         NA         NA         NA         NA
[233]         NA  43.722587         NA         NA         NA         NA         NA         NA
[241]  67.504697         NA         NA         NA         NA         NA         NA         NA
[249]         NA         NA         NA         NA         NA         NA         NA         NA
[257]         NA         NA         NA         NA         NA         NA  64.380235         NA
[265]         NA         NA         NA         NA         NA         NA         NA         NA
[273]         NA         NA         NA         NA         NA         NA         NA         NA
[281]         NA  68.045810  46.051616  44.692843         NA         NA         NA  33.466725
[289]         NA         NA         NA         NA         NA         NA         NA         NA
[297]         NA         NA         NA         NA         NA         NA         NA         NA
[305]         NA  68.406839  60.909585         NA         NA         NA         NA         NA
[313]  13.039578         NA         NA  49.945621   1.703743  31.489134         NA         NA
[321]         NA         NA         NA         NA         NA         NA         NA         NA
[329]  67.789078         NA         NA         NA  35.703693         NA         NA         NA
[337]         NA         NA         NA         NA         NA         NA         NA         NA
[345]         NA         NA         NA         NA         NA  15.138666         NA         NA
[353]         NA         NA         NA         NA         NA         NA         NA         NA
[361]         NA         NA         NA         NA         NA         NA         NA  32.711131
[369]  26.675905         NA         NA         NA         NA         NA         NA         NA
[377]         NA  21.487900  40.799080         NA         NA  31.655049  25.957533         NA
[385]  58.434997  57.365390         NA         NA         NA  33.677821  41.627106         NA
[393]         NA         NA         NA         NA         NA         NA         NA  65.961777
[401]         NA         NA         NA         NA         NA         NA         NA         NA
[409]         NA         NA         NA  38.561912         NA         NA         NA         NA
[417]         NA         NA  33.709803         NA         NA         NA         NA         NA
[425]         NA         NA         NA         NA         NA         NA         NA         NA
[433]         NA         NA         NA         NA         NA         NA         NA         NA
[441]         NA         NA         NA  53.143685         NA         NA         NA         NA
[449]         NA         NA         NA         NA         NA         NA         NA         NA
[457]         NA         NA         NA         NA  42.711269         NA         NA  13.343206
[465]         NA         NA         NA         NA         NA         NA         NA         NA
[473]         NA         NA         NA         NA         NA         NA         NA         NA
[481]         NA         NA         NA         NA         NA         NA  18.257115         NA
[489]         NA         NA         NA         NA         NA  64.315504  38.837699         NA
[497]         NA         NA         NA         NA         NA         NA         NA         NA
[505]         NA         NA  64.396614         NA         NA         NA         NA         NA
[513]         NA         NA         NA         NA         NA         NA         NA         NA
[521]         NA         NA         NA         NA         NA         NA         NA         NA
[529]         NA         NA         NA         NA         NA         NA         NA         NA
[537]         NA         NA         NA         NA         NA         NA         NA         NA
[545]         NA         NA         NA         NA         NA         NA         NA         NA
[553]         NA         NA         NA         NA         NA         NA         NA         NA
[561]         NA         NA         NA         NA         NA         NA         NA         NA
[569]         NA         NA         NA         NA         NA         NA         NA         NA
[577]         NA         NA         NA         NA         NA         NA         NA         NA
[585]         NA         NA         NA         NA         NA  26.466285         NA         NA
[593]         NA         NA         NA         NA         NA         NA         NA         NA
[601]         NA         NA         NA         NA         NA         NA         NA         NA
[609]         NA         NA         NA         NA         NA         NA         NA         NA
[617]         NA         NA         NA         NA         NA         NA         NA         NA
[625]         NA         NA         NA         NA         NA         NA         NA         NA
[633]         NA         NA

$TS
  [1] 123.946985 120.142379  95.570439  85.574090 115.652211 113.812624 108.136161 104.589299
  [9] 101.316671  96.358572  80.036890  99.929921  99.650327  94.434334  75.518289  75.261816
 [17]  71.498778 100.812199  94.917825  88.696804  91.926508  91.279359  83.676446  83.439522
 [25]  82.643665  79.757206  68.446041  67.419432  95.445541  84.650466  70.113184  66.689890
 [33]  87.036351  83.956330  82.964135  71.129156  65.325894  64.966674  64.618422  63.730216
 [41]  61.508244  51.352904  27.094807  84.194690  81.236464  90.722128  87.278001  85.900987
 [49]  79.089076  75.112122  77.584180  75.041443  72.969292  57.796760  51.116209  80.984166
 [57]  72.232743  83.507298  79.796824  75.997451  73.781189  71.991636  70.601127  66.831492
 [65]  65.430047  65.190686  63.549174  47.385210  84.612015  83.986540  73.624308  67.489719
 [73]  82.475062  81.114654  78.967303  76.639785  75.495587  66.659168  66.003513  62.646903
 [81]  60.644309  41.923902  41.013310  77.639261  64.110178  54.605747  72.967790  72.728208
 [89]  71.332337  69.545829  66.525057  59.388473  51.922817  41.477980  35.577193  30.611756
 [97]  27.015368  26.057280  25.204439  24.878809  79.300495  78.173047  77.131523  74.382708
[105]  64.070965  77.773074  76.095254  72.763173  71.977965  65.685788  65.122237  57.161482
[113]  56.531522  47.878824  47.452086  45.860264  43.656208  42.938305  81.121218  74.058186
[121]  64.344998  60.564043  57.802600  55.026153  43.580296  80.728519  79.960837  58.587143
[129]  66.241709  48.095991  46.353493  25.303557  23.132849  20.569150   6.707865   5.463982
[137]  69.476623  64.487066  60.086534  60.047286  59.320599  67.881824  66.897247  65.153684
[145]  64.804281  78.177224  76.817296  69.254801  59.552647  50.882614  38.883411  32.995676
[153]  28.609758  24.095200  78.818213  69.708888  67.825294  63.721235  63.526038  59.970491
[161]  47.425112  46.733977  72.675041  50.841200  41.432885  36.016992  23.416186  76.496793
[169]  76.366230  70.832824  61.954218  75.713818  74.170557  75.701095  67.622219  65.835898
[177]  60.481336  58.996734  46.903970  35.996394  17.757306  17.684637  17.256690  71.680004
[185]  65.498590  75.956435  66.392647  65.022424  60.717924  57.735616  46.887467  32.539202
[193]  26.187452  17.799175  13.906724   7.436502   2.531414   1.780976  70.830436  69.657478
[201]  67.141433  57.010045  55.496039  47.120749  44.698809  43.348758  73.577912  65.887043
[209]  65.144425  64.093251  62.397578  75.410209  73.404654  68.564909  73.546095  69.365919
[217]  74.904816  70.364380  68.196324  56.203618  39.313369  71.475603  67.134418  54.564734
[225]  67.850065  67.156663  59.276759  52.710195  45.007708  44.110064  33.550958  21.377883
[233]  19.368519  75.047085  57.978955  52.589330  49.992059  48.201839  47.254781  45.872073
[241]  73.618320  63.760042  56.079679  50.906931  49.569134  44.725306  42.512236  36.914449
[249]  30.069853  23.678929  12.066332  11.036470  63.844069  42.787769  42.229065  40.898093
[257]  34.919531  33.257126  31.027915  30.746857  67.322470  59.069295  69.177633  63.719603
[265]  56.052799  54.656241  53.682510  53.541479  45.704704  45.196782  43.224327  39.171239
[273]  36.480613  33.424231  31.975474  31.275111  24.256113  67.193009  29.663586  25.652170
[281]  22.188730  72.276895  70.218534  68.438874  67.201431  66.067766  64.425040  69.276134
[289]  66.335594  63.208744  62.089528  44.749209  40.622435  40.527960  39.204009  33.458753
[297]  33.155364  31.384931  29.583636  65.414997  62.469571  60.992896  52.479614  50.994991
[305]  47.200382  72.224844  67.785490  64.577169  54.495393  41.439428  41.422138  34.505247
[313]  67.705628  64.134763  50.387168  72.300120  71.952171  69.785506  64.549285  58.597131
[321]  58.190222  50.500143  48.803904  43.411109  42.086542  38.288142  36.913721  29.452235
[329]  68.394902  63.711568  59.351611  59.248314  70.813140  60.773313  51.605275  49.556962
[337]  47.352383  43.020906  41.655736  32.529710  28.887396  65.254294  64.368021  61.996359
[345]  60.062343  50.443152   9.140716   3.343109   1.914971  68.843221  66.548474  61.892156
[353]  59.625230  54.720938  50.580872  29.574309   3.818936  49.795028  49.772488  47.568242
[361]  38.734189  35.404926  22.508946  20.219593  18.694977  12.322307   2.714895  71.350680
[369]  69.785467  66.300778  57.356725  54.411691  38.515572  35.987271  31.491310  26.874917
[377]  24.040303  70.543233  70.735925  52.704807  38.631507  70.954192  67.960668  67.361889
[385]  69.247341  68.815856  66.944598  66.698458  43.865250  69.068727  68.349142  65.934881
[393]  62.389407  37.579061  32.932169  30.473170  28.138290  21.620735  10.692622  70.428444
[401]  66.762282  38.956712  61.053737  57.422876  53.646293  53.219393  46.538583  44.446603
[409]  41.724342  40.013602  60.086500  68.337962  64.213290  60.928251  46.687308  43.697997
[417]  41.720041  34.459807  69.639340  67.325699  65.948747  63.169448  59.314791  58.888857
[425]  57.961967  56.215940  53.086872  49.009150  41.236927  34.335741  31.318148  22.017070
[433]  67.387840  62.187336  55.448432  50.583637  47.552848  36.485311  35.992149  19.779558
[441]  19.642963  13.936708   3.714037  68.557686  66.265838  65.094876  57.289140  45.020076
[449]  38.007891  36.703640  64.782705  60.761339  60.104876  57.644175  43.663434  41.449639
[457]  64.835240  53.341532  42.644097  33.374779  69.668373  64.636233  61.137750  68.873999
[465]  65.131775  64.472663  62.053513  60.003119  54.077771  53.509164  52.070565  47.359152
[473]  63.530359  58.934646  54.966378  48.890667  48.351422  45.447373  40.607691  40.449539
[481]  38.889634  67.570317  65.712209  63.254768  62.080375  51.060201  68.486346  64.585196
[489]  62.545912  59.871418  51.541626  51.381628  62.185358  68.595358  67.943851  67.426655
[497]  64.168577  58.965804  54.057141  53.417928  51.320912  50.830791  50.516505  49.231198
[505]  46.977444  46.254251  68.486056  66.674669  63.434569  61.913378  60.820872  57.752416
[513]  55.795544  54.629249  49.544003  35.403813  35.289915  25.880570  25.037508  22.502925
[521]  21.701553  62.633587  62.275521  62.101881  58.397614  57.461507  56.260585  54.691391
[529]  54.012899  49.802102  43.560592  39.993511  39.379254  34.350954  34.233542  22.094264
[537]  16.196452  66.869462  60.211940  65.470209  64.062431  63.813617  53.740965  47.695995
[545]  47.484189  44.449832  44.437630  44.026432  40.054628  39.599710  33.362408  67.197779
[553]  66.714576  67.089955  61.656741  39.272427  32.746833  29.176557  27.260287  19.667947
[561]  59.924279  56.349201  55.512027  47.245878  46.828020  66.525822  63.901833  56.115761
[569]  53.075216  50.714635  67.593382  64.676330  63.669042  61.239278  59.208767  53.191335
[577]  50.751527  48.952270  42.050635  41.044069  39.702200  56.259963  63.505622  61.210523
[585]  59.064085  51.664239  51.474613  30.254701  26.281439  67.680326  59.511965  52.907369
[593]  49.686302  47.903760  58.895141  58.821393  56.148817  56.005568  35.937564  55.568903
[601]  55.459677  49.219295  47.504105  66.177165  66.109321  67.665473  56.975637  44.976177
[609]  14.803534  66.137131  65.213249  60.957811  59.838782  59.107203  58.914244  58.747966
[617]  57.864750  55.553159  54.743243  53.442966  48.080206  46.960925  36.745652  43.188325
[625]  41.539034  36.604879  33.937940  33.282380  21.117883  16.628443  13.213686   7.599511
[633]   6.046556   1.548670

$PAR
  [1]  NA   1   1   1   2   5   6   6   6   6   6   8   8   8   8   8   8   9   9   9  13  13  10
 [24]  10  10  10  10  10   3   3   3   3  29  29  29  19  19  19  19  19  19  19  19  14  14  21
 [47]  46  46  46  20  47  47  47  47  47  33  33  48  48  48  48  48  48  48  48  48  48  48   4
 [70]   4   4  44  70  70  70  70  70  70  70  70  70  70  70  23  23  23  58  58  58  58  58  58
 [93]  58  58  58  58  58  58  58  58  24  24  24  35  35  73  73  73  73  73  73  73  73  73  73
[116]  73  73  73  45  74  74  74  74  74  74  56  56  56 126 126 126 126 126 126 126 126  59  59
[139]  59  59  59  26  26  26  26 101 101 101 101 101 101 101 101 101  49  49  49  49  49  49  49
[162]  49  75  75  75  75  75 155 155 155 155 106 106  51  51  51  51  51  51  51  51  51  51 103
[185] 147 168 168 168 168 168 168 168 168 168 168 168 168 168 169 169 169 169 169 169 169 169 107
[208]  60  60  60  60 186 186 186 172 172 174 174 174 174 174 212 212 212  16  16  16  16  16  16
[231]  16  16  16  50 234 234 234 234 234 234  52  52  52  52  52  52  52  52  52  52  52  52 217
[254] 217 217 217 217 217 217 217 104 104 173 173 173 173 173 173 173 173 173 173 173 173 173 173
[277] 173 120 120 120 120  61  61  61  61  61  61  71  71  71  71  71  71  71  71  71  71  71  71
[300] 215 215 215 215 215 215 213 213 213 213 213 213 213  53  53  53  87 108  88  88  88  88  88
[323]  88  88  88  88  88  88 163 316 316 316 282  57  62  62  62  62  62  62  62 109 109 109 109
[346] 109 109 109 109 317 317 317 317 317 317 317 317 184 184 184 184 184 184 184 184 184 184  17
[369]  17  17  17  17  17  17  17  17  17 222 368 368 368  89  89  36 382 382 382 382 382 170 170
[392] 170 170 170 170 170 170 170 170 199 199 199 333 333 333 333 333 333 333 333 379  63  63  63
[415]  63  63  63  63 378 378 378 378 378 378 378 378 378 378 378 378 378 378 218 218 218 218 218
[438] 218 218 218 218 218 218 283 283 283 283  31  31  31 318 318 318 318 318 318 369 369 369 369
[461] 156 156 156 461 461 461 461 461 461 461 461 461 419 419 419 419 419 419 419 419 419  90  90
[484] 137 137 137 216 216 216 216 216 288 385 263 263 390 390 390 390 390 390 390 390 390 390 390
[507] 464 464 464 464 464 464 464 464 464 464 464 464 464 464 464 350 350 350 350 350 350 350 350
[530] 350 350 350 350 350 350 350 350 494 444 487 487 487 487 487 487 487 487 487 487 487 487 507
[553] 507  27  27  27  27  27  27  27 284 284 284 284 284 391 391 391 391 391 412 412 412 412 412
[576] 412 412 412 412 412 412 219 383 383 383 383 383 383 383 495 495 495 495 495 225 225 225 225
[599] 225 157 157 157 157 307 307 313 313 313 313 590 590 590 590 590 590 590 590 590 590 590 590
[622] 590 590 606 606 606 606 606 606 606 606 606 606 606

$EXTANT
  [1] FALSE FALSE FALSE FALSE FALSE FALSE FALSE FALSE FALSE FALSE FALSE FALSE FALSE FALSE FALSE
 [16] FALSE FALSE FALSE FALSE FALSE FALSE FALSE FALSE FALSE FALSE FALSE FALSE  TRUE FALSE FALSE
 [31] FALSE  TRUE FALSE FALSE FALSE FALSE  TRUE  TRUE  TRUE  TRUE  TRUE  TRUE  TRUE FALSE FALSE
 [46] FALSE FALSE FALSE FALSE FALSE  TRUE  TRUE FALSE  TRUE  TRUE FALSE FALSE FALSE FALSE FALSE
 [61] FALSE FALSE FALSE  TRUE  TRUE  TRUE  TRUE  TRUE FALSE FALSE FALSE  TRUE FALSE FALSE  TRUE
 [76] FALSE FALSE  TRUE  TRUE  TRUE  TRUE  TRUE  TRUE FALSE  TRUE  TRUE FALSE FALSE FALSE FALSE
 [91]  TRUE  TRUE  TRUE  TRUE  TRUE  TRUE  TRUE  TRUE  TRUE  TRUE  TRUE FALSE FALSE FALSE  TRUE
[106] FALSE FALSE FALSE  TRUE  TRUE  TRUE  TRUE  TRUE  TRUE  TRUE  TRUE  TRUE  TRUE FALSE FALSE
[121]  TRUE  TRUE  TRUE  TRUE  TRUE  TRUE FALSE  TRUE  TRUE  TRUE  TRUE  TRUE  TRUE  TRUE  TRUE
[136]  TRUE FALSE  TRUE  TRUE  TRUE  TRUE FALSE  TRUE  TRUE  TRUE FALSE FALSE FALSE  TRUE  TRUE
[151]  TRUE  TRUE  TRUE  TRUE FALSE FALSE FALSE  TRUE  TRUE  TRUE  TRUE  TRUE FALSE  TRUE  TRUE
[166]  TRUE  TRUE  TRUE FALSE  TRUE  TRUE FALSE FALSE FALSE  TRUE  TRUE  TRUE  TRUE  TRUE  TRUE
[181]  TRUE  TRUE  TRUE  TRUE  TRUE FALSE  TRUE  TRUE  TRUE  TRUE  TRUE  TRUE  TRUE  TRUE  TRUE
[196]  TRUE  TRUE  TRUE FALSE FALSE  TRUE  TRUE  TRUE  TRUE  TRUE  TRUE FALSE  TRUE  TRUE  TRUE
[211]  TRUE FALSE FALSE FALSE FALSE FALSE FALSE  TRUE FALSE  TRUE  TRUE FALSE  TRUE  TRUE FALSE
[226]  TRUE  TRUE  TRUE  TRUE  TRUE  TRUE  TRUE  TRUE FALSE  TRUE  TRUE  TRUE  TRUE  TRUE  TRUE
[241] FALSE  TRUE  TRUE  TRUE  TRUE  TRUE  TRUE  TRUE  TRUE  TRUE  TRUE  TRUE  TRUE  TRUE  TRUE
[256]  TRUE  TRUE  TRUE  TRUE  TRUE  TRUE  TRUE FALSE  TRUE  TRUE  TRUE  TRUE  TRUE  TRUE  TRUE
[271]  TRUE  TRUE  TRUE  TRUE  TRUE  TRUE  TRUE  TRUE  TRUE  TRUE  TRUE FALSE FALSE FALSE  TRUE
[286]  TRUE  TRUE FALSE  TRUE  TRUE  TRUE  TRUE  TRUE  TRUE  TRUE  TRUE  TRUE  TRUE  TRUE  TRUE
[301]  TRUE  TRUE  TRUE  TRUE  TRUE FALSE FALSE  TRUE  TRUE  TRUE  TRUE  TRUE FALSE  TRUE  TRUE
[316] FALSE FALSE FALSE  TRUE  TRUE  TRUE  TRUE  TRUE  TRUE  TRUE  TRUE  TRUE  TRUE FALSE  TRUE
[331]  TRUE  TRUE FALSE  TRUE  TRUE  TRUE  TRUE  TRUE  TRUE  TRUE  TRUE  TRUE  TRUE  TRUE  TRUE
[346]  TRUE  TRUE  TRUE  TRUE FALSE  TRUE  TRUE  TRUE  TRUE  TRUE  TRUE  TRUE  TRUE  TRUE  TRUE
[361]  TRUE  TRUE  TRUE  TRUE  TRUE  TRUE  TRUE FALSE FALSE  TRUE  TRUE  TRUE  TRUE  TRUE  TRUE
[376]  TRUE  TRUE FALSE FALSE  TRUE  TRUE FALSE FALSE  TRUE FALSE FALSE  TRUE  TRUE  TRUE FALSE
[391] FALSE  TRUE  TRUE  TRUE  TRUE  TRUE  TRUE  TRUE  TRUE FALSE  TRUE  TRUE  TRUE  TRUE  TRUE
[406]  TRUE  TRUE  TRUE  TRUE  TRUE  TRUE FALSE  TRUE  TRUE  TRUE  TRUE  TRUE  TRUE FALSE  TRUE
[421]  TRUE  TRUE  TRUE  TRUE  TRUE  TRUE  TRUE  TRUE  TRUE  TRUE  TRUE  TRUE  TRUE  TRUE  TRUE
[436]  TRUE  TRUE  TRUE  TRUE  TRUE  TRUE  TRUE  TRUE FALSE  TRUE  TRUE  TRUE  TRUE  TRUE  TRUE
[451]  TRUE  TRUE  TRUE  TRUE  TRUE  TRUE  TRUE  TRUE  TRUE  TRUE FALSE  TRUE  TRUE FALSE  TRUE
[466]  TRUE  TRUE  TRUE  TRUE  TRUE  TRUE  TRUE  TRUE  TRUE  TRUE  TRUE  TRUE  TRUE  TRUE  TRUE
[481]  TRUE  TRUE  TRUE  TRUE  TRUE  TRUE FALSE  TRUE  TRUE  TRUE  TRUE  TRUE  TRUE FALSE FALSE
[496]  TRUE  TRUE  TRUE  TRUE  TRUE  TRUE  TRUE  TRUE  TRUE  TRUE  TRUE FALSE  TRUE  TRUE  TRUE
[511]  TRUE  TRUE  TRUE  TRUE  TRUE  TRUE  TRUE  TRUE  TRUE  TRUE  TRUE  TRUE  TRUE  TRUE  TRUE
[526]  TRUE  TRUE  TRUE  TRUE  TRUE  TRUE  TRUE  TRUE  TRUE  TRUE  TRUE  TRUE  TRUE  TRUE  TRUE
[541]  TRUE  TRUE  TRUE  TRUE  TRUE  TRUE  TRUE  TRUE  TRUE  TRUE  TRUE  TRUE  TRUE  TRUE  TRUE
[556]  TRUE  TRUE  TRUE  TRUE  TRUE  TRUE  TRUE  TRUE  TRUE  TRUE  TRUE  TRUE  TRUE  TRUE  TRUE
[571]  TRUE  TRUE  TRUE  TRUE  TRUE  TRUE  TRUE  TRUE  TRUE  TRUE  TRUE  TRUE  TRUE  TRUE  TRUE
[586]  TRUE  TRUE  TRUE  TRUE FALSE  TRUE  TRUE  TRUE  TRUE  TRUE  TRUE  TRUE  TRUE  TRUE  TRUE
[601]  TRUE  TRUE  TRUE  TRUE  TRUE  TRUE  TRUE  TRUE  TRUE  TRUE  TRUE  TRUE  TRUE  TRUE  TRUE
[616]  TRUE  TRUE  TRUE  TRUE  TRUE  TRUE  TRUE  TRUE  TRUE  TRUE  TRUE  TRUE  TRUE  TRUE  TRUE
[631]  TRUE  TRUE  TRUE  TRUE

