
Birth-death simulation object with 593 species and 500 extant species

Details for some species:

Extinction times (NA means extant)
[1] 78.41070 37.15009 43.04823 56.61657 56.23868 24.22653


Speciation times 
[1] 95.95066 93.55720 78.88790 86.77621 84.18009 57.28529


Species parents (NA for initial)
[1] NA  1  1  2  2  2


Species status (extinct or extant)
[1] "extinct" "extinct" "extinct" "extinct" "extinct" "extinct"


For more details on vector y, try sim$y, with y one of
TE TS PAR EXTANT



$TE
  [1] 78.410704 37.150086 43.048231 56.616574 56.238675 24.226526        NA 56.934482 65.526197
 [10] 45.342483 46.024655 47.536598 29.966902 23.301034 56.857171        NA        NA        NA
 [19] 58.284688 68.238755        NA 36.184113 46.533099        NA 62.700338 38.519888        NA
 [28]        NA        NA        NA        NA        NA 56.344071 56.550044  3.317013 42.843929
 [37]        NA 31.734934  9.878495        NA        NA        NA        NA        NA        NA
 [46] 58.661151 17.188320  6.334594        NA        NA        NA        NA        NA 36.166651
 [55]        NA 16.921594 46.044780        NA        NA        NA        NA        NA        NA
 [64]        NA        NA        NA        NA        NA        NA        NA        NA        NA
 [73]        NA 58.543283        NA 64.342464        NA 56.459096 66.135567 54.196173 37.880258
 [82] 59.164315 59.155040        NA        NA        NA        NA        NA        NA        NA
 [91] 59.509999 28.375505        NA 53.001543 33.864299 23.806405        NA        NA        NA
[100]        NA        NA        NA        NA        NA        NA        NA        NA        NA
[109]        NA        NA        NA 46.439620        NA        NA 56.056788        NA 54.004338
[118]        NA        NA        NA        NA        NA        NA 46.918632 58.643232        NA
[127]        NA        NA        NA        NA        NA        NA        NA        NA        NA
[136]        NA        NA        NA        NA 39.233647        NA 55.796843 53.661345        NA
[145]        NA        NA        NA        NA        NA        NA        NA        NA        NA
[154]        NA        NA        NA        NA        NA        NA        NA        NA        NA
[163]        NA 56.284432 63.031883        NA 48.185228        NA 57.147395        NA        NA
[172]        NA        NA        NA        NA        NA        NA        NA 22.657091 26.329279
[181] 61.047711 17.271964        NA        NA        NA        NA        NA        NA        NA
[190] 57.954569        NA        NA        NA        NA        NA        NA        NA        NA
[199]        NA        NA        NA        NA        NA        NA        NA 51.063107        NA
[208]        NA        NA        NA        NA        NA        NA        NA        NA        NA
[217] 48.940739        NA        NA        NA        NA        NA        NA        NA        NA
[226]        NA        NA        NA        NA 58.770367        NA        NA        NA        NA
[235]        NA        NA        NA        NA        NA        NA        NA        NA        NA
[244]        NA        NA        NA        NA        NA        NA        NA 56.317175 42.605553
[253]        NA        NA 27.246922 57.270051        NA        NA        NA        NA        NA
[262]        NA        NA        NA        NA        NA        NA 48.410108        NA        NA
[271]        NA 57.404217 55.656536        NA        NA        NA        NA        NA        NA
[280]        NA        NA        NA 30.514461        NA        NA        NA        NA        NA
[289]        NA        NA        NA 46.595250        NA        NA        NA 36.722841        NA
[298]        NA 47.064308 55.372109        NA        NA        NA        NA        NA        NA
[307]        NA        NA        NA        NA 55.007798 13.568853        NA        NA        NA
[316]        NA        NA        NA        NA        NA        NA        NA        NA        NA
[325]        NA        NA        NA        NA        NA        NA        NA        NA        NA
[334]        NA        NA        NA        NA        NA        NA        NA        NA        NA
[343]        NA        NA        NA        NA        NA        NA        NA        NA 21.082462
[352]        NA        NA 46.620175        NA        NA        NA        NA        NA        NA
[361]        NA        NA        NA        NA        NA        NA        NA        NA        NA
[370]        NA        NA 33.714749        NA        NA        NA        NA        NA        NA
[379]        NA        NA        NA        NA        NA        NA        NA        NA        NA
[388]        NA        NA        NA        NA        NA        NA        NA        NA        NA
[397]        NA        NA 32.557812        NA        NA        NA        NA        NA        NA
[406]        NA        NA        NA        NA        NA        NA        NA        NA        NA
[415]        NA        NA 54.172088        NA        NA        NA 52.248698 47.570406 27.233440
[424]        NA        NA        NA        NA        NA        NA        NA        NA        NA
[433]        NA        NA        NA        NA        NA        NA        NA        NA        NA
[442]        NA        NA        NA        NA        NA        NA        NA        NA 35.713264
[451]        NA        NA 40.479446        NA        NA        NA        NA        NA        NA
[460]        NA        NA        NA        NA        NA        NA        NA        NA        NA
[469]        NA        NA  6.956066  7.114566        NA        NA        NA        NA        NA
[478]        NA        NA        NA        NA        NA        NA        NA        NA        NA
[487]        NA        NA        NA        NA        NA        NA        NA        NA        NA
[496]        NA        NA        NA        NA        NA 45.297025        NA        NA        NA
[505]        NA        NA        NA        NA        NA        NA        NA        NA        NA
[514]        NA        NA        NA        NA        NA        NA        NA        NA        NA
[523]        NA        NA        NA        NA        NA        NA        NA        NA        NA
[532]        NA        NA        NA        NA        NA        NA        NA        NA        NA
[541]        NA        NA        NA        NA        NA        NA        NA        NA        NA
[550]        NA        NA        NA        NA        NA        NA 28.628086        NA        NA
[559]        NA        NA        NA        NA        NA        NA        NA        NA        NA
[568]        NA        NA        NA        NA        NA        NA        NA        NA        NA
[577]        NA        NA        NA        NA        NA        NA        NA        NA        NA
[586]        NA        NA        NA        NA        NA        NA        NA        NA

$TS
  [1] 95.95066036 93.55719668 78.88789796 86.77621151 84.18009372 57.28529237 48.88173052
  [8] 67.59841592 66.26174172 61.60096161 76.95157340 73.10133215 71.84125063 67.30090347
 [15] 67.36319097 58.03732676 55.86503989 44.68381337 75.82862447 74.07106434 69.95196404
 [22] 59.06999663 73.68912231 72.83364105 72.78529155 68.30732819 65.05802177 54.84999788
 [29] 53.30877399 51.64573098 49.81614225 52.02487620 68.69535003 67.78432234 65.72556187
 [36] 64.19146802 63.17029479 61.16346534 60.99647455 45.77375787 42.49158855 32.28191836
 [43] 26.45818133 21.16966940 16.71798158 68.97174724 64.23187293 63.09302422 61.93088199
 [50] 46.86154482 41.61351744 39.12244315 37.27564849 69.17072948 63.36092985 60.08668292
 [57] 58.90028388 53.91981265 49.25566051 47.97957903 35.35025217 33.12485432 32.67326215
 [64] 27.78622659 27.65411988 26.61034310 26.45666034 23.33159660 22.23507575 21.19254185
 [71] 18.49923024  8.29115904  2.30880819 64.91665505 38.46655577 66.81214584 62.03748915
 [78] 68.07196522 66.94720740 64.02135385 60.02331961 65.65427603 62.76807833 58.36649869
 [85] 55.93395474 54.55619539 48.32677271 46.25059192 46.05518541 44.82131657 63.30410001
 [92] 64.64420176 63.26664785 58.53365180 58.08086151 66.44367354 57.04439535 53.35461542
 [99] 50.80140370 48.69961022 48.32044166 38.29404042 37.83648453 36.22234163 35.68944153
[106] 35.52713549 28.75777578 28.72581911 26.65282280 25.05802114 24.30453079 65.74606951
[113] 47.69763015 33.75701007 64.93001328 62.68728540 60.86839687 54.21100109 52.27859016
[120] 52.17037765 51.98613983 50.72373782 49.10699629 64.08964215 61.36388171 54.65681049
[127] 54.25514680 51.58072998 41.84342956 40.33912635 35.27844817 26.21789370 24.47004093
[134] 22.88522206 18.96279488 18.39023603 15.76122231 15.60413701 65.44661529 62.59598838
[141] 61.08695383 62.07386642 59.93130748 53.78384318 52.51622988 49.14505659 45.98037598
[148] 38.54617129 33.52876490 28.36037639  8.03252354  4.30450434 57.06643582 52.61141369
[155] 45.27749249 42.69066466 34.31646330 30.06732313 26.61296207  7.72295522  4.77579962
[162]  3.25909825  2.07042018 57.55072604 63.43046146 59.57304058 63.62177476 31.55476065
[169] 59.07830033 39.89806418 32.01610089 27.60272793 26.66104595 22.48627529 54.90299929
[176] 52.39988051 45.53043392 50.85823931 63.81572129 57.71611697 62.67940555 57.44435767
[183] 54.94638738 42.49878916 40.51405287 36.65578622 34.15062900 33.44378221 31.02748875
[190] 60.45478265 58.85116214 56.83511179 52.11735320 46.56658886 44.18541683 40.72666131
[197] 40.27740746 36.48415523 34.96219713 28.32204219 17.38456912 16.30177184 15.44544404
[204] 14.88817388 62.96142625 62.03412683 59.78806363 56.60026695 53.07774002 49.90252232
[211] 48.92851724 31.91242072 25.37606938 23.09257097 16.89131909 16.24069534 62.51845002
[218] 54.72305271 46.74204373 40.66301899 32.92362923 32.18385024 31.21520410 27.44456449
[225] 23.94608277 19.17793302 12.44800724  5.31690782  3.30277009 62.82750724 56.70117533
[232] 56.01620192 49.23365397 47.72545169 28.89299991 28.04728148 15.05475820 11.64981591
[239] 53.35750482 52.97254819 51.05880909 47.72300210 44.77929999 42.04350269 39.26401834
[246] 26.85292387 24.12859913 16.63941268 13.98043725  1.92084515 60.65609783 61.90322823
[253] 59.93721037 59.82272766 59.18259186 58.10310135 54.80656766 49.01794816 46.42366602
[260] 41.98812647 27.84646722 25.34986599 19.35842228 15.95324138 11.27515319  5.65131189
[267]  0.05436414 58.01860500 56.83261382 53.53805759 54.17486410 61.70021364 58.25325831
[274] 55.33248395 42.87487715 41.11232078 30.23014770 28.52138664 26.76541087 24.21549469
[281] 20.60399266 16.86818965 59.23766062 54.84830235 54.49470778 56.50565470 25.12507186
[288] 22.46177435 17.33796949  6.30906459  0.79833066 59.94566606 56.02639439 51.55988902
[295] 49.92341720 61.05873156 47.53303570 60.25470831 60.08178653 57.83448983 53.68146271
[302] 49.07557149 47.16447269 46.79446872 46.29826308 42.44315724 42.41619050 39.25269636
[309] 34.60986697 32.46095430 58.57105919 58.19907112 53.90766995 48.36576903 45.88029749
[316] 43.72405408 42.68022625 28.32287327 28.21299818 27.09247776 14.70080541 13.12978079
[323]  3.14965402  1.09264589 53.40416769 53.58502127 52.35306365 51.19168702 45.53804309
[330] 44.97924118 42.84520922 32.16109936 29.27311332 29.11450174 21.88496291 19.58127507
[337] 17.11322152 16.07558395 58.83868382 54.32631411 54.13206968 52.99702773 27.25065559
[344]  7.52639950 57.87088498 56.80578516 40.31081080 23.59402395 23.54437321 20.79542364
[351] 59.62316010 42.42557729 38.08200330 59.03910513 55.65623870 56.33703742 55.99363031
[358] 49.51223587 16.75280393 15.24996152  2.49116862 52.42058964 49.58203901 47.16367767
[365] 31.49170196 29.71143923 28.09013484 20.15858803 16.78878685 15.23507764  5.41211619
[372] 58.85129440 54.71121219 49.65880962 47.95842610 29.65737941 27.64364713 27.46972744
[379] 27.42784576 27.19090684 21.01640147 17.31847298 12.89751893  9.77086187 50.00931771
[386] 30.57407646 24.86749660 24.03046731 23.91644658 30.16503120 24.97884620 21.57465417
[393] 21.12366800 14.69335311 10.46463353  8.31898631  7.10126860  3.70932267 57.89231605
[400] 56.26161949 56.06700262 48.72645153 45.32529071 41.02413281 36.55913895 53.79079152
[407] 49.66625364 47.69260509 47.33144997 41.00356121 40.66049101 35.74019501 35.25979678
[414] 30.12947556 50.92911402 50.60777150 58.87060542 56.00956632 55.78714192 49.10157919
[421] 58.76554055 58.49931969 57.96501911 48.76498256 47.53561355 54.26990372 48.49009510
[428] 42.95662433 42.92993468 39.23231433 36.80111466 54.56740102 37.19435664 21.14315370
[435]  8.41251285  3.55694760 56.15693832 53.16235206 52.43706398 42.24704547 34.74447396
[442] 33.85273230 30.71925303 29.18789916 23.94567552 18.86773098 12.83486162  9.69987174
[449]  1.35983842 58.43547660 56.41941337 53.37903978 58.11595662 55.73817747 53.49489020
[456] 55.40200855 53.51240242 57.09403159 53.23502044 52.84953922 51.31032505 46.11219319
[463] 43.73140404 42.32474613 39.39763208 39.15650708 37.89061863 48.93472746 29.97917494
[470] 10.07500518 58.09274068 57.70632044 49.44292218 49.34460016 46.97472169 45.85763103
[477] 44.26090079 42.25242814 38.97527749 32.81685056 29.34811961 26.70984396 26.60150183
[484] 19.85579221 56.97680678 44.79719119 54.77712190 52.47628503 50.79908116 50.09358173
[491] 39.79520340 37.06210945 34.14673705 33.44212351 23.18876849 19.13124844 17.38105822
[498] 13.45788314  9.41291517  7.67836663 57.72226291 53.08369604 50.32329655 45.83486282
[505] 56.37834075 55.10759949 52.45938518 49.38949334 38.19492185 33.92045769 31.89744834
[512] 22.36214992 16.38322321 13.40315916 10.92595331 10.58724700 56.01030252 55.42430421
[519] 53.92968106 51.09930736 53.17175912 50.54338619 49.52559251 43.82270201 33.33308532
[526] 30.80822980 55.71342933 53.39215553 53.18109738 52.49728956 43.32209894 41.05207023
[533] 40.67687969 11.28811851 10.00709811  8.35141263 56.74268959 51.71093523 54.15276007
[540] 53.48127632 40.28303717 37.99366665 55.04936779 55.04386858 51.79569322 46.92762127
[547] 40.22992035 30.22727035 29.80416733 29.57642235 25.38485193 16.27662073 15.90556605
[554] 13.61840864  7.83312088 57.10924149 40.54177862 39.48240956 39.40647044 28.66787318
[561] 25.74717827 56.75434389 49.58188229 48.36941354 45.28868632 42.60773204 42.20449187
[568] 35.71760068 24.47235190 51.76993074 51.27606312 48.28838926 43.25939377 41.69957749
[575] 37.07178502 32.93254494 32.64437287 30.03505417 29.85465515 28.81131756 53.16989140
[582] 52.68493324 52.47558327 50.29726147 43.98589489 39.18094479 37.86093340 37.55617241
[589] 25.27297723 21.80943269 15.67134538 12.08680808  8.32787691

$PAR
  [1]  NA   1   1   2   2   2   2   4   4   4   5   5   5   5   3   3   3   3  11  19  19  19  20
 [24]  20  23  23  23  23  23  23  23  12  24  24  24  24  24  24  24  24  24  24  24  24  24  25
 [47]  25  25  13  13  13  13  13  21  21  21  21  21  21  21  21  21  21  21  21  21  21  21  21
 [70]  21  21  21  21  54  54  46  46  33  33  33  33  26  26  26  26  26  26  26  26  26  78  34
 [93]  34  34  34   8  14  14  14  14  14  14  14  14  14  14  14  14  14  14  14  76  96  96 112
[116] 112 112 112 112 112 112 112 112  35  35  35  35  35  35  35  35  35  35  35  35  35  35  35
[139]  82  82  82 139 139 139 139 139 139 139 139 139 139 139  27  27  27  27  27  27  27  27  27
[162]  27  27 115  74  74  92  92  47  47  47  47  47  47  36  36  36 124  80  80 179 179 179 179
[185] 179 179 179 179 179 167 167  55  55  55  55  55  55  55  55  55  55  55  55  55  93  93  93
[208]  93  93  93  93  93  93  93  93  93  37  37  37  37  37  37  37  37  37  37  37  37  37  48
[231]  48  48  48  48  48  48  48  48 205 205 205 205 205 205 205 205 205 205 205 205 230  83  83
[254]  83 116 116 116 116 116 116 116 116 116 116 116 116 116 140 140 140 217 142  77  77  77  77
[277]  77  77  77  77  77  77 206 206 206  49  49  49  49  49  49 252 252 252 252 272  10  38  38
[300]  38  38  38  38  38  38  38  38  38  38  38 141 141 141 141 141 141 141 141 141 141 141 141
[323] 141 141 296  39  39  39  39  39  39  39  39  39  39  39  39  39 117 117 117 298 298 298  56
[346]  56  56  56  56  56  81  81  81 292 292 253 253 253 253 253 253 254 254 254 254 254 254 254
[369] 254 254 254 207 207 207 207 207 207 207 207 207 207 207 207 207 351 351 351 351 351 166 166
[392] 166 166 166 166 166 166 166 283 283 283 283 283 283 283 255 255 255 255 255 255 255 255 255
[415]  22  22 354 354 354 354  57  57  57  57  57 372 372 372 372 372 372 191 191 191 191 191 339
[438] 339 339 339 339 339 339 339 339 339 339 339 339 421 421 421  94  94  94 422 422 450 450 450
[461] 450 450 450 450 450 450 450  84  84  84 273 273 312 312 312 312 312 312 312 312 312 312 312
[484] 312 453 453 471 471 471 471 471 471 471 471 471 471 471 471 471 471  95  95  95  95  16  16
[507]  16  16  16  16  16  16  16  16  16  16 268 268 268 268 423 423 423 423 423 423 399 399 399
[530] 399 399 399 399 345 345 345 501 501 180 180 180 180 472 472 472 472 472 472 472 472 472 472
[553] 472 472 472 182 182 182 182 182 182   6   6   6   6   6   6   6   6 556 556 556 556 556 556
[576] 556 556 556 556 556 458 458 458 458 458 458 458 458 458 458 458 458 458

$EXTANT
  [1] FALSE FALSE FALSE FALSE FALSE FALSE  TRUE FALSE FALSE FALSE FALSE FALSE FALSE FALSE FALSE
 [16]  TRUE  TRUE  TRUE FALSE FALSE  TRUE FALSE FALSE  TRUE FALSE FALSE  TRUE  TRUE  TRUE  TRUE
 [31]  TRUE  TRUE FALSE FALSE FALSE FALSE  TRUE FALSE FALSE  TRUE  TRUE  TRUE  TRUE  TRUE  TRUE
 [46] FALSE FALSE FALSE  TRUE  TRUE  TRUE  TRUE  TRUE FALSE  TRUE FALSE FALSE  TRUE  TRUE  TRUE
 [61]  TRUE  TRUE  TRUE  TRUE  TRUE  TRUE  TRUE  TRUE  TRUE  TRUE  TRUE  TRUE  TRUE FALSE  TRUE
 [76] FALSE  TRUE FALSE FALSE FALSE FALSE FALSE FALSE  TRUE  TRUE  TRUE  TRUE  TRUE  TRUE  TRUE
 [91] FALSE FALSE  TRUE FALSE FALSE FALSE  TRUE  TRUE  TRUE  TRUE  TRUE  TRUE  TRUE  TRUE  TRUE
[106]  TRUE  TRUE  TRUE  TRUE  TRUE  TRUE FALSE  TRUE  TRUE FALSE  TRUE FALSE  TRUE  TRUE  TRUE
[121]  TRUE  TRUE  TRUE FALSE FALSE  TRUE  TRUE  TRUE  TRUE  TRUE  TRUE  TRUE  TRUE  TRUE  TRUE
[136]  TRUE  TRUE  TRUE  TRUE FALSE  TRUE FALSE FALSE  TRUE  TRUE  TRUE  TRUE  TRUE  TRUE  TRUE
[151]  TRUE  TRUE  TRUE  TRUE  TRUE  TRUE  TRUE  TRUE  TRUE  TRUE  TRUE  TRUE  TRUE FALSE FALSE
[166]  TRUE FALSE  TRUE FALSE  TRUE  TRUE  TRUE  TRUE  TRUE  TRUE  TRUE  TRUE  TRUE FALSE FALSE
[181] FALSE FALSE  TRUE  TRUE  TRUE  TRUE  TRUE  TRUE  TRUE FALSE  TRUE  TRUE  TRUE  TRUE  TRUE
[196]  TRUE  TRUE  TRUE  TRUE  TRUE  TRUE  TRUE  TRUE  TRUE  TRUE FALSE  TRUE  TRUE  TRUE  TRUE
[211]  TRUE  TRUE  TRUE  TRUE  TRUE  TRUE FALSE  TRUE  TRUE  TRUE  TRUE  TRUE  TRUE  TRUE  TRUE
[226]  TRUE  TRUE  TRUE  TRUE FALSE  TRUE  TRUE  TRUE  TRUE  TRUE  TRUE  TRUE  TRUE  TRUE  TRUE
[241]  TRUE  TRUE  TRUE  TRUE  TRUE  TRUE  TRUE  TRUE  TRUE  TRUE FALSE FALSE  TRUE  TRUE FALSE
[256] FALSE  TRUE  TRUE  TRUE  TRUE  TRUE  TRUE  TRUE  TRUE  TRUE  TRUE  TRUE FALSE  TRUE  TRUE
[271]  TRUE FALSE FALSE  TRUE  TRUE  TRUE  TRUE  TRUE  TRUE  TRUE  TRUE  TRUE FALSE  TRUE  TRUE
[286]  TRUE  TRUE  TRUE  TRUE  TRUE  TRUE FALSE  TRUE  TRUE  TRUE FALSE  TRUE  TRUE FALSE FALSE
[301]  TRUE  TRUE  TRUE  TRUE  TRUE  TRUE  TRUE  TRUE  TRUE  TRUE FALSE FALSE  TRUE  TRUE  TRUE
[316]  TRUE  TRUE  TRUE  TRUE  TRUE  TRUE  TRUE  TRUE  TRUE  TRUE  TRUE  TRUE  TRUE  TRUE  TRUE
[331]  TRUE  TRUE  TRUE  TRUE  TRUE  TRUE  TRUE  TRUE  TRUE  TRUE  TRUE  TRUE  TRUE  TRUE  TRUE
[346]  TRUE  TRUE  TRUE  TRUE  TRUE FALSE  TRUE  TRUE FALSE  TRUE  TRUE  TRUE  TRUE  TRUE  TRUE
[361]  TRUE  TRUE  TRUE  TRUE  TRUE  TRUE  TRUE  TRUE  TRUE  TRUE  TRUE FALSE  TRUE  TRUE  TRUE
[376]  TRUE  TRUE  TRUE  TRUE  TRUE  TRUE  TRUE  TRUE  TRUE  TRUE  TRUE  TRUE  TRUE  TRUE  TRUE
[391]  TRUE  TRUE  TRUE  TRUE  TRUE  TRUE  TRUE  TRUE FALSE  TRUE  TRUE  TRUE  TRUE  TRUE  TRUE
[406]  TRUE  TRUE  TRUE  TRUE  TRUE  TRUE  TRUE  TRUE  TRUE  TRUE  TRUE FALSE  TRUE  TRUE  TRUE
[421] FALSE FALSE FALSE  TRUE  TRUE  TRUE  TRUE  TRUE  TRUE  TRUE  TRUE  TRUE  TRUE  TRUE  TRUE
[436]  TRUE  TRUE  TRUE  TRUE  TRUE  TRUE  TRUE  TRUE  TRUE  TRUE  TRUE  TRUE  TRUE  TRUE FALSE
[451]  TRUE  TRUE FALSE  TRUE  TRUE  TRUE  TRUE  TRUE  TRUE  TRUE  TRUE  TRUE  TRUE  TRUE  TRUE
[466]  TRUE  TRUE  TRUE  TRUE  TRUE FALSE FALSE  TRUE  TRUE  TRUE  TRUE  TRUE  TRUE  TRUE  TRUE
[481]  TRUE  TRUE  TRUE  TRUE  TRUE  TRUE  TRUE  TRUE  TRUE  TRUE  TRUE  TRUE  TRUE  TRUE  TRUE
[496]  TRUE  TRUE  TRUE  TRUE  TRUE FALSE  TRUE  TRUE  TRUE  TRUE  TRUE  TRUE  TRUE  TRUE  TRUE
[511]  TRUE  TRUE  TRUE  TRUE  TRUE  TRUE  TRUE  TRUE  TRUE  TRUE  TRUE  TRUE  TRUE  TRUE  TRUE
[526]  TRUE  TRUE  TRUE  TRUE  TRUE  TRUE  TRUE  TRUE  TRUE  TRUE  TRUE  TRUE  TRUE  TRUE  TRUE
[541]  TRUE  TRUE  TRUE  TRUE  TRUE  TRUE  TRUE  TRUE  TRUE  TRUE  TRUE  TRUE  TRUE  TRUE  TRUE
[556] FALSE  TRUE  TRUE  TRUE  TRUE  TRUE  TRUE  TRUE  TRUE  TRUE  TRUE  TRUE  TRUE  TRUE  TRUE
[571]  TRUE  TRUE  TRUE  TRUE  TRUE  TRUE  TRUE  TRUE  TRUE  TRUE  TRUE  TRUE  TRUE  TRUE  TRUE
[586]  TRUE  TRUE  TRUE  TRUE  TRUE  TRUE  TRUE  TRUE

