
Birth-death simulation object with 593 species and 500 extant species

Details for some species:

Extinction times (NA means extant)
[1]       NA 122.7628 120.7924 103.1885  89.1132  88.6296


Speciation times 
[1] 129.57966 128.13596 122.27147 116.76872  94.95316  94.11007


Species parents (NA for initial)
[1] NA  1  1  1  1  1


Species status (extinct or extant)
[1] "extant"  "extinct" "extinct" "extinct" "extinct" "extinct"


For more details on vector y, try sim$y, with y one of
TE TS PAR EXTANT



$TE
  [1]          NA 122.7627948 120.7924122 103.1884997  89.1131973  88.6296000  67.0800513
  [8]  78.4287154   6.7603858  54.1122660          NA          NA          NA          NA
 [15]          NA          NA          NA          NA          NA          NA          NA
 [22]  21.3277424  39.0797480  39.4570767          NA          NA          NA          NA
 [29]   0.7823228  31.6773841  51.5462157  83.0599454  36.6119064  63.1012392  68.6652948
 [36]  38.9858050          NA  13.8784196          NA          NA  76.9982284  54.8501412
 [43]          NA          NA          NA          NA          NA          NA          NA
 [50]          NA          NA  49.6855643  54.2543570          NA          NA  36.8204855
 [57]          NA          NA  43.5859201  65.0653203          NA          NA          NA
 [64]          NA  72.8054878          NA  72.2191395  69.7380060  56.3445905          NA
 [71]          NA          NA          NA          NA          NA          NA          NA
 [78]          NA          NA          NA   3.8585831          NA          NA          NA
 [85]          NA          NA          NA          NA          NA          NA          NA
 [92]          NA          NA          NA          NA          NA          NA          NA
 [99]  21.7069626  45.3293189  24.6063926          NA          NA          NA  67.1653830
[106]  13.1229031  58.3692648          NA          NA          NA          NA          NA
[113]          NA          NA          NA          NA          NA  59.8018604          NA
[120]          NA          NA          NA          NA          NA          NA          NA
[127]          NA          NA  53.5366660          NA  36.9280286  48.7307401          NA
[134]          NA          NA          NA  37.9605903  60.3751713  25.5592432          NA
[141]          NA  62.4593060          NA          NA  44.8879805  65.9095382          NA
[148]          NA          NA          NA          NA          NA          NA          NA
[155]  66.5207091          NA  70.5228735  58.5013644  65.7994079          NA          NA
[162]          NA          NA  23.4043077  68.9937503          NA          NA          NA
[169]          NA          NA          NA          NA  55.3442112  58.4835920          NA
[176]          NA          NA          NA          NA          NA          NA  68.4445680
[183]  65.4286069  49.6943737  58.8354550          NA          NA  44.4449155          NA
[190]          NA          NA          NA  72.6794296  62.7688855          NA          NA
[197]          NA          NA          NA          NA          NA          NA  70.4243944
[204]  57.2997696  62.3823862          NA          NA          NA          NA          NA
[211]          NA          NA          NA          NA          NA          NA  65.5086496
[218]   2.3019431          NA          NA          NA          NA          NA          NA
[225]          NA          NA          NA          NA          NA          NA          NA
[232]          NA          NA   8.8393235          NA          NA          NA          NA
[239]          NA          NA          NA          NA          NA          NA          NA
[246]          NA          NA          NA          NA          NA          NA          NA
[253]          NA          NA          NA          NA  33.6395166   2.1137882          NA
[260]          NA          NA          NA          NA          NA          NA          NA
[267]          NA          NA          NA          NA          NA          NA          NA
[274]          NA          NA          NA          NA          NA  16.5760585          NA
[281]          NA          NA          NA          NA          NA          NA          NA
[288]          NA          NA  36.2656765          NA          NA          NA          NA
[295]          NA          NA          NA          NA          NA  60.0417264  11.1701951
[302]          NA          NA          NA          NA          NA          NA          NA
[309]          NA          NA          NA          NA          NA          NA  16.0905442
[316]  63.1725127  41.1854777          NA          NA          NA          NA          NA
[323]          NA          NA          NA          NA          NA          NA          NA
[330]          NA          NA          NA  49.7151529  56.4539490          NA          NA
[337]  64.0741224          NA          NA          NA          NA          NA          NA
[344]          NA          NA          NA          NA  33.0468013          NA          NA
[351]          NA          NA          NA          NA  64.6738381          NA          NA
[358]          NA  55.1975361  51.4837336          NA          NA          NA          NA
[365]  34.7709681          NA          NA          NA          NA          NA          NA
[372]          NA          NA          NA          NA  56.9436671          NA  47.6513080
[379]  51.1081988  53.3831965          NA          NA          NA          NA          NA
[386]          NA          NA          NA          NA          NA          NA          NA
[393]          NA          NA          NA          NA          NA          NA          NA
[400]          NA          NA          NA          NA          NA          NA          NA
[407]          NA          NA          NA          NA          NA          NA          NA
[414]          NA          NA          NA          NA          NA          NA          NA
[421]          NA          NA          NA          NA          NA          NA          NA
[428]          NA          NA          NA          NA          NA          NA          NA
[435]          NA          NA          NA          NA          NA          NA          NA
[442]          NA          NA          NA          NA          NA          NA          NA
[449]          NA          NA          NA          NA  18.4201898          NA          NA
[456]          NA          NA          NA          NA          NA          NA          NA
[463]          NA          NA          NA   1.7604480          NA          NA          NA
[470]          NA          NA          NA          NA          NA          NA          NA
[477]          NA          NA          NA          NA          NA          NA          NA
[484]          NA          NA          NA          NA          NA          NA          NA
[491]          NA          NA          NA          NA          NA          NA          NA
[498]          NA          NA          NA          NA          NA          NA          NA
[505]          NA          NA          NA          NA          NA          NA          NA
[512]          NA          NA          NA          NA          NA          NA          NA
[519]          NA          NA          NA          NA          NA          NA          NA
[526]          NA          NA          NA          NA          NA          NA          NA
[533]          NA          NA          NA          NA          NA          NA          NA
[540]          NA          NA          NA          NA          NA          NA          NA
[547]          NA          NA          NA          NA          NA          NA          NA
[554]          NA          NA          NA          NA          NA          NA          NA
[561]          NA          NA          NA          NA          NA          NA          NA
[568]          NA          NA          NA          NA          NA          NA          NA
[575]          NA          NA          NA          NA          NA          NA          NA
[582]          NA          NA          NA          NA          NA          NA          NA
[589]          NA          NA          NA          NA          NA

$TS
  [1] 129.5796645 128.1359597 122.2714691 116.7687239  94.9531633  94.1100727  89.4003331
  [8]  84.2617874  82.7236318  64.3790134  63.1508935  54.7018110  51.2081434  47.6630928
 [15]  41.8989216  31.8159989  28.1877624  27.8305513  23.8669725   6.6015123   0.1593718
 [22]  90.8118231  77.7123465  77.4071342  59.0613314  57.0799934  54.6072345  41.4921882
 [29]  79.7808243  72.8850412  84.0225040  83.4039807  81.8583305  80.2533570  77.0797861
 [36]  75.5535467  73.8396935  73.7168856  65.9623768  55.0019115  81.3802083  73.7287029
 [43]  71.1207905  69.7818952  60.0312158  53.7413836  37.4129145  15.4694637  12.2116696
 [50]   9.0939034   9.0723865  75.4193204  67.6663486  62.9727625  42.4456718  81.1508658
 [57]  80.1489492  76.8575551  75.5477032  70.5543420  63.4205314  49.0759807  42.0526656
 [64]  39.5829473  77.5105773  63.4718541  74.6818186  73.9466534  73.9242753  58.6956037
 [71]  57.3432352  55.9976376  39.9790491  29.6264745  27.4838042  26.2802858  24.6895556
 [78]  21.3696249  15.9029409  12.3124659  65.1320435  58.1401862  57.9176284  49.2802494
 [85]  45.0436062  39.2884425  37.5281909  36.0684631  35.8219778  34.3248427  21.0751714
 [92]  19.0166033  15.4642455  15.2165492  11.3542267  73.9279445  65.1645610  48.6017430
 [99]  77.0079929  72.4929886  70.3150969  60.5031906  54.3909599  43.9540561  76.3871123
[106]  75.2721195  68.8474523  47.2461600  46.6235201  45.4155958  40.7782586  38.8960222
[113]  35.4790139  32.3136860  28.7115572  25.6203069  21.9049441  72.7111581  66.1611112
[120]  63.6844919  54.2557530  54.0700586  46.5860991  43.3081412  38.4688674  32.7414826
[127]  29.5848486   2.8465510  68.8548098  73.9396698  71.0558270  68.5423309  66.3986435
[134]  61.9637701  61.1551749  60.9400201  69.6584933  67.8839800  64.1978780  58.8586746
[141]  54.6851301  65.8806654  54.4096935  50.4389571  74.3691256  73.2271625  56.6065231
[148]  55.3899883  55.2607855  41.5413508  36.4502881  35.7021577  28.5346074  26.6580595
[155]  74.5097832  73.7311373  70.6024363  68.9497585  68.9951360  66.5044616  63.6149438
[162]  62.5923926  47.9414720  72.4221166  69.5520204  51.1943646  49.1519017  47.3795952
[169]  21.8751734  10.7107128   6.6240712   1.2545090  68.5629091  65.8539753  51.7934669
[176]  47.0950042  28.3214861  22.7424512  18.4528262  10.7750359   6.4203821  70.0119724
[183]  69.4435250  67.9073094  65.4104816  59.6427898  59.0857605  71.6858829  33.7788244
[190]   9.2196487   5.1701474   1.3018571  73.4781137  68.6359081  61.2178021  47.7277945
[197]  40.2617948  37.2949295  31.9294980  22.7804107  19.6917483   5.1666097  71.9139085
[204]  67.3754041  66.5281029  63.6902994  63.1359465  48.7777509  43.2594592  43.1922180
[211]  38.4618384  31.0605701  24.7220728  22.2267326  21.3784829  18.3659604  73.1344951
[218]  72.7960944  35.7057573  34.7260614  58.1375783  50.5733058  50.1658261  47.2252844
[225]  46.2653725  45.3379450  32.0598071  28.2066854  17.4369708  15.4566679  13.9703572
[232]  11.7332870   3.4151450  67.6135627  62.4868298  60.5909100  60.2836357  56.7532485
[239]  45.9316461  49.2951793  46.3331626  46.3182411  45.9195465  44.5246475  34.8230255
[246]  27.5205166  25.0683573  24.8235233  62.3681604  56.3939143  54.7615017  53.0934360
[253]  49.3630959  47.6742862  47.3089166  70.1719718  68.0885571  64.1867194  63.5641448
[260]  63.3595769  60.5477343  54.5542925  45.7965287  45.0160162  42.1318607  42.0237148
[267]  41.4458082  35.5826661  35.0021157  25.4254412  14.5399164  10.8128780  10.0483627
[274]   4.3608901  55.7976350  55.6858249  44.8701165  38.8209976  67.2998718  63.6945549
[281]  60.8835765  56.0351723  53.8635095  46.2779702  45.8057916  31.6517557  28.5253931
[288]  66.6213820  65.9165880  63.9932109  59.9208515  58.5862491  57.0028570  47.5487105
[295]  33.7292817  32.6989677  27.4401063  19.6221479   8.8823646  68.8166607  65.1668375
[302]  63.4656481  63.4575003  43.7313891  41.3948770  18.4386567  16.5266502  11.8171741
[309]  11.5584348  63.4502434  59.7391257  41.2868164  39.3601316  38.7043793  68.8377154
[316]  65.0714638  64.2064613  63.2316759  62.6963199  61.8698338  58.9039675  58.6845264
[323]  60.0404708  57.6552800  63.5537512  61.8092340  51.5272897  37.9714957  29.7744423
[330]  23.4155369  16.8407499  16.2608194  67.8031622  65.2852344  58.8617198  56.9277447
[337]  64.6422780  62.4458218  57.9855312  57.6539357  51.9812529  50.1747692  68.0734616
[344]  59.2366292  48.4206334  37.6353135  36.6955211  65.3075448  54.5265043  52.9348894
[351]  45.5678019  43.7611701  36.4673574  10.5372159  67.6332026  58.0536283  51.3667332
[358]  66.3487668  64.2591534  66.3096383  62.2597188  58.5136777  56.2059864  55.1158828
[365]  66.5838362  62.2352476  60.7880221  59.5208073  57.5778145  56.5314967  47.0594756
[372]  38.4083718  35.8972368  22.0086001  21.6701322  67.3215512  58.5151935  65.7227719
[379]  65.0910775  66.8279129  38.8505200  38.1360477  23.6451158  21.7803106  19.0472992
[386]  61.4021019  54.4896433  59.9010021  54.4504135  43.9769390  37.6385517  33.3161201
[393]  28.4497236  27.8867256  22.4996907  20.0254165  15.9190257   6.5484281  57.4319776
[400]  55.5738366  54.6978519  52.7404785  50.0717109  36.1105389  63.2194444  41.3057393
[407]  14.4963661   1.1655881  61.6197162  57.3992962  31.6983782  24.4407423  24.2993910
[414]  22.7700035  20.3257750  19.6596000  19.0037827  17.9147812  11.8341317   9.8081312
[421]   6.2728198   5.0337389   2.3478351  61.9513810  45.1709212  43.9698247  28.0991058
[428]  28.0130527  27.1535968  19.1564645  18.3245367   9.4456802   5.8043309  63.8165397
[435]  63.6793779  62.9780258  59.9679021  57.1787668  61.5226338  61.4134875  56.5212640
[442]  51.8322668  47.4969346  38.5452318  33.3245723  27.3793652  26.9864425  25.0318240
[449]  22.9536449  20.2835699  12.6109465   7.1887013  65.7533901  65.8968401  50.6745031
[456]  50.5237757  37.3254150  36.6116412  28.7899309  25.3341544  24.4639765  22.0918183
[463]  14.6802368   8.1568264   1.3027677  64.0832052  63.8306090  50.8874710  44.6659478
[470]  26.0034289  21.4605830  18.0494884   7.1805080   5.3536656   3.6639880   1.3372759
[477]  57.3118791  57.2817762  56.0276132  50.8242950  45.9848407  40.9623054  28.9730859
[484]  25.6751655  20.5797866  62.6491987  50.9521347  50.5580918  54.4057136  45.3104261
[491]  44.0849055  63.6845865  61.8091750  59.3428387  52.7084992  45.8954364  43.4573439
[498]  39.9763469  38.5496017  36.1590723  35.8033262  26.8474907  24.4509728  21.6563015
[505]  17.2627687  16.7116110  13.3159193  11.2191807  56.8000733  53.5833486  52.8110041
[512]  49.4822185  48.7524996  45.3545476  42.6159421  36.2726390  31.0057744  23.3570183
[519]  20.5953783  20.1248247   5.7502016   0.1026288  62.7710895  61.2230510  55.9135851
[526]  33.6075523  32.8446452  31.5607175  24.4728690  16.1577061  11.8052982   8.9913615
[533]   7.0146001   6.7944786   5.8204166  58.3807740  57.3174228  54.6421559  52.5089899
[540]  55.8684709  57.4238229  54.0963119  52.3725770  51.4112153  51.1067333  47.9204209
[547]  43.9768180  50.2247887  49.1056676  43.7871984  38.9513349  38.6307184  35.6430500
[554]  29.7177087  27.2485761  62.5327123  60.1434128  59.6288005  55.6120287  46.2372124
[561]  38.6147836  36.6612464  34.1003759  33.8063143  23.1631851  22.1570615  20.0463850
[568]  15.1490425  13.2531433   8.3652585  63.9831088  58.3892376  51.6350513  39.4350999
[575]  29.2046470  27.6314487  26.3344087  22.0660143   9.8066589   2.4231918  48.3327650
[582]  44.6398035  57.5247776  55.2469008  54.5624629  46.2605454  41.4073831  41.2070835
[589]  32.4534673  19.3492035   5.4188449   4.4947229   0.8714377

$PAR
  [1]  NA   1   1   1   1   1   1   1   1   1   1   1   1   1   1   1   1   1   1   1   1   6  22
 [24]  22  22  22  22  22   7   7   8  31  31  31  31  31  31  31  31  31   9   9   9   9   9   9
 [47]   9   9   9   9   9  33  33  33  33  41  56  56  56  56  56  56  56  56  34  34  57  57  57
 [70]  57  57  57  57  57  57  57  57  57  57  57  29  29  29  29  29  29  29  29  29  29  29  29
 [93]  29  29  29  23  23  23  65  24  24  24  24  24  35  35  99  99  99  99  99  99  99  99  99
[116]  99  99  58  58  58  58  58  58  58  58  58  58  58 105  36  36  36  36  36  36  36  59  59
[139]  59  59  59  52  52  52 106 106 106 106 106 106 106 106 106 106  67  67 155 155 145 145 145
[162] 145 145  68 130 130 130 130 130 130 130 130  96  96  96  96  96  96  96  96  96  69  69  69
[185]  69  69  69  37  37  37  37  37 156 156 156 156 156 156 156 156 156 156  42  42  42  42  38
[208]  38  38  38  38  38  38  38  38  38 146 146  30  30 218 218 218 218 218 218 218 218 218 218
[231] 218 218 218 118 118 100 100 100 100 164 164 164 164 164 164 164 164 164 188 188 188 188 188
[254] 188 188  43  43  43  43  43  43  43  43  43  43  43  43  43  43  43  43  43  43  43 131 131
[277] 131 131 101 101 101 101 101 101 101 101 101 256 256 256 256 256 256 256 256 256 256 256 256
[300]  44  44  44  44  44  44  44  44  44  44 137 137 137 137 137 183 158 158 158 158 158 158 158
[323] 129 129 107 107 315 315 315 315 315 315 300 194 173 173 132 132 132 132 132 132 257 257 257
[346] 257 257 343 343 343 343 343 343 343 184 184 184 138 138 333  53  53  53  53 355 234 234 234
[369] 234 234 234 234 234 234 234 204 204 376 376 279 279 279 279 279 279 380 380 288 288 288 288
[392] 288 288 288 288 288 288 288 365 365 365 365 365 365 160 160 160 160 133 133 133 133 133 133
[415] 133 133 133 133 133 133 133 133 133 358 358 358 358 358 358 358 358 358 358 360 360 360 360
[438] 360 119 119 119 119 119 119 119 119 119 119 119 119 119 119  39 289 289 289 289 289 289 289
[461] 289 289 289 289 289 454 454 454 454 454 454 454 454 454 454 454 453 453 453 453 453 453 453
[484] 453 453 378 378 378 348 348 348 334 334 334 301 301 301 301 301 301 301 301 301 301 301 301
[507] 301 301  97  97  97  97  97  97  97  97  97  97  97  97  97  97  81  81  81  81  81  81  81
[530]  81  81  81  81  81  81 379 379 379 379  10 317 317 317 317 317 317 317 139 139 139 139 139
[553] 139 139 139 258 258 258 258 258 258 258 258 258 258 258 258 258 258 258 466 466 466 466 466
[576] 466 466 466 466 466 290 290 571 571 571 571 571 571 571 571 571 571 571

$EXTANT
  [1]  TRUE FALSE FALSE FALSE FALSE FALSE FALSE FALSE FALSE FALSE  TRUE  TRUE  TRUE  TRUE  TRUE
 [16]  TRUE  TRUE  TRUE  TRUE  TRUE  TRUE FALSE FALSE FALSE  TRUE  TRUE  TRUE  TRUE FALSE FALSE
 [31] FALSE FALSE FALSE FALSE FALSE FALSE  TRUE FALSE  TRUE  TRUE FALSE FALSE  TRUE  TRUE  TRUE
 [46]  TRUE  TRUE  TRUE  TRUE  TRUE  TRUE FALSE FALSE  TRUE  TRUE FALSE  TRUE  TRUE FALSE FALSE
 [61]  TRUE  TRUE  TRUE  TRUE FALSE  TRUE FALSE FALSE FALSE  TRUE  TRUE  TRUE  TRUE  TRUE  TRUE
 [76]  TRUE  TRUE  TRUE  TRUE  TRUE FALSE  TRUE  TRUE  TRUE  TRUE  TRUE  TRUE  TRUE  TRUE  TRUE
 [91]  TRUE  TRUE  TRUE  TRUE  TRUE  TRUE  TRUE  TRUE FALSE FALSE FALSE  TRUE  TRUE  TRUE FALSE
[106] FALSE FALSE  TRUE  TRUE  TRUE  TRUE  TRUE  TRUE  TRUE  TRUE  TRUE  TRUE FALSE  TRUE  TRUE
[121]  TRUE  TRUE  TRUE  TRUE  TRUE  TRUE  TRUE  TRUE FALSE  TRUE FALSE FALSE  TRUE  TRUE  TRUE
[136]  TRUE FALSE FALSE FALSE  TRUE  TRUE FALSE  TRUE  TRUE FALSE FALSE  TRUE  TRUE  TRUE  TRUE
[151]  TRUE  TRUE  TRUE  TRUE FALSE  TRUE FALSE FALSE FALSE  TRUE  TRUE  TRUE  TRUE FALSE FALSE
[166]  TRUE  TRUE  TRUE  TRUE  TRUE  TRUE  TRUE FALSE FALSE  TRUE  TRUE  TRUE  TRUE  TRUE  TRUE
[181]  TRUE FALSE FALSE FALSE FALSE  TRUE  TRUE FALSE  TRUE  TRUE  TRUE  TRUE FALSE FALSE  TRUE
[196]  TRUE  TRUE  TRUE  TRUE  TRUE  TRUE  TRUE FALSE FALSE FALSE  TRUE  TRUE  TRUE  TRUE  TRUE
[211]  TRUE  TRUE  TRUE  TRUE  TRUE  TRUE FALSE FALSE  TRUE  TRUE  TRUE  TRUE  TRUE  TRUE  TRUE
[226]  TRUE  TRUE  TRUE  TRUE  TRUE  TRUE  TRUE  TRUE FALSE  TRUE  TRUE  TRUE  TRUE  TRUE  TRUE
[241]  TRUE  TRUE  TRUE  TRUE  TRUE  TRUE  TRUE  TRUE  TRUE  TRUE  TRUE  TRUE  TRUE  TRUE  TRUE
[256]  TRUE FALSE FALSE  TRUE  TRUE  TRUE  TRUE  TRUE  TRUE  TRUE  TRUE  TRUE  TRUE  TRUE  TRUE
[271]  TRUE  TRUE  TRUE  TRUE  TRUE  TRUE  TRUE  TRUE FALSE  TRUE  TRUE  TRUE  TRUE  TRUE  TRUE
[286]  TRUE  TRUE  TRUE  TRUE FALSE  TRUE  TRUE  TRUE  TRUE  TRUE  TRUE  TRUE  TRUE  TRUE FALSE
[301] FALSE  TRUE  TRUE  TRUE  TRUE  TRUE  TRUE  TRUE  TRUE  TRUE  TRUE  TRUE  TRUE  TRUE FALSE
[316] FALSE FALSE  TRUE  TRUE  TRUE  TRUE  TRUE  TRUE  TRUE  TRUE  TRUE  TRUE  TRUE  TRUE  TRUE
[331]  TRUE  TRUE FALSE FALSE  TRUE  TRUE FALSE  TRUE  TRUE  TRUE  TRUE  TRUE  TRUE  TRUE  TRUE
[346]  TRUE  TRUE FALSE  TRUE  TRUE  TRUE  TRUE  TRUE  TRUE FALSE  TRUE  TRUE  TRUE FALSE FALSE
[361]  TRUE  TRUE  TRUE  TRUE FALSE  TRUE  TRUE  TRUE  TRUE  TRUE  TRUE  TRUE  TRUE  TRUE  TRUE
[376] FALSE  TRUE FALSE FALSE FALSE  TRUE  TRUE  TRUE  TRUE  TRUE  TRUE  TRUE  TRUE  TRUE  TRUE
[391]  TRUE  TRUE  TRUE  TRUE  TRUE  TRUE  TRUE  TRUE  TRUE  TRUE  TRUE  TRUE  TRUE  TRUE  TRUE
[406]  TRUE  TRUE  TRUE  TRUE  TRUE  TRUE  TRUE  TRUE  TRUE  TRUE  TRUE  TRUE  TRUE  TRUE  TRUE
[421]  TRUE  TRUE  TRUE  TRUE  TRUE  TRUE  TRUE  TRUE  TRUE  TRUE  TRUE  TRUE  TRUE  TRUE  TRUE
[436]  TRUE  TRUE  TRUE  TRUE  TRUE  TRUE  TRUE  TRUE  TRUE  TRUE  TRUE  TRUE  TRUE  TRUE  TRUE
[451]  TRUE  TRUE FALSE  TRUE  TRUE  TRUE  TRUE  TRUE  TRUE  TRUE  TRUE  TRUE  TRUE  TRUE  TRUE
[466] FALSE  TRUE  TRUE  TRUE  TRUE  TRUE  TRUE  TRUE  TRUE  TRUE  TRUE  TRUE  TRUE  TRUE  TRUE
[481]  TRUE  TRUE  TRUE  TRUE  TRUE  TRUE  TRUE  TRUE  TRUE  TRUE  TRUE  TRUE  TRUE  TRUE  TRUE
[496]  TRUE  TRUE  TRUE  TRUE  TRUE  TRUE  TRUE  TRUE  TRUE  TRUE  TRUE  TRUE  TRUE  TRUE  TRUE
[511]  TRUE  TRUE  TRUE  TRUE  TRUE  TRUE  TRUE  TRUE  TRUE  TRUE  TRUE  TRUE  TRUE  TRUE  TRUE
[526]  TRUE  TRUE  TRUE  TRUE  TRUE  TRUE  TRUE  TRUE  TRUE  TRUE  TRUE  TRUE  TRUE  TRUE  TRUE
[541]  TRUE  TRUE  TRUE  TRUE  TRUE  TRUE  TRUE  TRUE  TRUE  TRUE  TRUE  TRUE  TRUE  TRUE  TRUE
[556]  TRUE  TRUE  TRUE  TRUE  TRUE  TRUE  TRUE  TRUE  TRUE  TRUE  TRUE  TRUE  TRUE  TRUE  TRUE
[571]  TRUE  TRUE  TRUE  TRUE  TRUE  TRUE  TRUE  TRUE  TRUE  TRUE  TRUE  TRUE  TRUE  TRUE  TRUE
[586]  TRUE  TRUE  TRUE  TRUE  TRUE  TRUE  TRUE  TRUE

