
Birth-death simulation object with 605 species and 500 extant species

Details for some species:

Extinction times (NA means extant)
[1] 84.87960 58.94554 92.82897 22.96281 58.04081       NA


Speciation times 
[1] 108.26555 100.37006  95.08244  93.92923  91.88227  64.36240


Species parents (NA for initial)
[1] NA  1  1  2  2  2


Species status (extinct or extant)
[1] "extinct" "extinct" "extinct" "extinct" "extinct" "extant" 


For more details on vector y, try sim$y, with y one of
TE TS PAR EXTANT



$TE
  [1] 84.879604 58.945545 92.828966 22.962808 58.040807        NA        NA 84.038032 56.934633
 [10] 11.212594 83.033878 65.886435        NA        NA        NA        NA        NA        NA
 [19]        NA        NA 71.147115  4.244541        NA 70.361846 49.266139        NA  2.479733
 [28] 46.830929 63.757001 74.353988 10.369812 64.740571 62.019217        NA        NA        NA
 [37]        NA        NA        NA        NA        NA        NA        NA        NA        NA
 [46]        NA        NA 58.179364 70.625196 49.399660 72.061539 65.551308 66.439614  6.971561
 [55]        NA        NA        NA        NA        NA 75.483603        NA        NA        NA
 [64]        NA        NA        NA        NA 37.299602        NA        NA        NA        NA
 [73]        NA        NA        NA 71.909082 23.065796        NA        NA        NA        NA
 [82] 46.358999 74.017365        NA 60.618909 53.091948        NA        NA        NA        NA
 [91]        NA        NA        NA        NA        NA        NA        NA        NA 63.773259
[100]  4.639519        NA        NA 33.227815 62.623459 61.286761 45.167706 59.034944 30.295205
[109]        NA        NA        NA 51.390103        NA        NA 40.052428        NA        NA
[118]        NA        NA 48.296229 71.481475 70.602308        NA        NA 75.119249 51.605272
[127] 43.528843 49.515013 55.835357 67.171202        NA        NA        NA        NA        NA
[136]        NA        NA 70.027385        NA 63.018352        NA        NA        NA        NA
[145]        NA        NA 64.431782 46.794074 12.280729        NA        NA        NA        NA
[154]        NA 74.814441 53.510232 21.786087        NA        NA 56.673794 69.891196 62.295230
[163]        NA        NA        NA        NA        NA        NA        NA        NA        NA
[172]        NA        NA        NA        NA        NA  9.374662 67.318461 49.109307 37.630567
[181] 56.408373 65.429668 25.519804        NA        NA        NA        NA        NA        NA
[190]        NA        NA        NA        NA 55.911326        NA 48.973272        NA 63.156306
[199] 63.151865 66.641711        NA        NA        NA        NA        NA        NA        NA
[208]        NA        NA        NA        NA        NA        NA        NA 15.094143        NA
[217]        NA 26.885978        NA        NA        NA        NA        NA        NA        NA
[226]        NA        NA        NA        NA        NA        NA        NA        NA        NA
[235]        NA 61.645219 47.884941        NA        NA        NA        NA        NA        NA
[244]  1.353974        NA        NA        NA        NA        NA 24.620996        NA        NA
[253]        NA        NA        NA 65.156699        NA        NA        NA 61.649653 53.806496
[262]        NA        NA        NA        NA        NA        NA        NA        NA        NA
[271]        NA        NA        NA 65.283340        NA        NA 64.382413 57.455645        NA
[280]        NA        NA        NA        NA 71.835500        NA        NA        NA 34.053596
[289] 47.947865        NA        NA        NA        NA        NA        NA        NA        NA
[298]        NA        NA        NA        NA        NA 59.620906        NA        NA        NA
[307]        NA        NA        NA        NA        NA        NA        NA        NA        NA
[316]        NA        NA        NA        NA        NA 45.261055 52.510167        NA        NA
[325]        NA        NA        NA        NA        NA        NA        NA        NA        NA
[334]        NA        NA        NA        NA        NA        NA        NA 53.559756        NA
[343]        NA        NA        NA        NA        NA        NA        NA        NA        NA
[352]        NA        NA        NA        NA        NA        NA 63.236902        NA        NA
[361]        NA        NA        NA        NA 61.342108        NA        NA        NA        NA
[370]        NA        NA        NA        NA        NA        NA        NA        NA        NA
[379] 23.639503        NA        NA 61.322001        NA        NA        NA        NA        NA
[388]        NA        NA        NA        NA        NA        NA        NA        NA        NA
[397]        NA        NA        NA        NA        NA        NA        NA        NA        NA
[406]        NA        NA        NA        NA        NA        NA        NA 61.321871        NA
[415]        NA        NA        NA        NA        NA        NA        NA        NA        NA
[424]        NA        NA        NA        NA        NA        NA        NA        NA        NA
[433]        NA        NA        NA        NA        NA        NA        NA        NA        NA
[442]        NA        NA        NA 53.349384        NA        NA        NA        NA        NA
[451]        NA        NA        NA        NA        NA        NA        NA        NA        NA
[460]        NA 21.885471        NA        NA        NA        NA        NA        NA        NA
[469]        NA        NA        NA        NA        NA        NA        NA        NA        NA
[478]        NA        NA        NA        NA        NA        NA        NA        NA        NA
[487]        NA        NA        NA        NA        NA        NA        NA        NA        NA
[496]        NA        NA        NA        NA        NA        NA        NA        NA        NA
[505]        NA        NA        NA        NA        NA        NA        NA        NA        NA
[514]        NA        NA        NA        NA        NA        NA        NA        NA        NA
[523]        NA        NA        NA        NA        NA        NA        NA        NA        NA
[532]        NA        NA        NA        NA        NA        NA        NA        NA        NA
[541]        NA        NA        NA        NA        NA        NA        NA        NA        NA
[550]        NA        NA        NA        NA        NA        NA        NA        NA        NA
[559]        NA        NA        NA        NA        NA        NA        NA        NA        NA
[568]        NA        NA        NA        NA        NA        NA        NA        NA        NA
[577]        NA        NA        NA 67.551245        NA        NA        NA        NA        NA
[586]        NA        NA        NA        NA        NA        NA        NA        NA        NA
[595]        NA        NA        NA        NA        NA        NA        NA        NA        NA
[604]        NA        NA

$TS
  [1] 108.26555396 100.37005686  95.08244050  93.92922703  91.88227217  64.36239792  61.94657633
  [8]  95.03244548  87.25464267  85.83290281  89.36159847  71.63027100  65.80208877  60.41360815
 [15]  57.67420302  55.87448472  54.17259308  54.00890349  53.03542528  50.14305375  87.94102337
 [22]  83.45630817  85.72550496  80.56928998  80.15850468  72.14261311  85.84134461  82.75670032
 [29]  79.61583967  74.67217489  74.49942243  70.42687787  69.24917799  83.18005145  64.02326213
 [36]  62.49696530  57.04808517  50.65587939  49.32139744  46.50382475  44.36818349  36.68647382
 [43]  33.77524356   6.98617828   4.63401618   4.37992824   3.23375020  83.20749457  82.67639687
 [50]  82.62222259  79.71539077  79.03423012  68.60569077  68.42415912  67.89724972  41.50947449
 [57]  39.42091808  38.71764437  19.33304647  76.33140867  61.57941393  44.63512289  22.01760565
 [64]  20.96806331  20.08998343  14.24500960   8.86185443  72.23447358  63.92477963  56.51309918
 [71]  40.80186928  35.42006006  31.83864207  22.13221087  12.78762017  79.05247872  78.06634250
 [78]  66.54995503  60.20512517  59.48627206  59.14995424  78.99107540  76.88420264  68.90309704
 [85]  67.65956586  67.02105208  62.41817238  56.94719839  54.53593449  54.15241027  45.07047146
 [92]  37.88904390  36.64017494  16.60104150   4.89256186   2.51952287   2.04579023   1.44500163
 [99]  76.61811951  70.70090546  56.14595499  48.24910338  78.90069382  77.21375339  74.53659178
[106]  73.11192928  71.23656119  73.64921228  64.81308211  52.63899039  51.87042599  80.04241720
[113]  50.21640926  71.72600802  67.91896396  59.27839123  55.12567824  54.08039464  53.42759201
[120]  73.38225873  73.16862279  72.38911214  65.48767357  76.72589054  76.35263254  74.15368821
[127]  72.88127151  71.84345608  69.86364382  68.03761286  57.94250370  56.29410196  48.96893836
[134]  48.18811236  48.01389367  47.16767509  46.88631271  76.63121974  70.01938087  69.07862810
[141]  58.47170415  56.06101982  55.00671878  53.68202032  51.15600417  45.83798598  75.10593724
[148]  74.33078982  67.98303963  58.58401717  43.09401959  38.55891367  29.45218128  28.31087221
[155]  76.63252004  73.00277035  69.44612461  64.77736300  76.31088601  75.48982830  73.42281430
[162]  70.69098616  65.55961866  62.99520623  57.01966842  53.22118023  47.92795349  38.97349427
[169]  38.14410063  34.32193713  31.85142731  31.15676520  21.89121910  10.62957872   5.89670525
[176]   0.97119113  75.61437487  74.49212127  73.99761541  73.22583119  76.09718044  75.40369037
[183]  72.84130820  55.90503501  53.64070776  49.84850483  31.56552718  26.68771581  19.49647904
[190]  19.11519297   7.69154495   6.97951416   5.42028759  74.19886114  70.40515278  69.18517301
[197]  57.73610116  73.14304786  70.92793285  70.92004586  64.52797211  64.33072277  63.99637340
[204]  51.74391272  47.47712181  46.79754368  46.13467154  43.24961072  41.37511306  27.96606377
[211]  23.99645124  13.80285873  64.40299216  57.98124778  70.20117326  67.23600411  62.20765973
[218]  68.40203973  63.17743486  61.84710996  55.92399719  52.22333277  45.51515355  40.43278805
[225]  37.88158983  37.52290275  34.12939882  33.93802808  31.18173346  29.58161515  26.96024750
[232]  24.64786895  19.85822534  17.50729388  14.47039749  69.22293810  68.92721775  61.56836984
[239]  56.76104542  48.93415389  57.95369410  56.96292780  56.13171401  72.34177099  64.55541053
[246]  61.13315552  59.36996059  56.35752189  55.16514165  70.00901786  64.28869105  59.56962814
[253]  55.62927389  62.85604485  41.08164780  67.27922151  63.99565896  60.08818968  57.20656032
[260]  71.39293824  68.33435297  62.50753020  61.68513982  60.09192629  38.50661093  38.47934504
[267]  71.15593259  63.92074088  59.33672904  56.57235528  50.92591628  47.01947868  45.61976087
[274]  72.04046127  57.91053082  54.18938629  72.27953070  67.74104752  65.60714140  65.53313877
[281]  63.33654409  61.98066462  54.80107716  72.60582970  63.44176887  58.68054281  27.72277777
[288]  72.10514980  70.25994665  59.04646122  58.55571577  57.76835096  55.91651405  54.38287021
[295]  52.04621128  49.25581258  48.77985667  41.90093510  35.10549267  31.51185609  26.04334294
[302]   8.55265758  69.58296586  66.84968944  59.01056832  56.01207572  43.42230522  53.95803433
[309]  51.80121992  50.39596608  37.57042510  26.23809716   9.08117370   5.43447353   0.04173899
[316]  63.50661914  57.25400801  53.14799643  50.65194984  41.48852867  69.47822813  67.85043731
[323]  65.46761163  65.42544601  60.92882890  59.64417053  58.19032429  54.91098072  38.61402648
[330]  31.22289579  28.16531776  18.81055613  15.22856075  13.94816435  13.58883788   7.72189225
[337]   1.59547528  64.84760212  64.66531175  64.26022420  68.13016854  66.80733393  66.38298152
[344]  64.44574297  64.71344756  55.28230875  55.20102437  47.81905895  37.70633559  35.45809067
[351]  31.75330112  30.95204564  23.83242715  16.94227288  14.33302459  11.88542068  63.79058944
[358]  70.59840832  64.27303051  63.91517543  49.67339730  44.58255873  36.37016228  33.71254900
[365]  68.16127363  66.45456069  70.13716517  63.51820430  64.26834328  59.25861427  56.58756468
[372]  54.70690641  51.76307481  44.41571325  34.28510033  11.45420222  10.09020801   4.49018740
[379]  69.26310652  62.45580862  51.82413919  68.58480554  66.40281651  58.86316811  56.53594667
[386]  52.87057493  46.69137533  40.40632235  27.28933523  23.80916636  22.46851507  58.82462729
[393]  56.24323767  53.94236824  47.98574794  47.62370392  46.86819857  46.86303410  46.85113339
[400]  46.10996154  44.32088035  40.81580447  39.88095687  39.81973003  37.83362257  34.29272208
[407]  33.35174082  28.52142433  25.30980855  18.49353722   3.34961183   2.34213237  68.44863048
[414]  66.17493980  58.83484212  57.45556482  49.71308375  43.38621915  42.82517102  17.54386796
[421]  10.06122147  68.69062136  66.72709418  62.01104861  54.77957781  43.84491416  42.30626184
[428]  37.74533602  37.69208359  32.23886841  66.64034850  65.83634091  58.79774707  58.20843282
[435]  57.70419415  57.47627263  57.21370405  55.22861789  48.74098344  62.55268561  55.89636530
[442]  54.82910777  38.29935073  29.01679721  68.95826439  60.06253264  59.08388741  54.43269047
[449]  45.02845021  44.82383453  42.34801392  41.71052366  39.99001671  36.97852613  33.46597594
[456]  29.39225927  26.62577158  25.12378297  68.27430328  67.94670078  67.55869286  64.47008563
[463]  50.91541941  50.02208415  66.25293162  62.05972215  60.59434996  59.17046705  66.45096472
[470]  65.47362231  64.19435003  61.49067409  59.28417404  52.01993780  51.22951457  60.49898212
[477]  60.30005958  59.28801218  49.56511116  47.92665693  46.48161402  38.01099305  34.17059553
[484]  30.95053467  30.34446242  16.66828099  10.49482285   8.18271276   0.84598428  57.03922125
[491]  54.55885800  49.01934460  48.64848498  46.72216312  42.52466208  41.46289988  30.75586270
[498]  26.03541253  20.69499377  15.54412808  12.71826103   5.04889615   1.45896207  64.53089578
[505]  66.31882676  63.69468517  62.94508263  67.01042035  64.13410961  53.44759301  46.92438176
[512]  37.99076185  36.45886248  35.35662594  34.48900227  24.91123225  20.67809235  10.84317558
[519]   8.03964875  62.48041106  52.89629204  52.23758573  50.09819199  47.93803018  47.55897551
[526]  40.07044870  36.93512867  35.59388240  57.81299571  63.84469366  62.78455319  62.20252939
[533]  61.68606677  59.72604335  58.93801981  57.69840688  53.10673947  52.75771856  48.60865304
[540]  46.32346926  44.72292880  42.68709516  35.10187845  29.57797999  29.44453471  14.71012565
[547]   9.67845889   1.35642683  63.36358392  49.73241656  49.02358972  48.31104553  47.79655781
[554]  45.72203724  45.45189197  42.13894435  41.33600015  35.91517399  33.33713552  14.20516072
[561]  61.32665962  43.83275111  41.01389013  37.61150152  34.96756876  34.47347264  33.82117220
[568]  17.91566689  16.61274102  13.68763255  10.94173478  62.17768753  54.20443725  49.43714995
[575]  37.95830238  36.80455469  10.50653735   8.38294599  63.80253263  67.57429207  65.46889278
[582]  64.76576358  61.68146938  49.69496753  36.02611315  22.03479566  62.06422511  59.73622876
[589]  58.37150957  45.04997259  44.60848433  41.64695395  35.77795287  23.48325477  18.82257583
[596]   5.11830097  65.74595965  61.79576848  60.77927192  57.50464632  55.03873960  20.90051782
[603]   8.43801070   6.32216809   4.19884005

$PAR
  [1]  NA   1   1   2   2   2   2   3   8   8   4   4   4   4   4   4   4   4   4   4  11  11  21
 [24]  21  21  21   9   9   9   9   9   9   9  27  27  27  27  27  27  27  27  27  27  27  27  27
 [47]  27  10  10  10  10  10  10  10  10  10  10  10  10  23  23  23  23  23  23  23  23  22  22
 [70]  22  22  22  22  22  22  48  48  48  48  48  48  34  34  34  34  34  34  34  34  34  34  34
 [93]  34  34  34  34  34  34  28  28  28  28  49  49  49  49  49  50  50  50  50  24  25 112 112
[116] 112 112 112 112  51  51  51  29  82  82  82  82  82  82  82  82  82  82  82  82  82  82 103
[139] 103 103 103 103 103 103 103 103  77  77  77  77  77  77  77  77 104 104 104 104 124 124 124
[162] 124 124 124 124 124 124 124 124 124 124 124 124 124 124 124 138 138 138 138 125 125 159 159
[185] 159 159 159 159 159 159 159 159 159 181 181 181 181 177 177 177 177 177 177 177 177 177 177
[208] 177 177 177 177 177 160 160 147 147 105  31  31  31  31  31  31  31  31  31  31  31  31  31
[231]  31  31  31  31  31 148 148 148 148 148 194 194 194 126 126 126 126 126 126 179 179 179 179
[254] 108 108 120 120 120 120 180 180 180 180 180 180 180 198 106 106 106 106 106 106 156 156 156
[277] 127 127 127 127 127 127 127 183 183 183 183 122 244 244 244 244 244 244 244 244 244 244 244
[300] 244 244 244 277 277  68  68  68  26  26  26  26  26  26  26  26 288 288 288 288 288 274 128
[323] 128 114 114 114 114 114 114 114 114 114 114 114 114 114 114 260 260 260 107 107 107 107 267
[346] 267 267 267 267 267 267 267 267 267 267 267 199 100 100 100 100 100 100 100 162 162 358 358
[369] 195 195 195 195 195 195 195 195 195 195 289 289 289 215 215 215 215 215 215 215 215 215 215
[392] 367 367 367 367 367 367 367 367 367 367 367 367 367 367 367 367 367 367 367 367 367 139 139
[415] 139 139 139 139 139 139 139 250 250 250 250 250 250 250 250 250 303 321 321 321 321 321 321
[438] 321 321 157 157 157 157 157 379 379 379 379 379 379 379 379 379 379 379 379 379 379 196 196
[461] 196 196 196 196 445 445 445 445 237 237 237 237 237 237 237  84  84  84  84  84  84  84  84
[484]  84  84  84  84  84  84 422 422 422 422 422 422 422 422 422 422 422 422 422 422 382 413 413
[507] 413  54  54  54  54  54  54  54  54  54  54  54  54 218 218 218 218 218 218 218 218 218 261
[530] 459 459 459 459 459 459 459 459 459 459 459 459 459 459 459 459 459 459 459 341 149 149 149
[553] 149 149 149 149 149 149 149 149 460 460 460 460 460 460 460 460 460 460 460  55  55  55  55
[576]  55  55  55 278  85  85  85 461 461 461 461 216 216 216 216 216 216 216 216 216 216  86  86
[599] 508 508 508 508 508 508 508

$EXTANT
  [1] FALSE FALSE FALSE FALSE FALSE  TRUE  TRUE FALSE FALSE FALSE FALSE FALSE  TRUE  TRUE  TRUE
 [16]  TRUE  TRUE  TRUE  TRUE  TRUE FALSE FALSE  TRUE FALSE FALSE  TRUE FALSE FALSE FALSE FALSE
 [31] FALSE FALSE FALSE  TRUE  TRUE  TRUE  TRUE  TRUE  TRUE  TRUE  TRUE  TRUE  TRUE  TRUE  TRUE
 [46]  TRUE  TRUE FALSE FALSE FALSE FALSE FALSE FALSE FALSE  TRUE  TRUE  TRUE  TRUE  TRUE FALSE
 [61]  TRUE  TRUE  TRUE  TRUE  TRUE  TRUE  TRUE FALSE  TRUE  TRUE  TRUE  TRUE  TRUE  TRUE  TRUE
 [76] FALSE FALSE  TRUE  TRUE  TRUE  TRUE FALSE FALSE  TRUE FALSE FALSE  TRUE  TRUE  TRUE  TRUE
 [91]  TRUE  TRUE  TRUE  TRUE  TRUE  TRUE  TRUE  TRUE FALSE FALSE  TRUE  TRUE FALSE FALSE FALSE
[106] FALSE FALSE FALSE  TRUE  TRUE  TRUE FALSE  TRUE  TRUE FALSE  TRUE  TRUE  TRUE  TRUE FALSE
[121] FALSE FALSE  TRUE  TRUE FALSE FALSE FALSE FALSE FALSE FALSE  TRUE  TRUE  TRUE  TRUE  TRUE
[136]  TRUE  TRUE FALSE  TRUE FALSE  TRUE  TRUE  TRUE  TRUE  TRUE  TRUE FALSE FALSE FALSE  TRUE
[151]  TRUE  TRUE  TRUE  TRUE FALSE FALSE FALSE  TRUE  TRUE FALSE FALSE FALSE  TRUE  TRUE  TRUE
[166]  TRUE  TRUE  TRUE  TRUE  TRUE  TRUE  TRUE  TRUE  TRUE  TRUE  TRUE FALSE FALSE FALSE FALSE
[181] FALSE FALSE FALSE  TRUE  TRUE  TRUE  TRUE  TRUE  TRUE  TRUE  TRUE  TRUE  TRUE FALSE  TRUE
[196] FALSE  TRUE FALSE FALSE FALSE  TRUE  TRUE  TRUE  TRUE  TRUE  TRUE  TRUE  TRUE  TRUE  TRUE
[211]  TRUE  TRUE  TRUE  TRUE FALSE  TRUE  TRUE FALSE  TRUE  TRUE  TRUE  TRUE  TRUE  TRUE  TRUE
[226]  TRUE  TRUE  TRUE  TRUE  TRUE  TRUE  TRUE  TRUE  TRUE  TRUE FALSE FALSE  TRUE  TRUE  TRUE
[241]  TRUE  TRUE  TRUE FALSE  TRUE  TRUE  TRUE  TRUE  TRUE FALSE  TRUE  TRUE  TRUE  TRUE  TRUE
[256] FALSE  TRUE  TRUE  TRUE FALSE FALSE  TRUE  TRUE  TRUE  TRUE  TRUE  TRUE  TRUE  TRUE  TRUE
[271]  TRUE  TRUE  TRUE FALSE  TRUE  TRUE FALSE FALSE  TRUE  TRUE  TRUE  TRUE  TRUE FALSE  TRUE
[286]  TRUE  TRUE FALSE FALSE  TRUE  TRUE  TRUE  TRUE  TRUE  TRUE  TRUE  TRUE  TRUE  TRUE  TRUE
[301]  TRUE  TRUE FALSE  TRUE  TRUE  TRUE  TRUE  TRUE  TRUE  TRUE  TRUE  TRUE  TRUE  TRUE  TRUE
[316]  TRUE  TRUE  TRUE  TRUE  TRUE FALSE FALSE  TRUE  TRUE  TRUE  TRUE  TRUE  TRUE  TRUE  TRUE
[331]  TRUE  TRUE  TRUE  TRUE  TRUE  TRUE  TRUE  TRUE  TRUE  TRUE FALSE  TRUE  TRUE  TRUE  TRUE
[346]  TRUE  TRUE  TRUE  TRUE  TRUE  TRUE  TRUE  TRUE  TRUE  TRUE  TRUE  TRUE FALSE  TRUE  TRUE
[361]  TRUE  TRUE  TRUE  TRUE FALSE  TRUE  TRUE  TRUE  TRUE  TRUE  TRUE  TRUE  TRUE  TRUE  TRUE
[376]  TRUE  TRUE  TRUE FALSE  TRUE  TRUE FALSE  TRUE  TRUE  TRUE  TRUE  TRUE  TRUE  TRUE  TRUE
[391]  TRUE  TRUE  TRUE  TRUE  TRUE  TRUE  TRUE  TRUE  TRUE  TRUE  TRUE  TRUE  TRUE  TRUE  TRUE
[406]  TRUE  TRUE  TRUE  TRUE  TRUE  TRUE  TRUE FALSE  TRUE  TRUE  TRUE  TRUE  TRUE  TRUE  TRUE
[421]  TRUE  TRUE  TRUE  TRUE  TRUE  TRUE  TRUE  TRUE  TRUE  TRUE  TRUE  TRUE  TRUE  TRUE  TRUE
[436]  TRUE  TRUE  TRUE  TRUE  TRUE  TRUE  TRUE  TRUE  TRUE FALSE  TRUE  TRUE  TRUE  TRUE  TRUE
[451]  TRUE  TRUE  TRUE  TRUE  TRUE  TRUE  TRUE  TRUE  TRUE  TRUE FALSE  TRUE  TRUE  TRUE  TRUE
[466]  TRUE  TRUE  TRUE  TRUE  TRUE  TRUE  TRUE  TRUE  TRUE  TRUE  TRUE  TRUE  TRUE  TRUE  TRUE
[481]  TRUE  TRUE  TRUE  TRUE  TRUE  TRUE  TRUE  TRUE  TRUE  TRUE  TRUE  TRUE  TRUE  TRUE  TRUE
[496]  TRUE  TRUE  TRUE  TRUE  TRUE  TRUE  TRUE  TRUE  TRUE  TRUE  TRUE  TRUE  TRUE  TRUE  TRUE
[511]  TRUE  TRUE  TRUE  TRUE  TRUE  TRUE  TRUE  TRUE  TRUE  TRUE  TRUE  TRUE  TRUE  TRUE  TRUE
[526]  TRUE  TRUE  TRUE  TRUE  TRUE  TRUE  TRUE  TRUE  TRUE  TRUE  TRUE  TRUE  TRUE  TRUE  TRUE
[541]  TRUE  TRUE  TRUE  TRUE  TRUE  TRUE  TRUE  TRUE  TRUE  TRUE  TRUE  TRUE  TRUE  TRUE  TRUE
[556]  TRUE  TRUE  TRUE  TRUE  TRUE  TRUE  TRUE  TRUE  TRUE  TRUE  TRUE  TRUE  TRUE  TRUE  TRUE
[571]  TRUE  TRUE  TRUE  TRUE  TRUE  TRUE  TRUE  TRUE  TRUE FALSE  TRUE  TRUE  TRUE  TRUE  TRUE
[586]  TRUE  TRUE  TRUE  TRUE  TRUE  TRUE  TRUE  TRUE  TRUE  TRUE  TRUE  TRUE  TRUE  TRUE  TRUE
[601]  TRUE  TRUE  TRUE  TRUE  TRUE

