
Birth-death simulation object with 704 species and 500 extant species

Details for some species:

Extinction times (NA means extant)
[1]        NA 45.592903 43.163437        NA  6.210804 41.546969


Speciation times 
[1] 84.828785 67.368400 55.949149 44.476667  7.904662 61.477992


Species parents (NA for initial)
[1] NA  1  1  1  1  2


Species status (extinct or extant)
[1] "extant"  "extinct" "extinct" "extant"  "extinct" "extinct"


For more details on vector y, try sim$y, with y one of
TE TS PAR EXTANT



$TE
  [1]          NA 45.59290254 43.16343696          NA  6.21080375 41.54696906  1.62224431
  [8] 20.17813316 16.79432438 42.78441152 27.77168791 39.92445083 51.83663126 15.36589486
 [15]          NA          NA  3.37473973          NA 16.50115637          NA 47.72756124
 [22]          NA          NA 31.69746596 19.79944355          NA          NA          NA
 [29]          NA 35.18289843  9.28352366  7.12065860          NA          NA          NA
 [36]          NA          NA  1.53789515  3.00219870 13.06861043 42.37248797          NA
 [43] 33.56990253          NA          NA          NA          NA 44.48787961 38.72674682
 [50] 41.39675501          NA          NA          NA          NA          NA 18.83413371
 [57]          NA 14.39551839          NA          NA 29.19840863          NA 18.21862702
 [64] 11.43602442          NA          NA          NA          NA 15.90010546          NA
 [71] 24.64101879  1.87989168 32.35602204 30.01499154 17.57345479          NA 19.90653744
 [78] 16.32822484          NA          NA 10.20206108 14.75102961          NA          NA
 [85]          NA          NA  7.30063170          NA          NA  2.66268110 31.86575316
 [92] 26.17191439          NA          NA          NA  3.70932605          NA  2.57965783
 [99]          NA  7.42170539          NA          NA          NA          NA 35.18909770
[106] 13.69031569          NA          NA  8.06162699 36.45152490          NA 11.29019299
[113]          NA  2.27041209 38.21639369 10.83552102 15.21760771          NA 38.15798819
[120]          NA          NA          NA 33.97939949          NA 19.95148781          NA
[127]  7.78194521          NA          NA 16.51736866          NA          NA  6.04043459
[134]  8.87172936          NA  2.72846717          NA  7.41209017 14.15461649          NA
[141]          NA          NA 14.33140795  6.16190258          NA          NA          NA
[148] 21.61079213          NA          NA          NA          NA  8.86501391 26.72731765
[155]          NA 21.63886962          NA 21.09652891          NA 10.57801305 28.69237895
[162] 18.19018078          NA          NA          NA 20.80534954 10.26119856 16.67734609
[169]          NA          NA          NA 14.22770825          NA          NA          NA
[176]          NA 19.14531182          NA          NA          NA 13.54229873          NA
[183]          NA 30.57642464  6.51042068 21.80172900  1.58308776          NA          NA
[190]  6.82444687          NA 21.11176639 13.39723877 12.85936531          NA          NA
[197]          NA          NA  6.02249000  6.64754289          NA 10.13325808          NA
[204]          NA          NA          NA  5.76659252 19.01713313          NA 17.66546760
[211]          NA          NA  1.98466607          NA          NA          NA          NA
[218]          NA          NA 20.91785839          NA          NA          NA          NA
[225] 22.07138131          NA          NA 20.72186022          NA  7.32084603          NA
[232]          NA          NA          NA  7.08955110          NA          NA 20.45051778
[239]          NA 21.62463077          NA          NA 13.97490687          NA 12.49461784
[246]          NA          NA          NA          NA 16.34379456  5.76824984 12.76491617
[253]          NA  2.96347388 15.76499155          NA 12.37603368          NA  0.06488878
[260] 17.30378974 19.84123723          NA          NA          NA          NA          NA
[267]          NA 18.13472933  8.05825305  1.94056697  0.70094953          NA          NA
[274]          NA          NA  7.51930704          NA          NA          NA          NA
[281]  9.50264570          NA          NA          NA 21.84221764          NA 11.62092936
[288]          NA 11.90391505 15.02547291          NA          NA  2.39826662          NA
[295]          NA  7.66128239          NA          NA  4.57829973          NA          NA
[302]          NA          NA  9.37403321          NA          NA          NA          NA
[309]          NA          NA          NA          NA          NA  0.36019298  2.38280223
[316]  7.97935764          NA  0.02064379          NA          NA          NA          NA
[323]          NA  1.21690086          NA          NA          NA          NA          NA
[330]  1.34823552  2.22175246  6.94398680          NA  6.05551917          NA          NA
[337]  3.84235311          NA          NA          NA 18.07368780 17.83512312          NA
[344]  5.81700164          NA          NA          NA          NA 18.81204045  6.17668409
[351]          NA          NA          NA 14.82751324          NA          NA          NA
[358]          NA          NA 13.17851029          NA          NA          NA  8.28288905
[365]  4.69838535          NA          NA 10.36188342          NA          NA          NA
[372]          NA 13.87476267          NA          NA          NA  2.60243760 14.11478296
[379]          NA 11.48891441          NA          NA          NA  4.77778804          NA
[386]          NA          NA          NA          NA  1.06562410          NA          NA
[393]  5.29803710  7.78226168          NA          NA          NA          NA          NA
[400]          NA  4.61777178          NA          NA  2.47013124  6.50906039          NA
[407]          NA          NA          NA          NA          NA  0.24880391          NA
[414] 10.15437829          NA          NA          NA          NA          NA  8.30762309
[421]          NA 12.75845137  6.79143754          NA          NA  1.95217785          NA
[428]          NA          NA          NA 13.85538599  6.11040504          NA          NA
[435]          NA          NA          NA          NA          NA  0.27340191  0.45588092
[442]          NA          NA          NA          NA  1.42205694          NA          NA
[449]          NA          NA          NA          NA          NA 11.43814979          NA
[456]          NA          NA          NA          NA          NA          NA          NA
[463] 11.74295310          NA          NA          NA  8.21522779          NA          NA
[470]          NA  5.60531698  1.04266488          NA          NA          NA          NA
[477]          NA          NA          NA  1.62290087  5.38590780          NA          NA
[484]          NA          NA          NA          NA  3.68923341          NA          NA
[491]  3.41863849          NA          NA  8.37049936  0.66695888  4.22666204          NA
[498]          NA          NA          NA  4.83351047          NA          NA  2.39423006
[505]          NA          NA          NA          NA  7.32680527          NA          NA
[512]          NA          NA          NA          NA          NA          NA          NA
[519]          NA          NA          NA          NA          NA          NA          NA
[526]          NA          NA          NA          NA          NA          NA          NA
[533]          NA          NA          NA          NA          NA  2.22967063          NA
[540]          NA          NA          NA          NA          NA          NA          NA
[547]          NA  5.08686419          NA  0.76157927          NA          NA          NA
[554]          NA          NA          NA          NA          NA          NA  1.24232750
[561]  1.20124027          NA          NA  2.15060141          NA          NA          NA
[568]          NA          NA          NA          NA          NA          NA          NA
[575]          NA          NA          NA          NA          NA          NA          NA
[582]          NA          NA          NA          NA          NA          NA          NA
[589]          NA          NA          NA          NA          NA          NA          NA
[596]          NA  5.82181464          NA          NA          NA          NA          NA
[603]          NA          NA          NA          NA          NA          NA          NA
[610]          NA  5.24696828          NA          NA          NA          NA          NA
[617]          NA          NA          NA          NA          NA          NA          NA
[624]          NA  4.06761924          NA          NA          NA          NA          NA
[631]          NA          NA          NA          NA          NA  0.36568312          NA
[638]  1.18787305  1.59213440          NA          NA          NA          NA          NA
[645]          NA          NA          NA          NA          NA          NA          NA
[652]          NA          NA          NA          NA          NA          NA  0.57165417
[659]          NA          NA          NA          NA          NA  2.93939493          NA
[666]          NA  1.40971361          NA          NA          NA          NA          NA
[673]          NA          NA          NA          NA          NA          NA          NA
[680]          NA          NA          NA          NA          NA          NA          NA
[687]          NA          NA          NA          NA          NA          NA          NA
[694]          NA          NA          NA          NA          NA          NA          NA
[701]          NA          NA          NA          NA

$TS
  [1] 84.828784616 67.368400304 55.949149237 44.476666975  7.904662004 61.477991661 57.362372025
  [8] 46.693249629 46.384712230 60.640183233 59.280968236 53.544481445 53.029031234 43.861435530
 [15] 50.989459998 50.450211687 49.701628576 37.892967503 30.323778856 56.577160798 55.944264566
 [22] 55.943988254 45.359892814 40.228761175 25.289611893 21.791606389  5.364992841  5.181424572
 [29]  4.428784107 54.382131605 40.568153097 25.588973894 17.034815261 11.152176111  4.044421668
 [36]  2.651464233 45.314296226  8.963297412  4.032358655 52.418867128 51.726640689 43.356389422
 [43] 39.023000675 27.982384305 22.264645466 17.044275406 13.521281335 46.485696083 48.511225854
 [50] 48.243866265 34.022788425 30.257644869 22.884153167 22.388107089 12.021490166 42.754660434
 [57] 42.716099572 37.826885351  7.941325004 49.637239219 33.488278332  4.905157384 29.625486935
 [64] 26.913186316 26.778611514 21.504635588 17.977706954 17.195417466 43.011624585 40.527450466
 [71] 39.851130094 42.262517806 42.170090901 41.989068696 41.401092643 25.768666520 22.120226958
 [78] 18.392992651 44.234519764 27.583812508 21.530725225 19.785086816  7.672787277  5.167136530
 [85]  1.678958934 33.198423725 12.604885442  8.374197619  6.303844560 41.052001798 36.326064200
 [92] 33.629650290 31.060477936  5.559309586 42.020925455 40.853543285 23.321263683 22.709468645
 [99] 31.904228136 13.813652967  4.433366464  2.817987951  1.769660167 38.647630725 36.203651697
[106] 24.454087269 34.997289841 23.453155010 14.074656600 40.330904024 16.842488959 13.399256404
[113] 12.186001424 11.068474350 40.953390942 39.141904320 16.902006460 14.231476465 41.148180301
[120] 31.824877690 18.639025121  8.804767654 38.765664914 35.565080185 34.576667057 32.671610209
[127]  7.932220053  6.402869060 38.561473577 29.600358946 24.449946820 14.917658685 14.442907670
[134] 13.151280569  5.508592535  3.739966509 37.028530096 36.837106194 35.951972994 37.559857376
[141] 27.177702845 26.916671563 17.353418759 10.674274145  0.317569321 27.142618768 18.645172831
[148] 24.634766591 17.220837396 33.508066001 11.858426913  8.020992068 30.270331744 36.750612427
[155] 32.488577469 29.035872645 27.400669635 22.718421614 21.199906075 29.650959755 35.008191994
[162] 29.131272640 23.470139629 22.046931370 20.842509942 30.613655738 31.518088722 30.943644017
[169] 17.238681353 23.321050605 20.718419400 20.020454817 19.659557721 18.124730221 13.668794522
[176] 11.665127591 33.453687513 10.201563504 27.776978025 25.750474175 24.690661717 22.496698631
[183]  1.642137958 31.731409809 27.848506602 26.534075410 18.490527840 14.159142626  3.389993776
[190] 29.883075841 28.043560573 26.417459809 20.579323215 18.477927484  3.463189790  3.344436759
[197] 24.409975281  4.133348226 26.478343855 17.440460965 26.214714926 16.847984987 11.118598428
[204]  3.219523222  2.158271143 22.001617152 26.477450123 24.052898160 16.970455854 26.498461301
[211] 17.401281615  8.986481057 14.853434388 11.927443102 18.290090515 12.217739416 12.051625715
[218] 25.489931096 28.641346901 24.961131070 11.594171473 10.570425619  5.470743710  5.347303148
[225] 24.158806489 24.084973834 15.567144739 26.447631203 19.854590928  8.656718154 19.505278808
[232] 14.713633568 21.680258619 20.987112998  7.654655940  1.182332511 26.264209778 26.065006694
[239] 12.654401232 24.853929490  9.193130829 19.172785473 14.245503657 13.455220112 12.551881965
[246]  5.646003392  5.100663931  6.061035443  4.158574396 25.860080587 23.591233094 17.565424775
[253] 23.803493255 15.165663478 25.963261620 25.419870735 23.779007567  6.026859240  1.455109684
[260] 21.306257737 25.344869146 23.894122729 25.249671918 14.586270537 13.945672271 12.313578013
[267]  5.463845135 24.759868271 16.233760221 14.868086933 12.496443964  9.285585857  1.192439315
[274] 11.690084193  9.683013623 23.119124927 18.219154331 11.924144731  4.900033991  1.767248083
[281] 19.802349437 18.198274229 15.305450757 12.246485265 23.642632097 12.609604040 20.791028585
[288]  0.143110693 22.903161943 19.212867832 18.666582555 19.585191905 23.093814896 15.311868106
[295] 14.277644371  8.690816387  1.926664952 18.822704553 22.153763011 16.243380204 10.723574575
[302]  9.909093295 11.098950188 16.279858090  3.931165936  8.982758434 12.185542753  5.059321758
[309]  0.628852303  0.105818282 21.379756380 18.797827557  9.452584217  2.281625061 19.409507494
[316] 17.766226059 21.317713835  8.793497428  6.661334145  5.905396449  4.990257111 21.480489615
[323] 12.803464129  1.513352908  0.105485699 16.350144619 11.401077561 20.923382988 15.962970690
[330]  8.206869443  2.874260815 17.024997961  7.859842214 19.628079857 17.875426818 17.730286378
[337]  6.592998482 19.690350984  9.508322004  9.221854714 21.015894704 18.932347069  0.518401894
[344] 16.661375128  0.172530787 16.373925548 12.897991076  7.946389832 19.841842084 12.418932538
[351]  2.182613516 19.422299691 18.777117924 15.126358590  4.913283553  4.232195481 18.816322677
[358] 18.196018903  0.477561977 17.679685131 16.703809337  9.840385574  7.884585296 17.525687823
[365] 12.727839105  5.521317237 14.206457910 11.604833566  9.827734206  7.239853071  1.545808066
[372] 14.981715980 16.859662777 16.585681847  6.080515487  3.623582641 18.166617299 17.367093315
[379] 13.888245517 15.254040282 12.692438705  7.953476961 17.999384924 17.208420352 12.721959736
[386]  7.205890196  1.575000837  1.275826392  2.544949636  5.055091571  9.297513348  1.559752022
[393] 14.081837145 12.445540537  0.131987955  8.277060324  7.562076008 14.302112640  6.930819493
[400]  6.434351250 17.785307091  6.787339866 17.007498209 12.976312548 11.487866747  8.623101595
[407] 15.430032681  4.121945891 12.670958034 16.599379449 14.870719182  7.668521474  2.934466158
[414] 12.364132985  7.688906437  3.314077863  0.004323916 12.060467297 16.812107139 10.756264879
[421]  0.865403714 13.080564430 14.130604389 13.540752244  7.939240041 10.203420345  8.805452086
[428]  5.316278696 12.158985332  7.395785115 14.955723653  6.187048047 15.278061308  5.606854154
[435]  9.760749576  6.976337776  9.686051118 12.658682978  7.807054026  7.517049904 11.298681196
[442] 10.172931974  1.583479534  0.380702187  0.273689624  6.647274317 14.479290925  1.750161831
[449] 15.137374020 11.947915615  8.423371716 15.063852212  9.768101126 14.505737099  9.380377066
[456]  3.306109483  3.657337595  1.966287802  0.823387228  3.503210588  1.209051208  3.708813258
[463] 13.617526679  7.413929110  3.858588240  0.815085950 11.534067623 14.389992710  8.325646338
[470]  7.541311147 10.355503451  4.643357991  0.742458113  7.240482007 14.177192309  1.263225673
[477] 12.626088889  8.292322628  2.835186607  7.690922941 11.045303363 10.701143292  0.109911256
[484] 12.934594737  6.783052269  3.650958399  4.757544053 13.084117396  1.157286081 13.083143676
[491] 12.880241632 11.188394202  8.951590623 12.502656674  6.802022216  4.867159190  6.363161025
[498]  5.707511376  3.921575061  1.546615273  6.856278664 12.486239996  3.263465295 10.746676645
[505]  3.569120963 10.466908093 10.173442420  7.372039695  9.245920094  6.875058031  5.897192031
[512]  4.963661206  6.583926097  6.437433139  2.701925021 11.724428908  7.077181531 12.063400212
[519]  5.397331014  3.742652472  1.803056208 10.741608086  1.421576336 10.715957165  3.667684144
[526]  9.736150066  4.463957530  4.057095852 11.152669178 10.830601831  8.347703530  1.740598948
[533]  4.609265440  4.230546300  3.481320608  2.401265512  2.038236423  7.222600619  3.026003467
[540] 11.462040887  5.678985371  1.236039713  9.709926657  8.342607157  8.186923110  4.177167749
[547]  4.148810152 10.221972562  9.384805881  8.873805723  2.597091272  2.191508830  1.527300196
[554]  1.928166055  9.193481405  3.082879654  2.992597153  7.818542684  7.562664435  4.496535349
[561]  8.101649302  2.378120137  1.944608085  9.857875781  9.945733521  1.355849682  8.823187609
[568]  7.505362067  8.212580596  6.850062733  2.895155477  5.771119665  6.842552323  8.674667965
[575]  7.958439918  1.308077330  6.699520279  7.969806105  0.031194580  4.872517210  0.854564889
[582]  0.509648906  8.073851974  3.413771378  4.021251850  6.592742796  4.033797462  0.949550095
[589]  8.158732165  2.925335259  2.382932373  8.544035639  8.328477220  5.455891733  5.719384347
[596]  0.280882624  6.460419073  0.144735915  6.785206623  0.291345158  3.614627419  0.447668285
[603]  5.826818565  7.722427684  3.702327130  0.323728589  5.298171655  7.371305050  5.220310534
[610]  4.271554509  7.712838607  6.905826556  5.876896793  7.669955485  6.864139251  4.075979065
[617]  3.702936200  4.869050412  1.779917197  6.443962833  0.827482385  4.918735655  1.726155681
[624]  6.171818506  5.293170196  3.121949059  4.386829111  3.680842574  0.226242870  5.274293732
[631]  2.809836807  1.159559026  6.326035773  1.577755026  6.184153939  4.182561706  3.957998617
[638]  4.006090221  5.012532906  2.917604158  2.177457207  1.154423894  4.964872414  3.478237534
[645]  3.413606046  0.716906515  0.615985409  2.699190186  1.994569031  0.608564374  0.741634784
[652]  3.324509189  1.312446245  0.045577190  4.262398610  3.895264606  2.308083059  3.422370237
[659]  2.435319074  2.476155863  3.523880326  3.228954551  2.236571745  3.982936177  2.165875196
[666]  0.680082476  1.682316713  3.211530324  0.591091919  2.419961806  0.701016912  0.516011836
[673]  2.598056379  2.137935627  1.915416126  2.376961099  1.436641179  0.243176564  1.623991326
[680]  0.081399562  3.542914478  3.017051772  0.554493471  0.133117238  2.564288594  0.996820825
[687]  0.060491205  1.352467672  1.707954394  1.636177623  0.647158051  1.431139314  0.201915575
[694]  2.514102456  0.624876170  0.775132274  1.767117268  0.181201127  0.435000194  0.403528218
[701]  1.626121799  0.105531687  0.227585115  0.196772359

$PAR
  [1]  NA   1   1   1   1   2   2   2   2   6   6   6   6  10  11  11  11  11  11   7   7   7   7
 [24]   7   7   7   7   7   7  20  20  20  20  20  20  20   3  22  22  30  30  30  40  40  40  40
 [47]  40  41  15  15  15  15  15  15  15  16  16  16  16  17  17  17  60  60  60  60  60  60  50
 [70]   8   9  23  23  23  23  23  23  23  37  37  37  37  37  37  37   4   4   4   4  79  79  79
 [93]  79  79  14  14  14  14  42  42  42  42  42  69  69  69  57  57  57  72  72  72  72  72  73
[116]  73  95  95  74  75  90  90 115  96  96  96  96  96  70  70  70  70  70  70  70  70 110  71
[139] 116 104 129 129 129 129 129  18  18  58  58 140 140 140 137 138 138 138 138 138 138 154  91
[162] 139 139 139 139 161 107 107 107 125 125 125  51  51  51  51  92 150 177 177 177 177  86 126
[185] 126 126 126 126 126 155 155 155 155 155 155 155  99  99 120 120  93  93  93  93  93 166  19
[208]  19  19 153 153 153  52  52 190 190 190  63 130 162 219 219 219 219 191 191 191  44  44  44
[231] 185 185 179  80  80  80 157 141 141 146 146 142 142 142 142 142 142  65  65 186 199 199 207
[254] 207 228 228 228 237 237 201 238 238 255  76  76  76  76 180 180 180 180 180 180  32  32 256
[277] 256 256 256 256 268 106 106 131 197 197 226 226 262 262 262 257 251 251 108 108 108  97 170
[300] 276 276 276 293 289  53  98 182 182 182 182  54  45  45  45 299 299 206 206 206 206  26 233
[323] 233 233 233  81  81  66  66  66  66 322 322 311 311 311 311 317 317 317 159 159 159 234 234
[346] 328 328 165 287 287 171 193 193 229 229 338 173 173 173 334 292 292 292 231 352 352 242 242
[369] 298 298 298 312 291 291 291 291 147 147 147 121 121 121 187 187 187 187 215 215 277 282 358
[392] 358 174 174 174 383 383  67  67  67 335 335 401 316 336 364 200 169 149 384 384  68  68  46
[415]  46  33 403 209 117 202 419 361 344 344 344 410 410 410 374 374 346 346 326 326 300 300 269
[438] 329 329 329 227 227 227 407 407 294 283 283 433 433 433 254 254 449 449 449 452 452 372 132
[461] 411 270 232 264 264 264 447 133 468 468 398 398 398 295 243 118 367 367 367 393 109 109 265
[484] 379 379 379 424  47 244 112 134 134 134 365 365 365 381 381 381 381 409 438 438 477 477 286
[507]  87  87 494 271 271 502 266 284 284 216 216 307 307 307 307 429 518 418 418 217 217 217  55
[530]  55  55  55 450 450 450 450 450 214 214 278 516 516 274 274 274 274 221 405 540 492 492  34
[553]  34 203 303 303 303 114 530 504 522 301 524 144 222 222 506 471 548 548 426 507 565 302 302
[576] 435 543 275 275 339 313 313 391 340 212 306 306 306 122 318 318 230 592 592  88  88 531 544
[599] 593 593 478 396 569 589 583 583 348  59  59 425   5 363 363 558 558  83 614 412 397 470 440
[622] 464 608 370 538 386 517 399 612 501 570 570 573 573 495 485 577 319 514 514 400 400 497 633
[645] 624 375 248 320 320 572 541 366 366 366 224 224 609  28 390 321 279 279 533 527 527 101  29
[668] 655 356 636 198 408 616 616 528 585 637 305 499 499 465 520 605 605 601 460 460 645 196 652
[691] 204 102 102 648 648 694 552 552 674 297 183 647 600 600

$EXTANT
  [1]  TRUE FALSE FALSE  TRUE FALSE FALSE FALSE FALSE FALSE FALSE FALSE FALSE FALSE FALSE  TRUE
 [16]  TRUE FALSE  TRUE FALSE  TRUE FALSE  TRUE  TRUE FALSE FALSE  TRUE  TRUE  TRUE  TRUE FALSE
 [31] FALSE FALSE  TRUE  TRUE  TRUE  TRUE  TRUE FALSE FALSE FALSE FALSE  TRUE FALSE  TRUE  TRUE
 [46]  TRUE  TRUE FALSE FALSE FALSE  TRUE  TRUE  TRUE  TRUE  TRUE FALSE  TRUE FALSE  TRUE  TRUE
 [61] FALSE  TRUE FALSE FALSE  TRUE  TRUE  TRUE  TRUE FALSE  TRUE FALSE FALSE FALSE FALSE FALSE
 [76]  TRUE FALSE FALSE  TRUE  TRUE FALSE FALSE  TRUE  TRUE  TRUE  TRUE FALSE  TRUE  TRUE FALSE
 [91] FALSE FALSE  TRUE  TRUE  TRUE FALSE  TRUE FALSE  TRUE FALSE  TRUE  TRUE  TRUE  TRUE FALSE
[106] FALSE  TRUE  TRUE FALSE FALSE  TRUE FALSE  TRUE FALSE FALSE FALSE FALSE  TRUE FALSE  TRUE
[121]  TRUE  TRUE FALSE  TRUE FALSE  TRUE FALSE  TRUE  TRUE FALSE  TRUE  TRUE FALSE FALSE  TRUE
[136] FALSE  TRUE FALSE FALSE  TRUE  TRUE  TRUE FALSE FALSE  TRUE  TRUE  TRUE FALSE  TRUE  TRUE
[151]  TRUE  TRUE FALSE FALSE  TRUE FALSE  TRUE FALSE  TRUE FALSE FALSE FALSE  TRUE  TRUE  TRUE
[166] FALSE FALSE FALSE  TRUE  TRUE  TRUE FALSE  TRUE  TRUE  TRUE  TRUE FALSE  TRUE  TRUE  TRUE
[181] FALSE  TRUE  TRUE FALSE FALSE FALSE FALSE  TRUE  TRUE FALSE  TRUE FALSE FALSE FALSE  TRUE
[196]  TRUE  TRUE  TRUE FALSE FALSE  TRUE FALSE  TRUE  TRUE  TRUE  TRUE FALSE FALSE  TRUE FALSE
[211]  TRUE  TRUE FALSE  TRUE  TRUE  TRUE  TRUE  TRUE  TRUE FALSE  TRUE  TRUE  TRUE  TRUE FALSE
[226]  TRUE  TRUE FALSE  TRUE FALSE  TRUE  TRUE  TRUE  TRUE FALSE  TRUE  TRUE FALSE  TRUE FALSE
[241]  TRUE  TRUE FALSE  TRUE FALSE  TRUE  TRUE  TRUE  TRUE FALSE FALSE FALSE  TRUE FALSE FALSE
[256]  TRUE FALSE  TRUE FALSE FALSE FALSE  TRUE  TRUE  TRUE  TRUE  TRUE  TRUE FALSE FALSE FALSE
[271] FALSE  TRUE  TRUE  TRUE  TRUE FALSE  TRUE  TRUE  TRUE  TRUE FALSE  TRUE  TRUE  TRUE FALSE
[286]  TRUE FALSE  TRUE FALSE FALSE  TRUE  TRUE FALSE  TRUE  TRUE FALSE  TRUE  TRUE FALSE  TRUE
[301]  TRUE  TRUE  TRUE FALSE  TRUE  TRUE  TRUE  TRUE  TRUE  TRUE  TRUE  TRUE  TRUE FALSE FALSE
[316] FALSE  TRUE FALSE  TRUE  TRUE  TRUE  TRUE  TRUE FALSE  TRUE  TRUE  TRUE  TRUE  TRUE FALSE
[331] FALSE FALSE  TRUE FALSE  TRUE  TRUE FALSE  TRUE  TRUE  TRUE FALSE FALSE  TRUE FALSE  TRUE
[346]  TRUE  TRUE  TRUE FALSE FALSE  TRUE  TRUE  TRUE FALSE  TRUE  TRUE  TRUE  TRUE  TRUE FALSE
[361]  TRUE  TRUE  TRUE FALSE FALSE  TRUE  TRUE FALSE  TRUE  TRUE  TRUE  TRUE FALSE  TRUE  TRUE
[376]  TRUE FALSE FALSE  TRUE FALSE  TRUE  TRUE  TRUE FALSE  TRUE  TRUE  TRUE  TRUE  TRUE FALSE
[391]  TRUE  TRUE FALSE FALSE  TRUE  TRUE  TRUE  TRUE  TRUE  TRUE FALSE  TRUE  TRUE FALSE FALSE
[406]  TRUE  TRUE  TRUE  TRUE  TRUE  TRUE FALSE  TRUE FALSE  TRUE  TRUE  TRUE  TRUE  TRUE FALSE
[421]  TRUE FALSE FALSE  TRUE  TRUE FALSE  TRUE  TRUE  TRUE  TRUE FALSE FALSE  TRUE  TRUE  TRUE
[436]  TRUE  TRUE  TRUE  TRUE FALSE FALSE  TRUE  TRUE  TRUE  TRUE FALSE  TRUE  TRUE  TRUE  TRUE
[451]  TRUE  TRUE  TRUE FALSE  TRUE  TRUE  TRUE  TRUE  TRUE  TRUE  TRUE  TRUE FALSE  TRUE  TRUE
[466]  TRUE FALSE  TRUE  TRUE  TRUE FALSE FALSE  TRUE  TRUE  TRUE  TRUE  TRUE  TRUE  TRUE FALSE
[481] FALSE  TRUE  TRUE  TRUE  TRUE  TRUE  TRUE FALSE  TRUE  TRUE FALSE  TRUE  TRUE FALSE FALSE
[496] FALSE  TRUE  TRUE  TRUE  TRUE FALSE  TRUE  TRUE FALSE  TRUE  TRUE  TRUE  TRUE FALSE  TRUE
[511]  TRUE  TRUE  TRUE  TRUE  TRUE  TRUE  TRUE  TRUE  TRUE  TRUE  TRUE  TRUE  TRUE  TRUE  TRUE
[526]  TRUE  TRUE  TRUE  TRUE  TRUE  TRUE  TRUE  TRUE  TRUE  TRUE  TRUE  TRUE FALSE  TRUE  TRUE
[541]  TRUE  TRUE  TRUE  TRUE  TRUE  TRUE  TRUE FALSE  TRUE FALSE  TRUE  TRUE  TRUE  TRUE  TRUE
[556]  TRUE  TRUE  TRUE  TRUE FALSE FALSE  TRUE  TRUE FALSE  TRUE  TRUE  TRUE  TRUE  TRUE  TRUE
[571]  TRUE  TRUE  TRUE  TRUE  TRUE  TRUE  TRUE  TRUE  TRUE  TRUE  TRUE  TRUE  TRUE  TRUE  TRUE
[586]  TRUE  TRUE  TRUE  TRUE  TRUE  TRUE  TRUE  TRUE  TRUE  TRUE  TRUE FALSE  TRUE  TRUE  TRUE
[601]  TRUE  TRUE  TRUE  TRUE  TRUE  TRUE  TRUE  TRUE  TRUE  TRUE FALSE  TRUE  TRUE  TRUE  TRUE
[616]  TRUE  TRUE  TRUE  TRUE  TRUE  TRUE  TRUE  TRUE  TRUE FALSE  TRUE  TRUE  TRUE  TRUE  TRUE
[631]  TRUE  TRUE  TRUE  TRUE  TRUE FALSE  TRUE FALSE FALSE  TRUE  TRUE  TRUE  TRUE  TRUE  TRUE
[646]  TRUE  TRUE  TRUE  TRUE  TRUE  TRUE  TRUE  TRUE  TRUE  TRUE  TRUE  TRUE FALSE  TRUE  TRUE
[661]  TRUE  TRUE  TRUE FALSE  TRUE  TRUE FALSE  TRUE  TRUE  TRUE  TRUE  TRUE  TRUE  TRUE  TRUE
[676]  TRUE  TRUE  TRUE  TRUE  TRUE  TRUE  TRUE  TRUE  TRUE  TRUE  TRUE  TRUE  TRUE  TRUE  TRUE
[691]  TRUE  TRUE  TRUE  TRUE  TRUE  TRUE  TRUE  TRUE  TRUE  TRUE  TRUE  TRUE  TRUE  TRUE

