
Birth-death simulation object with 734 species and 500 extant species

Details for some species:

Extinction times (NA means extant)
[1] 10.79525 76.69979 64.56455 32.20522 30.10755 18.20689


Speciation times 
[1] 105.28555  96.60203  88.43114  71.87832  31.38743  25.70006


Species parents (NA for initial)
[1] NA  1  1  1  1  1


Species status (extinct or extant)
[1] "extinct" "extinct" "extinct" "extinct" "extinct" "extinct"


For more details on vector y, try sim$y, with y one of
TE TS PAR EXTANT



$TE
  [1] 10.79525231 76.69978857 64.56454708 32.20522492 30.10754755 18.20689230 14.03682335
  [8]  6.09037119 75.58548390 69.31549965 62.61286792 68.50648667          NA 67.62005788
 [15] 62.19067571 45.75419284 42.37272316          NA 28.16422654 13.72913731          NA
 [22]          NA 29.44798675 45.85833791          NA 17.00943011 42.31055523 62.73867071
 [29] 15.42246066 38.90266673 44.73557632 46.16411111 18.96489831 30.03863289 34.03901909
 [36]          NA 13.39348002  2.45222001          NA 41.89437640 25.42876713          NA
 [43]          NA          NA          NA 40.10545737 34.08393432 18.61822723 25.74785071
 [50] 22.95714431 13.22664358  3.35675554 43.32433658 38.37678962          NA          NA
 [57] 20.90660579 20.01612279          NA  3.21572472  9.02213229  9.10954446  2.88954235
 [64]          NA 36.07004859  1.94347915 10.24796831 22.56695986  8.09635043 10.82068899
 [71]          NA          NA          NA          NA  6.13897175          NA 10.31578037
 [78]          NA          NA 20.46151230  5.62072714          NA          NA          NA
 [85] 39.53935715  3.33104243 32.38098913          NA 15.89792295          NA 39.55927189
 [92]          NA 30.52484612          NA          NA  3.69965311          NA          NA
 [99] 10.16658127  6.80283608 34.31498541 23.59642129          NA 19.06539390 15.69082568
[106] 19.14357895  9.58546426  6.70084823          NA          NA  4.00684791          NA
[113]          NA          NA          NA          NA 20.99919403          NA 19.80022397
[120]          NA  7.59676162          NA          NA 29.13069071          NA 33.75808231
[127] 26.38556439  6.83902009 15.75448358          NA          NA          NA 20.40860757
[134]          NA          NA          NA          NA 33.54762586 19.94411447          NA
[141]  1.00031804          NA          NA 10.72940778          NA 18.25200538  8.48432502
[148] 21.40434516          NA  4.19581471 30.67498829 21.22373706 11.91794742          NA
[155]          NA          NA  4.72080329  9.88405891  7.44528108          NA 13.90277690
[162] 14.42772936          NA 20.61345548          NA          NA          NA  3.21083170
[169] 12.39435868  1.97228815 12.83832502 13.48793128          NA          NA          NA
[176] 19.47819791  2.95517870          NA          NA  5.65536229  5.65369462  6.21677235
[183] 22.40829690          NA 28.31742877          NA  9.96052100          NA          NA
[190] 20.60078745 19.05082303 15.04611312          NA  2.78821041  3.51798990 23.62890590
[197] 25.19892882  3.24204174  1.81572766  6.20329065          NA          NA          NA
[204]          NA 20.70686679 10.11326657          NA  6.10155298          NA          NA
[211]          NA          NA          NA          NA  6.42936577  6.50332845          NA
[218]  8.08130129 17.69471492          NA          NA          NA 19.37700787 18.77810170
[225] 22.14383704  2.79854174          NA          NA          NA          NA          NA
[232]          NA          NA          NA  5.11610115 19.87018554  4.36115994          NA
[239]          NA          NA  6.08674170          NA  9.21967396          NA 15.06298598
[246] 14.47697596 20.30559468          NA          NA 10.90860313          NA          NA
[253]          NA          NA  4.51119403          NA          NA          NA          NA
[260]          NA  5.62722507          NA          NA          NA  3.28344370  9.27102015
[267]          NA  4.98995828  2.81727303          NA 17.61481373 13.15501297          NA
[274]          NA 14.42747469          NA  0.03519308          NA          NA 21.29516101
[281]          NA          NA          NA          NA  4.52576239          NA          NA
[288]          NA          NA          NA  2.81917291          NA          NA 10.09444027
[295]          NA  3.60050533          NA  7.58389748          NA          NA          NA
[302]          NA          NA 13.22017858          NA          NA          NA          NA
[309] 13.08372531          NA          NA 10.70369043          NA          NA          NA
[316]          NA          NA          NA          NA          NA          NA          NA
[323]          NA          NA          NA  2.88882813          NA          NA  2.03820236
[330]          NA          NA 13.04933635          NA 14.50556206  0.95087338          NA
[337] 15.92344333 11.45912207          NA          NA          NA          NA          NA
[344]          NA 20.45263707          NA          NA          NA          NA          NA
[351]          NA  0.62340946  7.42017230  2.94056691          NA          NA          NA
[358]  0.82162550          NA 12.35155206          NA  4.78342319          NA          NA
[365]  5.47543236          NA  8.05820499  6.98503248  3.76880458          NA          NA
[372]          NA          NA          NA          NA          NA          NA          NA
[379]          NA          NA          NA          NA          NA          NA          NA
[386]          NA          NA  4.16150204  2.09510072          NA          NA          NA
[393]  5.03712114          NA          NA          NA  1.45939054 11.14979310          NA
[400]  3.12122561          NA  9.70257865          NA 10.43121638  8.56871438          NA
[407]  3.70799708          NA          NA          NA          NA          NA  4.27614260
[414]          NA  5.95597701          NA          NA          NA          NA          NA
[421]          NA  7.47267669          NA  1.28471608 12.79795454          NA          NA
[428]          NA  3.33125125          NA          NA          NA          NA          NA
[435]  3.26985507          NA          NA 12.20288022  3.73382340          NA          NA
[442]          NA          NA  2.29800348          NA          NA          NA          NA
[449]          NA          NA          NA          NA  0.08777884  3.57669568          NA
[456]          NA  0.01922885          NA          NA          NA          NA          NA
[463]          NA          NA          NA  6.97234960  8.32881372          NA          NA
[470]          NA          NA          NA          NA  3.62552403          NA          NA
[477]          NA          NA          NA          NA          NA          NA          NA
[484]          NA          NA          NA          NA          NA          NA          NA
[491]  7.49435594          NA  0.99081667          NA          NA  1.94364583          NA
[498]          NA 10.68307791          NA          NA          NA 10.71991124          NA
[505]          NA          NA          NA          NA          NA          NA          NA
[512]          NA  3.96087285          NA          NA          NA          NA          NA
[519]  6.33819387  1.12786797          NA          NA          NA          NA          NA
[526]          NA          NA          NA          NA  8.24158687          NA          NA
[533]          NA          NA          NA          NA  1.35777018          NA          NA
[540] 10.21991476          NA          NA          NA          NA          NA          NA
[547]          NA          NA          NA          NA          NA          NA          NA
[554]          NA          NA          NA          NA          NA          NA          NA
[561]  3.17656872          NA  4.16802083          NA          NA  1.18343143          NA
[568]  3.45649353          NA          NA          NA          NA          NA          NA
[575]          NA          NA          NA  1.52523431          NA          NA          NA
[582]  2.61916323          NA          NA          NA          NA          NA          NA
[589]          NA          NA          NA          NA          NA          NA          NA
[596]          NA          NA          NA          NA          NA          NA          NA
[603]          NA          NA          NA          NA          NA          NA          NA
[610]          NA          NA          NA          NA          NA          NA          NA
[617]          NA          NA          NA          NA          NA          NA          NA
[624]  0.82959705          NA          NA          NA          NA          NA          NA
[631]          NA          NA          NA          NA          NA          NA  2.19913977
[638]          NA  0.83390330          NA          NA          NA          NA  0.15765543
[645]  6.42743737  6.69335948          NA          NA  0.69003949          NA          NA
[652]          NA          NA          NA          NA          NA          NA          NA
[659]          NA          NA          NA          NA          NA          NA          NA
[666]          NA          NA          NA          NA          NA          NA          NA
[673]          NA          NA          NA          NA          NA          NA          NA
[680]          NA  1.05929380          NA          NA          NA          NA          NA
[687]          NA          NA          NA          NA          NA          NA          NA
[694]          NA          NA          NA          NA          NA          NA          NA
[701]          NA          NA          NA          NA          NA          NA          NA
[708]          NA          NA          NA          NA          NA          NA          NA
[715]          NA          NA          NA          NA          NA          NA          NA
[722]          NA          NA          NA          NA          NA          NA          NA
[729]          NA          NA  0.30127603          NA          NA          NA

$TS
  [1] 1.052856e+02 9.660203e+01 8.843114e+01 7.187832e+01 3.138743e+01 2.570006e+01 1.469098e+01
  [8] 1.083054e+01 8.400983e+01 8.772734e+01 6.681892e+01 7.132221e+01 7.756888e+01 7.451182e+01
 [15] 7.007656e+01 6.626358e+01 6.581822e+01 6.148778e+01 3.214426e+01 3.030613e+01 1.674483e+01
 [22] 1.150223e+01 5.171041e+01 5.108720e+01 3.700996e+01 3.346464e+01 6.785876e+01 6.420319e+01
 [29] 4.818819e+01 6.593647e+01 6.042279e+01 5.105555e+01 6.205876e+01 6.117147e+01 5.835680e+01
 [36] 2.405877e+01 2.363822e+01 5.061997e+01 4.889681e+01 4.610025e+01 3.902958e+01 3.225673e+01
 [43] 2.652702e+01 1.544291e+01 3.171312e+00 5.179733e+01 4.599094e+01 3.419167e+01 4.940241e+01
 [50] 4.804403e+01 5.066232e+01 4.634376e+01 4.933537e+01 4.824700e+01 3.894579e+01 3.549226e+01
 [57] 3.511968e+01 2.635144e+01 3.270471e+01 3.202481e+01 2.699245e+01 2.066952e+01 1.247064e+01
 [64] 7.997998e+00 4.815016e+01 3.695234e+01 2.735349e+01 4.823351e+01 4.762865e+01 3.264062e+01
 [71] 3.190664e+01 5.368941e+00 4.659080e+00 7.096966e-01 4.515268e+01 2.715334e+01 2.467902e+01
 [78] 2.290677e+01 3.597951e+01 3.239197e+01 2.724039e+01 2.577643e+01 2.393808e+01 2.375318e+01
 [85] 4.000305e+01 3.884156e+01 3.971611e+01 3.213288e+01 2.844025e+01 2.589784e+01 4.467300e+01
 [92] 4.338340e+01 3.134086e+01 8.926854e+00 4.488163e+01 2.154851e+01 1.225351e+01 1.098282e+01
 [99] 4.204115e+01 1.765554e+01 4.424159e+01 4.423733e+01 4.105096e+01 4.006385e+01 3.756485e+01
[106] 2.822594e+01 2.516668e+01 2.088271e+01 6.104380e+00 2.057729e+01 1.652994e+01 1.318248e+01
[113] 3.187881e+01 1.429723e+01 8.858234e+00 3.470260e+00 3.124664e+01 2.919488e+01 2.914880e+01
[120] 2.870173e+01 9.901950e+00 4.667582e+00 3.453387e+01 3.263224e+01 1.577519e+01 3.628201e+01
[127] 2.747266e+01 2.230893e+01 1.999317e+01 1.912640e+01 1.855529e+01 3.332467e+01 3.165379e+01
[134] 2.946212e+01 2.563252e+01 1.140174e+01 3.698960e+00 3.583924e+01 3.526896e+01 2.437529e+01
[141] 2.354670e+01 2.146509e+01 3.358093e+00 2.243714e+01 2.190736e+01 3.342339e+01 2.505217e+01
[148] 3.448535e+01 1.676401e+01 1.549632e+01 3.123010e+01 2.693956e+01 2.373991e+01 3.004010e+01
[155] 2.183024e+01 2.216286e+01 2.001336e+01 2.890947e+01 2.267261e+01 2.715219e+01 1.928165e+01
[162] 1.857245e+01 9.944523e+00 2.529415e+01 1.952005e+01 2.572567e+01 3.077373e+01 2.435268e+01
[169] 2.189735e+01 2.470446e+01 2.131302e+01 3.135229e+01 2.959152e+01 1.029205e+01 3.037478e+01
[176] 2.424546e+01 1.687052e+01 3.543238e+00 2.593785e+00 2.581752e+01 1.692989e+01 1.273402e+01
[183] 3.082820e+01 2.179281e+01 2.846683e+01 2.230301e+01 2.520912e+01 7.738487e+00 4.017345e+00
[190] 2.137432e+01 2.137237e+01 2.047173e+01 2.860277e+01 2.055641e+01 2.897124e+01 2.727190e+01
[197] 2.672242e+01 2.148140e+01 1.886653e+01 1.095367e+01 2.813453e+01 2.587678e+01 2.481938e+01
[204] 2.508761e+00 2.704459e+01 1.444894e+01 7.485148e+00 2.250254e+01 2.048101e+01 8.919557e+00
[211] 3.542692e+00 2.461805e+01 1.156884e+01 2.510394e+01 2.334694e+01 1.094868e+01 6.862518e+00
[218] 2.837060e+01 2.840156e+01 2.746284e+01 2.269505e+01 2.641513e+01 2.359023e+01 2.270733e+01
[225] 2.318086e+01 2.316620e+01 2.176953e+01 1.297407e+01 7.722997e+00 3.242911e+00 1.436887e+00
[232] 2.324522e+01 2.083741e+01 1.862237e+01 1.779677e+01 2.436113e+01 1.202161e+01 1.196556e+01
[239] 9.675111e+00 7.726736e+00 2.667846e+01 2.538855e+01 1.115992e+01 2.170388e+01 2.644131e+01
[246] 2.077151e+01 2.457291e+01 2.582152e+01 2.326397e+01 2.266762e+01 1.861369e+01 1.118442e+01
[253] 1.035105e+01 9.320945e+00 2.354775e+01 1.970133e+01 1.825221e+01 1.528220e+01 2.863836e-01
[260] 2.392651e+01 7.345761e+00 1.485694e+01 1.405765e+01 1.355288e+01 8.690741e+00 1.345809e+01
[267] 5.226819e+00 1.902933e+01 1.387922e+01 6.975394e-01 1.795733e+01 1.782064e+01 1.140702e+01
[274] 2.483588e+01 2.124954e+01 2.303601e+01 1.623145e+01 1.505420e+01 1.251139e+01 2.379216e+01
[281] 1.887729e+01 1.524896e+01 1.283513e+01 1.165090e+01 8.858734e+00 7.051761e+00 2.019188e+01
[288] 1.763083e+01 1.127586e+01 9.612061e+00 1.925848e+01 8.981216e+00 3.665434e+00 2.181930e+01
[295] 2.123450e+01 5.176065e+00 1.967293e+01 1.637084e+01 1.047240e+01 9.575018e+00 3.128199e+00
[302] 1.077875e+00 1.150212e+01 1.581692e+01 2.129305e+00 1.486352e+01 4.447009e+00 1.220453e+01
[309] 2.233796e+01 1.404843e+01 1.772583e+01 1.313042e+01 1.592060e+01 1.558301e+01 2.030838e+01
[316] 2.014212e+01 1.858028e+01 1.852541e+01 1.237897e+01 9.056683e+00 7.389555e+00 6.496714e+00
[323] 5.390980e+00 4.091583e+00 3.276324e+00 5.565575e+00 1.921480e+01 7.091630e+00 6.868936e+00
[330] 4.284365e+00 7.721829e-01 1.510079e+01 1.316746e+01 1.819231e+01 1.123737e+01 2.025163e+01
[337] 1.729922e+01 1.718504e+01 2.003285e+01 1.595063e+01 8.661394e+00 7.150092e+00 1.494398e+00
[344] 1.164984e+01 2.121509e+01 2.098152e+01 1.468571e+01 1.670270e+01 1.409289e+01 1.184140e+01
[351] 7.519519e+00 6.819955e+00 1.002053e+01 9.750763e+00 4.819380e+00 2.654789e+00 2.547065e+00
[358] 1.692492e+01 1.487239e+01 2.037046e+01 1.573770e+01 1.468392e+01 2.081721e+01 1.688486e+01
[365] 6.368791e+00 1.864013e+01 1.536091e+01 1.109927e+01 8.697372e+00 2.487739e+00 2.062780e+01
[372] 1.056891e+01 5.255736e+00 1.595285e+01 1.497275e+01 1.030589e+01 1.214346e+01 1.007545e+01
[379] 7.533043e+00 7.286779e+00 3.783245e+00 2.433519e+00 1.004904e+01 9.925591e+00 6.612219e+00
[386] 1.732452e+01 1.276699e+01 1.245006e+01 9.842509e+00 3.236943e+00 1.746093e+01 1.932321e+01
[393] 1.450772e+01 1.041094e+01 1.029974e+01 5.856234e+00 1.770478e+01 1.208662e+01 1.857594e+01
[400] 1.971145e+01 1.845867e+01 1.215276e+01 1.136821e+01 1.818670e+01 1.106334e+01 9.489999e+00
[407] 1.088627e+01 5.634676e+00 1.701961e+01 1.365335e+01 1.707423e+01 1.109347e+01 9.647005e+00
[414] 8.319270e+00 1.561952e+01 1.498980e+01 8.031209e+00 6.919727e-01 1.235099e+01 7.540004e+00
[421] 7.586507e+00 8.149252e+00 1.739129e+01 1.381209e+01 1.345446e+01 7.448208e+00 1.989078e+00
[428] 1.218381e+01 8.792494e+00 1.829057e+01 3.671946e+00 8.376219e+00 8.296735e+00 4.694706e+00
[435] 1.095855e+01 7.959249e+00 1.820031e+01 1.425921e+01 1.356642e+01 1.172172e+01 9.540026e+00
[442] 7.047008e+00 1.723381e+01 1.202108e+01 1.371175e+01 4.628445e+00 1.043957e+01 6.977411e+00
[449] 5.497450e+00 2.966138e+00 1.599385e+01 9.480510e+00 8.044337e+00 9.203362e+00 2.990371e+00
[456] 1.526013e+01 1.346550e+01 1.029163e+01 5.856153e+00 4.063729e+00 6.636531e+00 6.933333e+00
[463] 1.486644e+01 1.271404e+01 1.255222e+01 1.042755e+01 1.041787e+01 8.198128e+00 1.411057e+01
[470] 1.286066e+01 7.990509e+00 6.223857e+00 1.182505e+01 5.394853e+00 1.011231e+01 2.102010e+00
[477] 9.966935e+00 7.743987e+00 9.875185e-03 1.396743e+01 9.336289e+00 7.153935e+00 3.882116e+00
[484] 3.092643e+00 3.083820e+00 1.878846e+00 9.979299e+00 3.744651e+00 8.686936e+00 1.316945e+00
[491] 1.192469e+01 1.120996e+01 5.637625e+00 4.800001e+00 2.810218e+00 9.395602e+00 8.748271e+00
[498] 6.800553e+00 1.315199e+01 9.990395e+00 3.609332e+00 1.233203e+01 1.484245e+01 4.522976e+00
[505] 1.465582e+01 1.005519e+01 9.478436e+00 9.535210e+00 2.084576e+00 9.947080e+00 6.092553e+00
[512] 1.170420e+01 1.280129e+01 1.391537e+01 2.333628e+00 2.330653e-01 8.684505e+00 8.482173e+00
[519] 9.025193e+00 1.259055e+01 1.619605e+00 5.277253e-01 7.585450e-01 1.388269e+01 3.125965e+00
[526] 9.880261e+00 9.021226e+00 3.010579e+00 1.091149e+01 1.336957e+01 9.729771e+00 6.451439e+00
[533] 1.288171e+01 9.370985e+00 7.938137e+00 7.809591e+00 4.820142e+00 1.340234e+01 1.231188e+01
[540] 1.218507e+01 3.703879e+00 1.025620e+01 1.181572e+01 9.127778e+00 1.128084e+01 3.710732e-01
[547] 7.942711e+00 6.198887e+00 5.297517e+00 7.894910e+00 1.216863e+01 3.712489e+00 3.073593e+00
[554] 9.446586e+00 1.095388e+01 8.867522e+00 3.947173e+00 6.154216e-02 1.202735e+01 1.178293e+01
[561] 7.116609e+00 5.567104e-01 1.094494e+01 1.059486e+01 8.723507e+00 8.765124e+00 8.687876e+00
[568] 7.369200e+00 3.021408e+00 1.056163e+01 5.448414e+00 7.844646e+00 2.125824e-01 7.419306e-01
[575] 5.348757e+00 3.701580e-01 7.656975e+00 7.473198e+00 6.173960e+00 3.748829e+00 4.367340e+00
[582] 9.748047e+00 7.643866e+00 5.490530e+00 1.311367e+00 8.013038e+00 4.730847e+00 3.425429e+00
[589] 1.047519e+01 6.134903e+00 1.028835e+01 5.035971e+00 1.849092e+00 8.067325e+00 2.926405e+00
[596] 8.740095e-01 6.496603e+00 5.987554e+00 3.553976e+00 1.023414e+01 6.324034e+00 1.138371e+00
[603] 4.301032e+00 2.233658e+00 9.186086e-03 3.331356e+00 8.376939e+00 4.284853e+00 2.083708e+00
[610] 5.190300e+00 3.508541e+00 1.587015e+00 6.912706e+00 4.833213e+00 7.541391e+00 1.273284e+00
[617] 2.418264e+00 3.557319e+00 7.629512e+00 6.033061e+00 5.603641e+00 4.334124e+00 2.557992e+00
[624] 4.075425e+00 2.866698e+00 5.099932e+00 4.945644e-01 8.073855e+00 9.478114e-01 5.380323e+00
[631] 8.541078e+00 8.305600e+00 3.158862e+00 5.882851e+00 5.722384e+00 8.003650e+00 7.265499e+00
[638] 7.875241e+00 4.757317e+00 4.842016e+00 3.287564e+00 3.097747e+00 4.903981e+00 3.091443e+00
[645] 7.036524e+00 6.925039e+00 3.486327e+00 1.070062e+00 6.926228e+00 6.524422e+00 5.713664e+00
[652] 4.843102e+00 2.247903e+00 2.954038e+00 5.618412e+00 2.164385e+00 1.036198e+00 4.326237e+00
[659] 3.008112e+00 1.851207e+00 4.307953e+00 2.896327e+00 3.073654e+00 2.780167e-01 6.049973e+00
[666] 4.390390e+00 1.154676e+00 6.772190e+00 6.150674e+00 1.244712e+00 5.449011e+00 4.663712e+00
[673] 1.091730e+00 8.713372e-01 7.821667e-01 3.262158e+00 2.883295e+00 3.249689e-01 5.318872e+00
[680] 4.481505e+00 2.514958e+00 1.093374e+00 4.576882e+00 3.968471e+00 3.568400e+00 2.683287e+00
[687] 5.073569e+00 4.907187e+00 5.055527e+00 4.533954e+00 5.084672e-01 4.751941e+00 1.487450e-03
[694] 4.960233e+00 2.764723e+00 3.769194e+00 1.387129e+00 2.884572e+00 2.758262e+00 1.739148e+00
[701] 3.930514e+00 2.948682e-01 1.329882e+00 3.673848e+00 8.490766e-01 5.382540e-01 2.241071e+00
[708] 3.688824e+00 3.368491e+00 1.216342e+00 2.423477e+00 2.274821e+00 1.851568e-01 1.592587e+00
[715] 1.205705e+00 3.187522e-01 1.841348e+00 6.145343e-01 1.050493e+00 2.161652e-01 1.684092e-01
[722] 1.250566e+00 2.178463e+00 1.701341e-01 2.024174e+00 1.210649e+00 1.321417e-02 6.181248e-02
[729] 1.853259e+00 1.329923e+00 9.494706e-01 6.878726e-02 4.142088e-02 2.582441e-02

$PAR
  [1]  NA   1   1   1   1   1   1   1   2   3   3  10   9  13  13  13  13  13  13  13  13  13   4
 [24]   4   4   4  15  27  27  16  30  30  17  17  17  33  33  18  18  18  18  18  18  18  18  31
 [47]  31  35  46  46  32  32  51  51  51  51  51  51  38  38  38  38  38  38  49  49  49  53  53
 [70]  39  39  39  39  39  68  68  68  68  29  29  29  29  29  29  65  65  50  69  69  69  52  52
 [93]  52  52  40  75  75  75  95  95  91 101 101 102 102 102  92  92  92  99  99  99 103 103 103
[116] 103  55  55  55  55  55  55  86  86  86 105 105 105 105 105 105  25  25  66  66  66  66 126
[139]  79  79  79  79  79  56 139  57  57 123 123 123 148 148 148  48  48  26  26 146 146  59  59
[162]  59  59  70  70  80  42  42  42  88  88  60  60  60  71  71  71  71  71 113 113 113 133 172
[185] 117 117 183 167 167 175 175  20 154 154 173 173 173 173 173 173 134 134 134 134 118 118 118
[208] 195 195 195 195 158 158 120 120 193 193 185  89  89 219 218 218 106 201 201 201 201 220 220
[231] 220  67  67  67  67 196  81  81  81  81  76  76  76 160 205 205  61 197 241 241 241 241 241
[254] 241 245 245 245 222 222  58  90 202 248 248 248  82  82   6 135 135 242 242 242 107 107 214
[277] 214 214 214 147 147 274 274 274 274 274 170 170 170 170 212 212 212 140 168 168 176  36  36
[300]  36  36  36  83 260 260  84  84 153  37  37 255 141 249 232 226 226 226 226 226 226 226 226
[323] 226 226 226 276  78  78  78 221 221 159 159 208 208 144 309 309 128 186 186 186 186 156 145
[346] 145 294 184 184 184 184 184 227 244 244 244 244  96  96 171 171 275 346 346 346 108 108 108
[369] 233 233 363 363 363 246  62  62 371 371 110 110 110 110 194 194 209 192 360 360 315 315 336
[392] 287 287 316 316 316 339 339 157 129 400 400 256 297 297 297 165 165 392 291 327 327 327 327
[415] 130 130 130 130 281 199 366 234 251 251 399 399 399 131 131 318 318 401 401 401 430 430 257
[438] 437 437 437 437 437 334 404 272 311 397 397 391 423 386 386 386 443 443 411 411 411 411 411
[461] 409 181 358 358 358 358 177 149 348 348 348 111 277 277 451 451 374 374 374 340 340 340 340
[484] 340 340 340 313 313 125 125 361 361 361 361 361 415 415 415 314 314 314 150  44  44 367 258
[507] 456 416 375 463 463 306 503 347 347 347 362 362 505 114 469 469 349 310 310 524 524 524 269
[530] 445 410 410 439 439 439 439 264 457 457 457 457 530 112 533 470 470 283 513 513 279  63  63
[553] 419 539  97  97  97 308 551 402 377 377 559 559 559 237 237 238 350 543 543 560 440 512 344
[576] 344 213 213 213 213 303 136 545 335 335 492 252 252 368 412  98  98 555 563 529 529 372 570
[599] 570 447 376 591 475 475 475 378 353 500 477 389 531 531 239 290 300 452 507 496 534 481 481
[622] 254 254  94  94 556 556 497 565 369 265 489 341 518 518 432 414 632 632 433 433 433 453 453
[645]  64 471 471 471 436 638 638 240 577 615 420 351 426 380 637 482 561 328 442 448 462 649 649
[668] 329 668 461 322 322 322 472 472 590 620 634 459 635 635 635 493 408 655 449 584 584 571 474
[691] 679 373 373 267 626 592 694 688 614 355 587 122  73 307 307 666 581 622 603 608 330 557 708
[714] 704 611 709 143 641 230 301 642 644 695 357 681 712 707 656 725 427 729 657 706 516

$EXTANT
  [1] FALSE FALSE FALSE FALSE FALSE FALSE FALSE FALSE FALSE FALSE FALSE FALSE  TRUE FALSE FALSE
 [16] FALSE FALSE  TRUE FALSE FALSE  TRUE  TRUE FALSE FALSE  TRUE FALSE FALSE FALSE FALSE FALSE
 [31] FALSE FALSE FALSE FALSE FALSE  TRUE FALSE FALSE  TRUE FALSE FALSE  TRUE  TRUE  TRUE  TRUE
 [46] FALSE FALSE FALSE FALSE FALSE FALSE FALSE FALSE FALSE  TRUE  TRUE FALSE FALSE  TRUE FALSE
 [61] FALSE FALSE FALSE  TRUE FALSE FALSE FALSE FALSE FALSE FALSE  TRUE  TRUE  TRUE  TRUE FALSE
 [76]  TRUE FALSE  TRUE  TRUE FALSE FALSE  TRUE  TRUE  TRUE FALSE FALSE FALSE  TRUE FALSE  TRUE
 [91] FALSE  TRUE FALSE  TRUE  TRUE FALSE  TRUE  TRUE FALSE FALSE FALSE FALSE  TRUE FALSE FALSE
[106] FALSE FALSE FALSE  TRUE  TRUE FALSE  TRUE  TRUE  TRUE  TRUE  TRUE FALSE  TRUE FALSE  TRUE
[121] FALSE  TRUE  TRUE FALSE  TRUE FALSE FALSE FALSE FALSE  TRUE  TRUE  TRUE FALSE  TRUE  TRUE
[136]  TRUE  TRUE FALSE FALSE  TRUE FALSE  TRUE  TRUE FALSE  TRUE FALSE FALSE FALSE  TRUE FALSE
[151] FALSE FALSE FALSE  TRUE  TRUE  TRUE FALSE FALSE FALSE  TRUE FALSE FALSE  TRUE FALSE  TRUE
[166]  TRUE  TRUE FALSE FALSE FALSE FALSE FALSE  TRUE  TRUE  TRUE FALSE FALSE  TRUE  TRUE FALSE
[181] FALSE FALSE FALSE  TRUE FALSE  TRUE FALSE  TRUE  TRUE FALSE FALSE FALSE  TRUE FALSE FALSE
[196] FALSE FALSE FALSE FALSE FALSE  TRUE  TRUE  TRUE  TRUE FALSE FALSE  TRUE FALSE  TRUE  TRUE
[211]  TRUE  TRUE  TRUE  TRUE FALSE FALSE  TRUE FALSE FALSE  TRUE  TRUE  TRUE FALSE FALSE FALSE
[226] FALSE  TRUE  TRUE  TRUE  TRUE  TRUE  TRUE  TRUE  TRUE FALSE FALSE FALSE  TRUE  TRUE  TRUE
[241] FALSE  TRUE FALSE  TRUE FALSE FALSE FALSE  TRUE  TRUE FALSE  TRUE  TRUE  TRUE  TRUE FALSE
[256]  TRUE  TRUE  TRUE  TRUE  TRUE FALSE  TRUE  TRUE  TRUE FALSE FALSE  TRUE FALSE FALSE  TRUE
[271] FALSE FALSE  TRUE  TRUE FALSE  TRUE FALSE  TRUE  TRUE FALSE  TRUE  TRUE  TRUE  TRUE FALSE
[286]  TRUE  TRUE  TRUE  TRUE  TRUE FALSE  TRUE  TRUE FALSE  TRUE FALSE  TRUE FALSE  TRUE  TRUE
[301]  TRUE  TRUE  TRUE FALSE  TRUE  TRUE  TRUE  TRUE FALSE  TRUE  TRUE FALSE  TRUE  TRUE  TRUE
[316]  TRUE  TRUE  TRUE  TRUE  TRUE  TRUE  TRUE  TRUE  TRUE  TRUE FALSE  TRUE  TRUE FALSE  TRUE
[331]  TRUE FALSE  TRUE FALSE FALSE  TRUE FALSE FALSE  TRUE  TRUE  TRUE  TRUE  TRUE  TRUE FALSE
[346]  TRUE  TRUE  TRUE  TRUE  TRUE  TRUE FALSE FALSE FALSE  TRUE  TRUE  TRUE FALSE  TRUE FALSE
[361]  TRUE FALSE  TRUE  TRUE FALSE  TRUE FALSE FALSE FALSE  TRUE  TRUE  TRUE  TRUE  TRUE  TRUE
[376]  TRUE  TRUE  TRUE  TRUE  TRUE  TRUE  TRUE  TRUE  TRUE  TRUE  TRUE  TRUE FALSE FALSE  TRUE
[391]  TRUE  TRUE FALSE  TRUE  TRUE  TRUE FALSE FALSE  TRUE FALSE  TRUE FALSE  TRUE FALSE FALSE
[406]  TRUE FALSE  TRUE  TRUE  TRUE  TRUE  TRUE FALSE  TRUE FALSE  TRUE  TRUE  TRUE  TRUE  TRUE
[421]  TRUE FALSE  TRUE FALSE FALSE  TRUE  TRUE  TRUE FALSE  TRUE  TRUE  TRUE  TRUE  TRUE FALSE
[436]  TRUE  TRUE FALSE FALSE  TRUE  TRUE  TRUE  TRUE FALSE  TRUE  TRUE  TRUE  TRUE  TRUE  TRUE
[451]  TRUE  TRUE FALSE FALSE  TRUE  TRUE FALSE  TRUE  TRUE  TRUE  TRUE  TRUE  TRUE  TRUE  TRUE
[466] FALSE FALSE  TRUE  TRUE  TRUE  TRUE  TRUE  TRUE FALSE  TRUE  TRUE  TRUE  TRUE  TRUE  TRUE
[481]  TRUE  TRUE  TRUE  TRUE  TRUE  TRUE  TRUE  TRUE  TRUE  TRUE FALSE  TRUE FALSE  TRUE  TRUE
[496] FALSE  TRUE  TRUE FALSE  TRUE  TRUE  TRUE FALSE  TRUE  TRUE  TRUE  TRUE  TRUE  TRUE  TRUE
[511]  TRUE  TRUE FALSE  TRUE  TRUE  TRUE  TRUE  TRUE FALSE FALSE  TRUE  TRUE  TRUE  TRUE  TRUE
[526]  TRUE  TRUE  TRUE  TRUE FALSE  TRUE  TRUE  TRUE  TRUE  TRUE  TRUE FALSE  TRUE  TRUE FALSE
[541]  TRUE  TRUE  TRUE  TRUE  TRUE  TRUE  TRUE  TRUE  TRUE  TRUE  TRUE  TRUE  TRUE  TRUE  TRUE
[556]  TRUE  TRUE  TRUE  TRUE  TRUE FALSE  TRUE FALSE  TRUE  TRUE FALSE  TRUE FALSE  TRUE  TRUE
[571]  TRUE  TRUE  TRUE  TRUE  TRUE  TRUE  TRUE FALSE  TRUE  TRUE  TRUE FALSE  TRUE  TRUE  TRUE
[586]  TRUE  TRUE  TRUE  TRUE  TRUE  TRUE  TRUE  TRUE  TRUE  TRUE  TRUE  TRUE  TRUE  TRUE  TRUE
[601]  TRUE  TRUE  TRUE  TRUE  TRUE  TRUE  TRUE  TRUE  TRUE  TRUE  TRUE  TRUE  TRUE  TRUE  TRUE
[616]  TRUE  TRUE  TRUE  TRUE  TRUE  TRUE  TRUE  TRUE FALSE  TRUE  TRUE  TRUE  TRUE  TRUE  TRUE
[631]  TRUE  TRUE  TRUE  TRUE  TRUE  TRUE FALSE  TRUE FALSE  TRUE  TRUE  TRUE  TRUE FALSE FALSE
[646] FALSE  TRUE  TRUE FALSE  TRUE  TRUE  TRUE  TRUE  TRUE  TRUE  TRUE  TRUE  TRUE  TRUE  TRUE
[661]  TRUE  TRUE  TRUE  TRUE  TRUE  TRUE  TRUE  TRUE  TRUE  TRUE  TRUE  TRUE  TRUE  TRUE  TRUE
[676]  TRUE  TRUE  TRUE  TRUE  TRUE FALSE  TRUE  TRUE  TRUE  TRUE  TRUE  TRUE  TRUE  TRUE  TRUE
[691]  TRUE  TRUE  TRUE  TRUE  TRUE  TRUE  TRUE  TRUE  TRUE  TRUE  TRUE  TRUE  TRUE  TRUE  TRUE
[706]  TRUE  TRUE  TRUE  TRUE  TRUE  TRUE  TRUE  TRUE  TRUE  TRUE  TRUE  TRUE  TRUE  TRUE  TRUE
[721]  TRUE  TRUE  TRUE  TRUE  TRUE  TRUE  TRUE  TRUE  TRUE  TRUE FALSE  TRUE  TRUE  TRUE

