
Birth-death simulation object with 701 species and 500 extant species

Details for some species:

Extinction times (NA means extant)
[1] 91.26017 53.33037 82.67527 63.28367 32.57383 11.48440


Speciation times 
[1] 98.26647 92.13761 91.37647 91.72661 66.82842 57.96468


Species parents (NA for initial)
[1] NA  1  1  2  2  2


Species status (extinct or extant)
[1] "extinct" "extinct" "extinct" "extinct" "extinct" "extinct"


For more details on vector y, try sim$y, with y one of
TE TS PAR EXTANT



$TE
  [1] 91.26016721 53.33036876 82.67526661 63.28366900 32.57382922 11.48439553 80.65434387
  [8] 83.10038849 34.79975797 70.00248223 80.93342464 70.69040182          NA 43.35147709
 [15] 45.93672661 41.62795618 39.57620883          NA 40.94834434 36.26870709 17.09314400
 [22] 18.47511606          NA          NA          NA          NA          NA          NA
 [29] 16.79025585  0.14899232 27.69675393 60.68069702          NA 20.32729405 33.99753857
 [36] 22.84915844 32.49085444          NA          NA          NA          NA          NA
 [43]          NA 39.22142324 54.85287273 45.23487798 12.00388075 11.34051220 28.46058225
 [50] 25.68368977 20.29973424          NA          NA          NA          NA          NA
 [57] 45.48443546          NA 35.47774455 27.82789908          NA          NA 13.24845505
 [64] 35.90839428  0.45075611          NA 22.56116033  2.14745171          NA 16.68253147
 [71] 31.89442853          NA 36.99992683          NA          NA 26.25239458  9.57747029
 [78] 27.83616618 11.44510919          NA 18.05506989          NA  7.22804988 41.51172933
 [85] 34.26314833 31.30018209 24.79559189          NA          NA 13.33231141          NA
 [92] 12.22524994          NA          NA          NA 10.64385598          NA  8.96666518
 [99]          NA  0.06987382          NA 13.56747640          NA          NA 11.84124445
[106] 27.23042727          NA          NA          NA  1.31122374          NA          NA
[113]  3.16024671 24.00929626 29.07300324          NA 10.97144729          NA          NA
[120]          NA 30.13736807 22.07437997 20.26548407 35.38623953          NA 16.49542443
[127]          NA          NA  6.53796990 21.92657001          NA 13.86374524 26.41069176
[134] 25.14881426          NA          NA          NA          NA 27.93568736          NA
[141] 17.77732810 30.47362852          NA          NA          NA          NA          NA
[148]          NA          NA          NA 32.77019784  7.60300717          NA          NA
[155]          NA          NA          NA          NA  1.31016800 15.13111765          NA
[162]          NA          NA          NA 22.29193713 30.41061758  1.42163384 19.97103592
[169]          NA          NA 13.41182994          NA          NA          NA  6.04349052
[176]          NA          NA 16.84366612 21.16098885  4.92478180          NA 28.80739121
[183]          NA 14.76046878  4.42325815  2.21348693          NA 19.42371408          NA
[190]          NA          NA 10.60883043          NA          NA          NA  5.78478787
[197]          NA          NA          NA 10.13214812          NA          NA 27.70553733
[204]          NA 14.94326816          NA  9.04143501          NA 11.91262695          NA
[211]          NA          NA          NA          NA          NA          NA  2.77923873
[218]          NA          NA          NA          NA          NA  3.06193694          NA
[225]          NA 13.92520153          NA          NA          NA          NA          NA
[232] 13.89597774 15.37826188          NA          NA          NA          NA          NA
[239]          NA          NA  1.07918509          NA          NA          NA 11.32075417
[246]          NA          NA          NA          NA          NA          NA          NA
[253]          NA          NA          NA          NA          NA 17.37742086  4.27757117
[260]          NA          NA          NA          NA 15.59504490          NA  9.85276709
[267]          NA          NA 14.25506460          NA          NA          NA          NA
[274]          NA          NA 10.54853346          NA          NA  0.45269090 16.45978556
[281]  1.38934792          NA 10.50604428          NA          NA 13.50102310          NA
[288]          NA          NA 14.27630313          NA          NA          NA          NA
[295]  3.54080001          NA          NA          NA          NA          NA          NA
[302]          NA 17.93514112          NA          NA  3.33472358          NA          NA
[309]          NA          NA  4.90557835          NA  0.03816088          NA          NA
[316] 18.68777239  9.46127556  1.04813800          NA          NA  5.34437512          NA
[323]          NA          NA          NA          NA          NA          NA          NA
[330]          NA          NA          NA  6.40038963 10.06330610  3.44640973          NA
[337]          NA          NA          NA          NA          NA          NA          NA
[344]          NA  4.50208542          NA          NA          NA          NA  7.86317405
[351]          NA  4.86020720 10.42042359          NA          NA          NA          NA
[358]          NA          NA          NA          NA          NA          NA          NA
[365]          NA 11.76198198          NA          NA          NA          NA          NA
[372]          NA          NA          NA          NA          NA          NA          NA
[379]          NA 18.96063668  4.30623100  4.68715731  4.61671798          NA          NA
[386]          NA          NA          NA          NA          NA          NA          NA
[393]          NA  4.08818807          NA  3.83030518 12.31033825          NA  8.10030812
[400]          NA          NA          NA          NA          NA          NA          NA
[407] 12.16932084  1.55368819          NA  5.14502065          NA 11.72206248          NA
[414]          NA          NA  1.68660024          NA          NA          NA  3.79535394
[421]          NA          NA 11.44484521  3.75764377  3.00275375          NA          NA
[428]          NA          NA  2.53159181          NA          NA          NA          NA
[435]          NA          NA  6.67484942          NA          NA          NA  5.01082036
[442]          NA          NA  3.88847422  0.16292016          NA          NA  1.25733147
[449]  3.63273503          NA          NA          NA          NA          NA          NA
[456]          NA  4.17571703          NA          NA          NA          NA  0.82101715
[463]          NA          NA          NA          NA  2.01936714          NA          NA
[470]          NA          NA  9.15978684          NA  8.79236562          NA  0.54977924
[477]          NA          NA          NA          NA          NA          NA  7.58144778
[484]          NA          NA          NA  9.83562370  4.03309519          NA          NA
[491]  1.67894349  0.12820371  6.63950350          NA          NA          NA          NA
[498]          NA          NA          NA          NA          NA          NA          NA
[505]          NA          NA          NA          NA          NA          NA          NA
[512]          NA          NA          NA          NA          NA          NA          NA
[519]          NA          NA          NA          NA          NA  0.19769947          NA
[526]          NA          NA          NA          NA          NA          NA          NA
[533]          NA          NA  3.93796559 10.31579046          NA          NA          NA
[540]          NA          NA  0.36501579  7.58356526          NA          NA          NA
[547]  3.33869153  8.37011543  2.77395982          NA          NA          NA          NA
[554]          NA          NA          NA  1.25909455          NA          NA          NA
[561]          NA          NA  0.62657612          NA          NA          NA          NA
[568]          NA          NA          NA          NA          NA          NA          NA
[575]          NA          NA          NA          NA          NA          NA  2.18069348
[582]          NA          NA          NA  4.39752795          NA          NA          NA
[589]  6.04112691          NA  1.09027633          NA          NA          NA  3.54123387
[596]          NA          NA          NA          NA          NA  1.06997045          NA
[603]          NA          NA          NA          NA          NA          NA          NA
[610]  4.53583036          NA          NA          NA          NA          NA          NA
[617]          NA          NA          NA          NA          NA          NA          NA
[624]          NA  1.83239762          NA          NA          NA          NA          NA
[631]          NA          NA          NA          NA          NA          NA          NA
[638]          NA          NA          NA          NA          NA          NA  0.16708872
[645]  2.00055319          NA          NA          NA          NA          NA          NA
[652]          NA          NA          NA          NA  3.59797229          NA          NA
[659]          NA          NA          NA          NA          NA          NA          NA
[666]          NA          NA          NA          NA          NA          NA          NA
[673]          NA          NA          NA          NA          NA          NA          NA
[680]          NA          NA          NA          NA          NA          NA          NA
[687]          NA          NA          NA          NA          NA          NA          NA
[694]          NA          NA          NA          NA          NA          NA          NA
[701]          NA

$TS
  [1] 9.826647e+01 9.213761e+01 9.137647e+01 9.172661e+01 6.682842e+01 5.796468e+01 9.109074e+01
  [8] 8.988485e+01 7.517882e+01 8.300055e+01 8.553925e+01 7.162343e+01 7.085458e+01 6.038496e+01
 [15] 5.250806e+01 4.250121e+01 6.776613e+01 6.259785e+01 6.169613e+01 4.069749e+01 2.548681e+01
 [22] 2.395692e+01 1.878734e+01 1.763336e+01 8.850943e+00 1.805015e+00 4.501823e+01 6.418916e+01
 [29] 5.707176e+01 3.482403e+01 3.411440e+01 6.073740e+01 4.926440e+01 3.115804e+01 5.997703e+01
 [36] 5.408621e+01 3.712453e+01 2.922734e+01 1.992972e+01 1.913844e+01 8.997081e+00 4.838825e+00
 [43] 5.917596e+01 4.499200e+01 5.915328e+01 5.407514e+01 5.168474e+01 4.592894e+01 5.427325e+01
 [50] 5.058510e+01 4.287531e+01 5.492344e+00 2.973457e+01 2.103252e+01 1.970321e+01 1.283838e+01
 [57] 4.720879e+01 4.121936e+01 3.695700e+01 3.388668e+01 3.010607e+01 4.170046e+01 3.774094e+01
 [64] 4.904299e+01 4.210592e+01 2.921705e+01 2.907792e+01 2.857086e+01 4.583991e+01 5.080404e+01
 [71] 4.846298e+01 4.567682e+01 4.520470e+01 3.853968e+01 1.411738e+01 4.878955e+01 3.673318e+01
 [78] 3.530422e+01 2.818153e+01 2.605428e+01 2.033885e+01 1.566073e+01 4.152686e+01 4.617443e+01
 [85] 3.900621e+01 3.595853e+01 2.966979e+01 4.372785e+01 4.004203e+01 2.772794e+01 2.145587e+01
 [92] 1.633384e+01 2.980584e+01 2.965708e+01 2.319087e+01 1.524292e+01 1.920378e+00 4.522603e+01
 [99] 2.150817e+01 2.108110e+01 8.061246e-01 3.767263e+01 3.709542e+01 2.323824e+01 1.998963e+01
[106] 4.495990e+01 4.257654e+01 2.619636e+01 2.607378e+01 1.527737e+01 1.431560e+01 2.104320e+00
[113] 4.257337e+01 4.204761e+01 3.688264e+01 2.942695e+01 2.177348e+01 1.843678e+01 1.352384e+01
[120] 6.090340e+00 3.098660e+01 3.072481e+01 2.191104e+01 4.028728e+01 3.425075e+01 2.323326e+01
[127] 1.484824e+01 1.001028e+01 2.344035e+01 4.150866e+01 2.351272e+01 1.473450e+01 3.863168e+01
[134] 2.862390e+01 3.519279e+01 4.859596e-01 8.054321e-02 2.367190e+01 3.508942e+01 2.828216e+01
[141] 2.633118e+01 3.931438e+01 3.877849e+01 3.783551e+01 3.239474e+01 1.009347e+01 1.715721e+01
[148] 6.557162e+00 1.262991e+01 4.405094e+00 3.629627e+01 2.980083e+01 2.795960e+01 2.272398e+01
[155] 1.797570e+01 6.654220e+00 2.454844e+01 2.204959e+01 3.738114e+01 2.349981e+01 1.373684e+01
[162] 1.363133e+01 1.211314e+01 3.433950e+01 2.868184e+01 3.562074e+01 3.236365e+01 3.167403e+01
[169] 2.829259e+01 2.750948e+01 2.017571e+01 1.449226e+01 3.582628e+01 2.776760e+01 6.730480e+00
[176] 5.868755e+00 8.356295e-04 3.104937e+01 3.089462e+01 2.940418e+01 2.482070e+00 2.883408e+01
[183] 3.008276e+01 2.280669e+01 2.105706e+01 8.289877e+00 1.194075e+00 2.268668e+01 1.436554e+01
[190] 8.279762e+00 3.240588e+01 3.144441e+01 9.624547e+00 7.902020e+00 1.901148e+00 1.945378e+01
[197] 5.768017e+00 1.517188e+00 2.294786e+01 2.064107e+01 2.404441e+01 2.153750e+01 2.935270e+01
[204] 2.797608e+01 2.763114e+01 2.163056e+01 2.143106e+01 2.822451e+01 1.508183e+01 8.547576e+00
[211] 4.744014e+00 1.764427e+00 2.764616e+01 1.429334e+01 4.262146e+00 2.556698e+01 1.284085e+01
[218] 5.755682e+00 4.386119e+00 2.271304e+01 1.402294e+01 2.930521e+01 1.818649e+01 6.511244e+00
[225] 1.716888e+00 2.790488e+01 2.274258e+01 1.509137e+01 1.157457e+01 9.925940e+00 7.802455e+00
[232] 2.603318e+01 1.878419e+01 1.860626e+01 1.546633e+01 2.075678e-01 2.004857e+01 1.341573e+01
[239] 8.989637e+00 5.600567e+00 1.057639e+01 8.276824e+00 1.261773e+01 2.009179e+01 1.613312e+01
[246] 1.453239e+01 1.159457e+00 6.466561e+00 2.235150e+01 1.324960e+01 2.742033e+01 2.029370e+01
[253] 2.669955e+01 2.882952e+00 1.934868e+01 1.724746e+01 1.092632e+01 2.617830e+01 2.654301e+01
[260] 2.510131e+01 6.257320e+00 2.579863e+01 1.167697e+01 2.731303e+01 1.357883e+01 1.345855e+01
[267] 6.207053e+00 2.952998e+00 2.446234e+01 2.040077e+01 7.843566e+00 1.524878e+01 8.571438e+00
[274] 7.208679e+00 2.619745e+01 2.440457e+01 1.971922e+01 2.652687e-01 1.764427e+01 2.464208e+01
[281] 1.628316e+01 3.624028e+00 2.328299e+01 1.750327e+01 1.552718e+00 2.210009e+01 1.294810e+01
[288] 1.271044e+01 7.466172e+00 2.328845e+01 6.381949e+00 1.398247e+00 2.196198e+01 3.374957e+00
[295] 1.663001e+01 1.447457e+01 3.305651e+00 1.922308e+01 1.730026e+01 1.532598e+01 1.501801e+01
[302] 1.451544e+01 1.978336e+01 3.564643e+00 1.833938e+01 1.284043e+01 4.554311e+00 2.323273e+01
[309] 1.911688e+01 1.604384e+01 2.121148e+01 1.967485e+01 1.254814e+01 1.150435e+01 1.301015e+01
[316] 2.312497e+01 1.574882e+01 1.120445e+01 2.264913e+00 1.921771e+01 2.189679e+01 1.114626e+01
[323] 7.091767e+00 6.223580e+00 1.484223e+01 1.965835e+01 1.211999e+01 2.139933e+01 8.740105e+00
[330] 2.052451e+01 9.621140e+00 6.507365e+00 1.869218e+01 1.823404e+01 7.900247e+00 7.040586e+00
[337] 2.936941e+00 1.435342e+01 3.931069e+00 3.325207e+00 2.061599e+01 1.096786e+01 1.045489e+01
[344] 1.043041e+01 9.485473e+00 2.100298e+01 1.390863e+01 5.346274e+00 2.537601e+00 1.225036e+01
[351] 9.762388e+00 7.458479e+00 1.886319e+01 4.171681e+00 1.421490e+01 2.068931e+00 1.907407e+00
[358] 1.255286e+01 6.241166e+00 1.657445e+01 1.570300e+01 1.245282e+01 1.352730e+00 8.951794e+00
[365] 7.224058e+00 1.789151e+01 1.455291e+01 1.170282e+01 6.283987e+00 3.717971e+00 2.977398e+00
[372] 1.891326e+00 3.456919e+00 1.167361e+01 1.126576e+01 1.045055e+01 6.345224e+00 4.464117e+00
[379] 9.784893e+00 1.924038e+01 1.205591e+01 8.176262e+00 1.839648e+01 1.810489e+01 1.243961e+01
[386] 9.671469e+00 8.823226e+00 5.495512e+00 1.614516e+01 7.288804e+00 5.226529e+00 3.764157e+00
[393] 1.025059e+00 1.628659e+01 1.516204e+01 6.529328e+00 1.375727e+01 1.663368e+01 9.282210e+00
[400] 8.247608e+00 7.107653e+00 5.211570e+00 1.701017e+01 1.061049e+01 8.557067e+00 7.711099e+00
[407] 1.450272e+01 6.250770e+00 2.370246e+00 1.704021e+01 1.562462e+01 1.631454e+01 3.240314e+00
[414] 1.320051e+01 1.174983e+01 2.695324e+00 1.676639e+01 3.119615e+00 1.198227e+01 1.030409e+01
[421] 1.641170e+01 8.233775e+00 1.453188e+01 9.196063e+00 5.898254e+00 1.932502e+00 3.098365e+00
[428] 1.468030e+01 1.195337e+01 1.253013e+01 5.339512e+00 4.082275e-01 7.375146e-03 1.182663e+01
[435] 8.530311e+00 3.232264e+00 9.895323e+00 7.301713e+00 5.950051e+00 1.546633e+01 1.337492e+01
[442] 5.246163e+00 1.287666e+01 4.709993e+00 2.252315e+00 8.204610e-01 7.921218e+00 6.377916e+00
[449] 5.664225e+00 1.311471e+01 6.885409e+00 3.778362e+00 1.447549e+01 3.448361e+00 1.054168e+00
[456] 8.186639e-01 1.425523e+01 1.368379e+01 6.422733e+00 3.683036e+00 1.257246e+00 7.285081e+00
[463] 1.500893e+01 8.469714e+00 1.003500e+00 1.150039e+01 4.181146e+00 7.604012e+00 2.315805e-02
[470] 5.954914e+00 5.941088e+00 1.293495e+01 6.695384e+00 1.177755e+01 2.078732e+00 1.162632e+01
[477] 1.124366e+01 5.197824e+00 2.550471e+00 1.115432e+00 1.357609e+01 1.035287e+01 1.419666e+01
[484] 5.338151e+00 1.170638e+01 1.193307e+01 1.241275e+01 9.058412e+00 7.939695e+00 9.854549e+00
[491] 9.164202e+00 1.319935e+01 9.136964e+00 1.178013e+01 1.059081e+01 5.627564e+00 2.701755e+00
[498] 2.533438e-01 1.282568e+01 5.076014e+00 2.027134e+00 1.283226e+01 1.157398e+01 6.285178e+00
[505] 2.570556e+00 2.770138e-01 3.993480e+00 2.703752e+00 1.050725e+01 9.324405e+00 6.605180e-01
[512] 3.169090e+00 6.704993e+00 4.185175e+00 5.167091e-01 9.559620e+00 6.970579e+00 3.677546e+00
[519] 1.031324e+01 2.041127e+00 1.059002e+00 1.187618e+01 2.917253e+00 2.694761e+00 1.107929e+01
[526] 7.763460e+00 1.578884e+00 9.024808e-01 7.700896e+00 4.384372e+00 7.278098e+00 2.739642e+00
[533] 1.022823e+01 6.075501e+00 4.224152e+00 1.153178e+01 7.217836e+00 6.906663e+00 6.878123e+00
[540] 2.712283e+00 4.864376e+00 4.850058e+00 8.469029e+00 8.073642e+00 5.228210e+00 3.695890e+00
[547] 1.150740e+01 1.119966e+01 7.916846e+00 4.157908e+00 2.351738e+00 1.068623e+01 9.087068e+00
[554] 4.421030e+00 2.095095e+00 9.992600e+00 9.187496e+00 5.443501e+00 6.937247e+00 4.210657e+00
[561] 2.665761e+00 4.603151e+00 4.199843e+00 8.806941e+00 3.583714e+00 4.132452e+00 3.234900e+00
[568] 1.004443e+01 8.329830e+00 1.024991e+01 2.032461e+00 6.922377e-01 9.640107e+00 4.400140e+00
[575] 1.202155e+00 4.608545e-01 4.827423e+00 2.154714e+00 1.682410e+00 9.468746e+00 5.786056e+00
[582] 2.708651e-02 8.458449e+00 8.328811e+00 5.457554e+00 5.275425e+00 2.084563e+00 8.738740e+00
[589] 7.722394e+00 8.075712e+00 1.609398e+00 1.089328e+00 5.100110e+00 1.630665e+00 4.205472e+00
[596] 9.235316e-01 8.585100e+00 8.443973e+00 7.443309e+00 4.000683e+00 4.538100e+00 6.622948e+00
[603] 7.248748e+00 1.164837e+00 5.971920e+00 3.375504e+00 1.864138e+00 1.007819e+00 9.375707e-02
[610] 6.890830e+00 5.767736e+00 2.119984e+00 7.549359e+00 1.042313e-01 5.775563e+00 3.111401e+00
[617] 7.495104e-01 4.112827e+00 1.017228e+00 5.271906e+00 4.941722e+00 4.620890e+00 4.530394e+00
[624] 4.024300e+00 2.244312e+00 3.887706e+00 6.802478e-01 6.590253e+00 1.365860e+00 9.962166e-01
[631] 1.721459e+00 4.898301e+00 5.001804e-01 1.844362e+00 5.617204e+00 5.967786e+00 2.382380e+00
[638] 8.052416e-01 1.934691e+00 1.973004e+00 1.327282e+00 1.204250e+00 4.357532e+00 4.367636e+00
[645] 3.248599e+00 2.069415e+00 5.536151e+00 5.340716e+00 4.721144e+00 3.075504e+00 4.996434e+00
[652] 8.240806e-01 2.933125e+00 1.689199e+00 4.058324e+00 3.741313e+00 1.778513e+00 2.459463e+00
[659] 2.544944e+00 2.003816e+00 8.874921e-01 1.264305e+00 1.823334e+00 5.872058e-02 4.893796e-01
[666] 9.511618e-01 1.721414e+00 4.050723e+00 2.097951e+00 1.606774e+00 2.971746e+00 4.376870e-02
[673] 3.847982e+00 1.702036e+00 1.489393e+00 2.584091e-01 1.121402e+00 3.762773e-01 1.735988e-01
[680] 1.866524e+00 2.274004e-01 1.992615e+00 1.030773e+00 2.540349e+00 1.139703e-01 1.912157e+00
[687] 1.264523e+00 5.546146e-03 1.400862e+00 1.192817e+00 1.393200e+00 1.748665e+00 1.572351e+00
[694] 5.578787e-01 1.204443e+00 1.108461e+00 6.267045e-01 3.765434e-01 3.357830e-01 8.501113e-01
[701] 5.074686e-01

$PAR
  [1]  NA   1   1   2   2   2   4   4   4   7   8   9   9   9   9   9  13  13  13  13  13  13  13
 [24]  13  13  13  17   5   5   5   5  28  28  28  18  18  18  18  18  18  18  18  19  19  14  14
 [47]  14  14  35  43  43  43   6   6   6   6  29  29  29  29  29  49  49  36  36  36  36  36  46
 [70]  15  47  47  47  47  47  70  70  50  33  33  33  33  64  76  76  76  76  48  48  48  48  48
 [93]  69  69  69  69  69  72  72  72  72  98  98  98  98  27  27  27  27  27  27  27  88  88  88
[116]  88  88  88  88  88  51  51  51 107 107 107 107 107 113  65  65  65 114 114  62  62  62  83
[139] 130 130 130  58  58  58  58  58  89  89 143 143 133  74  74  74  74  74 144  63 102 102 102
[162] 102 159 103 103 115 115 115  77  77  77  77 151 173 173 173 173  78 135 135 135  30 164 164
[185] 164 164 164 125 125 125  31  31 191 191 191 145 145 145 167 167 168 168 192 192  34 178 179
[208]  61  61  61  61  61 183 183 183  93  93  93  93 152 152  53  53  53  53  94  94  94  94  94
[231]  94 116 116 116 116 116 180 180 222  38  66  66  68 169 169 169 169 140 208 208  79  79 204
[254] 204 153 153 153 226 174 174 174 213 213 205 170 170 170 170 264 253 253 259 259 259 141 108
[277] 108 108 258 109 109 109  80  80  80 262 262 262 262 216 216 216  21 260 157 157 157 269 269
[300] 269 276 276 201 201 138 138 138 131 131 160 129 129 129 129 283 104 104 104 104 308  95 199
[323] 199 199 184 227 227 154 154 249 293 293 117 117 206 206 206 202  99  99 207 328 328 100 100
[346]  54  54  54  54 346 346 346 200 341 270 270 270 252 252 244 244 244 244 237 237 105  39  39
[369]  39  39 277 277  55 312 312 312 312 312 326 196 255 255 298 298 298 298 298 320  40  40  40
[392]  40  40 309 309 309 353  23  23  23  23  23 333 333 234 234 118 118 118 334 334 223 223 384
[415] 384 384 155 155 366 279 284 284 299 299 299 299 256 410 410 403 403 403 403 417 417 398 295
[438] 295 295 360 421 394 281 281 389 389 310 310 310 317 361 361 440 440 440 440 300 300 300 300
[461] 300 110 272 272 272 395 301 463 463 127 127 325 428 367 367 246 246 246 302 172 453 296 189
[484] 189 111 214 221 221 221 347 347 458 458 162 162 162 162 162 481 119 119 266 441 441 250 250
[507] 414 414 492 492 492 450 287 287 287 443 217 306 502 502 499 288 288 288 149 149 149 149 313
[530] 313 430 430 362 362 163 381 419 419 419 419 486 522 494 494 494 494 474 415 415 485 368 263
[553] 374 374 374 476 229 229 503 375 375 322 342 404 241 343 343 344 344 519 519 519 420 146 146
[576] 146 568 128 128 556 556 556 490 379 386 573 516 345 510 491  41 364  25 387 564 564 329 329
[599] 588 597 273 210 435 435 583 583 569 569 400 590 194 194 271 271 231 231 231 406 529 468 289
[622] 289 390 603 537 274 336 517 538 539 513 156 148 224 504 261 261 324 605 470 470 470 425 615
[645] 218 218 449 449 635 647 484 586 545 593 651 651 651 649 554 554 574 219 530 530 644 560 514
[668] 354 354 566 618 668 507 626 370 454 606 294 340 567 371 540 524 659 349 181 181 578 475 640
[691] 639 663 663 663 631 667 363 662 604 393 515

$EXTANT
  [1] FALSE FALSE FALSE FALSE FALSE FALSE FALSE FALSE FALSE FALSE FALSE FALSE  TRUE FALSE FALSE
 [16] FALSE FALSE  TRUE FALSE FALSE FALSE FALSE  TRUE  TRUE  TRUE  TRUE  TRUE  TRUE FALSE FALSE
 [31] FALSE FALSE  TRUE FALSE FALSE FALSE FALSE  TRUE  TRUE  TRUE  TRUE  TRUE  TRUE FALSE FALSE
 [46] FALSE FALSE FALSE FALSE FALSE FALSE  TRUE  TRUE  TRUE  TRUE  TRUE FALSE  TRUE FALSE FALSE
 [61]  TRUE  TRUE FALSE FALSE FALSE  TRUE FALSE FALSE  TRUE FALSE FALSE  TRUE FALSE  TRUE  TRUE
 [76] FALSE FALSE FALSE FALSE  TRUE FALSE  TRUE FALSE FALSE FALSE FALSE FALSE  TRUE  TRUE FALSE
 [91]  TRUE FALSE  TRUE  TRUE  TRUE FALSE  TRUE FALSE  TRUE FALSE  TRUE FALSE  TRUE  TRUE FALSE
[106] FALSE  TRUE  TRUE  TRUE FALSE  TRUE  TRUE FALSE FALSE FALSE  TRUE FALSE  TRUE  TRUE  TRUE
[121] FALSE FALSE FALSE FALSE  TRUE FALSE  TRUE  TRUE FALSE FALSE  TRUE FALSE FALSE FALSE  TRUE
[136]  TRUE  TRUE  TRUE FALSE  TRUE FALSE FALSE  TRUE  TRUE  TRUE  TRUE  TRUE  TRUE  TRUE  TRUE
[151] FALSE FALSE  TRUE  TRUE  TRUE  TRUE  TRUE  TRUE FALSE FALSE  TRUE  TRUE  TRUE  TRUE FALSE
[166] FALSE FALSE FALSE  TRUE  TRUE FALSE  TRUE  TRUE  TRUE FALSE  TRUE  TRUE FALSE FALSE FALSE
[181]  TRUE FALSE  TRUE FALSE FALSE FALSE  TRUE FALSE  TRUE  TRUE  TRUE FALSE  TRUE  TRUE  TRUE
[196] FALSE  TRUE  TRUE  TRUE FALSE  TRUE  TRUE FALSE  TRUE FALSE  TRUE FALSE  TRUE FALSE  TRUE
[211]  TRUE  TRUE  TRUE  TRUE  TRUE  TRUE FALSE  TRUE  TRUE  TRUE  TRUE  TRUE FALSE  TRUE  TRUE
[226] FALSE  TRUE  TRUE  TRUE  TRUE  TRUE FALSE FALSE  TRUE  TRUE  TRUE  TRUE  TRUE  TRUE  TRUE
[241] FALSE  TRUE  TRUE  TRUE FALSE  TRUE  TRUE  TRUE  TRUE  TRUE  TRUE  TRUE  TRUE  TRUE  TRUE
[256]  TRUE  TRUE FALSE FALSE  TRUE  TRUE  TRUE  TRUE FALSE  TRUE FALSE  TRUE  TRUE FALSE  TRUE
[271]  TRUE  TRUE  TRUE  TRUE  TRUE FALSE  TRUE  TRUE FALSE FALSE FALSE  TRUE FALSE  TRUE  TRUE
[286] FALSE  TRUE  TRUE  TRUE FALSE  TRUE  TRUE  TRUE  TRUE FALSE  TRUE  TRUE  TRUE  TRUE  TRUE
[301]  TRUE  TRUE FALSE  TRUE  TRUE FALSE  TRUE  TRUE  TRUE  TRUE FALSE  TRUE FALSE  TRUE  TRUE
[316] FALSE FALSE FALSE  TRUE  TRUE FALSE  TRUE  TRUE  TRUE  TRUE  TRUE  TRUE  TRUE  TRUE  TRUE
[331]  TRUE  TRUE FALSE FALSE FALSE  TRUE  TRUE  TRUE  TRUE  TRUE  TRUE  TRUE  TRUE  TRUE FALSE
[346]  TRUE  TRUE  TRUE  TRUE FALSE  TRUE FALSE FALSE  TRUE  TRUE  TRUE  TRUE  TRUE  TRUE  TRUE
[361]  TRUE  TRUE  TRUE  TRUE  TRUE FALSE  TRUE  TRUE  TRUE  TRUE  TRUE  TRUE  TRUE  TRUE  TRUE
[376]  TRUE  TRUE  TRUE  TRUE FALSE FALSE FALSE FALSE  TRUE  TRUE  TRUE  TRUE  TRUE  TRUE  TRUE
[391]  TRUE  TRUE  TRUE FALSE  TRUE FALSE FALSE  TRUE FALSE  TRUE  TRUE  TRUE  TRUE  TRUE  TRUE
[406]  TRUE FALSE FALSE  TRUE FALSE  TRUE FALSE  TRUE  TRUE  TRUE FALSE  TRUE  TRUE  TRUE FALSE
[421]  TRUE  TRUE FALSE FALSE FALSE  TRUE  TRUE  TRUE  TRUE FALSE  TRUE  TRUE  TRUE  TRUE  TRUE
[436]  TRUE FALSE  TRUE  TRUE  TRUE FALSE  TRUE  TRUE FALSE FALSE  TRUE  TRUE FALSE FALSE  TRUE
[451]  TRUE  TRUE  TRUE  TRUE  TRUE  TRUE FALSE  TRUE  TRUE  TRUE  TRUE FALSE  TRUE  TRUE  TRUE
[466]  TRUE FALSE  TRUE  TRUE  TRUE  TRUE FALSE  TRUE FALSE  TRUE FALSE  TRUE  TRUE  TRUE  TRUE
[481]  TRUE  TRUE FALSE  TRUE  TRUE  TRUE FALSE FALSE  TRUE  TRUE FALSE FALSE FALSE  TRUE  TRUE
[496]  TRUE  TRUE  TRUE  TRUE  TRUE  TRUE  TRUE  TRUE  TRUE  TRUE  TRUE  TRUE  TRUE  TRUE  TRUE
[511]  TRUE  TRUE  TRUE  TRUE  TRUE  TRUE  TRUE  TRUE  TRUE  TRUE  TRUE  TRUE  TRUE FALSE  TRUE
[526]  TRUE  TRUE  TRUE  TRUE  TRUE  TRUE  TRUE  TRUE  TRUE FALSE FALSE  TRUE  TRUE  TRUE  TRUE
[541]  TRUE FALSE FALSE  TRUE  TRUE  TRUE FALSE FALSE FALSE  TRUE  TRUE  TRUE  TRUE  TRUE  TRUE
[556]  TRUE FALSE  TRUE  TRUE  TRUE  TRUE  TRUE FALSE  TRUE  TRUE  TRUE  TRUE  TRUE  TRUE  TRUE
[571]  TRUE  TRUE  TRUE  TRUE  TRUE  TRUE  TRUE  TRUE  TRUE  TRUE FALSE  TRUE  TRUE  TRUE FALSE
[586]  TRUE  TRUE  TRUE FALSE  TRUE FALSE  TRUE  TRUE  TRUE FALSE  TRUE  TRUE  TRUE  TRUE  TRUE
[601] FALSE  TRUE  TRUE  TRUE  TRUE  TRUE  TRUE  TRUE  TRUE FALSE  TRUE  TRUE  TRUE  TRUE  TRUE
[616]  TRUE  TRUE  TRUE  TRUE  TRUE  TRUE  TRUE  TRUE  TRUE FALSE  TRUE  TRUE  TRUE  TRUE  TRUE
[631]  TRUE  TRUE  TRUE  TRUE  TRUE  TRUE  TRUE  TRUE  TRUE  TRUE  TRUE  TRUE  TRUE FALSE FALSE
[646]  TRUE  TRUE  TRUE  TRUE  TRUE  TRUE  TRUE  TRUE  TRUE  TRUE FALSE  TRUE  TRUE  TRUE  TRUE
[661]  TRUE  TRUE  TRUE  TRUE  TRUE  TRUE  TRUE  TRUE  TRUE  TRUE  TRUE  TRUE  TRUE  TRUE  TRUE
[676]  TRUE  TRUE  TRUE  TRUE  TRUE  TRUE  TRUE  TRUE  TRUE  TRUE  TRUE  TRUE  TRUE  TRUE  TRUE
[691]  TRUE  TRUE  TRUE  TRUE  TRUE  TRUE  TRUE  TRUE  TRUE  TRUE  TRUE

