
Birth-death simulation object with 884 species and 500 extant species

Details for some species:

Extinction times (NA means extant)
[1] 158.3604 148.7481 133.3246 158.4553 163.6734 136.0850


Speciation times 
[1] 175.2939 174.9656 173.1941 170.3865 169.7276 165.9694


Species parents (NA for initial)
[1] NA  1  2  2  2  2


Species status (extinct or extant)
[1] "extinct" "extinct" "extinct" "extinct" "extinct" "extinct"


For more details on vector y, try sim$y, with y one of
TE TS PAR EXTANT



$TE
  [1] 158.360389 148.748087 133.324637 158.455286 163.673429 136.085038 138.380342 132.868050
  [9]  94.664470 167.094379 158.210954 140.224903 134.098504 123.642558 153.582531 137.095605
 [17] 119.015775 157.483173 144.815954 144.944925 124.925076 159.899563 154.306858 130.265581
 [25] 131.392102  89.473905 107.471582  83.967823 139.625036 131.316203 141.232112 136.854503
 [33] 120.041389 136.241878 147.145164 145.540675 105.371020 106.431828  93.894208  84.638204
 [41] 145.050360 115.874980 144.669983 105.506824 125.949859 109.598526 142.475538 130.788335
 [49] 139.826972 132.196968 113.037222 139.834624 110.643315 136.674098 133.937888 129.320489
 [57] 133.185103 102.523633 124.348767  58.722855  56.536172  53.100388 133.325403 135.561560
 [65] 106.770800 107.548645 110.219260 121.050477 116.827455 113.693073 111.706001  79.149951
 [73]  77.414346  37.168516 112.796580   9.956751 106.572016  25.917835  83.669321  29.656301
 [81]  93.171008         NA         NA 117.237251 112.387721 119.187553 101.824867  96.416716
 [89]  89.931147         NA         NA         NA         NA         NA 122.137732 118.246720
 [97]         NA 102.491459  86.414653 114.479167 129.853981  89.499844  96.419957  69.274301
[105] 127.271627  43.494775 117.790474  36.475415 114.870423  56.907210 118.321399  99.664163
[113]         NA  33.855827 101.736889  19.332186         NA         NA  49.545137  85.521707
[121]  84.919184 114.903929  93.238264  84.226968  40.191603  92.097153  96.755692 113.576791
[129] 102.045242  99.764462  86.689549 103.256485 104.959186 102.938469  77.553099  70.006230
[137]         NA         NA         NA         NA         NA 102.708728 101.867133  96.297083
[145]  95.627514  50.303350 105.810934  89.220129  40.319558  85.309934  68.508221 116.934660
[153] 115.393331  96.459493 110.258611 102.674856  82.197583  87.895975  55.927125  72.623418
[161]         NA         NA         NA         NA         NA         NA         NA         NA
[169]         NA         NA         NA         NA         NA  30.758693  58.475515  97.134883
[177]  90.406740  56.125598  75.370603  60.854906 118.817353  63.476214  79.889875  49.222391
[185]  43.917545         NA         NA         NA         NA         NA         NA  97.025023
[193]  98.152355  75.377042  70.937435  88.241133  89.622619 119.127891  81.272751  59.625729
[201]  75.945302         NA         NA         NA         NA         NA 103.160738 111.378636
[209]  70.781318  58.823542 111.413275 114.047350         NA         NA         NA         NA
[217]         NA         NA         NA         NA         NA         NA         NA         NA
[225]         NA  75.444501  89.919415 104.687421 109.088891  28.173345  70.813358  67.644575
[233]  76.773115  90.187431         NA         NA  99.994793 103.532256 112.298711 100.429250
[241]  90.604259         NA         NA   8.134426 110.864096 104.566688  86.767382  82.500478
[249]         NA         NA         NA         NA         NA  97.476038 108.764266 105.528765
[257]  94.702150  60.885155         NA         NA         NA         NA         NA         NA
[265]         NA  66.666385  96.458906  83.870708  83.951669  89.591527  49.109247         NA
[273]         NA 107.552242  69.684782  95.067543  57.283140  90.692442  56.032925  71.854670
[281]         NA  63.176223  73.850963  53.050982  98.170534  78.974687  97.712601  81.617361
[289]  85.714092  97.007387  88.266847  90.857214  58.998652  13.750410         NA         NA
[297]         NA         NA         NA         NA         NA         NA  90.116027  94.829595
[305]         NA         NA         NA         NA  92.047973  96.169251 108.471935 102.918392
[313]  29.219759  96.763046  99.512268  86.851785  60.543836  80.718551  48.840052  58.126653
[321]         NA         NA 103.614605  85.540484  97.706199  98.509459 109.533098  70.898897
[329]         NA         NA         NA         NA  73.667359  94.375768         NA         NA
[337]         NA  76.144930 100.713525  94.554688         NA  45.573395         NA         NA
[345]         NA         NA  96.491178 105.899195 107.340933         NA         NA         NA
[353]         NA         NA         NA 108.653420  37.145966  95.758303         NA         NA
[361] 106.782283 101.085508  98.281475  64.142809  92.057717  96.303339  74.667778         NA
[369]  74.597028  94.828655  80.425807  86.637855         NA         NA  78.176453  74.669012
[377]  57.214187  89.256861  97.512991  52.597532         NA         NA  63.432485         NA
[385]         NA         NA         NA         NA  75.287716 100.535836  85.997286  87.471002
[393]         NA         NA  63.014650  92.712356  95.636164  69.505091         NA         NA
[401]         NA         NA         NA 104.010935         NA  67.963219  87.121677  51.897768
[409]  98.242435         NA  70.293614         NA         NA         NA         NA         NA
[417]         NA         NA         NA         NA         NA         NA         NA         NA
[425]         NA         NA         NA         NA         NA         NA 100.813677         NA
[433]         NA         NA         NA  94.670890         NA         NA         NA  75.476085
[441]         NA         NA         NA         NA         NA         NA         NA         NA
[449]         NA         NA         NA         NA         NA         NA  93.218705  80.713431
[457]         NA         NA  87.832456  83.629445         NA         NA  28.152311  95.730978
[465]  48.451248         NA  70.600596  87.097848  90.852707  91.044072  60.332151         NA
[473]         NA         NA         NA  81.893896  56.286306         NA         NA         NA
[481]  94.858775  91.247259         NA  46.138741  59.863433  65.169394  79.932596  86.092589
[489]  85.819741         NA  77.957210  80.868127         NA         NA  93.269990         NA
[497]         NA         NA         NA  74.760537  58.394518         NA         NA  94.413452
[505]         NA  80.614448         NA  75.484505         NA  80.849353  89.683341  88.035521
[513]         NA         NA         NA         NA         NA         NA         NA         NA
[521]  81.104046         NA  50.622807  18.421082  87.564401         NA         NA         NA
[529]         NA         NA         NA  88.605507  54.828114         NA         NA         NA
[537]         NA  88.730240  78.899776  79.059975  75.315011         NA         NA  69.258391
[545]         NA         NA         NA         NA  46.246221         NA         NA         NA
[553]         NA         NA         NA         NA         NA         NA  96.104578  76.530913
[561]         NA         NA  90.851020  73.541946         NA         NA         NA         NA
[569]         NA         NA         NA         NA         NA         NA         NA         NA
[577]         NA         NA  94.312811  70.152687  64.528200  84.493300  71.678405         NA
[585]         NA         NA         NA         NA         NA         NA  50.102345  67.088800
[593]         NA         NA         NA         NA         NA         NA         NA         NA
[601]  70.765103  34.839772  45.451420         NA         NA         NA         NA         NA
[609]         NA         NA         NA         NA         NA         NA         NA         NA
[617]         NA         NA         NA         NA         NA         NA  44.163373         NA
[625]         NA         NA         NA         NA  74.577906  89.027165         NA         NA
[633]  40.079465         NA         NA         NA         NA         NA         NA         NA
[641]         NA         NA         NA         NA         NA         NA         NA         NA
[649]         NA         NA  77.767952  62.922989         NA  58.821340         NA  88.822071
[657]  73.427285  86.819537  82.397513         NA         NA         NA         NA         NA
[665]         NA         NA         NA         NA         NA         NA  39.453543         NA
[673]         NA         NA         NA         NA         NA  71.811995         NA         NA
[681]         NA         NA         NA  74.049267  78.028178  74.094955         NA         NA
[689]  70.021491         NA  56.369348         NA  82.219553  81.493200  75.593886         NA
[697]         NA         NA         NA         NA         NA         NA         NA         NA
[705]         NA         NA  77.216210         NA         NA  87.699434         NA         NA
[713]         NA         NA         NA         NA         NA         NA  28.724164         NA
[721]         NA         NA         NA         NA         NA         NA         NA         NA
[729]         NA         NA         NA         NA         NA         NA         NA         NA
[737]         NA  74.044603  51.513004  68.345629         NA         NA         NA         NA
[745]         NA         NA         NA         NA         NA         NA         NA  77.943171
[753]         NA         NA         NA         NA         NA         NA         NA         NA
[761]         NA         NA         NA         NA  24.331401  67.125962         NA         NA
[769]         NA         NA         NA  84.920270         NA         NA         NA         NA
[777]         NA  78.759293         NA         NA         NA         NA         NA         NA
[785]         NA         NA         NA  75.431131         NA         NA         NA         NA
[793]         NA         NA         NA         NA         NA         NA         NA         NA
[801]         NA         NA  54.352661         NA         NA         NA         NA         NA
[809]         NA         NA         NA         NA         NA         NA         NA         NA
[817]  62.199902         NA         NA         NA         NA         NA         NA         NA
[825]         NA         NA         NA         NA         NA         NA         NA         NA
[833]         NA         NA         NA         NA         NA         NA  29.547754         NA
[841]         NA         NA         NA         NA         NA         NA         NA         NA
[849]         NA         NA         NA         NA         NA         NA         NA         NA
[857]         NA         NA         NA         NA         NA         NA         NA         NA
[865]         NA         NA         NA         NA         NA         NA         NA         NA
[873]         NA         NA         NA         NA         NA         NA         NA         NA
[881]         NA         NA         NA         NA

$TS
  [1] 175.2938930 174.9656080 173.1940595 170.3865251 169.7276110 165.9694237 158.3031583
  [8] 151.1614502 150.5278612 168.7451744 161.1756308 153.2909717 149.5386197 168.0536228
 [15] 164.9766980 151.4893631 130.7931142 158.5175174 154.5733897 154.4963178 145.3591352
 [22] 160.8046231 159.8778996 155.5769666 143.2441750 139.8103953 147.4544948 142.6758855
 [29] 141.9403073 149.1779428 148.9059685 147.3566202 138.1600534 150.9478738 148.7871665
 [36] 149.1205800 132.6132694 113.6455520 108.3147824 101.7789612 146.4601622 134.1757654
 [43] 146.4325151 129.1059224 126.4303307 112.5479121 145.9340633 140.3696292 145.1330394
 [50] 142.5372709 143.6712914 140.9636821 122.2377078 141.7621607 139.9720307 136.9772334
 [57] 137.0049713 129.3280708 124.9645291 120.8297838 113.4059066  88.4004380 141.3714889
 [64] 138.8630077 133.9970229 134.8174198 133.3999523 132.9620117 123.3088989 114.9979365
 [71] 111.8396788 107.2627657  92.8621544 137.8303829 121.9575957 135.5457800 129.5715315
 [78] 105.2782062  98.5569108  96.7911782  96.4143978  77.9946968  60.7170829 124.4443733
 [85] 119.8727433 119.2354691 116.5958455  97.3461243  96.7705340  72.0232554  62.2970410
 [92]  30.9835011  23.2107029  10.7761366 134.6990283 130.3632105 122.8677268 112.8561016
 [99] 112.7855777 131.3209853 133.7351093 131.6034525 123.4135547 132.3265752 131.1716447
[106] 128.8922254 124.2152985 117.0778245 119.3832561 113.1809163 126.3420392 125.7231526
[113] 125.4755552 123.5544057 102.3049150  93.5685317  82.6801994  78.7943567 102.6466680
[120]  90.9896115 123.7677704 123.4928967 128.2077145 125.4320148 118.5343136 128.2665071
[127] 119.0677535 118.9884974 110.9416658 103.4326917 102.8907100 120.6170675 107.5763219
[134] 106.9257363  93.6255436  93.4959578  63.1425421  63.0727971  63.0582538  52.3497858
[141]  44.3997845 114.3234541 102.1292149  99.0965670  98.3015971 107.8285630 107.5060872
[148] 107.4096961 104.7577298 101.1257451  95.1581101 123.8571475 116.5575117 105.5735924
[155] 124.8782790 114.4231357 111.7780820 106.2760825  88.8029988  87.6939849  86.2787576
[162]  85.0089272  82.4691135  78.1107478  77.1644067  76.3559096  53.6373062  46.4581261
[169]  28.5426992  25.2454088  22.5022995  16.0472462   8.5032868 124.5137991 115.4570055
[176]  97.3737353  96.1136273  95.8529020  92.0570145 114.7594135 121.5325364 112.7011243
[183] 108.5981928 100.2642483  94.8228855  83.0160078  76.6954376  64.5649294  55.1288953
[190]  48.8755102  38.0386481 118.9903722 120.7454216 103.1244319  94.5481140  94.4786594
[197]  92.5571367 122.7091195  93.3284573  92.8318712  87.6989328  84.4086919  62.2862204
[204]  55.6209288  45.7752382  39.4011035 117.7168302 113.3558870 111.3286154 110.6075551
[211] 119.0978642 117.9559601  84.7527096  77.0460845  73.8636584  67.2879840  54.8612681
[218]  36.3862279  32.0124430  14.7981135   9.3062658   7.0024941   6.0361797   4.5319799
[225]   1.6985926 119.1102878 114.8099119 117.7948628 115.8054061 109.7141035 105.7067717
[232] 103.0871661  94.1998976  93.9523153  83.9329599  77.2688772 107.7821086 111.3038480
[239] 116.3221698 105.1349634  91.3096751  79.1657747  77.4889341 104.1892475 115.9998836
[246] 105.1907637  94.7899290  92.9050339  83.7896904  79.8800879  68.3764004  47.0890933
[253]  42.2480425 115.5731698 113.7300348 113.9109650 103.0038289  89.7334479  84.7169680
[260]  75.9863836  75.4732916  64.5803291  57.5490592  50.4848285  48.7866711 109.2906975
[267] 104.0317897 102.9134046 104.7915626  98.6034239  94.6330693  84.9998005  79.8044579
[274] 114.1989916 114.1857704 113.0611044  91.5305714  90.8071826  93.7070249  91.3886177
[281]  67.9969203 111.8106652 106.4113154 113.1174643 110.4125129 108.7774350 112.1024600
[288] 106.5877632 102.7375655  97.9699499  97.3565645  96.9388414  95.6710741  94.2036826
[295]  77.5136540  77.3065845  66.6627665  73.2789437  66.1499643  63.3762267  62.4443510
[302]  61.7614452  98.1610271  95.5073903  68.7388814  63.9620890  59.4359486  54.8905556
[309]  97.0137891  96.4839820 109.3455097 109.3089230 105.2679868 110.4783215 109.6849086
[316] 109.0559358 107.9402477 101.8136542 100.1966206  90.2487162  86.6394602  77.3381131
[323] 112.0639510 101.6221317 104.7278453 110.4496071 109.5492523 101.0758397  84.9674054
[330]  83.9233736  68.0062532  95.4323948  90.9681138 100.9735270  86.1906818  85.5984186
[337]  79.7246926 104.5286155 107.9614412 100.5561628  96.5939156  89.8218585  85.5642374
[344]  82.3499203  75.8421031  60.4222504 103.1264605 109.7197762 108.5920006  85.8520548
[351]  73.9508323  68.0507099  47.5562281  34.9179460  33.9915634 108.9070770 106.7805690
[358]  96.7625102  72.0301942  70.0528883 107.4547714 104.7207609 104.7113148 102.2844940
[365]  99.8760775  97.6033710  93.4858291  87.4719919 108.7710028 107.5119145  90.0738537
[372]  88.9135844  84.0523653 105.0735161 103.1299607  89.9495118 104.5857287  96.6596811
[379]  98.2134895  98.0143754  78.2885767  68.2921879  88.1724203  86.6976424  80.1505315
[386]  75.1621726  73.5525104  67.7596064 101.0420427 105.1840312  94.4112794  96.1711084
[393]  84.0611415  82.9064715 105.0728478  99.8968308  98.8475159  94.3988527  80.8580314
[400]  63.3899177  58.6035766  55.8151699  50.4773926 104.1155258  87.3399949  95.7847556
[407]  95.4798470  92.1543786 102.2159159  71.6492633 101.8525084  73.2765261  69.8348028
[414]  37.1968319  34.2627518  72.3669516  64.8149171  33.8471953  87.4113215  81.1673039
[421]  75.4926057  69.6257127  52.6161583  51.8731737  38.6982235  31.6197796  21.5733702
[428]  14.7997218  85.6858593  66.9133163 103.1871839  79.9613650  72.2756759  63.2203288
[435]  41.0453027  99.3390507  75.8324811  83.6674478  76.7688830  95.6580896  86.3617129
[442]  74.1795312  64.7479864  63.8815622  48.6618228  31.4269949  29.8682588  22.8145091
[449]  18.8601723  15.6237113  11.8637503  99.3407257  82.9134986  78.7374215  98.2212517
[456]  89.7677728  80.0992217  79.0420026 102.2901464  96.2775913  89.7253787  71.6865614
[463]  97.0154639  97.9651572  93.3793348  84.5003279  92.0640616  91.5900847  96.9409082
[470]  94.0444763  87.6127667  81.4381171  72.4133893  67.1477554  65.0862639  91.9716176
[477]  90.5279228  84.5692723  80.7892763  70.5201368  98.2871397  93.1985376  76.7320716
[484]  89.1074936  96.3096157  90.0567176  90.0558183  89.7852726  87.9436719  97.8894498
[491]  94.2422103  88.0172849  80.1511884  73.5759980  96.0638855  84.8905253  83.8660636
[498]  81.9546140  75.5516781  96.7807294  94.8177616  68.5179420  58.3570420  97.1983210
[505]  84.6809467  99.4326270  93.7159972  93.6531727  82.2018946  99.1703291  97.8252535
[512]  96.9365065  77.9339892  64.1400914  61.4142150  60.1701076  54.2756752  19.4817725
[519]  18.0391433  12.2019512  91.0087262  83.3649293  97.0598687  90.8602040  90.3764360
[526]  81.7679912  79.1335236  75.7459480  73.9477140  71.3056760  67.2297386  96.4526294
[533]  91.9846489  87.4679353  82.1885646  50.1068274  40.3921256  95.3563363  90.5142573
[540]  97.2210072  92.3615542  83.7074541  82.9161658  91.2543205  79.5118870  67.4686038
[547]  63.1471419  57.5187702  92.8542027  86.7540685  83.5022134  80.0423999  75.4274083
[554]  58.6945835  52.3615208  47.9436205  29.7157184  28.8277958  96.5597239  91.0745920
[561]  82.3788055  50.3869961  92.5929276  92.9908779  85.1868335  61.1072858  58.1030866
[568]  54.6618964  41.4785279  23.2116277  20.2483979   4.8654208  86.3849069  86.2758243
[575]  82.9887626  81.6314486  75.7063670  72.8435965  94.3154610  90.1667306  94.1887286
[582]  91.1985521  91.4270054  83.6496323  79.8305340  77.9771659  74.7916618  70.0509933
[589]  56.8392254  81.6809968  94.8924189  88.6373906  87.1518189  84.8402720  83.0007425
[596]  75.1408606  71.3866494  66.1167017  60.4058261  76.8153038  91.3739727  89.0209340
[603]  91.7522884  71.3809116  41.6645039  25.4592582  25.3362449  24.5283154  87.4847300
[610]  83.9133111  82.5206255  71.7243415  73.0550681  56.2864915  82.0994759  79.7857617
[617]  66.4674506  64.3476091  60.4437810  58.2179484  54.1435559  50.6435282  94.2374370
[624]  87.4020399  65.9510286  60.9587572  57.5694165  52.1551285  94.1099248  89.3143562
[631]  75.8017770  71.0922446  90.6013765  81.6718197  83.3337048  78.1117638  58.0225279
[638]  50.6416975  85.7012655  78.9761513  73.9118829  71.1561328  56.8449033  56.1735670
[645]  54.9802808  44.4007775  40.2712341  38.2995700  34.0661543  26.9021520  90.5371546
[652]  92.7775602  80.3771985  89.1196840  85.9499052  92.7854722  93.5131718  89.0899172
[659]  87.5560096  87.0690340  87.0476665  63.5345885  54.2341842  47.7265664  41.8153525
[666]  28.2493997  83.5094916  81.0472024  79.7763464  78.3788616  88.9908903  86.6983139
[673]  86.1457645  85.3107101  70.5118514  48.6733726  38.1828240  92.7929373  81.4773384
[680]  76.3862431  75.1943414  78.9228171  85.6839278  92.9644290  91.7734114  90.9150857
[687]  54.5360273  52.0656488  87.5735596  85.4069105  88.2104296  81.8624519  88.3085419
[694]  91.8091435  91.7946956  85.8270855  76.2851980  75.6156999  65.8765073  53.3943152
[701]  49.5547661  77.9056180  74.9099289  74.5467908  68.4645239  60.5626550  90.2914173
[708]  87.3356049  66.9595097  90.0763372  78.3642750  86.6956940  80.9636889  77.4382457
[715]  64.4420456  59.3636115  56.9588876  55.7158709  90.5323997  78.4657580  82.2598137
[722]  75.6329091  84.0587284  83.1704230  86.8823470  81.4393496  57.3247665  64.0777881
[729]  60.5873560  58.6378988  74.3446064  73.5306244  73.4826285  78.8967004  78.5501221
[736]  83.5835447  86.4958193  89.3489006  89.1599543  88.1558715  80.9258208  41.9764537
[743]  34.0812338  27.4522574  59.4065771  54.7738563  79.8832824  77.8344002  67.5384701
[750]  42.4028490  29.3040279  88.7454683  79.2335387  77.2687082  71.4081993  87.3435821
[757]  82.8385097  82.8879484  84.0765058  82.2272120  78.1892892  66.8657669  80.8979539
[764]  77.4704895  89.1996436  88.5359848  85.0779494  82.4138739  78.3728350  77.0556858
[771]  68.8577629  89.8842620  82.9925549  82.1357135  82.1238461  84.6193358  84.0003805
[778]  88.1545026  84.2722058  78.2345918  77.8995456  73.0205382  69.1871955  65.7319180
[785]  57.2736414  55.4479556  83.4918104  88.5678166  81.5709743  72.4410649  62.1517408
[792]  81.0826289  75.5137440  64.4654539  64.2709004  54.8179418  37.5794602  26.1526439
[799]  11.4246230   0.4609493   0.0531477  86.0966729  87.9976838  56.3157296  43.4322466
[806]  84.2189556  80.8230523  61.8211704  60.5519391  59.5143743  75.5851142  73.1101924
[813]  82.3812758  59.3714017  58.7215159  46.5294218  88.2376135  60.7249103  58.3331868
[820]  83.5488795  72.1072370  63.4604591  62.1627913  59.8561128  47.9802225  44.3325087
[827]  82.0832241  76.7458971  86.2587952  79.8145193  70.2808493  78.4565914  75.5756012
[834]  86.5155642  75.5512337  60.2834554  58.6850555  57.1815831  87.8270643  85.5509502
[841]  70.0924638  65.6000967  75.0108278  70.4535847  64.9508939  79.1705421  73.1992916
[848]  71.9323534  70.9749219  81.2516976  81.1980959  83.7374651  83.3718944  82.6169790
[855]  65.1593763  58.0319901  87.5234669  79.7112162  72.3455840  67.1917527  39.8611838
[862]  38.8439629  36.5022910  84.4031912  77.4515794  85.0276357  83.6810724  81.7516222
[869]  81.3776664  78.6000301  78.2691577  74.4167784  74.1138215  62.5801974  80.1036889
[876]  77.1100045  85.3139732  85.2158752  85.0354683  80.4884679  69.2256853  60.1230016
[883]  58.7210331   7.2398286

$PAR
  [1]  NA   1   2   2   2   2   2   2   2   3   3   3   3   5  14  14  14   6   6   6   6  11  11
 [24]   7   7   7  24  24  24  12  12  16  16   8   8  34   9   9   9   9  13  30  31  27  27  27
 [47]  32  32  43  21  49  49  51  25  25  25  28  28  28  28  28  28  54  63  48  55  26  26  26
 [70]  26  26  26  26  33  33  74  74  74  74  74  74  74  74  76  76  76  76  76  76  76  76  76
 [93]  76  76  66  66  66  66  66  95  42  42  42  65  65  65  65  65  67  67  37  37 104 104 104
[116] 104 104 104 102 102 100 100 105  17  96  77  77  58  58  58  58 106 106 106 106 106 106 106
[139] 106 106 106 126 126 126 126 123 123 123 123 123 123 112 112 112 113 113 113 113 113 113 113
[162] 113 113 113 113 113 113 113 113 113 113 113 113 124 124 124 124 124 124 155 174 174 174 174
[185] 174 174 174 174 174 174 174 152 121 121 121 121 121 114 114 114 114 114 114 114 114 114 122
[208] 103 103 103  69  97  97  97  97  97  97  97  97  97  97  97  97  97  97  53  75  60  60  60
[231]  60  60  60  60  60  60 193 132 109 226 226 226 226 127 192 192 125 125 125 125 125 125 125
[254] 228 207 108 108 108 108 108 108 108 108 108 108  87  87  87 254 175 175 175 175  70 227 227
[277] 227 227 180 180 180 156 156 275 275 275  38  61  61  61  61  61  61  61  61  61  61 110 110
[300] 110 110 110 284 284 284 284 284 284 276 276  98  98  98  99  99  99  99  99  99 182 182 182
[323] 287 287 323 282 282 282 282 282 282 157 157 209 209 209 209 238 129 210 210 210 210 210 210
[346] 210 314 285 348 230 230 230 230 230 230 315 266 266 266 266 316 316 316 316 316 316 316 316
[369] 286 286 286 286 286 369 369 369 183 183  39 317 317 317 146 146 146 146 146 146 237 148 148
[392]  72  72  72 134 357 357 357 357 357 357 357 357 288 288 283 283 158 231 231  78  78  78  78
[415]  78 313 313 313 374 374 374 374 374 374 374 374 374 374 395 395 149 149 149 149 149 325 377
[438] 338 338 244 244 244 244 244 244 244 244 244 244 244 244 267 375 375 347 194 194 194 232 232
[461] 232 232 257 268 268 268 131 289 119 119 119 119 119 119 119 459 364 364 364 364 409 411 411
[484] 318  40 324 324 324 150 328 328 328 328 328 389 389 389 389 389 334 340 184 184 319 319 396
[507] 365 365 506 452 452 452 452 452 452 452 452 452 452 452 510 510 397 270 270 380 380 380 380
[530] 380 380 464 490 490 490 490 490 511 511 176 540 540 540 523 523 523 523 523 463 463 463 463
[553] 463 463 463 463 463 463 469 512  80  80  89 341 341 341 341 341 341 341 341 341 485 485 485
[576] 485 485 485 460 460 392 392 178 178 178 178 178 178 178 406 293 293 293 293 293 293 293 293
[599] 293 440 407 407 332 332 332 332 332 332 151 151 151 151 591 591 185 185 185 185 185 185 185
[622] 185 501 247 271 271 271 271 195 195 398 398 491 491 623 623 623 623 294 294 294 294 294 294
[645] 294 294 294 294 294 294 233 581 581 629 629 470 234 507 507 507 507 507 507 507 507 507 279
[668] 279 508 508 135 135 135 116 116 116 116 657 657 657 657 136 367 465 465 465 465 465 199 199
[691] 684 684 248  73  73  73 549 549 549 549 549 200 200 200 200 200 678 678 652 541 541 408 408
[714] 408 408 408 408 408 533 533 695 695 685 685 603 603 603 277 277 277 583 583 583 280 280 601
[737] 544 521 521 120 333 524 524 524 633 633 719 719 719 719 719 477 477 477 477 539 539 707 320
[760] 320 320 320 580 580 371 371 371 486 486 486 486 487 487 487 487 376 376 342 342 342 342 342
[783] 342 342 342 342 456 258 258 258 258 461 461 461 461 461 461 461 461 461 461 738 765 765 765
[806] 739 739 739 739 739 654 654 484 484 484 484 602 602 602 671 671 671 671 671 671 671 159 159
[829] 752 752 592 766 766  62  62  62  62  62 693 817 817 817 691 691 383 740 740 740 740 492 492
[852] 803 803 803 803 803 839 839 839 839 839 839 839 201 201 160 160 160 160 471 471 471 471 471
[875] 689 689 659 659 857 857 857 857 857 857

$EXTANT
  [1] FALSE FALSE FALSE FALSE FALSE FALSE FALSE FALSE FALSE FALSE FALSE FALSE FALSE FALSE FALSE
 [16] FALSE FALSE FALSE FALSE FALSE FALSE FALSE FALSE FALSE FALSE FALSE FALSE FALSE FALSE FALSE
 [31] FALSE FALSE FALSE FALSE FALSE FALSE FALSE FALSE FALSE FALSE FALSE FALSE FALSE FALSE FALSE
 [46] FALSE FALSE FALSE FALSE FALSE FALSE FALSE FALSE FALSE FALSE FALSE FALSE FALSE FALSE FALSE
 [61] FALSE FALSE FALSE FALSE FALSE FALSE FALSE FALSE FALSE FALSE FALSE FALSE FALSE FALSE FALSE
 [76] FALSE FALSE FALSE FALSE FALSE FALSE  TRUE  TRUE FALSE FALSE FALSE FALSE FALSE FALSE  TRUE
 [91]  TRUE  TRUE  TRUE  TRUE FALSE FALSE  TRUE FALSE FALSE FALSE FALSE FALSE FALSE FALSE FALSE
[106] FALSE FALSE FALSE FALSE FALSE FALSE FALSE  TRUE FALSE FALSE FALSE  TRUE  TRUE FALSE FALSE
[121] FALSE FALSE FALSE FALSE FALSE FALSE FALSE FALSE FALSE FALSE FALSE FALSE FALSE FALSE FALSE
[136] FALSE  TRUE  TRUE  TRUE  TRUE  TRUE FALSE FALSE FALSE FALSE FALSE FALSE FALSE FALSE FALSE
[151] FALSE FALSE FALSE FALSE FALSE FALSE FALSE FALSE FALSE FALSE  TRUE  TRUE  TRUE  TRUE  TRUE
[166]  TRUE  TRUE  TRUE  TRUE  TRUE  TRUE  TRUE  TRUE FALSE FALSE FALSE FALSE FALSE FALSE FALSE
[181] FALSE FALSE FALSE FALSE FALSE  TRUE  TRUE  TRUE  TRUE  TRUE  TRUE FALSE FALSE FALSE FALSE
[196] FALSE FALSE FALSE FALSE FALSE FALSE  TRUE  TRUE  TRUE  TRUE  TRUE FALSE FALSE FALSE FALSE
[211] FALSE FALSE  TRUE  TRUE  TRUE  TRUE  TRUE  TRUE  TRUE  TRUE  TRUE  TRUE  TRUE  TRUE  TRUE
[226] FALSE FALSE FALSE FALSE FALSE FALSE FALSE FALSE FALSE  TRUE  TRUE FALSE FALSE FALSE FALSE
[241] FALSE  TRUE  TRUE FALSE FALSE FALSE FALSE FALSE  TRUE  TRUE  TRUE  TRUE  TRUE FALSE FALSE
[256] FALSE FALSE FALSE  TRUE  TRUE  TRUE  TRUE  TRUE  TRUE  TRUE FALSE FALSE FALSE FALSE FALSE
[271] FALSE  TRUE  TRUE FALSE FALSE FALSE FALSE FALSE FALSE FALSE  TRUE FALSE FALSE FALSE FALSE
[286] FALSE FALSE FALSE FALSE FALSE FALSE FALSE FALSE FALSE  TRUE  TRUE  TRUE  TRUE  TRUE  TRUE
[301]  TRUE  TRUE FALSE FALSE  TRUE  TRUE  TRUE  TRUE FALSE FALSE FALSE FALSE FALSE FALSE FALSE
[316] FALSE FALSE FALSE FALSE FALSE  TRUE  TRUE FALSE FALSE FALSE FALSE FALSE FALSE  TRUE  TRUE
[331]  TRUE  TRUE FALSE FALSE  TRUE  TRUE  TRUE FALSE FALSE FALSE  TRUE FALSE  TRUE  TRUE  TRUE
[346]  TRUE FALSE FALSE FALSE  TRUE  TRUE  TRUE  TRUE  TRUE  TRUE FALSE FALSE FALSE  TRUE  TRUE
[361] FALSE FALSE FALSE FALSE FALSE FALSE FALSE  TRUE FALSE FALSE FALSE FALSE  TRUE  TRUE FALSE
[376] FALSE FALSE FALSE FALSE FALSE  TRUE  TRUE FALSE  TRUE  TRUE  TRUE  TRUE  TRUE FALSE FALSE
[391] FALSE FALSE  TRUE  TRUE FALSE FALSE FALSE FALSE  TRUE  TRUE  TRUE  TRUE  TRUE FALSE  TRUE
[406] FALSE FALSE FALSE FALSE  TRUE FALSE  TRUE  TRUE  TRUE  TRUE  TRUE  TRUE  TRUE  TRUE  TRUE
[421]  TRUE  TRUE  TRUE  TRUE  TRUE  TRUE  TRUE  TRUE  TRUE  TRUE FALSE  TRUE  TRUE  TRUE  TRUE
[436] FALSE  TRUE  TRUE  TRUE FALSE  TRUE  TRUE  TRUE  TRUE  TRUE  TRUE  TRUE  TRUE  TRUE  TRUE
[451]  TRUE  TRUE  TRUE  TRUE FALSE FALSE  TRUE  TRUE FALSE FALSE  TRUE  TRUE FALSE FALSE FALSE
[466]  TRUE FALSE FALSE FALSE FALSE FALSE  TRUE  TRUE  TRUE  TRUE FALSE FALSE  TRUE  TRUE  TRUE
[481] FALSE FALSE  TRUE FALSE FALSE FALSE FALSE FALSE FALSE  TRUE FALSE FALSE  TRUE  TRUE FALSE
[496]  TRUE  TRUE  TRUE  TRUE FALSE FALSE  TRUE  TRUE FALSE  TRUE FALSE  TRUE FALSE  TRUE FALSE
[511] FALSE FALSE  TRUE  TRUE  TRUE  TRUE  TRUE  TRUE  TRUE  TRUE FALSE  TRUE FALSE FALSE FALSE
[526]  TRUE  TRUE  TRUE  TRUE  TRUE  TRUE FALSE FALSE  TRUE  TRUE  TRUE  TRUE FALSE FALSE FALSE
[541] FALSE  TRUE  TRUE FALSE  TRUE  TRUE  TRUE  TRUE FALSE  TRUE  TRUE  TRUE  TRUE  TRUE  TRUE
[556]  TRUE  TRUE  TRUE FALSE FALSE  TRUE  TRUE FALSE FALSE  TRUE  TRUE  TRUE  TRUE  TRUE  TRUE
[571]  TRUE  TRUE  TRUE  TRUE  TRUE  TRUE  TRUE  TRUE FALSE FALSE FALSE FALSE FALSE  TRUE  TRUE
[586]  TRUE  TRUE  TRUE  TRUE  TRUE FALSE FALSE  TRUE  TRUE  TRUE  TRUE  TRUE  TRUE  TRUE  TRUE
[601] FALSE FALSE FALSE  TRUE  TRUE  TRUE  TRUE  TRUE  TRUE  TRUE  TRUE  TRUE  TRUE  TRUE  TRUE
[616]  TRUE  TRUE  TRUE  TRUE  TRUE  TRUE  TRUE FALSE  TRUE  TRUE  TRUE  TRUE  TRUE FALSE FALSE
[631]  TRUE  TRUE FALSE  TRUE  TRUE  TRUE  TRUE  TRUE  TRUE  TRUE  TRUE  TRUE  TRUE  TRUE  TRUE
[646]  TRUE  TRUE  TRUE  TRUE  TRUE FALSE FALSE  TRUE FALSE  TRUE FALSE FALSE FALSE FALSE  TRUE
[661]  TRUE  TRUE  TRUE  TRUE  TRUE  TRUE  TRUE  TRUE  TRUE  TRUE FALSE  TRUE  TRUE  TRUE  TRUE
[676]  TRUE  TRUE FALSE  TRUE  TRUE  TRUE  TRUE  TRUE FALSE FALSE FALSE  TRUE  TRUE FALSE  TRUE
[691] FALSE  TRUE FALSE FALSE FALSE  TRUE  TRUE  TRUE  TRUE  TRUE  TRUE  TRUE  TRUE  TRUE  TRUE
[706]  TRUE FALSE  TRUE  TRUE FALSE  TRUE  TRUE  TRUE  TRUE  TRUE  TRUE  TRUE  TRUE FALSE  TRUE
[721]  TRUE  TRUE  TRUE  TRUE  TRUE  TRUE  TRUE  TRUE  TRUE  TRUE  TRUE  TRUE  TRUE  TRUE  TRUE
[736]  TRUE  TRUE FALSE FALSE FALSE  TRUE  TRUE  TRUE  TRUE  TRUE  TRUE  TRUE  TRUE  TRUE  TRUE
[751]  TRUE FALSE  TRUE  TRUE  TRUE  TRUE  TRUE  TRUE  TRUE  TRUE  TRUE  TRUE  TRUE  TRUE FALSE
[766] FALSE  TRUE  TRUE  TRUE  TRUE  TRUE FALSE  TRUE  TRUE  TRUE  TRUE  TRUE FALSE  TRUE  TRUE
[781]  TRUE  TRUE  TRUE  TRUE  TRUE  TRUE  TRUE FALSE  TRUE  TRUE  TRUE  TRUE  TRUE  TRUE  TRUE
[796]  TRUE  TRUE  TRUE  TRUE  TRUE  TRUE  TRUE FALSE  TRUE  TRUE  TRUE  TRUE  TRUE  TRUE  TRUE
[811]  TRUE  TRUE  TRUE  TRUE  TRUE  TRUE FALSE  TRUE  TRUE  TRUE  TRUE  TRUE  TRUE  TRUE  TRUE
[826]  TRUE  TRUE  TRUE  TRUE  TRUE  TRUE  TRUE  TRUE  TRUE  TRUE  TRUE  TRUE  TRUE FALSE  TRUE
[841]  TRUE  TRUE  TRUE  TRUE  TRUE  TRUE  TRUE  TRUE  TRUE  TRUE  TRUE  TRUE  TRUE  TRUE  TRUE
[856]  TRUE  TRUE  TRUE  TRUE  TRUE  TRUE  TRUE  TRUE  TRUE  TRUE  TRUE  TRUE  TRUE  TRUE  TRUE
[871]  TRUE  TRUE  TRUE  TRUE  TRUE  TRUE  TRUE  TRUE  TRUE  TRUE  TRUE  TRUE  TRUE  TRUE

