
Birth-death simulation object with 814 species and 500 extant species

Details for some species:

Extinction times (NA means extant)
[1] 161.1808 165.7005 166.0880 162.6900 144.9209 145.9393


Speciation times 
[1] 173.2389 172.1036 167.5448 170.1149 163.1962 161.4813


Species parents (NA for initial)
[1] NA  1  1  2  4  5


Species status (extinct or extant)
[1] "extinct" "extinct" "extinct" "extinct" "extinct" "extinct"


For more details on vector y, try sim$y, with y one of
TE TS PAR EXTANT



$TE
  [1] 161.180765 165.700529 166.088047 162.689982 144.920943 145.939347 143.806186 139.296783
  [9] 143.621375 138.818438  70.715076 138.995726 139.496606 133.175694 103.349474  73.768947
 [17]  42.838829  81.875371  32.670531  40.121423  98.538176  60.633787  45.567046  87.760989
 [25]  62.999812  58.534190  29.724870  95.271930  58.785782  82.768506  54.394321  29.338947
 [33]         NA         NA  84.738174         NA  32.511251  61.180090         NA         NA
 [41]         NA         NA  87.630928  86.900553  72.481086  44.498660  64.978169  96.632796
 [49]  72.311035  74.429829  22.081730         NA  73.393242  87.996032  85.101533  82.077951
 [57]  46.025338  76.371295  26.469212  69.842617  29.815174  73.508822  84.847220  94.855546
 [65]  45.656945  60.461788  57.095710  66.936260  76.457775  69.693443  36.644392  28.728130
 [73]  21.387327  73.351727  77.679557   2.240155  82.353398  86.604421  85.187293  43.143165
 [81]  52.781834  82.506921         NA  14.398317  63.389975  47.821661  65.876531  66.906546
 [89]  17.837810  73.866269  37.207943  70.787661  77.939582  67.594164  69.496095  42.065234
 [97]  19.240199  56.552940  17.668002         NA  62.251393  81.251842  75.271746  74.748432
[105]  61.037134  68.485510  63.000317         NA         NA         NA  72.822017  37.138712
[113]         NA         NA  69.383919   3.233601  44.997162         NA  63.404048  42.333825
[121]  72.334959         NA         NA  20.144821  41.907741  52.474788  79.302190  56.087740
[129]  82.905655  65.737609         NA  70.757032  68.219631  66.649644  67.434194  64.721524
[137]  47.475880  69.981076  72.957174  67.839492  56.580931  77.067109   9.924396  43.267580
[145]  72.028106         NA         NA         NA  71.283823  61.037725  60.431516  55.722082
[153]  71.802431         NA         NA         NA  59.581469         NA  23.168018  52.322630
[161]  46.853084         NA  44.219148  59.761421  54.012867  58.138331         NA         NA
[169]         NA         NA         NA         NA         NA         NA         NA  24.844463
[177]  63.939270  48.102921         NA         NA         NA         NA         NA  18.560385
[185]         NA         NA         NA         NA  74.508823  41.428846  74.961938  71.279883
[193]  69.324687         NA  70.398603  36.033647  43.222565  34.732149  64.211483  65.720872
[201]   8.336850  14.814686         NA         NA         NA         NA         NA         NA
[209]         NA         NA         NA  16.496810  52.708786         NA         NA  49.486235
[217]  38.891000         NA         NA         NA         NA  54.495382  62.851673         NA
[225]         NA         NA         NA         NA         NA         NA         NA         NA
[233]         NA         NA         NA         NA         NA         NA  65.924468  76.107530
[241]  52.678601         NA         NA         NA         NA         NA         NA         NA
[249]  70.664283  20.536156         NA         NA         NA  34.463570         NA         NA
[257]  61.877581  63.265273  47.221495         NA         NA         NA         NA         NA
[265]  51.240475  74.873725  53.480951  10.797743  56.150461         NA         NA         NA
[273]         NA  12.777778         NA  40.485590         NA         NA         NA         NA
[281]  67.597147         NA         NA         NA  41.568280  34.362691  31.663716         NA
[289]         NA  51.272340  30.834434  51.176021         NA         NA         NA         NA
[297]         NA         NA         NA         NA         NA         NA  27.926793  55.400727
[305]  52.044314  52.029564  21.236995  61.571111         NA         NA  70.475758  49.035288
[313]  66.263101         NA         NA         NA  23.756696         NA         NA         NA
[321]         NA         NA         NA  60.408426         NA         NA  65.246980  58.660351
[329]         NA         NA         NA  13.346654  68.073173         NA         NA         NA
[337]         NA         NA         NA         NA         NA  67.110933  55.011214         NA
[345]         NA  70.661620  70.855696         NA         NA         NA         NA         NA
[353]         NA         NA         NA  48.820457  71.846836  36.893670  51.167603  69.196131
[361]  58.590099  43.387663  43.740341  62.883242         NA         NA  58.180678  37.056924
[369]  66.239487         NA  33.534851         NA  44.949207         NA         NA         NA
[377]         NA  39.047982         NA         NA  57.705906  45.345869         NA  60.779757
[385]  45.459721  28.169452  68.700263         NA         NA         NA         NA         NA
[393]         NA         NA         NA         NA         NA         NA  59.383414  33.842461
[401]         NA         NA  26.736147         NA         NA         NA  29.175251         NA
[409]         NA  37.939615         NA         NA         NA         NA  52.173012         NA
[417]         NA  43.667449  55.786124  62.354954  59.000677  68.571061         NA  11.105693
[425]         NA  64.791943  60.691831  57.566842  43.591734         NA         NA         NA
[433]         NA         NA         NA         NA         NA         NA         NA         NA
[441]         NA  48.330050  56.474561         NA         NA         NA         NA  42.952746
[449]  65.700720  30.274237  57.447746  17.258235  64.834413  53.940064         NA         NA
[457]         NA         NA         NA  50.031323         NA         NA  18.467149  62.243071
[465]         NA         NA  61.141645  39.912055  12.336808  47.028192         NA  63.240096
[473]  63.516692         NA         NA         NA         NA         NA         NA         NA
[481]         NA         NA         NA  34.026001  57.504434  49.238967         NA         NA
[489]         NA  58.828551  60.741488  53.066012         NA         NA         NA         NA
[497]         NA         NA  67.045036  52.002607         NA         NA         NA         NA
[505]         NA  64.516708  25.021349  43.044627         NA         NA         NA         NA
[513]         NA         NA         NA         NA         NA         NA  44.837677  49.696846
[521]  22.593833  55.187145  51.042317  51.506946   6.905292  64.282879         NA         NA
[529]  52.735153  26.969631         NA         NA         NA         NA         NA         NA
[537]         NA         NA         NA         NA         NA         NA         NA         NA
[545]         NA         NA  25.037912         NA   7.118473  24.652530         NA         NA
[553]   6.171522         NA         NA         NA         NA         NA         NA         NA
[561]         NA         NA         NA         NA         NA         NA         NA         NA
[569]         NA         NA  63.151577         NA         NA         NA         NA         NA
[577]  44.585123  34.772993         NA         NA         NA         NA         NA  61.906169
[585]         NA         NA  58.744305  15.555007         NA         NA         NA         NA
[593]         NA         NA         NA         NA         NA  41.934585  45.351492         NA
[601]         NA         NA         NA         NA  55.357457         NA         NA         NA
[609]         NA  39.783775         NA         NA         NA  17.316273         NA         NA
[617]         NA         NA         NA         NA         NA         NA         NA         NA
[625]         NA         NA         NA         NA         NA         NA         NA  29.069782
[633]         NA         NA         NA         NA         NA         NA         NA         NA
[641]         NA  29.850257   1.990843  57.318043         NA         NA         NA         NA
[649]         NA         NA         NA         NA         NA         NA         NA  28.543112
[657]         NA  48.357459  44.038432         NA         NA         NA  57.496021         NA
[665]         NA         NA         NA         NA         NA         NA         NA         NA
[673]         NA         NA         NA         NA         NA  52.188304         NA         NA
[681]         NA         NA         NA  59.381798         NA         NA         NA         NA
[689]  60.408687         NA         NA         NA         NA         NA         NA         NA
[697]         NA         NA         NA         NA         NA         NA         NA         NA
[705]         NA         NA         NA         NA         NA         NA         NA         NA
[713]  33.427981         NA         NA         NA         NA         NA         NA         NA
[721]  46.508277         NA         NA         NA         NA         NA         NA         NA
[729]         NA         NA         NA         NA         NA         NA         NA         NA
[737]         NA         NA         NA         NA         NA   9.367035         NA         NA
[745]         NA         NA         NA         NA  56.008743  43.870016  32.185580         NA
[753]         NA         NA         NA         NA         NA  51.769633         NA         NA
[761]         NA         NA         NA         NA  42.787343         NA         NA         NA
[769]         NA         NA         NA         NA         NA         NA         NA         NA
[777]         NA         NA         NA         NA         NA         NA         NA         NA
[785]         NA         NA         NA         NA         NA         NA         NA         NA
[793]         NA         NA         NA         NA         NA         NA         NA         NA
[801]         NA         NA         NA         NA         NA         NA         NA         NA
[809]         NA         NA         NA         NA         NA         NA

$TS
  [1] 173.23889236 172.10364303 167.54483425 170.11485617 163.19623459 161.48133119 153.54635764
  [8] 152.16175276 147.55010324 147.02681391 140.43916262 145.60665880 143.91115206 143.79713857
 [15] 126.15798612 110.61744849 109.43601800 103.97501862 102.64362435  73.64118855 104.96826659
 [22] 102.36612636 102.32811193  97.09381910  91.56008858  85.16199523  82.19694574 105.08700996
 [29]  91.10088167  87.54914379  77.89996422  62.80728563  55.09309915  48.50354253  89.35104112
 [36]  82.58998709  74.31904878  67.38181767  54.51431542  38.80922121  37.42749404  36.98066600
 [43]  99.41433527  95.65027358  90.58353961  76.12384270  68.81543524  99.61656783  88.66124281
 [50]  80.87268906  69.71729159  61.39728791  99.23780197  98.85438850  97.25352795  95.86209391
 [57]  88.24642636  90.02276855  76.17000585  96.83386807  89.06086689  95.24518160  93.37582819
 [64]  95.61842717  93.11772367  92.31147084  81.16466641  73.25058309  92.52034036  88.95062190
 [71]  87.76154384  83.17264925  79.31029383  74.94268356  85.60494632  71.22715173  90.26441068
 [78]  87.90570130  86.01381977  84.49727952  88.08793555  84.74627460  80.51293559  79.87214724
 [85]  71.36283847  87.80710729  85.26386484  71.37933923  70.72826124  88.02461564  72.49670839
 [92]  87.32409448  86.15519752  85.99179101  82.96368780  79.19409847  78.08381914  77.22357191
 [99]  69.23572339  53.94385274  83.47409216  82.10066522  86.18008243  80.98081584  74.95564322
[106]  75.20012749  65.91154592  57.47941271  55.37948668  80.14193853  78.68224287  69.47999359
[113]  58.04970002  54.76516742  87.70420267  75.57222453  63.10192330  54.63836342  81.17286433
[120]  80.42340610  76.08687335  75.38518257  72.11452312  72.09756895  71.84604110  82.74073295
[127]  82.12206278  71.42768588  82.99886749  79.92734667  79.92219763  80.95844931  70.99950208
[134]  80.56661819  80.24509124  65.78971097  82.76512494  78.14681492  77.08610362  75.35961921
[141]  60.47995583  82.36089520  82.35211766  77.26809638  73.31439015  77.24372867  48.10380202
[148]  32.87796257  78.51457059  71.05179064  79.32924209  77.91998293  75.36853267  65.15009219
[155]  56.10876817  48.52519807  64.52671466  61.51766062  59.88301140  82.42654385  75.41390251
[162]  73.38436963  72.51747722  71.92695110  71.15392979  65.59375023  57.23927935  52.61805250
[169]  52.00785671  38.58437183  23.95799954  21.62826561   3.95863559   1.95242278   1.46975327
[176]  80.30344376  74.16860009  67.77583918  56.76512522  40.93478945  32.91775109  28.49981287
[183]  22.85739918  69.33160588  54.91584204  46.14075074  38.08782354  32.26885899  80.49004945
[190]  76.69252759  78.54876813  75.56124906  69.40832401  57.14985960  75.68179044  71.65622445
[197]  79.38814328  75.94577911  73.13940571  68.23090229  61.75708511  59.60925451  58.86088670
[204]  51.62630895  42.44393944  39.65343138  39.55179357  35.93712057  29.87593097  14.82465369
[211]   2.49610351  77.62081285  76.18810134  55.36863022  47.49219128  80.06619323  63.47444517
[218]  58.11838463  39.97723930  31.67917710  77.27573151  66.30753317  64.13634885  47.79320141
[225]  34.84233171  24.97214708  21.66864731  20.70275731  19.76505819  17.25992350   9.92240992
[232]   3.16150916   0.10293285  59.50265635  52.24967642  52.04313104  51.67843258  49.98775291
[239]  74.88828920  76.70994709  67.15675994  56.46847288  52.43115415  49.68546264  40.65035635
[246]  29.56196180  26.59278708  25.41052228  76.21468981  67.16422109  52.44586737  34.17653345
[253]  22.36776106  62.57027826  53.14895630  52.80935959  73.30052005  74.93150947  67.82870864
[260]  59.33850658  46.52278133  38.84686786  21.62140213  53.74986459  70.59261714  75.02111439
[267]  72.12992896  63.12749233  62.44518564  58.63229314  48.72583556  39.82818354  20.02019322
[274]  75.86192531  65.70684005  62.75313594  33.41617254  32.55612049  27.68580041  22.15214973
[281]  70.84863947  52.88076894  51.16897783  40.18378979  66.31414399  65.78677227  63.63408711
[288]  56.11238683  53.43695285  76.09856815  64.95718012  62.08421167  59.36689851  50.62969939
[295]  45.15965297  42.76777678  40.03403435  33.93091672  17.47887326  14.59411368  13.34285904
[302]  12.95116066  77.00924343  62.91216293  61.11447164  73.69321052  70.76361976  68.42722692
[309]  31.59504640  28.50779133  74.43847738  71.03303745  73.89590342  58.68249548  53.09794301
[316]  52.88800500  62.66424421  58.77021664  51.77609568  49.91672035  46.31039673  40.82425413
[323]  29.57292357  73.02410895  71.22380761  53.78814932  67.86117849  67.12647929  57.39732688
[330]  54.87952416  51.52238992  60.61808304  71.93391122  57.69679588  51.36004626  47.50841726
[337]  40.48947315  38.54632999  20.53417613  19.94447509  10.33846174  74.53181528  67.84002158
[344]  66.60884318  59.17303299  71.08405598  70.97670154  46.41488297  41.08731006  20.30618156
[351]  14.45127984  11.88771972   6.94179428   3.20680273   2.18236966  73.26019995  72.26468068
[358]  72.41114436  68.18105787  72.11276747  67.24382635  65.95084976  71.14004852  65.08270086
[365]  54.91760975  44.71910673  69.35774589  66.42949734  72.21680755  69.67960958  60.63064186
[372]  56.45477255  66.10404288  46.59471792  44.24041857  27.35057869   6.35115485  72.21254054
[379]  62.10104190  57.69932101  64.96184418  73.01467661  73.00389878  65.62401823  63.04201939
[386]  59.87700153  69.84647806  50.87807085  34.97572813  30.84277469  22.64031838  21.51909576
[393]  19.65182550  12.53839667   8.88079091   0.80136130  57.55511370  45.26246126  70.79884168
[400]  60.88760210  57.95818020  55.10191685  65.32885501  51.28256535  48.60581009  45.76392764
[407]  69.43419307  54.00171959  45.65052581  63.70503388  52.43123810  42.76404759  22.79424258
[414]  18.70698313  59.72229749  25.75000682  22.76676817  68.86259782  68.81124224  66.28864171
[421]  69.42999748  69.30328078  56.15038221  63.59007667  44.39387351  69.83087403  62.55720952
[428]  67.76263237  66.85811444  54.72703358  48.38336195  46.27797420  40.96238657  31.87428205
[435]  15.27592260  11.00543388  32.52137892  18.00583826  14.14396048  13.27334304   3.08602852
[442]  70.40547631  60.22616261  55.45280787  54.22429854  51.93708677  45.56085475  64.72994424
[449]  70.34570676  61.81070861  70.53932010  70.47179844  69.24359895  63.83540165  50.17634477
[456]  46.07753169  40.88037253  35.41657064  25.64551008  68.77432947  49.25096991  31.02202573
[463]  64.87310302  63.10616884  34.75078014  29.76238324  69.11761248  64.54786458  64.50993916
[470]  60.38984018  55.99766310  68.35373007  67.36956858  55.86771441  53.81414769  35.71938284
[477]  28.87306171  28.53660351  55.66866667  51.31019245  48.74812366   3.24160916  41.27350056
[484]  60.77339094  60.68123111  59.72861363  59.12166109  56.20780954  39.30374276  67.94717772
[491]  68.42844943  62.62652692  57.79206708  37.62371348  34.22743682  25.14251210  22.61227434
[498]  19.50743989  68.20631487  66.43507817  57.17549228  50.44646481  31.06151387  19.12412725
[505]  69.07429635  68.36202852  66.52481634  67.01107742  38.91301753  26.47801305  24.63146558
[512]   4.20825800  58.65017193  57.59876768  54.89349296  52.98537955  49.18824995  43.84284888
[519]  67.65088965  67.00139461  65.25892618  59.77647139  65.11516432  66.04256137  67.25206090
[526]  64.43427274  57.44056515  62.00425697  64.01119789  63.32695663  59.43131418  57.03963140
[533]  54.76987649  49.69697301  25.03526026  19.66205226  19.05717196   9.96625070  58.62047872
[540]  54.81636303  51.22718180  45.54890230  30.35668830  30.35595598  29.82791244  58.89350015
[547]  62.37908249  54.04014893  62.69627091  61.75910043  54.38768476  53.21709349  62.05625810
[554]  58.01820033  48.59667308  29.30850008  23.62941925  15.76165564   9.33287117  54.67481938
[561]  54.64404130  51.26330681  50.65652667  48.31807206  46.87067589  29.28420760  28.23970813
[568]  26.51583002  57.88640324  56.73040149  65.55529605  58.07077897  54.18698308  41.36125665
[575]  38.92954526  38.92098463  64.71907102  62.33421284  59.38479005  48.56432998  47.07982883
[582]  45.79067011  45.06997046  63.11973917  57.36897646  55.44897433  64.88764986  61.83880144
[589]  56.76856493  49.94843748  46.77538293  43.79312064  34.05738715  29.05389193  13.17641214
[596]  10.65271535  10.11265719  63.12969337  62.13213963  44.97524334  31.14339261  58.51418056
[603]  37.42128414  28.37797623  64.70557758  54.82486993  33.68313635  64.77497764  57.96677909
[610]  64.49979200  58.31103862  48.63264357  31.20889715  60.83678131  59.83064995  57.24204230
[617]  51.76133033  50.79361538  47.93547507  38.50397739  35.98671164  29.40992799  27.36317861
[624]  20.77954022  18.76186551  58.51551083  48.61399621  41.61023992  39.15350306  36.95353092
[631]  24.38603836  61.41195071  59.35868997  48.48644523  43.77914434  57.30317574  58.50371974
[638]  54.74371863  50.26825388  51.51836722  47.12197283  61.00369478  60.03048455  60.82317593
[645]  55.90953189  51.61186869  40.85150390  58.00289415  55.08180867  47.37196231  42.64407001
[652]  33.28800984  28.91513016  24.04648693  11.24289572  62.27982764  53.10710529  61.42815675
[659]  61.00016625  50.50683830  41.36473002  40.64523092  61.22422001  55.84906477  51.51355820
[666]  47.88810155  32.72919134  29.00485108  18.24561455  14.13068976  59.54717407  47.45264471
[673]  54.20372575  50.82274362  58.94845620  37.30514028  17.58678653  60.65991578  53.86861343
[680]  26.66274889  52.88098982  40.91728925  37.73548271  59.83884045  49.06596956  48.00710608
[687]  43.61451138  34.77801840  60.46257862  48.82713189  47.96266076  37.00366741  59.13083790
[694]  58.31429730  46.72707920  48.01984659  44.19080082  41.26444482  38.88714571  37.96826092
[701]  24.88353055  10.16464973  39.87709648  15.43411729  11.92998376   8.64736894  48.90367237
[708]  18.81065747  15.66897741  10.34137905   6.35937047   0.05274029  61.75800885  47.52826336
[715]  47.15892692  46.79960051  46.04439366  31.93376738  20.82040944  16.19684014  60.17289379
[722]  58.41142927  58.07871273  50.12922018  38.41613657  48.29719876  46.95306441  35.08248058
[729]  27.96952734  54.82284349  51.17245874  49.51652893  41.56146981  40.55540013  23.15706972
[736]  54.59814815  52.85491394  48.09457011  36.21245221  29.40009586   5.85053702  60.38645726
[743]  58.06446770  29.48076822  55.69017012  28.86517240  12.69941630   9.66234038  60.65554760
[750]  59.58949341  60.24333729  42.38441186  20.99871724  55.70842378  53.68988182  49.41270514
[757]  44.09845760  60.04008421  59.07520248  33.53888746  54.93493333  48.73962143  47.53417646
[764]  43.09201512  59.76944423  59.01835828  57.13986198  49.08611314  35.24447783  18.83274572
[771]  55.77790253  54.48073798  47.18676168  41.19071490  48.10454874  47.70981675  56.90807502
[778]  59.35279999  58.67769436  58.03184099  40.63034241  35.42010722  30.84678967  13.76666615
[785]  59.53648924  55.26796768  45.90771078  33.81519657  36.70137169  35.26369139  58.74707127
[792]  54.15884225  48.63574447  45.74636940  18.63694372   1.90909258  56.67126492  57.08242355
[799]  52.97658029  50.20430610  47.88611265  47.67381192  32.38375307  26.44579030  22.29102475
[806]  53.67907472  50.02605017  49.66970943  38.75326453  38.25231106  24.28034717   8.79473230
[813]   5.59562136   1.45889785

$PAR
  [1]  NA   1   1   2   4   5   5   5   6   8   8  10  10  12  11  11  11  11  11  11  15  16  16
 [24]  16  16  16  16  17  17  17  17  17  17  17  18  18  19  19  19  19  19  19  22  22  22  22
 [47]  22  23  23  23  23  23  48  43  43  43  43  53  53  54  54  55  55  24  60  60  60  60  56
 [70]  44  44  62  62  62  65  65  69  69  69  69  66  66  66  66  66  25  25  25  29  45  45  58
 [93]  58  58  58  61  61  61  61  61  70  70  49  49  49  57  57  57  57  81  81  81  81  81  78
[116]  86  86  86  71 115 115 115 115 115 115  92  92  92  93  94  94  75  87  26  26  26  80  80
[139]  80  80  80 101 101 101 101  72  72  72  95  95 137 137 137 137 137 137 126 126 126  36  36
[162]  36  36  36  36  36  36  36  36  36  36  36  36  36  36 160 143 143 143 143 143 143 143  27
[185]  27  27  27  27 119 119  67  67  67  67 132 132  50  83  83  83  83  83  83  83  83  83  83
[208]  83  83  83  83 120 120 120 120 176 176 176 176 176 110 110 110 110 110 110 110 110 110 110
[231] 110 110 110 216 216 216 216 216 130 131 131 131 131 131 131 131 131 131  84  84  84  84  84
[254] 197 197 197 151  73  73  73  73  73  73  96 138  97  97  97  97  97  97  97  97 212 212 212
[277] 212 212 212 212 221 221 221 221 144 144 144 144 144 146 146 146 146 146 146 146 146 146 146
[300] 146 146 146  98  98  98 303 303 303 303 303 249 249 213 213 213 213  59  59  59  59  59  59
[323]  59  46  46  46 290 290 290 198 198 274 195 116 116 116 116 116 116 116 116 192 161 161 161
[346] 122 122 122 122 122 122 122 122 122 122 153 153 140 140 258 258 239 342  37  37  37 177 177
[369] 306 306 306 306 162 162 162 162 162 145 257 356 199 324 324 382 382 382 383 383 383 383 383
[392] 383 383 383 383 383 163 163  91  91  91  91 358 358 358 358 369 378 378 123 123 123 123 123
[415] 124 124 124 333 333 164 125 125 125 196 196 128 128  76  76  76  76  76  76  76  76  76 325
[438] 325 325 325 325 363 363 363 363 363 363 150 312 312 133 399 399 399 307 307 307 307 307  89
[461]  89  89 452 452 452 452 442 442 442 442 442 426 426  51  51  51  51  51 370 370 370 370 112
[484] 407 407 407 407 407 407 421 184 184 184 184 184 184 184 184 453 453  99  99  99  99 467 467
[507] 467 505 505 505 505 505 418 418 418 418 418 418  47 419 419 460 491 472 200 359 359 490 428
[530] 428 428 519 519 519 525 525 525 525 250 250 250 250 250 250 250 328 508 508 520 520 520 520
[553] 429 429 429 344 344 344 344 507 507 507 507 507 507 507 507 507 500 500 368 368 368 368 368
[576] 368 285 285 222 373 373 373 373 362 362 362 286 286 286 286 286 275 275 275 275 275 275 166
[599] 403 403 403 521 521 521 154 154 154 523 523 291 291 291 291 463 463 463 463 463 463 463 463
[622] 463 463 463 463 608 608 608 608 608 608 448 448 448 448 605 468 468 468 610 610 454 454 410
[645] 410 410 410 287 287 287 424 424 424 424 424 217 217 530 530 530 530 530 598 598 598 598 268
[668] 268 268 268 117 117 385 385 304  32 549 317 317 317 254 254 254 269 547 547 547 547 578 578
[691] 578 578 656 656 599 379 379 379 379 379 379 379 553 553 553 553 528 528 528 528 528 528 588
[714] 588 588 588 588 588 588 588 450 450 450 450 450 550 550 550 550 713 201 201 201 201 201 158
[737] 158 158 158 158 158 658 632 632  52  52  52  52 663 305 642 400 614 484 484 484 484 485 371
[760] 371 332 332 332 332 141 742 742 742 742 742 751 751 751 751 721 721 758 643 643 643 643 643
[783] 643 643 159 159 159 159 386 386 615 615 615 615 615 615 522 765 486 202 202 202 202 202 202
[806] 750 750 750 671 671 671 671 671 671

$EXTANT
  [1] FALSE FALSE FALSE FALSE FALSE FALSE FALSE FALSE FALSE FALSE FALSE FALSE FALSE FALSE FALSE
 [16] FALSE FALSE FALSE FALSE FALSE FALSE FALSE FALSE FALSE FALSE FALSE FALSE FALSE FALSE FALSE
 [31] FALSE FALSE  TRUE  TRUE FALSE  TRUE FALSE FALSE  TRUE  TRUE  TRUE  TRUE FALSE FALSE FALSE
 [46] FALSE FALSE FALSE FALSE FALSE FALSE  TRUE FALSE FALSE FALSE FALSE FALSE FALSE FALSE FALSE
 [61] FALSE FALSE FALSE FALSE FALSE FALSE FALSE FALSE FALSE FALSE FALSE FALSE FALSE FALSE FALSE
 [76] FALSE FALSE FALSE FALSE FALSE FALSE FALSE  TRUE FALSE FALSE FALSE FALSE FALSE FALSE FALSE
 [91] FALSE FALSE FALSE FALSE FALSE FALSE FALSE FALSE FALSE  TRUE FALSE FALSE FALSE FALSE FALSE
[106] FALSE FALSE  TRUE  TRUE  TRUE FALSE FALSE  TRUE  TRUE FALSE FALSE FALSE  TRUE FALSE FALSE
[121] FALSE  TRUE  TRUE FALSE FALSE FALSE FALSE FALSE FALSE FALSE  TRUE FALSE FALSE FALSE FALSE
[136] FALSE FALSE FALSE FALSE FALSE FALSE FALSE FALSE FALSE FALSE  TRUE  TRUE  TRUE FALSE FALSE
[151] FALSE FALSE FALSE  TRUE  TRUE  TRUE FALSE  TRUE FALSE FALSE FALSE  TRUE FALSE FALSE FALSE
[166] FALSE  TRUE  TRUE  TRUE  TRUE  TRUE  TRUE  TRUE  TRUE  TRUE FALSE FALSE FALSE  TRUE  TRUE
[181]  TRUE  TRUE  TRUE FALSE  TRUE  TRUE  TRUE  TRUE FALSE FALSE FALSE FALSE FALSE  TRUE FALSE
[196] FALSE FALSE FALSE FALSE FALSE FALSE FALSE  TRUE  TRUE  TRUE  TRUE  TRUE  TRUE  TRUE  TRUE
[211]  TRUE FALSE FALSE  TRUE  TRUE FALSE FALSE  TRUE  TRUE  TRUE  TRUE FALSE FALSE  TRUE  TRUE
[226]  TRUE  TRUE  TRUE  TRUE  TRUE  TRUE  TRUE  TRUE  TRUE  TRUE  TRUE  TRUE  TRUE FALSE FALSE
[241] FALSE  TRUE  TRUE  TRUE  TRUE  TRUE  TRUE  TRUE FALSE FALSE  TRUE  TRUE  TRUE FALSE  TRUE
[256]  TRUE FALSE FALSE FALSE  TRUE  TRUE  TRUE  TRUE  TRUE FALSE FALSE FALSE FALSE FALSE  TRUE
[271]  TRUE  TRUE  TRUE FALSE  TRUE FALSE  TRUE  TRUE  TRUE  TRUE FALSE  TRUE  TRUE  TRUE FALSE
[286] FALSE FALSE  TRUE  TRUE FALSE FALSE FALSE  TRUE  TRUE  TRUE  TRUE  TRUE  TRUE  TRUE  TRUE
[301]  TRUE  TRUE FALSE FALSE FALSE FALSE FALSE FALSE  TRUE  TRUE FALSE FALSE FALSE  TRUE  TRUE
[316]  TRUE FALSE  TRUE  TRUE  TRUE  TRUE  TRUE  TRUE FALSE  TRUE  TRUE FALSE FALSE  TRUE  TRUE
[331]  TRUE FALSE FALSE  TRUE  TRUE  TRUE  TRUE  TRUE  TRUE  TRUE  TRUE FALSE FALSE  TRUE  TRUE
[346] FALSE FALSE  TRUE  TRUE  TRUE  TRUE  TRUE  TRUE  TRUE  TRUE FALSE FALSE FALSE FALSE FALSE
[361] FALSE FALSE FALSE FALSE  TRUE  TRUE FALSE FALSE FALSE  TRUE FALSE  TRUE FALSE  TRUE  TRUE
[376]  TRUE  TRUE FALSE  TRUE  TRUE FALSE FALSE  TRUE FALSE FALSE FALSE FALSE  TRUE  TRUE  TRUE
[391]  TRUE  TRUE  TRUE  TRUE  TRUE  TRUE  TRUE  TRUE FALSE FALSE  TRUE  TRUE FALSE  TRUE  TRUE
[406]  TRUE FALSE  TRUE  TRUE FALSE  TRUE  TRUE  TRUE  TRUE FALSE  TRUE  TRUE FALSE FALSE FALSE
[421] FALSE FALSE  TRUE FALSE  TRUE FALSE FALSE FALSE FALSE  TRUE  TRUE  TRUE  TRUE  TRUE  TRUE
[436]  TRUE  TRUE  TRUE  TRUE  TRUE  TRUE FALSE FALSE  TRUE  TRUE  TRUE  TRUE FALSE FALSE FALSE
[451] FALSE FALSE FALSE FALSE  TRUE  TRUE  TRUE  TRUE  TRUE FALSE  TRUE  TRUE FALSE FALSE  TRUE
[466]  TRUE FALSE FALSE FALSE FALSE  TRUE FALSE FALSE  TRUE  TRUE  TRUE  TRUE  TRUE  TRUE  TRUE
[481]  TRUE  TRUE  TRUE FALSE FALSE FALSE  TRUE  TRUE  TRUE FALSE FALSE FALSE  TRUE  TRUE  TRUE
[496]  TRUE  TRUE  TRUE FALSE FALSE  TRUE  TRUE  TRUE  TRUE  TRUE FALSE FALSE FALSE  TRUE  TRUE
[511]  TRUE  TRUE  TRUE  TRUE  TRUE  TRUE  TRUE  TRUE FALSE FALSE FALSE FALSE FALSE FALSE FALSE
[526] FALSE  TRUE  TRUE FALSE FALSE  TRUE  TRUE  TRUE  TRUE  TRUE  TRUE  TRUE  TRUE  TRUE  TRUE
[541]  TRUE  TRUE  TRUE  TRUE  TRUE  TRUE FALSE  TRUE FALSE FALSE  TRUE  TRUE FALSE  TRUE  TRUE
[556]  TRUE  TRUE  TRUE  TRUE  TRUE  TRUE  TRUE  TRUE  TRUE  TRUE  TRUE  TRUE  TRUE  TRUE  TRUE
[571] FALSE  TRUE  TRUE  TRUE  TRUE  TRUE FALSE FALSE  TRUE  TRUE  TRUE  TRUE  TRUE FALSE  TRUE
[586]  TRUE FALSE FALSE  TRUE  TRUE  TRUE  TRUE  TRUE  TRUE  TRUE  TRUE  TRUE FALSE FALSE  TRUE
[601]  TRUE  TRUE  TRUE  TRUE FALSE  TRUE  TRUE  TRUE  TRUE FALSE  TRUE  TRUE  TRUE FALSE  TRUE
[616]  TRUE  TRUE  TRUE  TRUE  TRUE  TRUE  TRUE  TRUE  TRUE  TRUE  TRUE  TRUE  TRUE  TRUE  TRUE
[631]  TRUE FALSE  TRUE  TRUE  TRUE  TRUE  TRUE  TRUE  TRUE  TRUE  TRUE FALSE FALSE FALSE  TRUE
[646]  TRUE  TRUE  TRUE  TRUE  TRUE  TRUE  TRUE  TRUE  TRUE  TRUE FALSE  TRUE FALSE FALSE  TRUE
[661]  TRUE  TRUE FALSE  TRUE  TRUE  TRUE  TRUE  TRUE  TRUE  TRUE  TRUE  TRUE  TRUE  TRUE  TRUE
[676]  TRUE  TRUE FALSE  TRUE  TRUE  TRUE  TRUE  TRUE FALSE  TRUE  TRUE  TRUE  TRUE FALSE  TRUE
[691]  TRUE  TRUE  TRUE  TRUE  TRUE  TRUE  TRUE  TRUE  TRUE  TRUE  TRUE  TRUE  TRUE  TRUE  TRUE
[706]  TRUE  TRUE  TRUE  TRUE  TRUE  TRUE  TRUE FALSE  TRUE  TRUE  TRUE  TRUE  TRUE  TRUE  TRUE
[721] FALSE  TRUE  TRUE  TRUE  TRUE  TRUE  TRUE  TRUE  TRUE  TRUE  TRUE  TRUE  TRUE  TRUE  TRUE
[736]  TRUE  TRUE  TRUE  TRUE  TRUE  TRUE FALSE  TRUE  TRUE  TRUE  TRUE  TRUE  TRUE FALSE FALSE
[751] FALSE  TRUE  TRUE  TRUE  TRUE  TRUE  TRUE FALSE  TRUE  TRUE  TRUE  TRUE  TRUE  TRUE FALSE
[766]  TRUE  TRUE  TRUE  TRUE  TRUE  TRUE  TRUE  TRUE  TRUE  TRUE  TRUE  TRUE  TRUE  TRUE  TRUE
[781]  TRUE  TRUE  TRUE  TRUE  TRUE  TRUE  TRUE  TRUE  TRUE  TRUE  TRUE  TRUE  TRUE  TRUE  TRUE
[796]  TRUE  TRUE  TRUE  TRUE  TRUE  TRUE  TRUE  TRUE  TRUE  TRUE  TRUE  TRUE  TRUE  TRUE  TRUE
[811]  TRUE  TRUE  TRUE  TRUE

