
Birth-death simulation object with 742 species and 500 extant species

Details for some species:

Extinction times (NA means extant)
[1] 174.5127 139.5505 187.3538 176.5094 172.4519 169.7872


Speciation times 
[1] 203.3952 197.2989 188.2365 179.5671 181.9287 170.7821


Species parents (NA for initial)
[1] NA  1  1  1  2  2


Species status (extinct or extant)
[1] "extinct" "extinct" "extinct" "extinct" "extinct" "extinct"


For more details on vector y, try sim$y, with y one of
TE TS PAR EXTANT



$TE
  [1] 174.512703 139.550469 187.353831 176.509387 172.451874 169.787241 112.648365 153.881911
  [9] 102.932218  68.311803 106.714234  81.381048  60.914918  84.743942 145.176162 105.041247
 [17] 140.602103  91.539428  84.466160  98.495736 113.305563  94.401749  77.185328  30.440943
 [25]  78.984880  81.012557 137.537861         NA  88.386314 119.258772 136.083617 129.746634
 [33] 110.141387         NA  85.478675  74.652950  91.353081  83.601334  85.047628  66.204321
 [41]         NA         NA 110.598957 111.266389  97.744906  42.076019  96.822767  79.796009
 [49]         NA         NA         NA         NA         NA         NA         NA         NA
 [57]         NA  93.876528  63.598992  39.582361 102.371278 102.152946  51.502545  92.649302
 [65]  79.788522  95.417123  57.142433  50.160750  85.827152         NA         NA         NA
 [73]         NA         NA  79.958695 103.006388  77.597882         NA         NA         NA
 [81]         NA         NA         NA         NA 101.861621  72.737951  79.679524  93.678238
 [89]  88.028450 100.799357  90.138391  97.527686         NA         NA         NA         NA
 [97] 103.631632  51.845106  75.820125  57.015222  41.725366  82.596380         NA         NA
[105]         NA         NA         NA         NA         NA         NA         NA 111.484290
[113]  63.220296         NA         NA         NA         NA  86.760950  99.395369  42.639112
[121]  82.149770  78.598467 108.363226  34.801107  89.045422         NA         NA         NA
[129]         NA  62.086298  73.664502  76.739446  87.210928  78.340883         NA  89.418983
[137]  88.003790  58.833817  66.067961  94.401842  90.695339  71.121819  51.212890         NA
[145]         NA         NA         NA         NA  66.168207  61.810250  40.331590  64.932995
[153]  78.551466  55.497576 101.251347  19.581654  81.899331 104.387714  38.948158  72.109230
[161]  69.373276         NA  88.152657  75.331376         NA 105.607578  31.322935  59.528508
[169]  95.012320  82.534849         NA  25.295752  95.210272  90.316826  99.241974         NA
[177]         NA         NA         NA         NA  95.531389  38.514604  49.933118  69.713616
[185]  83.102035         NA         NA         NA         NA         NA         NA         NA
[193]         NA         NA         NA  46.830977  33.548618         NA         NA         NA
[201]         NA         NA         NA         NA         NA         NA         NA         NA
[209]  66.920148  65.742065  96.386802  83.307719 100.660482  53.098993  88.512868  88.386842
[217]         NA         NA         NA         NA         NA         NA         NA         NA
[225]         NA  53.715750  84.307317  64.226519  87.496524  70.252252  85.507602  26.054408
[233]  52.937883  55.689366 100.517645  40.736386  77.141256  26.511392         NA         NA
[241]         NA         NA  41.323363  93.696592  85.004926  89.591220         NA         NA
[249]         NA         NA         NA         NA         NA         NA         NA         NA
[257]         NA         NA  71.493011         NA         NA         NA         NA  62.780297
[265]  86.422558         NA         NA         NA         NA         NA  58.232742  66.929958
[273]  91.033417  81.177338  72.579930  72.856528         NA         NA         NA         NA
[281]         NA         NA         NA  92.457743         NA         NA  10.700638  66.033391
[289]  58.970042  88.387941         NA         NA         NA         NA   4.867725         NA
[297]         NA         NA  73.735453  81.402149         NA         NA         NA         NA
[305]         NA         NA         NA         NA  91.833309  86.261799         NA         NA
[313]         NA         NA         NA         NA         NA         NA         NA         NA
[321]         NA         NA         NA         NA         NA         NA         NA         NA
[329]         NA         NA  58.054234         NA         NA         NA         NA         NA
[337]  70.085320   5.749972         NA         NA         NA         NA  69.983862         NA
[345]         NA         NA         NA  70.245854         NA         NA  57.478600  72.252568
[353]  39.696772  84.645521         NA         NA         NA         NA         NA         NA
[361]         NA         NA         NA  22.338744         NA         NA         NA         NA
[369]         NA         NA         NA         NA         NA         NA         NA         NA
[377]         NA         NA         NA         NA         NA         NA  57.085273         NA
[385]         NA         NA         NA         NA  81.871339         NA         NA  91.795580
[393]         NA         NA         NA  94.020218  15.754358  82.752651         NA  55.663419
[401]         NA         NA         NA         NA         NA  85.222160  88.993235  83.866891
[409]  88.042626         NA         NA         NA  89.084437  88.235621  86.852057         NA
[417]         NA         NA         NA         NA         NA         NA         NA         NA
[425]         NA         NA  46.825512  24.912763         NA         NA  71.795082         NA
[433]  66.324815  35.548767  86.741862         NA         NA         NA         NA         NA
[441]         NA  19.559494         NA         NA  75.255019         NA         NA         NA
[449]         NA         NA         NA         NA         NA         NA  26.841789         NA
[457]         NA         NA         NA         NA         NA         NA         NA         NA
[465]         NA         NA         NA         NA  43.797304         NA         NA         NA
[473]         NA         NA         NA         NA         NA         NA         NA         NA
[481]         NA         NA         NA         NA  93.095483  47.249623         NA  21.592633
[489]         NA         NA         NA         NA         NA         NA  64.268846         NA
[497]  61.471945         NA         NA         NA         NA         NA         NA         NA
[505]         NA  80.889190  68.109496         NA         NA         NA         NA         NA
[513]         NA  69.868067  88.149738         NA         NA         NA         NA         NA
[521]         NA         NA         NA         NA         NA         NA         NA         NA
[529]         NA         NA         NA         NA         NA         NA         NA         NA
[537]         NA         NA  91.183795  79.271924  72.686594  17.894926         NA         NA
[545]         NA  59.313401  89.576738  86.389172         NA         NA         NA         NA
[553]         NA         NA         NA  70.847925         NA         NA         NA         NA
[561]  61.933182         NA         NA  70.737568         NA         NA         NA  45.882005
[569]         NA         NA         NA         NA         NA         NA  65.158662         NA
[577]         NA         NA         NA         NA         NA         NA         NA         NA
[585]         NA         NA         NA         NA  85.230048         NA         NA         NA
[593]         NA         NA  81.438827         NA         NA         NA         NA         NA
[601]         NA         NA         NA         NA         NA         NA         NA         NA
[609]         NA         NA         NA         NA         NA  83.457435         NA         NA
[617]         NA         NA  39.092959         NA         NA         NA         NA         NA
[625]         NA         NA         NA         NA         NA         NA         NA         NA
[633]  83.853782         NA         NA         NA         NA         NA         NA         NA
[641]         NA         NA         NA         NA         NA         NA  87.569585  88.388281
[649]         NA  61.045834  79.022602  85.123982         NA         NA  74.989671  59.131247
[657]         NA  23.269476         NA         NA         NA         NA         NA         NA
[665]         NA         NA         NA         NA         NA         NA         NA         NA
[673]         NA  29.533047  55.394641         NA         NA         NA         NA         NA
[681]         NA         NA         NA         NA         NA         NA         NA         NA
[689]         NA         NA         NA         NA         NA         NA         NA         NA
[697]         NA         NA         NA         NA         NA         NA         NA         NA
[705]         NA         NA         NA         NA         NA         NA         NA         NA
[713]         NA         NA         NA  54.715688         NA         NA         NA         NA
[721]         NA         NA         NA         NA         NA         NA         NA         NA
[729]         NA         NA         NA         NA         NA         NA         NA         NA
[737]         NA         NA         NA         NA         NA         NA

$TS
  [1] 203.395179 197.298933 188.236515 179.567070 181.928749 170.782148 163.143237 160.906035
  [9] 143.295437 139.515193 124.123141 122.742452 115.769948 112.714413 160.174430 157.771613
 [17] 146.798811 147.747304 117.906367 116.616910 116.583928 112.918316 123.859047 116.611242
 [25] 114.157508 106.397818 142.436699 135.167159 113.297680 142.275237 137.290701 133.363572
 [33] 124.810521 122.741209 115.852631 111.662031 107.145323 106.930670 100.533635  91.374213
 [41]  83.794451  81.563278 133.095488 126.881558 121.201571 113.823545 105.568913  88.222455
 [49]  81.607306  49.338515  42.337025  31.673072  29.844996  19.885495  13.998377  11.879294
 [57]   3.491501 130.131552 125.052151 117.225436 111.425599 104.585842  99.162737  95.773863
 [65]  94.316718 115.901209 116.565514 100.081808  88.951553  78.765110  74.658940 109.485609
 [73]  86.687398  86.245116 105.717460 109.455021  97.183569  74.394604  67.634573  29.519268
 [81]  26.470384  24.691063  21.255414   6.012168 110.641449 110.510337 107.608296 100.773510
 [89] 114.148835 108.553678  98.602799  98.723978  86.640452  70.537641  69.720721  41.282075
 [97] 113.471951 106.668073  99.410890  96.142415  94.950208  91.106489  85.934900  80.654521
[105]  80.459836  74.059045  65.863871  56.603566  55.112070  33.647006  32.069894 115.077094
[113] 111.088381  91.053989  86.356648  84.466180  62.906961 100.886646 112.878244  99.590542
[121]  90.674641  90.665994 114.691007  97.698401  91.119813  79.926301  76.480836  73.869839
[129]  71.610899 110.789424 103.739649 103.428813 100.737819  89.869754  87.440865  98.034124
[137]  90.526914 102.470252 100.946474  95.614752  93.225387  90.596134  88.876792  81.393044
[145]  65.290987  60.282294  43.842172 107.534141  99.974181  99.809075  98.959950  96.059082
[153]  91.714733  90.946663 104.478213  99.024310 102.359187 106.161809  99.892220  97.480781
[161]  90.372082  85.695437 106.091474 100.415842  84.216817 110.436004 110.247968 104.991840
[169]  99.622288 109.491592 104.532085  97.359538  96.562160 108.325575 100.483994  84.262321
[177]  73.918665  71.954236  61.170793  38.538554 107.530083 106.916759  97.025600  92.554229
[185]  92.366355  83.012958  79.673437  73.573950  58.839725  56.593132  51.883953  43.418977
[193]  20.545993  15.960549   7.363812 101.700313  95.562769  87.730275  79.367430  76.774944
[201]  65.468653  61.691025  59.090252  49.530521  39.680372  37.545168  17.745278   3.731147
[209]  96.471416  92.779664 106.400591  89.943030 102.224306  99.402237  98.777934  93.677228
[217]  69.783814  58.058533  51.143659  85.139294  84.735740  81.143004  73.264993  67.266612
[225]  66.242490  94.768457  99.907227  95.433913  92.545262  92.424179  88.743060 105.609611
[233]  95.199338  94.433135 104.703196 101.740961 101.072766 100.060857  77.595441  73.884086
[241]  47.738849  35.582192 102.890257 101.863539  95.373939  91.107599  65.849676  85.232996
[249]  67.237494  61.717061  58.833306  57.874848  29.461628  29.101112  26.893912  17.419867
[257]  14.071755   8.788044 102.811892  84.642532  76.877573  67.926406  43.094347  95.179061
[265]  89.443260  87.023741  84.270797  82.188494  79.486448  99.205849  88.736704  91.458492
[273]  98.113240  95.039867  91.332611  88.499159  84.529558  67.166425  65.464900  61.920391
[281]  81.543566  80.979077  75.091585  97.615833  79.447393  76.507118 100.334317  92.307432
[289] 100.677389  89.367879  81.341026  79.454540  70.300608  63.088382  93.976806  85.128706
[297]  84.179393  83.424653  93.989137  89.318932  79.840735  67.698369  58.607300  53.867915
[305]  52.933268  44.641415  25.028374  18.047293  95.333455  90.336709  75.544953  69.637071
[313]  63.227886  61.656756  51.411664  82.261628  68.604913  67.954687  55.350476  52.549991
[321]  51.738448  50.445940  49.490315  44.181092  37.611053  31.641259  99.300004  76.190823
[329]  74.679122  71.390942  89.015162  79.366492  74.950534  71.798993  61.787962  53.890062
[337]  97.222010  93.340852  81.046255  80.984163  80.180869  62.422611  97.163189  73.025803
[345]  72.570025  66.579418  43.221923  89.834069  80.779177  76.773854  98.952671  97.718513
[353]  93.313208  92.150533  63.015691  67.563296  63.425436  57.100909  55.792855  42.174481
[361]  37.553935  31.336221   3.281885  91.669775  85.657772  83.452622  81.470147  72.605829
[369]  63.088022  62.237962  50.823295  50.112508  35.226283  26.893153  22.710582  15.414048
[377]  85.413461  84.828225  78.817199  73.011321  72.982356  58.194433  95.357830  79.358507
[385]  75.926804  64.217030  62.916546  25.496357  90.718035  52.208851  46.122218  97.158074
[393]  85.908928  83.337984  71.064914  94.359749  95.959200  92.024119  90.274173  91.234983
[401]  84.985094  77.503826  75.691126  68.736706  47.614784  95.710199  92.665898  94.820110
[409]  93.607761  82.475965  81.846554  75.142886  93.348467  92.287120  89.383755  87.553603
[417]  84.242743  81.183669  80.393721  76.279134  63.239112  48.270555  47.685255  37.776067
[425]  33.263199  32.224923  90.666358  88.728817  79.440000  74.941827  92.923460  83.898209
[433]  95.640875  89.606150  95.544821  74.572933  68.741872  65.886564  65.255989  64.955164
[441]  56.217125  96.125997  81.767802  69.436476  90.816147  83.243840  67.472852  63.596990
[449]  75.558626  74.712424  69.611295  55.570566  47.482729  24.075416  95.073615  81.222758
[457]  65.355810  59.289562  51.009083  46.926611  26.398255  80.331609  71.069719  78.456334
[465]  40.629470  87.855720  85.513404  85.197634  94.843674  75.439875  68.734985  66.990227
[473]  58.613518  87.283737  64.871325  60.027299  84.593929  78.645098  59.666592  59.139793
[481]  41.416063  38.109493  29.852639  27.714926  93.663066  91.969587  85.500898  90.514744
[489]  81.594664  73.091384  64.421877  62.243427  70.962013  61.719154  91.448650  85.177185
[497]  90.892853  86.256464  74.183114  75.666525  71.959055  65.071741  60.663392  56.327668
[505]  84.808906  91.621498  88.330580  75.428995  77.224933  68.524485  63.074410  47.481455
[513]   5.243204  90.894963  90.101099  84.510845  77.994066  77.019070  73.299145  67.736973
[521]  67.489586  49.582618  23.704556  21.142881  86.781029  84.075763  82.667451  71.808004
[529]  66.403499  61.546070  90.890649  85.798978  76.945392  87.005929  84.084866  74.269937
[537]  69.545458  65.779815  91.883214  90.279582  91.528088  88.145011  74.824665  67.130067
[545]  86.543283  90.548047  89.967021  88.456130  87.213300  84.820469  85.690622  67.358163
[553]  58.822445  53.386303  40.536050  90.566783  82.694493  81.979034  87.863007  82.810839
[561]  89.062689  81.397207  69.999866  89.707469  72.838871  71.229504  69.386668  91.268174
[569]  70.088553  78.951490  72.914815  62.279189  58.614256  49.890008  88.562389  82.566691
[577]  70.193722  65.992989  62.585703  59.306949  57.659015  58.740652  49.039870  44.688266
[585]  34.627788  23.518985  82.444887  55.976385  88.940589  85.805371  78.119697  77.942819
[593]  77.901178  72.483907  90.300029  82.107457  85.053883  77.254187  72.429091  59.013237
[601]  57.236072  57.092964  47.781484  46.228687  45.057971  37.430483  33.331816   5.072522
[609]  81.381189  80.944691  76.358942  73.413698  49.793273  90.204121  70.962917  80.004491
[617]  61.174185  59.683793  89.949141  82.307229  75.527357  70.590433  61.298468  56.240324
[625]  39.082702  37.607646  33.000237  31.460021  23.270380  75.530319  75.398438  73.772022
[633]  88.114786  85.912981  86.354080  82.447927  82.099805  82.075242  73.538457  38.477242
[641]  37.497958  20.126968  18.032743  12.829359   7.576308   2.200411  89.811490  89.738148
[649]  84.793273  89.515763  88.500120  89.910710  79.049277  48.700913  89.058013  87.877814
[657]  82.746974  88.483738  75.713851  87.876668  76.284572  49.813542  47.245858  85.306728
[665]  64.140039  86.797481  87.825898  80.444517  66.763063  87.621355  82.770190  84.286974
[673]  58.374763  88.844431  88.265197  86.820960  73.961748  69.902078  53.414116  85.687871
[681]  80.851147  69.764061  67.210875  61.710419  52.787896  46.539375  45.248619  38.673261
[689]  38.179346  31.114152  63.944659  59.072388  85.727058  82.763977  79.322714  54.736834
[697]  48.394075  46.458247  69.952047  67.306025  66.461345  75.901851  73.995920  72.005217
[705]  64.974450  45.528983  38.762333  32.540381  32.345914  31.743163  31.656757  28.924787
[713]  87.267500  82.158889  75.242598  88.029103  87.820128  64.695580  60.519687  84.354043
[721]  85.478635  70.840125  50.594840  50.213415  46.299753  45.458847  34.249049  29.402498
[729]  27.041512  25.032659  85.003768  67.776952  67.450738  78.938630  60.207486  48.375650
[737]  44.608940  36.548331  19.705982  17.178656   7.466766   5.867083

$PAR
  [1]  NA   1   1   1   2   2   2   7   7   7   7   7   7   7   8   8  15  16  16  16  16  16  18
 [24]  18  18  18   9   9   9  27  30  30  30  30  10  10  10  10  10  10  10  10  28  28  28  28
 [47]  28  28  28  28  28  28  28  28  28  28  28  32  58  58  58  58  58  58  58  44  59  59  59
 [70]  59  59  23  23  23  12  34  34  34  34  34  34  34  34  34  45  45  45  45  19  19  19  60
 [93]  60  60  60  60  20  24  24  24  24  24  24  24  24  24  24  24  24  24  24  67  67  67  67
[116]  67  67  66  35  35  35  35  13  13  13  13  13  13  13  25  25  25  25  25  25  89  89  46
[139]  46  46  46  46  46  46  46  46  46  29  29  29  29  29  29  29  22  22 119  14  14  14  14
[162]  14  36  36  36 130 130 130 130  85  86  86  86 166 167 167 167 167 167 167 170  72  72  72
[185]  72  72  72  72  72  72  72  72  72  72  72 174 174 148 148 148 148 148 148 148 148 148 148
[208] 148 181  37  38  38 182 182 182 182 182 182 182  98  98  98  98  98  98  26 163 163 163 163
[231] 163  75  75  75 232 232 232 232 232 232 232 232 168 168 168 168 168 171 171 171 171 171 171
[254] 171 171 171 171 171 155 131 132 243 243 259 259 259 259 259 259 138 138 157 236 236 236 236
[277] 236 236 236 236 196 196 196 237 139 139 118 118 133 133 289 289 289 289 164 164 164 164 287
[300] 287 287 287 287 287 287 287 287 287  68  68  68  68  68  68  68 238 238 238 238 238 238 238
[323] 238 238 238 238 149 149 149 149 159 159 159 159 159 159 150 150 150 150 150 150 169 120 120
[346] 120 120  99  99  99 214 214 214 214 214 327 327 327 327 327 327 327 327 270 270 270 270 270
[369] 270 270 270 270 270 270 270 270  63  63  63  63  63  63 156 156 156 156 156 156 151 151 151
[392] 351 351 351 351 215 273 273 136 352 352 124 124 124 124 284 284 160 160 160 160 160 172 172
[415] 172 172 172 172 172 172 172 172 172 172 172 172 337 337 337 337  77  77 343 343 183 183 183
[438] 183 183 183 183 209 209 209 100 100 100 100 442 442 442 442 442 442 152 152 152 397 397 397
[461] 397 433 433 197 197 228 228 228 383 383 383 383 383 233 233 233 455 455 455 455 455 455 455
[484] 455 274 274 274 101 101 101 101 101 469 469 408 408 226 226 226 234 234 234 234 234  65 299
[507] 299 299 295 295 295 295 295 338 338 338 338 338 338 338 338 338 338 338 353 353 353 353 353
[530] 353 431 431 431 210 210 210 210 210 229 229 185 288 288 288 354 398 398 153 153 153 364 364
[553] 364 364 364 506 506 506 541 541 272 272 272 495 495 495 495  40  40 568 568 568 568 568 400
[576] 400 400 400 400 400 400 114 114 114 114 114 154 154 514 514 514 514 514 514 497 497 531 531
[599] 531 531 531 531 531 531 531 531 531 531 445 427 427 427 427 142 556 546 546 546 137 488 488
[622] 488 488 488 488 488 488 488 488 161 161 161 595 540 399 399 399 399 399 399 399 399 399 399
[645] 399 399 614 614 614 515 515 547 619 619 652 134 134 348 348 564 564 434 434 650 650 265 300
[668] 561 561 655 655 331 331  69 589 589 143 143 143 674 674 674 674 674 674 674 674 674 674 674
[691] 271 271 428 428 428 428 428 428 575 575 575 276 658 658 658 658 658 658 658 658 658 658 507
[714] 507 507 675 675 675 675  48 542 542 542 542 542 542 542 542 542 542 716 656 656 660 660 660
[737] 660 660 660 660 660 660

$EXTANT
  [1] FALSE FALSE FALSE FALSE FALSE FALSE FALSE FALSE FALSE FALSE FALSE FALSE FALSE FALSE FALSE
 [16] FALSE FALSE FALSE FALSE FALSE FALSE FALSE FALSE FALSE FALSE FALSE FALSE  TRUE FALSE FALSE
 [31] FALSE FALSE FALSE  TRUE FALSE FALSE FALSE FALSE FALSE FALSE  TRUE  TRUE FALSE FALSE FALSE
 [46] FALSE FALSE FALSE  TRUE  TRUE  TRUE  TRUE  TRUE  TRUE  TRUE  TRUE  TRUE FALSE FALSE FALSE
 [61] FALSE FALSE FALSE FALSE FALSE FALSE FALSE FALSE FALSE  TRUE  TRUE  TRUE  TRUE  TRUE FALSE
 [76] FALSE FALSE  TRUE  TRUE  TRUE  TRUE  TRUE  TRUE  TRUE FALSE FALSE FALSE FALSE FALSE FALSE
 [91] FALSE FALSE  TRUE  TRUE  TRUE  TRUE FALSE FALSE FALSE FALSE FALSE FALSE  TRUE  TRUE  TRUE
[106]  TRUE  TRUE  TRUE  TRUE  TRUE  TRUE FALSE FALSE  TRUE  TRUE  TRUE  TRUE FALSE FALSE FALSE
[121] FALSE FALSE FALSE FALSE FALSE  TRUE  TRUE  TRUE  TRUE FALSE FALSE FALSE FALSE FALSE  TRUE
[136] FALSE FALSE FALSE FALSE FALSE FALSE FALSE FALSE  TRUE  TRUE  TRUE  TRUE  TRUE FALSE FALSE
[151] FALSE FALSE FALSE FALSE FALSE FALSE FALSE FALSE FALSE FALSE FALSE  TRUE FALSE FALSE  TRUE
[166] FALSE FALSE FALSE FALSE FALSE  TRUE FALSE FALSE FALSE FALSE  TRUE  TRUE  TRUE  TRUE  TRUE
[181] FALSE FALSE FALSE FALSE FALSE  TRUE  TRUE  TRUE  TRUE  TRUE  TRUE  TRUE  TRUE  TRUE  TRUE
[196] FALSE FALSE  TRUE  TRUE  TRUE  TRUE  TRUE  TRUE  TRUE  TRUE  TRUE  TRUE  TRUE FALSE FALSE
[211] FALSE FALSE FALSE FALSE FALSE FALSE  TRUE  TRUE  TRUE  TRUE  TRUE  TRUE  TRUE  TRUE  TRUE
[226] FALSE FALSE FALSE FALSE FALSE FALSE FALSE FALSE FALSE FALSE FALSE FALSE FALSE  TRUE  TRUE
[241]  TRUE  TRUE FALSE FALSE FALSE FALSE  TRUE  TRUE  TRUE  TRUE  TRUE  TRUE  TRUE  TRUE  TRUE
[256]  TRUE  TRUE  TRUE FALSE  TRUE  TRUE  TRUE  TRUE FALSE FALSE  TRUE  TRUE  TRUE  TRUE  TRUE
[271] FALSE FALSE FALSE FALSE FALSE FALSE  TRUE  TRUE  TRUE  TRUE  TRUE  TRUE  TRUE FALSE  TRUE
[286]  TRUE FALSE FALSE FALSE FALSE  TRUE  TRUE  TRUE  TRUE FALSE  TRUE  TRUE  TRUE FALSE FALSE
[301]  TRUE  TRUE  TRUE  TRUE  TRUE  TRUE  TRUE  TRUE FALSE FALSE  TRUE  TRUE  TRUE  TRUE  TRUE
[316]  TRUE  TRUE  TRUE  TRUE  TRUE  TRUE  TRUE  TRUE  TRUE  TRUE  TRUE  TRUE  TRUE  TRUE  TRUE
[331] FALSE  TRUE  TRUE  TRUE  TRUE  TRUE FALSE FALSE  TRUE  TRUE  TRUE  TRUE FALSE  TRUE  TRUE
[346]  TRUE  TRUE FALSE  TRUE  TRUE FALSE FALSE FALSE FALSE  TRUE  TRUE  TRUE  TRUE  TRUE  TRUE
[361]  TRUE  TRUE  TRUE FALSE  TRUE  TRUE  TRUE  TRUE  TRUE  TRUE  TRUE  TRUE  TRUE  TRUE  TRUE
[376]  TRUE  TRUE  TRUE  TRUE  TRUE  TRUE  TRUE FALSE  TRUE  TRUE  TRUE  TRUE  TRUE FALSE  TRUE
[391]  TRUE FALSE  TRUE  TRUE  TRUE FALSE FALSE FALSE  TRUE FALSE  TRUE  TRUE  TRUE  TRUE  TRUE
[406] FALSE FALSE FALSE FALSE  TRUE  TRUE  TRUE FALSE FALSE FALSE  TRUE  TRUE  TRUE  TRUE  TRUE
[421]  TRUE  TRUE  TRUE  TRUE  TRUE  TRUE FALSE FALSE  TRUE  TRUE FALSE  TRUE FALSE FALSE FALSE
[436]  TRUE  TRUE  TRUE  TRUE  TRUE  TRUE FALSE  TRUE  TRUE FALSE  TRUE  TRUE  TRUE  TRUE  TRUE
[451]  TRUE  TRUE  TRUE  TRUE FALSE  TRUE  TRUE  TRUE  TRUE  TRUE  TRUE  TRUE  TRUE  TRUE  TRUE
[466]  TRUE  TRUE  TRUE FALSE  TRUE  TRUE  TRUE  TRUE  TRUE  TRUE  TRUE  TRUE  TRUE  TRUE  TRUE
[481]  TRUE  TRUE  TRUE  TRUE FALSE FALSE  TRUE FALSE  TRUE  TRUE  TRUE  TRUE  TRUE  TRUE FALSE
[496]  TRUE FALSE  TRUE  TRUE  TRUE  TRUE  TRUE  TRUE  TRUE  TRUE FALSE FALSE  TRUE  TRUE  TRUE
[511]  TRUE  TRUE  TRUE FALSE FALSE  TRUE  TRUE  TRUE  TRUE  TRUE  TRUE  TRUE  TRUE  TRUE  TRUE
[526]  TRUE  TRUE  TRUE  TRUE  TRUE  TRUE  TRUE  TRUE  TRUE  TRUE  TRUE  TRUE  TRUE FALSE FALSE
[541] FALSE FALSE  TRUE  TRUE  TRUE FALSE FALSE FALSE  TRUE  TRUE  TRUE  TRUE  TRUE  TRUE  TRUE
[556] FALSE  TRUE  TRUE  TRUE  TRUE FALSE  TRUE  TRUE FALSE  TRUE  TRUE  TRUE FALSE  TRUE  TRUE
[571]  TRUE  TRUE  TRUE  TRUE FALSE  TRUE  TRUE  TRUE  TRUE  TRUE  TRUE  TRUE  TRUE  TRUE  TRUE
[586]  TRUE  TRUE  TRUE FALSE  TRUE  TRUE  TRUE  TRUE  TRUE FALSE  TRUE  TRUE  TRUE  TRUE  TRUE
[601]  TRUE  TRUE  TRUE  TRUE  TRUE  TRUE  TRUE  TRUE  TRUE  TRUE  TRUE  TRUE  TRUE FALSE  TRUE
[616]  TRUE  TRUE  TRUE FALSE  TRUE  TRUE  TRUE  TRUE  TRUE  TRUE  TRUE  TRUE  TRUE  TRUE  TRUE
[631]  TRUE  TRUE FALSE  TRUE  TRUE  TRUE  TRUE  TRUE  TRUE  TRUE  TRUE  TRUE  TRUE  TRUE  TRUE
[646]  TRUE FALSE FALSE  TRUE FALSE FALSE FALSE  TRUE  TRUE FALSE FALSE  TRUE FALSE  TRUE  TRUE
[661]  TRUE  TRUE  TRUE  TRUE  TRUE  TRUE  TRUE  TRUE  TRUE  TRUE  TRUE  TRUE  TRUE FALSE FALSE
[676]  TRUE  TRUE  TRUE  TRUE  TRUE  TRUE  TRUE  TRUE  TRUE  TRUE  TRUE  TRUE  TRUE  TRUE  TRUE
[691]  TRUE  TRUE  TRUE  TRUE  TRUE  TRUE  TRUE  TRUE  TRUE  TRUE  TRUE  TRUE  TRUE  TRUE  TRUE
[706]  TRUE  TRUE  TRUE  TRUE  TRUE  TRUE  TRUE  TRUE  TRUE  TRUE FALSE  TRUE  TRUE  TRUE  TRUE
[721]  TRUE  TRUE  TRUE  TRUE  TRUE  TRUE  TRUE  TRUE  TRUE  TRUE  TRUE  TRUE  TRUE  TRUE  TRUE
[736]  TRUE  TRUE  TRUE  TRUE  TRUE  TRUE  TRUE

