
Birth-death simulation object with 754 species and 500 extant species

Details for some species:

Extinction times (NA means extant)
[1] 171.3936 166.7629 154.5780 145.2054 161.7369 166.7523


Speciation times 
[1] 178.9120 177.0211 173.6895 172.4536 176.0504 173.1539


Species parents (NA for initial)
[1] NA  1  1  1  2  5


Species status (extinct or extant)
[1] "extinct" "extinct" "extinct" "extinct" "extinct" "extinct"


For more details on vector y, try sim$y, with y one of
TE TS PAR EXTANT



$TE
  [1] 171.393612 166.762869 154.578050 145.205374 161.736867 166.752285 168.125516 107.818268
  [9] 163.127864 154.500728 157.814376 159.254375 125.819903 135.400056 127.079608 111.595645
 [17]  77.769989  82.550377 161.363852 142.522022 150.170512 135.241501  79.915254 149.235421
 [25] 139.024564 119.735892 139.521436 117.994132 100.507792 125.453709 126.117031 117.445461
 [33] 101.037871 114.596328  78.065210  11.883385 126.331362 111.945220  45.934084 110.937240
 [41] 117.717261  98.420739 114.231221  45.849059 104.596599  76.107566  78.817346         NA
 [49]         NA         NA  98.479124  87.843138 117.078965 125.900117 125.002017  95.441605
 [57] 109.199941 104.587964 107.509063  63.266871  95.333424  79.718790 117.523014 116.938581
 [65]  75.640425  16.015450  50.985983         NA         NA         NA         NA         NA
 [73]         NA         NA         NA 114.343977  32.838701  54.675689  57.318485 110.440445
 [81] 103.435913  23.777479 105.840877  96.736293         NA         NA 114.131639  83.886626
 [89]  73.213594  98.779682  60.507249  79.292503 120.362786 109.897328  83.325390         NA
 [97]  92.105160  73.595579  63.244957  95.050607         NA         NA         NA         NA
[105]         NA         NA         NA         NA         NA         NA         NA 103.630197
[113]         NA         NA 110.123423 102.732987  73.597095         NA         NA         NA
[121]         NA         NA         NA         NA         NA         NA         NA         NA
[129]         NA 106.779534 109.337487  30.655988         NA 107.161233 101.606705  34.317722
[137]  67.161304  75.392435  42.617434  16.443710 110.947741  98.503652 109.602034 102.321321
[145] 107.537791  88.010310  94.343355         NA         NA 117.959559  93.852968  65.886228
[153] 104.388280         NA         NA         NA         NA         NA         NA         NA
[161] 110.162888  52.241160         NA         NA         NA         NA  93.802394  85.144931
[169]         NA 103.180694         NA  64.719236 113.819925  41.808222  83.537969  80.222031
[177]  91.138669  93.612269         NA         NA  88.199811  91.808418  78.473796         NA
[185]  87.468171         NA         NA         NA         NA         NA         NA 105.629340
[193]  66.605444  56.744919  84.384901         NA         NA         NA  47.406782  54.735101
[201]         NA         NA         NA         NA  78.037852  85.148218  79.127340 107.197775
[209]         NA         NA  62.666495         NA         NA         NA         NA         NA
[217]         NA         NA         NA 101.807039  88.006707         NA  93.758690  95.184049
[225]         NA         NA         NA         NA  79.695921   8.086732         NA         NA
[233]  60.655821  95.864361  68.488181  97.171852 109.473257 103.635856  90.173851  89.297042
[241]  83.617495         NA  96.997982  92.127930  77.957965  59.966528  96.997585         NA
[249]         NA         NA         NA         NA         NA         NA         NA         NA
[257]         NA         NA         NA         NA         NA         NA  98.940193  95.118278
[265]  99.362424  95.498553         NA         NA         NA         NA         NA  97.047883
[273]  43.977883  90.378911  92.419169  83.268189         NA         NA         NA         NA
[281]         NA  94.947856  76.973879         NA         NA         NA         NA 105.835326
[289]         NA 101.147292         NA         NA         NA         NA         NA         NA
[297]         NA         NA         NA         NA         NA 105.282500 105.765702  87.457941
[305]  94.437331         NA         NA         NA  84.155946  81.949028  39.344760         NA
[313]  89.377527         NA  87.331649         NA         NA         NA  30.193062         NA
[321]         NA         NA         NA         NA         NA         NA         NA         NA
[329] 101.679673 100.203855  82.131273  97.485715  93.902221  68.625768 103.493417  59.028125
[337]         NA         NA         NA         NA         NA         NA         NA         NA
[345]         NA         NA         NA  75.478664         NA 103.995494  52.251457         NA
[353]         NA         NA         NA         NA  83.525728  83.554426         NA         NA
[361]         NA  73.536593  34.022120         NA         NA         NA         NA         NA
[369]         NA  93.765163         NA         NA         NA  70.648280  58.815073         NA
[377]         NA         NA  95.852532 100.677130         NA         NA         NA         NA
[385]         NA         NA         NA         NA         NA         NA         NA         NA
[393]         NA         NA         NA         NA         NA         NA         NA         NA
[401]         NA  92.142104  85.026188  41.788358  68.458036  12.992777   6.382733  75.701874
[409]  59.586333  93.044775         NA         NA         NA         NA         NA         NA
[417]         NA  95.966819  16.678741         NA         NA         NA         NA         NA
[425]  98.610421         NA  84.149140  94.641614         NA         NA  81.766448         NA
[433]         NA         NA  89.416564         NA  83.948172  60.878800         NA         NA
[441]         NA         NA         NA         NA         NA         NA  95.387773         NA
[449]  71.410139  72.697651         NA  91.756863  63.871066  93.580182  68.881981         NA
[457]         NA         NA         NA         NA  86.445647  72.013789         NA         NA
[465]         NA         NA         NA         NA         NA         NA         NA         NA
[473]         NA         NA         NA         NA         NA         NA         NA         NA
[481]         NA         NA         NA         NA         NA         NA  95.737468         NA
[489]         NA         NA         NA         NA         NA  87.302166  80.851608         NA
[497]         NA         NA         NA         NA         NA         NA         NA  81.329209
[505]  72.243282         NA         NA  74.279880         NA         NA         NA         NA
[513]   3.437796         NA         NA  86.740404         NA         NA         NA         NA
[521]         NA         NA         NA         NA         NA         NA         NA         NA
[529]  56.809662  95.178937         NA         NA         NA         NA         NA         NA
[537]         NA         NA         NA  72.830551  64.754324  70.320571  70.726174         NA
[545]         NA         NA         NA         NA         NA         NA  91.918806         NA
[553]  45.685687  70.257867         NA         NA         NA         NA  65.947421         NA
[561]         NA         NA         NA         NA         NA         NA         NA         NA
[569]         NA         NA         NA         NA         NA         NA         NA         NA
[577]         NA         NA         NA         NA         NA         NA         NA         NA
[585]         NA         NA         NA         NA         NA         NA         NA         NA
[593]         NA         NA         NA         NA         NA         NA         NA         NA
[601]         NA         NA         NA         NA         NA         NA         NA         NA
[609]         NA  86.485771         NA         NA         NA         NA  91.775813         NA
[617]         NA         NA         NA         NA         NA         NA         NA         NA
[625]         NA         NA         NA  86.973928  51.669555         NA         NA         NA
[633]         NA         NA         NA         NA         NA         NA         NA         NA
[641]         NA         NA         NA         NA         NA         NA         NA         NA
[649]  92.466852         NA         NA         NA         NA  47.141707         NA  46.648906
[657]         NA         NA         NA         NA         NA         NA         NA         NA
[665]  72.769671         NA         NA         NA         NA         NA         NA         NA
[673]         NA         NA         NA         NA         NA         NA         NA         NA
[681]         NA         NA         NA         NA         NA         NA         NA         NA
[689]         NA         NA         NA         NA         NA         NA         NA         NA
[697]         NA         NA         NA         NA         NA         NA         NA         NA
[705]         NA         NA         NA         NA         NA         NA         NA         NA
[713]         NA         NA         NA         NA         NA         NA         NA         NA
[721]         NA         NA         NA         NA         NA         NA         NA         NA
[729]         NA         NA         NA         NA         NA         NA         NA         NA
[737]         NA         NA         NA         NA         NA         NA         NA         NA
[745]         NA         NA         NA         NA         NA         NA         NA         NA
[753]         NA         NA

$TS
  [1] 178.911954 177.021120 173.689550 172.453593 176.050388 173.153928 172.039414 170.288656
  [9] 167.247266 164.002694 158.224060 159.987581 156.005201 151.032816 144.689350 124.378862
 [17] 113.624973 111.186949 166.022101 163.883796 159.599131 135.826227 130.683518 150.380470
 [25] 144.815176 135.500351 140.792199 132.234096 128.146306 135.520271 130.749287 129.842624
 [33] 129.039490 127.111697 124.626761 123.068297 128.706900 130.022703 126.712872 125.041793
 [41] 123.384637 120.009670 119.620000 118.382918 115.907496 114.953752  96.172729  84.415542
 [49]  82.807401  79.948128 120.048844 117.904434 117.104274 128.764471 125.643606 123.315299
 [57] 119.992007 118.950075 128.286734 103.416162 118.775020 123.323375 122.903158 118.456418
 [65] 114.444405 102.957392 102.325623  87.407456  82.368956  80.070921  79.272976  71.635424
 [73]  71.568018  58.998686  48.139076 124.125683 118.703434 113.491509 110.946334 118.238662
 [81] 117.618495 109.559875 106.109602 100.940968  87.619961 121.995316 121.084807 120.826612
 [89] 109.601695 103.827963 101.305421 100.996029 120.512772 114.240809 112.946888 107.106343
 [97] 122.926546 115.169340 104.639565  99.762848  53.277006  50.913284  47.419978  47.137808
[105]  44.524796  42.521360  39.095474  38.815813  31.038564  24.640129  14.196234 106.272170
[113]  93.079816  93.079519 120.818414 110.759223  96.090341  78.033530  74.546462  74.026224
[121]  48.767548  46.213527  41.730484  33.925906  33.505366  32.328588  21.758369  18.690328
[129]  16.280773 117.287386 111.249451 103.502141  90.015708 111.553337 118.210416 105.465627
[137] 101.773999 119.020626 115.146544 103.922920 111.124130 115.150366 114.404344 116.473895
[145] 110.459874 100.374169  99.428667  85.988207  78.848727 118.949427 107.572352 115.796641
[153] 108.904219  81.643311  76.857274  70.903568  46.454700  39.378220  36.896185  35.568752
[161] 112.599726 110.775084  84.570048  83.623764  79.338800  68.769161 114.094296 111.514544
[169] 112.248019 103.467072  92.634695 114.119484 114.979922 112.353410 107.962717 105.399320
[177] 100.597399  98.631723  92.546892  89.078216 113.501704 112.421492 104.061279 107.996533
[185] 101.746826  90.745285  51.386674  49.980613  45.232248  87.391026  79.851385 111.248496
[193] 102.815545  99.088763  95.780219  94.554781  92.611813  91.355164 113.588813 101.222209
[201]  91.716483  83.419030  78.556134  74.672265 113.140959 104.437807 103.641909 112.182353
[209]  93.649363  79.934002  99.886503  93.256630  84.130314  74.910399  61.072252  59.882427
[217]  56.056745  53.660978  51.140722 112.784686  97.021226  90.469842 111.606816 101.122435
[225]  85.855512  75.702154  68.998528  66.657493 110.306427 105.542075  93.070349  90.402670
[233] 108.759350 103.508649 101.196430 105.798342 111.691594 112.039435 104.878387 108.195495
[241] 101.737410  43.027538 108.167856 104.403440 102.931794  98.495812  97.461291  89.765403
[249]  88.769926  84.324696  71.999304  65.750698  64.771841  57.798605  39.561172  37.800971
[257]  31.289974  25.900423  23.624992  18.783316  17.042006  13.378128 109.889142 107.341652
[265] 104.787200 103.641105  92.046510  87.038184  83.418317  90.074518  88.383019 106.733809
[273] 100.688624  98.144679  98.117969  97.469142  91.735335  90.315686  82.516986  76.112304
[281]  52.827284 108.685359 108.084380 101.265548  94.735335  88.528700  82.347540 107.038111
[289]  93.616413 109.305265  92.904336  92.885601  92.505338  88.683176  87.809858  76.916275
[297]  73.202863  58.663546  54.057698  40.169344  37.578509 108.840947 105.828141 105.672154
[305]  96.924002  75.728856  71.844360  62.283335 107.000235 105.808081  99.760570  95.606094
[313] 106.627980  95.263205  97.143663  86.095614  85.598763  78.607534 105.722890  89.824255
[321]  85.846180  81.791313  78.687157  60.342894  24.956975  24.260900   9.236731   8.839735
[329] 107.429449 100.762220 102.744021  98.013274  97.015927  99.908343 106.434164 106.176182
[337]  83.856296  81.737741  44.163613  36.501558  34.352178  27.350320  22.046375  16.361965
[345]  12.590159   7.247998   3.897191 105.871343  92.257575 106.083252 104.774523  83.497866
[353]  79.590125  76.481262  68.539713  64.929271 103.499605  97.988284  95.206338  91.709142
[361]  77.631829 105.769839 103.426328  89.689839  89.230266  87.129490  86.714727  83.673865
[369]  82.198247 104.541437  90.501991  87.747887  80.165164 104.119653  97.721740  83.277129
[377]  62.908094  53.328479 105.111283 102.265620  93.700596  90.365206  90.817371  84.199877
[385]  74.066529  54.125349  53.224167  46.455753  44.042551  28.247075  27.628561  24.060181
[393]  20.939895  19.284259  14.968007  13.062889  48.221825  43.286662  41.834241  39.956429
[401]  92.523139 105.072672 103.815050 102.569878 102.067186 101.190283  97.106865  96.817882
[409] 103.112497  97.232427  91.088182  85.731936  84.757657  82.953992  79.910066  76.975456
[417]  66.955729 104.503916 100.992614  86.788113  81.521104  80.764455  72.258663  65.540700
[425] 102.260097  94.505962  97.766388 104.348682  87.451669  92.988909  96.994139  93.423569
[433]  90.517804  78.981984 100.178497  87.676839 102.229917 100.561507  78.813920  75.580208
[441]  61.247648  58.439717  39.345072  30.569092  23.510974  20.460389  96.290520  88.722452
[449]  97.201469  95.909110  82.398273 102.140546 103.341510  98.961167  98.492006  85.874274
[457]  57.879243  46.256252  43.486378  40.008540 102.594841  96.035119  93.657256  88.422912
[465]  89.598357  84.111975  80.112410  69.711768  57.580020  57.371771  52.651578  51.284708
[473]  50.936209  50.928037  48.296776  45.369784  42.938244  67.381664  95.309132  92.399785
[481]  89.985056  83.015965  80.700823  75.080691  72.869125  64.091174  99.051970  86.590470
[489]  81.050580  79.107369  71.053522  63.124952  61.867746 101.913626  96.131876  86.454308
[497]  80.895088  72.924953  57.445544  54.541718  30.074017  29.412742  19.815277 102.645027
[505]  99.031559  91.545581  81.390432  99.118432  84.068775 102.629113  93.806803  90.414594
[513] 100.564405  95.755789  89.665900 102.217031  88.723486  80.006959  77.351115  69.942714
[521]  65.534003  56.939767  49.069392  38.631443  37.389937  35.741322  18.216827  13.538978
[529] 100.176255 100.060738  95.346354  73.020355  67.821253  66.011389  62.932126  42.085631
[537]  94.199715  66.824915  63.053461 100.284651 101.005479  97.433520  96.079596  71.788764
[545]  70.845202  92.753534  92.378113  86.967662  85.831888  81.925660  95.774426  93.863533
[553]  98.246099  95.946729  90.286564  87.191126  84.565521  70.975250  95.955093  86.623811
[561]  75.918372  74.365909  62.380163  60.416402  56.982313  50.400155  42.802965  26.172298
[569]  24.326719  22.224750  21.244324  17.983143  10.959543  10.683604  95.511313  71.399439
[577]  67.761684  67.609842  58.552432  75.673193  72.762401  71.162497  80.563648  70.510203
[585]  64.403974  57.496351  42.687517  41.262000  88.941715  77.573830  76.380364  60.565227
[593]  50.332729  45.244599  23.113668  51.704143  51.471072  51.351664  47.421022  95.512814
[601]  91.147271  84.540904  62.783841  54.253236  44.104777  43.541482  40.679290  19.402986
[609]   5.452502  95.808857  92.775009  85.088005  68.118799  63.352584  95.843908  93.968377
[617]  90.099433  79.735706  73.509475  57.471403  56.955395  93.337688  90.960664  86.750236
[625]  83.714792  75.072757  68.790157  98.430214  96.803079  94.964527  83.552581  83.006871
[633]  86.599230  85.350820  77.063922  66.162324  62.487883  49.818411  47.283078  94.115114
[641]  90.244374  93.143486  85.355902  78.701048  78.517812  78.031904  72.737272  70.337013
[649]  96.050311  94.259589  91.332687  78.430264  74.198102  97.971065  71.327605  96.840163
[657]  94.091561  86.763001  85.145009  70.179482  69.289231  61.520544  59.372028  49.347955
[665]  97.392258  94.334695  92.515946  94.684009  92.903084  91.275695  88.721050  75.552581
[673]  94.658087  94.172257  89.181121  88.119432  80.789173  73.762078  64.498927  60.127002
[681]  89.178031  86.841462  72.255513  94.597380  83.430391  87.128245  79.884844  78.649209
[689]  63.216971  61.055664  55.188787  53.238482  50.267916  41.916148  40.131598  39.181296
[697]  37.220319  34.140722  31.200276  25.990092  17.727684  14.945871  91.597671  89.375457
[705]  87.312445  94.052670  77.427210  68.784475  65.589837  51.577401  85.815837  81.164996
[713]  59.497755  94.372175  84.756897  84.731960  82.000685  79.378014  89.787759  82.199364
[721]  87.668488  84.632294  91.272383  79.745554  88.992020  84.591433  84.012154  78.286873
[729]  86.810400  83.107422  76.463923  94.862795  93.611514  91.157155  83.504819  77.470139
[737]  76.786377  73.267696  95.168520  89.047676  74.396676  93.647208  87.720047  94.040366
[745]  93.725344  93.741271  81.313513  67.815449  64.769142  60.811366  55.076786  51.722581
[753]  30.340006  28.873173

$PAR
  [1]  NA   1   1   1   2   5   5   5   5   5   4   8   8   8   8   8   8   8   9  19  10  13  13
 [24]  14  14  14  15  15  15  22  30  30  26  26  26  26  31  23  23  23  23  23  23  23  23  23
 [47]  23  23  23  23  38  38  38  32  32  33  33  33  37  29  34  39  39  39  39  39  39  39  39
 [70]  39  39  39  39  39  39  40  40  40  40  35  35  35  35  35  35  41  41  62  62  62  62  62
 [93]  56  56  56  56  36  36  36  36  36  36  36  36  36  36  36  36  36  36  36  97  97  97  63
[116]  86  86  86  86  86  86  86  86  86  86  86  86  86  86  87  88  88  88 115  51  51  51  42
[139]  42  42  57  43  43 138 138 138 138 138 138  58  58  61  77  77  77  77  77  77  77  77  44
[162]  44  44  44  44  44  80  80 135 135  52 144 152 152 152 152 152 152 152 152  98 142 142 139
[185] 139 139 139 139 139  46  46  65  65  65  65  65  65  65 172 172 172 172 172 172 167 167 167
[208]  17  17  17 199 199 199 199 199 199 199 199 199 181 181 181  78  78  78  78  78  78 205 205
[231] 205 205  95  95  95 220 161 182 182 174 174 174 169 169 169 169 169 169 169 169 169 169 169
[254] 169 169 169 169 169 169 169 169 169 223 134 168 168  18  18  18  79  79 162 162 162 162 162
[277] 162 162 162 162 162 229 229 229 229 229 229 263  89  82  82  82  82  82  82  82  82  82  82
[300]  82  82 290 153 153 233 233 233 233 282 282 282 282 240 240 283 283 283 283 184 184 184 184
[323] 184 184 184 184 184 184 175 175 151 151 151 264  96  96  96  96  96  96  96  96  96  96  96
[346]  96  96 288 309 313 112 336 336 336 336 336 348 348 348 348 348 310 310 310 310 310 310 310
[369] 310 236 362 362 362 319 319 319 319 319 304 304 304 304 230 230 230 230 230 230 230 230 230
[392] 230 230 230 230 230 136 136 136 136 176 379 379 379 379 379 379 379 402 402 351 351 351 351
[415] 351 351 351  99  99  99  99  99  99  99 370 370 418 206 206 244 374 374 374 374 183 183 140
[438] 140 140 140 140 140 140 140 140 140 403 403 207 207 207 266 234 234 132 132 132 132 132 132
[461] 357 357 357 357 363 363 363 363 363 363 363 363 363 363 363 363 363  60 453 453 453 453 453
[484] 453 453 453 409 409 409 409 409 409 409  66  66  66  66  66  66  66  66  66  66 245 245 245
[507] 245 193 193 331 331 331 504 504 504 510 510 510 510 510 510 510 510 510 510 510 510 510 404
[530] 404 404 404 404 404 404 404  67  67  67 425 437 516 516 405 405 137 137 137 137 137 185 185
[553]  91  91  91  91  91  91 284 284 284 284 284 284 284 284 284 284 284 284 284 284 284 284 200
[576] 200 200 200 200 235 235 235 406 406 406 406 406 406  92 419 419 419 419 419 419 273 273 273
[599] 273 177 177 513 513 513 513 513 513 513 513 438 438 438 438 438 435 435 435 529 529 529 529
[622] 334 334 334 334 334 334 211 211 211 211 211 311 311 311 311 311 311 311 508 508 194 194 194
[645] 194 194 194 194 505 246 246 246 246 455 455 628 628 553 553 553 553 553 553 553 274 275 275
[668] 358 358 358 358 654 427 427 427 375 375 375 375 375 276 276 542 665 665 449 449 449 407 407
[691] 407 407 407 407 407 407 407 407 407 407 407 407 221 221 431 656 656 656 656 656 408 408 629
[714]  47  47  47  47  47 495 495 117 117 543 543 462 462 462 462 559 559 559 554 554 554 554 554
[737] 554 554 450 450 450 610 610 551 551 514 514 514 514 514 514 514 514 514

$EXTANT
  [1] FALSE FALSE FALSE FALSE FALSE FALSE FALSE FALSE FALSE FALSE FALSE FALSE FALSE FALSE FALSE
 [16] FALSE FALSE FALSE FALSE FALSE FALSE FALSE FALSE FALSE FALSE FALSE FALSE FALSE FALSE FALSE
 [31] FALSE FALSE FALSE FALSE FALSE FALSE FALSE FALSE FALSE FALSE FALSE FALSE FALSE FALSE FALSE
 [46] FALSE FALSE  TRUE  TRUE  TRUE FALSE FALSE FALSE FALSE FALSE FALSE FALSE FALSE FALSE FALSE
 [61] FALSE FALSE FALSE FALSE FALSE FALSE FALSE  TRUE  TRUE  TRUE  TRUE  TRUE  TRUE  TRUE  TRUE
 [76] FALSE FALSE FALSE FALSE FALSE FALSE FALSE FALSE FALSE  TRUE  TRUE FALSE FALSE FALSE FALSE
 [91] FALSE FALSE FALSE FALSE FALSE  TRUE FALSE FALSE FALSE FALSE  TRUE  TRUE  TRUE  TRUE  TRUE
[106]  TRUE  TRUE  TRUE  TRUE  TRUE  TRUE FALSE  TRUE  TRUE FALSE FALSE FALSE  TRUE  TRUE  TRUE
[121]  TRUE  TRUE  TRUE  TRUE  TRUE  TRUE  TRUE  TRUE  TRUE FALSE FALSE FALSE  TRUE FALSE FALSE
[136] FALSE FALSE FALSE FALSE FALSE FALSE FALSE FALSE FALSE FALSE FALSE FALSE  TRUE  TRUE FALSE
[151] FALSE FALSE FALSE  TRUE  TRUE  TRUE  TRUE  TRUE  TRUE  TRUE FALSE FALSE  TRUE  TRUE  TRUE
[166]  TRUE FALSE FALSE  TRUE FALSE  TRUE FALSE FALSE FALSE FALSE FALSE FALSE FALSE  TRUE  TRUE
[181] FALSE FALSE FALSE  TRUE FALSE  TRUE  TRUE  TRUE  TRUE  TRUE  TRUE FALSE FALSE FALSE FALSE
[196]  TRUE  TRUE  TRUE FALSE FALSE  TRUE  TRUE  TRUE  TRUE FALSE FALSE FALSE FALSE  TRUE  TRUE
[211] FALSE  TRUE  TRUE  TRUE  TRUE  TRUE  TRUE  TRUE  TRUE FALSE FALSE  TRUE FALSE FALSE  TRUE
[226]  TRUE  TRUE  TRUE FALSE FALSE  TRUE  TRUE FALSE FALSE FALSE FALSE FALSE FALSE FALSE FALSE
[241] FALSE  TRUE FALSE FALSE FALSE FALSE FALSE  TRUE  TRUE  TRUE  TRUE  TRUE  TRUE  TRUE  TRUE
[256]  TRUE  TRUE  TRUE  TRUE  TRUE  TRUE  TRUE FALSE FALSE FALSE FALSE  TRUE  TRUE  TRUE  TRUE
[271]  TRUE FALSE FALSE FALSE FALSE FALSE  TRUE  TRUE  TRUE  TRUE  TRUE FALSE FALSE  TRUE  TRUE
[286]  TRUE  TRUE FALSE  TRUE FALSE  TRUE  TRUE  TRUE  TRUE  TRUE  TRUE  TRUE  TRUE  TRUE  TRUE
[301]  TRUE FALSE FALSE FALSE FALSE  TRUE  TRUE  TRUE FALSE FALSE FALSE  TRUE FALSE  TRUE FALSE
[316]  TRUE  TRUE  TRUE FALSE  TRUE  TRUE  TRUE  TRUE  TRUE  TRUE  TRUE  TRUE  TRUE FALSE FALSE
[331] FALSE FALSE FALSE FALSE FALSE FALSE  TRUE  TRUE  TRUE  TRUE  TRUE  TRUE  TRUE  TRUE  TRUE
[346]  TRUE  TRUE FALSE  TRUE FALSE FALSE  TRUE  TRUE  TRUE  TRUE  TRUE FALSE FALSE  TRUE  TRUE
[361]  TRUE FALSE FALSE  TRUE  TRUE  TRUE  TRUE  TRUE  TRUE FALSE  TRUE  TRUE  TRUE FALSE FALSE
[376]  TRUE  TRUE  TRUE FALSE FALSE  TRUE  TRUE  TRUE  TRUE  TRUE  TRUE  TRUE  TRUE  TRUE  TRUE
[391]  TRUE  TRUE  TRUE  TRUE  TRUE  TRUE  TRUE  TRUE  TRUE  TRUE  TRUE FALSE FALSE FALSE FALSE
[406] FALSE FALSE FALSE FALSE FALSE  TRUE  TRUE  TRUE  TRUE  TRUE  TRUE  TRUE FALSE FALSE  TRUE
[421]  TRUE  TRUE  TRUE  TRUE FALSE  TRUE FALSE FALSE  TRUE  TRUE FALSE  TRUE  TRUE  TRUE FALSE
[436]  TRUE FALSE FALSE  TRUE  TRUE  TRUE  TRUE  TRUE  TRUE  TRUE  TRUE FALSE  TRUE FALSE FALSE
[451]  TRUE FALSE FALSE FALSE FALSE  TRUE  TRUE  TRUE  TRUE  TRUE FALSE FALSE  TRUE  TRUE  TRUE
[466]  TRUE  TRUE  TRUE  TRUE  TRUE  TRUE  TRUE  TRUE  TRUE  TRUE  TRUE  TRUE  TRUE  TRUE  TRUE
[481]  TRUE  TRUE  TRUE  TRUE  TRUE  TRUE FALSE  TRUE  TRUE  TRUE  TRUE  TRUE  TRUE FALSE FALSE
[496]  TRUE  TRUE  TRUE  TRUE  TRUE  TRUE  TRUE  TRUE FALSE FALSE  TRUE  TRUE FALSE  TRUE  TRUE
[511]  TRUE  TRUE FALSE  TRUE  TRUE FALSE  TRUE  TRUE  TRUE  TRUE  TRUE  TRUE  TRUE  TRUE  TRUE
[526]  TRUE  TRUE  TRUE FALSE FALSE  TRUE  TRUE  TRUE  TRUE  TRUE  TRUE  TRUE  TRUE  TRUE FALSE
[541] FALSE FALSE FALSE  TRUE  TRUE  TRUE  TRUE  TRUE  TRUE  TRUE FALSE  TRUE FALSE FALSE  TRUE
[556]  TRUE  TRUE  TRUE FALSE  TRUE  TRUE  TRUE  TRUE  TRUE  TRUE  TRUE  TRUE  TRUE  TRUE  TRUE
[571]  TRUE  TRUE  TRUE  TRUE  TRUE  TRUE  TRUE  TRUE  TRUE  TRUE  TRUE  TRUE  TRUE  TRUE  TRUE
[586]  TRUE  TRUE  TRUE  TRUE  TRUE  TRUE  TRUE  TRUE  TRUE  TRUE  TRUE  TRUE  TRUE  TRUE  TRUE
[601]  TRUE  TRUE  TRUE  TRUE  TRUE  TRUE  TRUE  TRUE  TRUE FALSE  TRUE  TRUE  TRUE  TRUE FALSE
[616]  TRUE  TRUE  TRUE  TRUE  TRUE  TRUE  TRUE  TRUE  TRUE  TRUE  TRUE  TRUE FALSE FALSE  TRUE
[631]  TRUE  TRUE  TRUE  TRUE  TRUE  TRUE  TRUE  TRUE  TRUE  TRUE  TRUE  TRUE  TRUE  TRUE  TRUE
[646]  TRUE  TRUE  TRUE FALSE  TRUE  TRUE  TRUE  TRUE FALSE  TRUE FALSE  TRUE  TRUE  TRUE  TRUE
[661]  TRUE  TRUE  TRUE  TRUE FALSE  TRUE  TRUE  TRUE  TRUE  TRUE  TRUE  TRUE  TRUE  TRUE  TRUE
[676]  TRUE  TRUE  TRUE  TRUE  TRUE  TRUE  TRUE  TRUE  TRUE  TRUE  TRUE  TRUE  TRUE  TRUE  TRUE
[691]  TRUE  TRUE  TRUE  TRUE  TRUE  TRUE  TRUE  TRUE  TRUE  TRUE  TRUE  TRUE  TRUE  TRUE  TRUE
[706]  TRUE  TRUE  TRUE  TRUE  TRUE  TRUE  TRUE  TRUE  TRUE  TRUE  TRUE  TRUE  TRUE  TRUE  TRUE
[721]  TRUE  TRUE  TRUE  TRUE  TRUE  TRUE  TRUE  TRUE  TRUE  TRUE  TRUE  TRUE  TRUE  TRUE  TRUE
[736]  TRUE  TRUE  TRUE  TRUE  TRUE  TRUE  TRUE  TRUE  TRUE  TRUE  TRUE  TRUE  TRUE  TRUE  TRUE
[751]  TRUE  TRUE  TRUE  TRUE

