
Birth-death simulation object with 707 species and 500 extant species

Details for some species:

Extinction times (NA means extant)
[1] 156.9461 171.5084 167.0572 171.7047 101.4315 166.0621


Speciation times 
[1] 188.9621 185.8473 178.3880 176.6784 156.9942 173.2670


Species parents (NA for initial)
[1] NA  1  1  1  1  2


Species status (extinct or extant)
[1] "extinct" "extinct" "extinct" "extinct" "extinct" "extinct"


For more details on vector y, try sim$y, with y one of
TE TS PAR EXTANT



$TE
  [1] 156.94613 171.50843 167.05723 171.70472 101.43152 166.06210  95.43824  55.98266 165.28000
 [10] 168.73415 133.47756 154.84660 107.73145 128.46040 135.84395 137.58933        NA        NA
 [19] 146.11751  87.21305 141.20856 125.70382  92.56278        NA        NA        NA        NA
 [28]        NA 154.70279 107.71900  82.67829 127.44379 138.89940 109.97871 141.52833 108.06645
 [37] 132.24763 138.06983  70.69820 164.41169 105.74188  84.32929 112.54327 125.75063  87.42911
 [46] 157.36639 140.46751        NA        NA 121.15151 138.01237  93.96225 127.79445 125.49083
 [55]  96.40266        NA        NA        NA 120.00896  80.63186 142.31622  86.01982  99.53651
 [64] 112.89705 141.20830 103.87583 122.52737 105.85785 108.96587        NA 100.56231  74.34668
 [73] 133.78578        NA        NA        NA        NA        NA 154.08054 133.94848 124.40807
 [82] 109.33608        NA        NA        NA        NA        NA 129.89217  59.19310        NA
 [91]        NA  97.43193 114.16208        NA        NA        NA 115.45330 113.77881        NA
[100]        NA        NA        NA 128.95317 150.00512  93.20061  51.81104  66.61983 129.71403
[109] 105.17992  74.35014  81.42332  79.80593        NA 143.13948        NA        NA        NA
[118]        NA        NA        NA 135.50531 144.89070 129.02788  98.84466  92.67753  95.21805
[127] 126.99499        NA 145.65697  95.42545 132.93427 140.64123 128.79861  94.77351  65.15100
[136] 130.70088 102.80861 127.08834 116.04915  90.13766 121.77108  20.89955 141.21850 143.70665
[145] 108.91305 117.79874 119.36759        NA 118.23332  66.90576        NA        NA        NA
[154]        NA        NA        NA        NA 124.82586 132.50119 138.34429 100.16631        NA
[163]        NA        NA        NA        NA 134.94796 115.40373  77.49949  78.70972 128.68488
[172]        NA        NA        NA        NA 116.16758        NA        NA        NA        NA
[181]        NA  94.60766        NA        NA        NA        NA        NA        NA        NA
[190]        NA        NA        NA  51.56101  99.21175        NA        NA        NA 126.96040
[199] 122.34309        NA        NA  33.34444  94.08642 128.26106        NA        NA 104.90029
[208] 120.91301  74.08354        NA        NA        NA  67.97755        NA        NA        NA
[217]        NA        NA        NA        NA        NA        NA        NA 123.53191 135.12097
[226] 139.01207 124.09390 122.53085        NA 124.28573 129.84340        NA        NA        NA
[235]  31.88467 119.38601        NA        NA 138.65856 121.45889        NA        NA        NA
[244]        NA        NA        NA        NA        NA        NA 122.07176        NA        NA
[253]        NA        NA        NA  71.05496  95.06092        NA        NA        NA        NA
[262]        NA        NA        NA        NA        NA 110.81599        NA        NA 134.30011
[271] 117.84147 118.21783  76.64916  85.69917        NA        NA        NA        NA        NA
[280]        NA        NA        NA        NA        NA        NA        NA        NA        NA
[289]        NA        NA        NA        NA  86.65950        NA        NA        NA        NA
[298]        NA        NA        NA        NA 122.51355 132.18945        NA        NA        NA
[307]        NA        NA        NA        NA        NA        NA        NA        NA 105.16748
[316] 118.98018  99.56679        NA        NA        NA  38.95646 123.05164        NA        NA
[325]        NA        NA        NA        NA        NA        NA        NA 101.03306 127.90503
[334]        NA        NA        NA        NA        NA        NA        NA        NA        NA
[343] 121.37469        NA        NA        NA        NA        NA        NA        NA 108.30763
[352]        NA        NA        NA        NA        NA        NA        NA        NA        NA
[361]        NA 129.64461 124.84049 103.19369  85.80861        NA   2.97006 115.49758        NA
[370]        NA        NA        NA        NA        NA        NA        NA        NA        NA
[379]        NA 100.93863        NA        NA        NA  65.14037        NA        NA        NA
[388]        NA        NA        NA        NA  95.07106 103.85622 106.97569  97.68650        NA
[397]        NA        NA        NA        NA        NA        NA        NA        NA        NA
[406]        NA        NA        NA        NA        NA  99.28109        NA        NA  82.98910
[415]        NA  97.06727 134.26543        NA        NA 114.74190        NA  78.08999 125.89638
[424]        NA        NA        NA        NA        NA        NA        NA        NA        NA
[433]        NA  61.86693        NA        NA        NA        NA        NA        NA        NA
[442]        NA        NA        NA        NA        NA        NA        NA        NA        NA
[451]        NA        NA        NA  88.06314  85.67857 111.08916  63.00365        NA        NA
[460]        NA        NA        NA        NA        NA        NA 132.00577        NA  91.09362
[469]        NA        NA        NA        NA        NA        NA        NA        NA        NA
[478]        NA        NA        NA        NA        NA        NA        NA        NA  95.54255
[487] 122.52053  77.34153        NA        NA  80.33023        NA        NA        NA        NA
[496]        NA        NA        NA 119.01292        NA        NA        NA 118.76230        NA
[505]        NA        NA        NA        NA        NA 130.06679        NA        NA        NA
[514]        NA        NA        NA  53.82006        NA        NA        NA        NA        NA
[523]        NA        NA        NA        NA        NA        NA        NA        NA        NA
[532]        NA        NA        NA        NA        NA        NA        NA        NA        NA
[541]        NA        NA        NA        NA        NA 104.97405        NA        NA        NA
[550]        NA        NA 124.21662        NA        NA        NA        NA        NA 100.30608
[559]        NA        NA        NA        NA        NA        NA        NA        NA        NA
[568]        NA  99.82894        NA        NA        NA        NA        NA  64.76586        NA
[577]        NA        NA        NA        NA        NA        NA        NA        NA        NA
[586]        NA        NA        NA        NA        NA        NA        NA        NA        NA
[595]        NA        NA        NA        NA        NA        NA        NA        NA        NA
[604]        NA        NA        NA        NA 125.64814        NA        NA        NA        NA
[613]        NA        NA        NA        NA        NA        NA        NA        NA        NA
[622]        NA        NA        NA        NA        NA        NA        NA 125.91831        NA
[631]        NA        NA        NA        NA        NA        NA        NA        NA        NA
[640]        NA        NA        NA        NA        NA        NA  90.09433        NA        NA
[649]        NA        NA        NA 117.99524        NA        NA  99.13340        NA        NA
[658]        NA        NA        NA        NA        NA        NA        NA        NA        NA
[667]        NA        NA        NA        NA        NA        NA        NA        NA        NA
[676]        NA        NA        NA        NA        NA        NA        NA        NA        NA
[685]        NA        NA        NA        NA        NA        NA        NA        NA        NA
[694]        NA        NA        NA        NA        NA        NA        NA        NA        NA
[703]        NA        NA        NA        NA        NA

$TS
  [1] 188.962139 185.847345 178.387996 176.678364 156.994170 173.266979 176.644326 175.540938
  [9] 174.133178 173.228304 168.552188 160.866766 156.894780 150.336751 148.225762 138.951168
 [17] 134.505582 112.086964 175.236758 158.521407 147.294643 134.387691 129.318442 120.734213
 [25] 120.419669 109.451892  69.514624  66.697022 170.728806 166.839943 157.878876 156.833639
 [33] 147.152039 166.072333 167.529842 158.947620 146.389824 145.873045 140.354562 166.307413
 [41] 159.423255 155.139889 145.409700 142.878949 142.016996 164.294272 141.683761 121.448693
 [49] 110.980551 152.506751 148.108497 140.926329 139.891705 133.444987 131.905897 123.980751
 [57] 123.071295 121.670874 158.636408 144.100327 156.465062 140.588836 131.965988 131.368190
 [65] 149.650476 146.631553 143.945728 140.656665 137.076795 120.978213 147.348780 138.734548
 [73] 137.059627 107.557214 100.305463  91.036029  89.737839  88.454492 154.951693 141.057678
 [81] 136.439473 133.462841 123.614086 118.079926 108.119929  99.068321  82.771711 148.244787
 [89] 131.804595 123.587936 112.023336 133.569764 128.708987 115.763154 114.810709 139.843903
 [97] 135.898015 135.863661 124.912207 122.916494 118.461324 100.938699 154.624565 152.185833
[105] 148.380399 145.342868 138.134617 132.182105 152.009711 136.571203 131.742832 128.740409
[113] 105.372636 144.813543 114.558257 109.627629 108.850461 107.005075 102.876701  99.226757
[121] 147.985985 147.645999 140.382541 146.268369 143.804849 140.828187 147.337211 104.761626
[129] 146.809276 143.818682 142.754499 141.616776 145.795945 143.375064 141.703237 137.232580
[137] 133.626803 136.635899 133.145763 132.560629 143.465187 143.471467 144.111489 144.704336
[145] 142.527801 135.562283 132.772818 124.753700 145.325225 137.732783 110.073328 100.641988
[153]  96.404909  90.016066  74.360593  54.416914  54.115866 129.956003 142.025379 141.617218
[161] 141.046855 119.907842 109.231580  93.916739  92.286083  84.704991 140.575788 140.188109
[169] 129.876126 134.632731 134.278274 125.505462 110.187115  99.720113  96.499499 136.728037
[177] 128.342543 121.619669 119.802442 115.485178 111.825975 137.479005 125.421781 119.522213
[185] 118.270137  76.344921  75.567030  52.611244  32.714108  27.827026  25.488259  24.578226
[193] 130.610285 129.450666 122.247472 113.680762 108.577441 137.697243 134.967548 126.991995
[201] 126.991684 140.734315 137.597313 134.618522 126.613136 114.500814 135.576797 135.146214
[209] 134.402717 118.880468 111.422965 101.838572 130.468506 128.156185 125.307296 123.157816
[217] 117.442157 104.651630  92.185784  91.780197  91.493756  77.310774  65.907940 141.154012
[225] 138.459127 139.985884 136.924635 134.120188 127.030143 139.995788 135.525693 122.322914
[233] 119.011577 114.305225 139.671540 134.684623 121.651634 111.137244 138.988279 135.192672
[241] 124.104612 107.128269 102.640033 111.871261  98.799812  83.951050  79.130753 128.510037
[249] 117.833158 130.194931 126.270901 124.150793 123.601471 114.010430 104.555332 138.584888
[257] 129.104417 127.335126 119.740478 119.315811 110.972146  90.677551  85.681505  83.413812
[265]  74.076388  72.576558 133.475660 122.726263 117.737095 135.496905 131.122566 138.305571
[273] 130.032807 129.853369 124.311296 117.696925 111.013012  95.313529  84.646690  80.703422
[281]  75.572537  74.537249  70.895338  70.107556  46.015869  41.771163  40.782564  30.597152
[289]  19.301484  16.434006   2.715273   1.773091 134.911249 106.417901  93.470192  92.789047
[297]  89.103042  83.088130  41.663457  40.610033  40.496981 137.733637 135.402939 123.488561
[305] 119.359014 113.929100 108.691052 107.595118  97.924447  91.073779  89.360931  86.089270
[313]  84.020316  80.497164 137.156273 132.420114 129.317827 123.653429  72.549929  71.504974
[321] 136.914475 136.244673 120.865053 127.002961 117.959736 111.957103 108.668662 107.609499
[329] 106.955698  87.357810 124.159602 136.587833 129.524341 122.278783 119.729756 118.052512
[337] 110.032123 102.546178  96.540682  91.783244  90.021437  82.789171 128.849796 124.953482
[345] 119.747397 112.918828 110.770469 110.216777 103.430314  95.025671 133.567706 126.099432
[353] 124.469045 124.296961 118.825917 102.318916 101.035609 128.383538 118.079158 127.149641
[361] 116.096031 136.243578 134.754029 131.752646 130.285753 125.276453 135.995287 135.150172
[369] 126.893420 123.948879  95.022747  92.406191  81.169976  77.434155  72.953145  67.385300
[377]  64.141161  52.674602  39.151876 132.291111 109.677628 104.141323 103.042063 132.523076
[385] 126.939863 115.703694  95.748540  82.270390  80.861706  75.739610 126.015700 130.116241
[393] 129.687116 132.895945 131.770595 118.118699 115.846871 102.538884 100.198223  67.704918
[401]  54.755471  53.625518  48.505749  40.846800  39.090218  28.609906  28.334791  25.339398
[409]  20.673434   3.597233 132.996221 122.131762 118.695609 133.095235 111.384622 134.070604
[417] 134.939307 128.138732 119.282050 134.692087 126.763478 133.119665 131.117980 121.348406
[425] 119.925888 117.364122 117.036361 105.467296 103.425970  89.651217 127.472924 123.235710
[433] 120.180393 133.880490 119.294663 112.450887 108.817256 101.215133  98.391478 122.365350
[441] 120.231438 119.617465 117.014858  99.180131  88.323818  46.267166  24.659106  21.512469
[449] 116.465921 105.881330  89.808068  87.399638  78.207665 130.278057 129.051031 131.531158
[457] 131.923802 128.278344 120.168325 111.288140 105.649801 127.611803 114.830967  74.875602
[465]  63.963155 133.098648 113.567375 132.129722 128.664350 127.264886 120.660122 111.176648
[473] 106.458968 124.884334 127.792772 122.254447 118.352886 115.216721 111.614925 121.899951
[481] 120.269589 120.222351 118.416137 117.185016 114.274101 131.810850 130.748241 130.275368
[489] 119.658163 117.924771 130.878631 127.298101 121.783241 116.171421 105.355924 104.036779
[497]  98.480365  96.493947 130.409625 110.736669 107.335417  84.981112 130.563662 121.022256
[505] 119.388970 118.066821 113.159986 128.663033 124.267393 130.885283 120.433190 115.750419
[513]  99.460750  96.939809  92.553182  91.234740 130.222133 128.397897 116.682381 107.290547
[521]  85.601385  68.866783 124.875187 110.404198 114.979331 111.688532 108.888726 105.462773
[529]  99.835436 128.224579 118.350212 108.746653 108.027716 100.548826 116.724012 113.924290
[537] 111.699229 103.025883  94.771504  85.668626  82.422792  78.644702  78.122196  77.868454
[545]  66.009447 129.791413 122.876785 108.738857 120.977911 120.887647 106.040858 129.430256
[553] 116.965572 110.177910  97.101548  82.510263  71.060619 131.331249 127.620200 118.334937
[561] 120.452685 109.281608 108.722411 107.613339 115.239282 123.534027 121.378350 114.539460
[569] 129.227310 109.171853 107.635284 127.071672 125.339881 124.037715 128.672751 121.010410
[577] 116.939038 111.247353 110.924596 110.458628  95.789581  85.418062  80.926727 125.794073
[585] 115.192947 107.466004 104.664508  89.624790  86.660104  69.016202  58.779126  55.786508
[593] 120.808034 110.029552 109.615752  96.628550  90.681604  85.864549 126.224184 126.045331
[601] 121.751024 124.198537 124.168468 105.058748 104.131107 100.309666  91.451806 129.556288
[609] 120.855714 110.215339 109.444122 107.713800 107.529259 127.539417 122.502297 110.160997
[617] 102.951053  90.050639 121.504183 119.049915 100.592687  95.659940  94.774120  79.216957
[625] 123.602015 125.737317 120.972321 113.281930 129.916390 123.222700 112.842712 108.622245
[633] 106.645715 100.198975  96.870925 118.579142 115.502551 111.218348 108.984797 105.008176
[641] 102.310100 126.566815 122.497383 119.011927 117.153241 129.724732 123.896140 121.380510
[649] 116.251878 114.662620 108.123686 129.179374 127.185689 114.596568 129.258999 128.022074
[657] 102.133017  99.553753  98.771680  97.616061  96.388945  93.403592  99.940926 114.655106
[665] 107.458035 104.536383 121.828385 109.823041 107.470414 127.417298 125.048909 113.336519
[673] 108.727363 108.237151 100.157012 121.228597 117.010655 114.972886 108.473825  95.490820
[681]  95.436702  90.800372  87.139935 126.979229 123.693971 123.431145  98.666633  90.456718
[689]  82.509774  80.576274 118.060563 115.800414 112.625798 110.208858  92.955566 123.079539
[697] 121.967726 120.772317  91.599851  82.044172  64.243340  56.298616  47.030307  39.161819
[705]  30.631402  10.129065   9.520090

$PAR
  [1]  NA   1   1   1   1   2   4   4   4   4   7   7   7   7   7   7   7   7   8   8   8   8   8
 [24]   8   8   8   8   8  19  19  19  19  19   9   6  11  11  11  11  35  35  35  35  35  35  30
 [47]  30  30  30  34  34  34  34  34  34  34  34  34  46  41  36  36  36  36  59  59  59  59  59
 [70]  59  20  20  20  20  20  20  20  20  31  31  31  31  31  31  31  31  31   5   5   5   5  13
 [93]  13  13  13  32  42  42  42  42  42  42  79 103 103 103 103 103  50  50  50 109 109 105 105
[116] 105 105 105 105 105  88  88  88  15  15  51 121  71 127  21  33  33  66  66  66  66  66  37
[139]  37  37 124  38 133  43  43  43  43  43 106 106 106 106 106 106 106 106 106 149 143  60  60
[162]  60  60  60  60  60  67  67  67 130 130 130 130 130 130 125 125 125 125 125 125 142 142 142
[185] 142 142 142 142 142 142 142 142 141 141 134 134 134  44  44  44  44 131 131 131 145 145 159
[208] 159 159  45  45  45 135 135 135 135 135 135 135 135 135 135 135  47 160 224 224 224 224  80
[231] 161 161 161 161  52  52  52  52 126 126 126 126 126 202 202 202 202  68  68  62  62  62  62
[254]  62  62 123 123  39  39  39  39  39  39  39  39  39 168 168 168  53  53  96  96  96  96  96
[277]  96  96  96  96  96  96  96  96  96  96  96  96  96  96  96  96 235 235 235 235 235 235 235
[300] 235 235  16  72  72  72  72  72  72  72  72  72  72  72  72 256 256 256 256 256 256 272 272
[323] 272 107 107 107 107 107 107 107 302 150 150 150 150 150 150 150 150 150 150 150 198 203 203
[346] 203 203 203 203 203 182 182 182 182 182 182 182 315 315  69  69  73  73 227 227 227 321 321
[369] 321 321 321 321 321 321 321 321 321 321 321 138 332 332 332 110 110 110 110 110 110 110  81
[392] 322 362 367 367 367 367 367 367 367 367 367 367 367 367 367 367 367 367 367  97  97  97  98
[415] 207 231 270 240 368 208 208 199 199 293 293 293 293 293 293 293 236 236 236 170 170 170 170
[438] 170 170  17  17  17  17  17  17  17  17  17 209 209 209 209 209  22  22 171 228 228 416 416
[461] 416 434 434 434 434 137 137  92  92  92  92  92  92 351 267 267 267 267 267  82  82  82  82
[484]  82  82  54 139 139 139 139 422 422 422 422 422 422 422 422 414 414 414 414 411 394 394 394
[507] 394 147 147 140 140 140 140 140 140 140 384 384 384 384 384 384 380 380 468 468 468 468 468
[530]  63  63  63  63  63 457 457 457 457 457 457 457 457 457 457 457  55  55  55 486 486 486  89
[553]  89  89  89  89  89 395 395 364 111 111 111 111 456  64  64  64 558 558 558 271 271 271 491
[576] 491 491 491 491 491 491 491 491 193 193 193 193 193 193 193 193 193 213 213 213 213 213 213
[599] 499 499 499 365 365 365 365 365 365 454 454 454 454 454 454 488 488 488 488 488 517 517 517
[622] 517 517 517 250 392 392 392 273 273 273 273 273 273 273 169 169 169 169 169 169 274 274 274
[645] 274 546 546 546 546 546 546 646 646 393  23  23  23  23  23  23  23  23 317 655 655 655 569
[668] 569 569 257 257 257 257 257 257 455 455 455 455 455 455 455 455 112 112 112 112 112 112 112
[691]  93 575 575 575 575 469 469 469 469 469 469 469 469 469 469 469 469

$EXTANT
  [1] FALSE FALSE FALSE FALSE FALSE FALSE FALSE FALSE FALSE FALSE FALSE FALSE FALSE FALSE FALSE
 [16] FALSE  TRUE  TRUE FALSE FALSE FALSE FALSE FALSE  TRUE  TRUE  TRUE  TRUE  TRUE FALSE FALSE
 [31] FALSE FALSE FALSE FALSE FALSE FALSE FALSE FALSE FALSE FALSE FALSE FALSE FALSE FALSE FALSE
 [46] FALSE FALSE  TRUE  TRUE FALSE FALSE FALSE FALSE FALSE FALSE  TRUE  TRUE  TRUE FALSE FALSE
 [61] FALSE FALSE FALSE FALSE FALSE FALSE FALSE FALSE FALSE  TRUE FALSE FALSE FALSE  TRUE  TRUE
 [76]  TRUE  TRUE  TRUE FALSE FALSE FALSE FALSE  TRUE  TRUE  TRUE  TRUE  TRUE FALSE FALSE  TRUE
 [91]  TRUE FALSE FALSE  TRUE  TRUE  TRUE FALSE FALSE  TRUE  TRUE  TRUE  TRUE FALSE FALSE FALSE
[106] FALSE FALSE FALSE FALSE FALSE FALSE FALSE  TRUE FALSE  TRUE  TRUE  TRUE  TRUE  TRUE  TRUE
[121] FALSE FALSE FALSE FALSE FALSE FALSE FALSE  TRUE FALSE FALSE FALSE FALSE FALSE FALSE FALSE
[136] FALSE FALSE FALSE FALSE FALSE FALSE FALSE FALSE FALSE FALSE FALSE FALSE  TRUE FALSE FALSE
[151]  TRUE  TRUE  TRUE  TRUE  TRUE  TRUE  TRUE FALSE FALSE FALSE FALSE  TRUE  TRUE  TRUE  TRUE
[166]  TRUE FALSE FALSE FALSE FALSE FALSE  TRUE  TRUE  TRUE  TRUE FALSE  TRUE  TRUE  TRUE  TRUE
[181]  TRUE FALSE  TRUE  TRUE  TRUE  TRUE  TRUE  TRUE  TRUE  TRUE  TRUE  TRUE FALSE FALSE  TRUE
[196]  TRUE  TRUE FALSE FALSE  TRUE  TRUE FALSE FALSE FALSE  TRUE  TRUE FALSE FALSE FALSE  TRUE
[211]  TRUE  TRUE FALSE  TRUE  TRUE  TRUE  TRUE  TRUE  TRUE  TRUE  TRUE  TRUE  TRUE FALSE FALSE
[226] FALSE FALSE FALSE  TRUE FALSE FALSE  TRUE  TRUE  TRUE FALSE FALSE  TRUE  TRUE FALSE FALSE
[241]  TRUE  TRUE  TRUE  TRUE  TRUE  TRUE  TRUE  TRUE  TRUE FALSE  TRUE  TRUE  TRUE  TRUE  TRUE
[256] FALSE FALSE  TRUE  TRUE  TRUE  TRUE  TRUE  TRUE  TRUE  TRUE  TRUE FALSE  TRUE  TRUE FALSE
[271] FALSE FALSE FALSE FALSE  TRUE  TRUE  TRUE  TRUE  TRUE  TRUE  TRUE  TRUE  TRUE  TRUE  TRUE
[286]  TRUE  TRUE  TRUE  TRUE  TRUE  TRUE  TRUE FALSE  TRUE  TRUE  TRUE  TRUE  TRUE  TRUE  TRUE
[301]  TRUE FALSE FALSE  TRUE  TRUE  TRUE  TRUE  TRUE  TRUE  TRUE  TRUE  TRUE  TRUE  TRUE FALSE
[316] FALSE FALSE  TRUE  TRUE  TRUE FALSE FALSE  TRUE  TRUE  TRUE  TRUE  TRUE  TRUE  TRUE  TRUE
[331]  TRUE FALSE FALSE  TRUE  TRUE  TRUE  TRUE  TRUE  TRUE  TRUE  TRUE  TRUE FALSE  TRUE  TRUE
[346]  TRUE  TRUE  TRUE  TRUE  TRUE FALSE  TRUE  TRUE  TRUE  TRUE  TRUE  TRUE  TRUE  TRUE  TRUE
[361]  TRUE FALSE FALSE FALSE FALSE  TRUE FALSE FALSE  TRUE  TRUE  TRUE  TRUE  TRUE  TRUE  TRUE
[376]  TRUE  TRUE  TRUE  TRUE FALSE  TRUE  TRUE  TRUE FALSE  TRUE  TRUE  TRUE  TRUE  TRUE  TRUE
[391]  TRUE FALSE FALSE FALSE FALSE  TRUE  TRUE  TRUE  TRUE  TRUE  TRUE  TRUE  TRUE  TRUE  TRUE
[406]  TRUE  TRUE  TRUE  TRUE  TRUE FALSE  TRUE  TRUE FALSE  TRUE FALSE FALSE  TRUE  TRUE FALSE
[421]  TRUE FALSE FALSE  TRUE  TRUE  TRUE  TRUE  TRUE  TRUE  TRUE  TRUE  TRUE  TRUE FALSE  TRUE
[436]  TRUE  TRUE  TRUE  TRUE  TRUE  TRUE  TRUE  TRUE  TRUE  TRUE  TRUE  TRUE  TRUE  TRUE  TRUE
[451]  TRUE  TRUE  TRUE FALSE FALSE FALSE FALSE  TRUE  TRUE  TRUE  TRUE  TRUE  TRUE  TRUE  TRUE
[466] FALSE  TRUE FALSE  TRUE  TRUE  TRUE  TRUE  TRUE  TRUE  TRUE  TRUE  TRUE  TRUE  TRUE  TRUE
[481]  TRUE  TRUE  TRUE  TRUE  TRUE FALSE FALSE FALSE  TRUE  TRUE FALSE  TRUE  TRUE  TRUE  TRUE
[496]  TRUE  TRUE  TRUE FALSE  TRUE  TRUE  TRUE FALSE  TRUE  TRUE  TRUE  TRUE  TRUE  TRUE FALSE
[511]  TRUE  TRUE  TRUE  TRUE  TRUE  TRUE FALSE  TRUE  TRUE  TRUE  TRUE  TRUE  TRUE  TRUE  TRUE
[526]  TRUE  TRUE  TRUE  TRUE  TRUE  TRUE  TRUE  TRUE  TRUE  TRUE  TRUE  TRUE  TRUE  TRUE  TRUE
[541]  TRUE  TRUE  TRUE  TRUE  TRUE FALSE  TRUE  TRUE  TRUE  TRUE  TRUE FALSE  TRUE  TRUE  TRUE
[556]  TRUE  TRUE FALSE  TRUE  TRUE  TRUE  TRUE  TRUE  TRUE  TRUE  TRUE  TRUE  TRUE FALSE  TRUE
[571]  TRUE  TRUE  TRUE  TRUE FALSE  TRUE  TRUE  TRUE  TRUE  TRUE  TRUE  TRUE  TRUE  TRUE  TRUE
[586]  TRUE  TRUE  TRUE  TRUE  TRUE  TRUE  TRUE  TRUE  TRUE  TRUE  TRUE  TRUE  TRUE  TRUE  TRUE
[601]  TRUE  TRUE  TRUE  TRUE  TRUE  TRUE  TRUE FALSE  TRUE  TRUE  TRUE  TRUE  TRUE  TRUE  TRUE
[616]  TRUE  TRUE  TRUE  TRUE  TRUE  TRUE  TRUE  TRUE  TRUE  TRUE  TRUE  TRUE  TRUE FALSE  TRUE
[631]  TRUE  TRUE  TRUE  TRUE  TRUE  TRUE  TRUE  TRUE  TRUE  TRUE  TRUE  TRUE  TRUE  TRUE  TRUE
[646] FALSE  TRUE  TRUE  TRUE  TRUE  TRUE FALSE  TRUE  TRUE FALSE  TRUE  TRUE  TRUE  TRUE  TRUE
[661]  TRUE  TRUE  TRUE  TRUE  TRUE  TRUE  TRUE  TRUE  TRUE  TRUE  TRUE  TRUE  TRUE  TRUE  TRUE
[676]  TRUE  TRUE  TRUE  TRUE  TRUE  TRUE  TRUE  TRUE  TRUE  TRUE  TRUE  TRUE  TRUE  TRUE  TRUE
[691]  TRUE  TRUE  TRUE  TRUE  TRUE  TRUE  TRUE  TRUE  TRUE  TRUE  TRUE  TRUE  TRUE  TRUE  TRUE
[706]  TRUE  TRUE

