
Birth-death simulation object with 702 species and 500 extant species

Details for some species:

Extinction times (NA means extant)
[1] 145.98043 154.46909 101.49792 141.13958  44.71526 106.35487


Speciation times 
[1] 171.1569 163.1242 158.2411 155.9644 148.0860 145.7836


Species parents (NA for initial)
[1] NA  1  1  1  1  3


Species status (extinct or extant)
[1] "extinct" "extinct" "extinct" "extinct" "extinct" "extinct"


For more details on vector y, try sim$y, with y one of
TE TS PAR EXTANT



$TE
  [1] 145.980426 154.469090 101.497920 141.139576  44.715263 106.354868  91.405006 123.112108
  [9]  96.708489  35.158113 120.255661 104.277907  87.831397  34.182473 134.061198  43.535320
 [17]  65.327240  99.247932  97.037599 101.189449   7.492523         NA         NA         NA
 [25] 139.271075  77.485872  72.117823 104.783826 107.589405 108.114288 131.855262  93.822574
 [33] 134.601474  89.544457  77.701395         NA 123.289763  96.938697         NA 106.324570
 [41]  91.983361  98.016426  27.536376  94.186389  35.010403  99.975638 132.623335  75.860838
 [49]         NA  71.598993 113.631526 110.603080  92.135681  78.425345         NA         NA
 [57]         NA 130.829197 106.347316  73.364499  64.247804         NA         NA         NA
 [65]         NA         NA 106.935954  12.510977  69.070345         NA         NA 114.495559
 [73]  58.485055  84.355399  29.498712  81.704394         NA         NA         NA         NA
 [81]         NA         NA         NA         NA         NA         NA         NA         NA
 [89]  80.909833 115.319329 120.292141  51.283695 104.711673  70.918362  87.311806 101.709570
 [97]         NA  96.587205  85.900086         NA         NA  88.356564  99.744899  88.329254
[105]         NA         NA  90.777489 114.076973 106.272521 103.871247  92.589217  23.201345
[113]         NA  82.495921  94.705429  94.742023  70.082295  80.080855  87.344503  76.591545
[121]  52.517833 110.652496         NA         NA         NA 115.698253         NA  45.766978
[129]  55.674145         NA         NA  78.353002  86.396351  88.316654         NA         NA
[137]         NA         NA         NA         NA         NA 109.688495  60.522555  24.484027
[145]         NA         NA         NA         NA         NA         NA         NA         NA
[153]         NA         NA         NA         NA 109.875198  46.174686  85.323499  67.242911
[161]  49.429860         NA 102.489050  51.455535 101.089752 100.754479  82.657169  43.160732
[169]  14.598070         NA  91.024405         NA         NA         NA         NA         NA
[177]  12.423182 103.099248  31.515040  51.000281  45.309931  31.090150         NA         NA
[185]         NA  96.007328  79.104643         NA         NA         NA         NA         NA
[193]         NA         NA         NA         NA         NA 100.681405  90.652096  93.183679
[201]         NA 101.202282  25.532336         NA         NA         NA         NA         NA
[209] 101.685584  67.794976         NA         NA         NA         NA         NA         NA
[217]         NA         NA         NA         NA         NA         NA  67.686620  67.574101
[225]         NA  34.789631  84.477723  37.271254         NA         NA         NA         NA
[233]         NA         NA  69.774622 101.382632  51.772342         NA         NA  74.529215
[241]  90.351661  80.106443  90.112723         NA         NA         NA         NA  10.798281
[249]         NA         NA         NA         NA         NA         NA         NA         NA
[257]         NA         NA         NA  95.381936  90.419009         NA         NA         NA
[265]  87.672553  88.267164         NA         NA         NA         NA         NA  83.829118
[273]         NA         NA         NA  56.052028  93.481247  87.073904  97.991602  84.667154
[281]  90.195988  93.687837         NA         NA         NA         NA  96.986322  54.356080
[289]         NA         NA         NA         NA         NA         NA  78.480799  56.544906
[297]         NA         NA         NA         NA         NA         NA         NA         NA
[305]         NA  86.063034         NA         NA         NA         NA         NA  34.216179
[313]  38.011422  41.260991         NA         NA         NA         NA         NA         NA
[321]  93.134200  40.287841  71.469847         NA         NA         NA 100.124324         NA
[329]         NA  93.404252         NA  66.118787  68.808957  55.316884         NA         NA
[337]  90.312257         NA         NA         NA  70.644706  76.364878         NA         NA
[345]         NA  63.113016  97.206765  90.467105         NA         NA         NA  69.115690
[353]  91.157382         NA         NA         NA  57.529115         NA         NA         NA
[361]         NA  82.391704  69.216381         NA         NA         NA         NA         NA
[369]         NA         NA         NA         NA  77.474680         NA         NA         NA
[377]         NA  95.364280  79.275512         NA         NA         NA         NA         NA
[385]         NA         NA         NA         NA         NA         NA         NA         NA
[393]         NA         NA         NA         NA         NA         NA         NA         NA
[401]         NA  82.166313         NA  99.497529  48.805737  91.615824         NA         NA
[409]         NA         NA         NA         NA  80.875701         NA         NA         NA
[417]         NA         NA  63.736012         NA         NA         NA         NA  89.478408
[425]  64.528733  56.761484         NA         NA         NA         NA         NA         NA
[433]         NA         NA         NA  72.847831         NA         NA         NA         NA
[441]         NA         NA         NA         NA  83.281214         NA         NA         NA
[449]         NA         NA         NA  71.828867  27.054959  96.954279         NA         NA
[457]         NA  40.720240         NA         NA         NA         NA         NA         NA
[465]         NA         NA         NA         NA         NA         NA         NA         NA
[473]         NA         NA         NA         NA         NA         NA         NA         NA
[481]         NA         NA         NA         NA         NA         NA         NA         NA
[489]         NA         NA         NA         NA         NA  55.463939         NA         NA
[497]         NA         NA         NA         NA         NA         NA         NA         NA
[505]         NA         NA         NA         NA         NA         NA         NA         NA
[513]         NA         NA         NA  70.025495  85.899154         NA         NA         NA
[521]         NA         NA         NA         NA         NA         NA         NA         NA
[529]         NA         NA         NA         NA         NA         NA  71.141354         NA
[537]         NA         NA         NA         NA         NA         NA         NA         NA
[545]         NA         NA         NA         NA         NA         NA         NA  78.965914
[553]         NA         NA         NA         NA         NA         NA         NA         NA
[561]         NA         NA         NA         NA         NA         NA         NA         NA
[569]         NA         NA         NA         NA         NA         NA         NA         NA
[577]         NA         NA         NA         NA         NA         NA         NA  82.747997
[585]         NA         NA         NA         NA         NA         NA         NA         NA
[593]         NA         NA         NA         NA         NA         NA         NA         NA
[601]         NA         NA         NA         NA         NA         NA         NA         NA
[609]         NA         NA         NA         NA         NA         NA         NA         NA
[617]         NA         NA         NA         NA         NA         NA         NA         NA
[625]         NA         NA         NA         NA         NA         NA         NA         NA
[633]         NA         NA         NA         NA         NA         NA         NA         NA
[641]         NA         NA         NA         NA         NA         NA         NA         NA
[649]         NA         NA         NA         NA         NA         NA         NA         NA
[657]         NA         NA         NA         NA         NA         NA         NA         NA
[665]         NA  78.340694         NA         NA         NA         NA         NA         NA
[673]         NA         NA         NA         NA         NA         NA         NA         NA
[681]         NA         NA         NA         NA         NA         NA         NA         NA
[689]         NA         NA         NA         NA         NA         NA         NA         NA
[697]         NA         NA         NA         NA         NA         NA

$TS
  [1] 171.1568661 163.1241613 158.2411383 155.9643602 148.0859767 145.7835601 143.1831435
  [8] 138.5548280 135.3892499 129.0463011 125.1799070 124.5911024 118.3101251 106.4461746
 [15] 134.3931093 131.3318855 118.1236395 113.5868336 112.1263143 107.3770461  95.1864740
 [22]  75.6900399  63.2386569  57.1456415 144.4827812 142.5659917 119.3023687 112.6035450
 [29] 108.8243700 108.4272025 138.5302095 138.5217293 137.4655331 122.6791725 107.6658510
 [36]  93.1017117 125.1484230 124.8140072 102.6569707 133.6645335  99.6321797 134.0616085
 [43] 117.3433674 107.0680562  99.4208955 133.7871376 132.9684134 131.2461389 101.4765214
 [50] 131.3634618 126.3983737 119.7618847 111.0533252 110.2933497  83.6159878  80.2534830
 [57]  76.1819621 130.8787289 112.5405725 106.9517225 102.1802738  92.7094879  76.0980680
 [64]  69.8770331  55.6949491  49.5654222 108.3375390 104.7977688  99.2265989  79.7920426
 [71]  78.9206705 124.4544547 105.2360423 105.0564868 101.9019896 101.4228653  89.7720770
 [78]  89.6617880  83.3055570  81.8598048  80.7348023  73.8785033  71.4069672  69.4800514
 [85]  60.5706983  49.7945176  43.7115347  41.8254815 124.1159378 118.6460692 123.5219735
 [92]  99.7473846 122.0810451 117.8153707 108.4206901 114.7130284 114.1260761  96.7386066
 [99]  94.9886603  93.5219648  82.9871865 120.5465244 113.4104979 101.1862386  94.1305397
[106]  91.3578991 117.6406268 114.6780127 110.3790180 118.5605139  99.6208460 108.7910074
[113]  97.4267720  96.7706533 118.3512824 114.1428625  98.2514367 109.2447282 107.0825149
[120]  98.9154591  98.1739414 117.3067228  77.0906815  76.9878782  72.1189316 117.5856643
[127]  74.1462926 110.2606498  95.5601851  94.6280904  92.1544081 111.4015564 107.8169716
[134] 103.6074497  91.3376204  68.0195562  54.3423492  53.5975569  46.8291577  40.0625932
[141]  39.0822940 114.0498175 110.0753214  98.1409513  81.3750421  56.9762764  49.7214967
[148]  48.1386917  44.2875985  31.3036692  30.6666487  26.4537409  26.2640080  23.3326548
[155]  22.8511690  17.4618291 111.5895815 102.6628932 109.9971307 109.0532050 110.9218527
[162] 110.1106783 109.5800859 111.3562333 111.0647258 103.7300294 103.3958399 100.2499764
[169]  96.6995657  87.7046207  97.0113927  84.7357599  80.2785512  74.9511209  56.6988595
[176]  92.3071439 110.8218130 106.0159923 101.2186696 100.6633608  98.5693158  95.1643475
[183]  91.0490326  70.6078185  67.4853585  99.8621655  98.6277714  88.4868659  75.2721289
[190]  73.1013202  69.0638764  59.0890584  44.6127902  38.9938471  38.1857321  34.8975394
[197]  13.4498834 109.7889804 104.9045155 103.1922931  87.3121101 110.1965070 102.1273995
[204]  97.2387614  89.4064647  87.6679871  84.9184095  66.4156184 102.5834616 110.0236621
[211]  75.3812733  72.1134872  66.0540521  66.0331240  36.9053114  34.0990243  32.4116247
[218]  31.7524227  31.0802967  20.4351850  17.6456780  13.2796445 106.9103320 105.0523318
[225]  76.4088341 106.6521563 101.3036908  98.7756414  93.0413690  86.3738987  84.5608990
[232]  80.6763129  75.1096447  74.4553467 108.2823183 103.3154037  98.4810962  91.8588875
[239]  87.4830336 107.8506659 105.6759770 101.3753418  98.1195516  96.6901667  94.2645594
[246]  92.7684610  84.1086056  98.2231801  80.3450365  79.9562401  77.4457107  82.4714623
[253]  68.1152066  68.0523361  63.3787382  50.7089683  39.8532952  36.5010909  24.5025683
[260]  99.5070681  97.9949927  89.3543687  77.7324239  70.0345847 101.1699555  95.9029466
[267]  88.8804894  88.4402857  87.8613354  86.5704052  88.6729715 100.9897292  93.7695322
[274]  82.6446634  82.5481171 103.3150374  98.2518443 104.3312755  98.2466483  95.2069015
[281]  95.8240476  95.3192264  92.6523787  90.8562141  79.1771354  73.4382722 102.0157736
[288]  95.1739486  94.6400322  92.0642909  88.6045403  80.0038008  72.0073516  68.4630940
[295]  98.5269420  95.2100106  76.1554702  67.4864632  58.1459689  57.6374136  57.6211421
[302]  48.5222709  47.2243296  45.0103566  44.6893489 102.2746037  78.3152412  72.6710538
[309]  63.8454607  54.9020827  54.2742374 105.6480478  98.1990428 103.6796718  90.7775708
[316]  84.8572402  80.2503372  74.9837009  69.8754610  36.0267139 105.1497229 102.4298829
[323]  97.8611159  86.7482132  68.6132224  66.8569226 103.5843396  87.9810296  87.3150309
[330]  95.2799798  77.2532774 100.5899872  99.9944981 104.3934492  71.1639849  47.9828211
[337]  97.7613125  90.0491416  59.7628584  58.5840596  97.0418733 103.6062535  92.6008989
[344]  73.2802198  54.2999053  96.6473327  97.4680870  95.5831961  88.2522115  86.3434249
[351]  79.7649265  96.7429066  95.0201577  93.8361031  89.4934647  83.6624031  96.9001792
[358]  90.8993674  87.1899575  62.4436942  59.9565274  96.8296756 100.0651377  86.6012036
[365]  83.3823929  74.2697153  61.1219954  59.3331196  78.4216444  66.6450151  58.0139268
[372]   2.3987399 100.3743965  80.8827081  67.3864217  57.4921689  50.7895358  97.4408446
[379]  96.4212401  88.2651896  93.3563025  61.6656521  58.0071140  57.4167259  56.7189815
[386]  52.2251891  51.2755348  48.6766104  42.6970581  57.2529622  52.3562743  45.4523908
[393]  32.5052296  82.5347777  80.5609124  73.2003438  53.1823177  34.4969177  18.4673257
[400]   5.6778544   4.0044349 100.8653981  84.0740596  99.6576016  99.5002897  99.0586963
[407]  92.2660512  74.5825444  67.0760222  40.6176101  38.9799071  91.1336696 100.1242173
[414]  92.8921450  92.6821459  82.6015703  74.5875167  55.9409324  97.5380353  87.1588011
[421]  83.3264345  93.8345631  89.8062082  96.1787489  95.6813430  95.4036659  92.5436906
[428]  91.2898944  75.6227492  67.0920932  63.9935382  60.0070595  58.4541518  53.9737249
[435]  45.8568095  99.2056282  81.7485950  89.0022787  73.8100132  72.8122036  70.0496560
[442]  94.1412201  90.5822958  73.5039388  99.0844025  93.1621145  65.4534907  60.5221926
[449]  55.4980758  51.8907695  51.8235228  97.6871556  96.1657935  97.9527249  75.9478497
[456]  75.0417040  66.4037401  95.7537724  57.4952726  49.4944297  48.6533029  48.0495823
[463]  89.5550809  75.7653112  75.1396636  71.7196328  93.8954487  82.9826156  73.4326756
[470]  91.4666487  88.8404390  84.4754761  88.9351108  87.8730503  85.9721496  85.8555696
[477]  93.9602664  86.7329701  85.6762882  81.3970695  72.5982154  67.7675899  59.9623328
[484]  52.3011472  48.1833557  38.9603377  94.3770341  88.3141044  77.8639377  72.6731985
[491]  52.9756816  52.4994628  47.8727414  97.6628073  92.6136304  90.0045411  91.0587777
[498]  86.8721891  83.1265058  60.4301272  55.6104184  81.6643992  71.0522698  92.2443719
[505]  88.3847221  86.7280508  85.6984780  56.6035047  48.4139278  34.8057306  32.0753927
[512]  28.1444793  66.7868895  66.6091473  47.8183126  98.0098080  95.3326304  79.4728253
[519]  75.9629338  66.8995915  54.5153905  89.1306654  88.5551972  83.8811267  83.3863733
[526]  82.2557142  66.8325753  65.5358770  56.3743812  50.6256781  49.3788790  38.8340449
[533]  34.2075492  93.6100856  97.7248978  75.3576751  74.8841571  91.9824577  91.1428384
[540]  87.7936133  78.6807139  73.9076508  92.7564312  84.7323852  96.4168216  72.1695172
[547]  61.2929320  85.7418997  80.3098280  76.2766465  66.2710225  97.4495076  90.2861258
[554]  88.7402638  86.3509381  76.8975878  71.4190090  66.3001731  60.9775981  59.1412225
[561]  53.9946004  39.9115395  33.6123138  31.2944994  15.6317908   3.8629786  77.7052764
[568]  65.2356803  63.9251531  57.9951022  53.2673597  52.1949213  50.5648533  48.6651280
[575]  39.3489280  33.9578419  17.2172677  13.9417169  12.5200089   4.8420801   2.3772757
[582]  82.8364457  71.0306099  96.5230795  91.2084924  69.6009979  59.3295530  58.4771840
[589]  87.4300298  88.3922352  80.7921627  61.6676021  57.5040564  50.2160363  41.6434677
[596]  32.6645674  29.1755085  96.0369566  86.0342144  84.9051893  67.2308987  63.4382737
[603]  60.1438773  58.1521591  50.0610044  35.0951520  31.1521295  22.4016079  89.9657186
[610]  85.2573262  73.3663279  87.9425651  88.1719812  73.0997968  72.7222530  64.6248981
[617]  27.6253178  18.8586082   5.4577496  87.9465228  47.7355144  42.6787063  34.2300777
[624]  72.3453427  56.9353498  56.6617533  55.1463565  53.9962589  39.4773205  32.2726397
[631]  32.1975792  21.5565775   2.6677841  93.8119860  90.7709070  86.2869497  71.8925658
[638]  64.7834812  64.2535822  63.3100756  61.3163199  54.8559111  51.7775851  47.7055661
[645]  72.8316987  70.6774250  91.1549860  78.8299875  75.4311241  65.8151411  94.0177084
[652]  93.8261805  67.6882737  66.4893474  59.0400438  94.1439595  87.9638808  94.2774871
[659]  93.5559577  88.7180394  84.4586856  71.4253794  66.6190807  59.9716575  84.9040776
[666]  94.9801607  89.7673510  87.9108938  80.4302712  58.1944471  53.1596362  45.3328042
[673]  27.1584457  12.3869501  86.0840226  67.9871952  66.2312467  58.9969687  55.8509588
[680]  81.1497742  75.9803960  65.7434133  62.9364235  61.5691404  34.3059378  89.7246480
[687]  94.1265991  87.3430876  67.2307378  64.1469787  57.5283318  45.3550566  40.5470435
[694]  36.7973427  35.1994082  34.6952279  33.9971200  23.7271631  12.6581105   9.7223091
[701]   4.5576285   0.2696086

$PAR
  [1]  NA   1   1   1   1   3   3   3   3   3   3   3   3   3   5   5   5   5   5   5   5   5   5
 [24]   5   6   6   6   6   6   6   7   7   7   7   7   7  26  26  26  31  32   9   9   9   9  42
 [47]  42  42  46  40  40  40  40  50  50  50  50  16  16  16  16  16  16  16  16  16  48  48  48
 [70]  48  48  10  10  10  10  10  10  10  10  10  10  10  10  10  10  10  10  10  51  51  38  38
 [93]  12  12  12  72  89  89  89  89  89  91  34  34  34  34  93  93  93 102 102  27  27  27 110
[116] 115 115  13  13  13  13  17  17  17  17  94  94 107 107 107 107  43  43  43  43  43  43  43
[139]  43  43  43 116 116  97  97  97  97  97  97  97  97  97  97  97  97  97  18  18 103 103  28
[162]  28  28 157 157 132 132 132 132 132 164 164 164 164 164  53 161 161 161 161 161 161 161 161
[185] 161 177 177 177 177 177 177 177 177 177 177 177 177  54  54  54  54 128 128 128 128 128 128
[208] 128 202 162 162 162 162 162 162 162 162 162 162 162 162 162 143 143 143 210 210 210 210 210
[231] 210 210 210 210 159 159 159 159 159 163 118 118 118 118 118 118 118 160 160 160 160 112 112
[254] 112 112 112 112 112 112  95 235 235 235 235 240 240 240 240 240 240 133  35  35  35  35 119
[277] 119  44  44  44  60  60  60  60  60  60 223 223 223 223 223 223 223 223 226 226 226 226 226
[300] 226 226 226 226 226 226  14  14  14  14  14  14 178 241 312 312 312 312 312 312 312  73  73
[323]  73  73  73  73 321  74  74 224 224 199 199  68  68  68 334 334 334 334 278 314 314 314 314
[346] 134 342 342 342 342 342 167 167 167 167 167 276 276 276 276 276 200 158 158 158 158 158 158
[369]  39  39  39  39 322 322 322 322 322  61  61  61 203 203 203 203 203 203 203 203 203  75  75
[392]  75  75  49  49  49  49  49  49  49  49 242 242 179 179 179 179 179 179 179 179 104 265 265
[415] 180 180 180 180 332 332 332 373 373 168 168 168 168 168 168 168 168 168 168 168 168 413 413
[438] 363 363 363 363 333 333 333  92  92  92  92  92  92  92  41 111 260 405 405 405  45  45  45
[461]  45  45  69  69  69  69 436 436 436 445 445 445 120 120 120 120 228 228 228 228 228 228 228
[484] 228 228 228 187 187 181 181 181 181 181 295 295 295 237 237 237 237 237 117 117 248 248 248
[507] 248 248 248 248 248 248 313 313 313 121 121 121 121 121 121 144 144 144 144 144 144 144 144
[530] 144 144 144 144 243 516 516 516 323 323 323 323 323 535 535 494 494 494 419 419 419 419 347
[553] 552 552 113 113 113 113 113 113 113 113 113 113 113 113 204 204 204 204 204 204 204 204 204
[576] 204 204 204 204 204 204 341 341 357 357 357 357 357 114 352 169 169 169 169 169 169 169 244
[599] 244 244 244 244 244 244 244 244 244 244 346 346 346 584 379 545 545 545 545 545 545 453 453
[622] 453 453 598 598 598 598 598 598 598 598 598 598 266 266 458 458 458 458 458 458 458 458 458
[645] 425 425 129 129 129 129 426 426 426 426 426 517 517 296 296 296 296 296 296 296 280  21  21
[668]  21  21  21  21  21  21  21 288 288 288 288 288 182 182 182 182 182 182  99 289 289 289 289
[691] 289 289 289 289 289 289 289 289 289 289 289 289

$EXTANT
  [1] FALSE FALSE FALSE FALSE FALSE FALSE FALSE FALSE FALSE FALSE FALSE FALSE FALSE FALSE FALSE
 [16] FALSE FALSE FALSE FALSE FALSE FALSE  TRUE  TRUE  TRUE FALSE FALSE FALSE FALSE FALSE FALSE
 [31] FALSE FALSE FALSE FALSE FALSE  TRUE FALSE FALSE  TRUE FALSE FALSE FALSE FALSE FALSE FALSE
 [46] FALSE FALSE FALSE  TRUE FALSE FALSE FALSE FALSE FALSE  TRUE  TRUE  TRUE FALSE FALSE FALSE
 [61] FALSE  TRUE  TRUE  TRUE  TRUE  TRUE FALSE FALSE FALSE  TRUE  TRUE FALSE FALSE FALSE FALSE
 [76] FALSE  TRUE  TRUE  TRUE  TRUE  TRUE  TRUE  TRUE  TRUE  TRUE  TRUE  TRUE  TRUE FALSE FALSE
 [91] FALSE FALSE FALSE FALSE FALSE FALSE  TRUE FALSE FALSE  TRUE  TRUE FALSE FALSE FALSE  TRUE
[106]  TRUE FALSE FALSE FALSE FALSE FALSE FALSE  TRUE FALSE FALSE FALSE FALSE FALSE FALSE FALSE
[121] FALSE FALSE  TRUE  TRUE  TRUE FALSE  TRUE FALSE FALSE  TRUE  TRUE FALSE FALSE FALSE  TRUE
[136]  TRUE  TRUE  TRUE  TRUE  TRUE  TRUE FALSE FALSE FALSE  TRUE  TRUE  TRUE  TRUE  TRUE  TRUE
[151]  TRUE  TRUE  TRUE  TRUE  TRUE  TRUE FALSE FALSE FALSE FALSE FALSE  TRUE FALSE FALSE FALSE
[166] FALSE FALSE FALSE FALSE  TRUE FALSE  TRUE  TRUE  TRUE  TRUE  TRUE FALSE FALSE FALSE FALSE
[181] FALSE FALSE  TRUE  TRUE  TRUE FALSE FALSE  TRUE  TRUE  TRUE  TRUE  TRUE  TRUE  TRUE  TRUE
[196]  TRUE  TRUE FALSE FALSE FALSE  TRUE FALSE FALSE  TRUE  TRUE  TRUE  TRUE  TRUE FALSE FALSE
[211]  TRUE  TRUE  TRUE  TRUE  TRUE  TRUE  TRUE  TRUE  TRUE  TRUE  TRUE  TRUE FALSE FALSE  TRUE
[226] FALSE FALSE FALSE  TRUE  TRUE  TRUE  TRUE  TRUE  TRUE FALSE FALSE FALSE  TRUE  TRUE FALSE
[241] FALSE FALSE FALSE  TRUE  TRUE  TRUE  TRUE FALSE  TRUE  TRUE  TRUE  TRUE  TRUE  TRUE  TRUE
[256]  TRUE  TRUE  TRUE  TRUE FALSE FALSE  TRUE  TRUE  TRUE FALSE FALSE  TRUE  TRUE  TRUE  TRUE
[271]  TRUE FALSE  TRUE  TRUE  TRUE FALSE FALSE FALSE FALSE FALSE FALSE FALSE  TRUE  TRUE  TRUE
[286]  TRUE FALSE FALSE  TRUE  TRUE  TRUE  TRUE  TRUE  TRUE FALSE FALSE  TRUE  TRUE  TRUE  TRUE
[301]  TRUE  TRUE  TRUE  TRUE  TRUE FALSE  TRUE  TRUE  TRUE  TRUE  TRUE FALSE FALSE FALSE  TRUE
[316]  TRUE  TRUE  TRUE  TRUE  TRUE FALSE FALSE FALSE  TRUE  TRUE  TRUE FALSE  TRUE  TRUE FALSE
[331]  TRUE FALSE FALSE FALSE  TRUE  TRUE FALSE  TRUE  TRUE  TRUE FALSE FALSE  TRUE  TRUE  TRUE
[346] FALSE FALSE FALSE  TRUE  TRUE  TRUE FALSE FALSE  TRUE  TRUE  TRUE FALSE  TRUE  TRUE  TRUE
[361]  TRUE FALSE FALSE  TRUE  TRUE  TRUE  TRUE  TRUE  TRUE  TRUE  TRUE  TRUE FALSE  TRUE  TRUE
[376]  TRUE  TRUE FALSE FALSE  TRUE  TRUE  TRUE  TRUE  TRUE  TRUE  TRUE  TRUE  TRUE  TRUE  TRUE
[391]  TRUE  TRUE  TRUE  TRUE  TRUE  TRUE  TRUE  TRUE  TRUE  TRUE  TRUE FALSE  TRUE FALSE FALSE
[406] FALSE  TRUE  TRUE  TRUE  TRUE  TRUE  TRUE FALSE  TRUE  TRUE  TRUE  TRUE  TRUE FALSE  TRUE
[421]  TRUE  TRUE  TRUE FALSE FALSE FALSE  TRUE  TRUE  TRUE  TRUE  TRUE  TRUE  TRUE  TRUE  TRUE
[436] FALSE  TRUE  TRUE  TRUE  TRUE  TRUE  TRUE  TRUE  TRUE FALSE  TRUE  TRUE  TRUE  TRUE  TRUE
[451]  TRUE FALSE FALSE FALSE  TRUE  TRUE  TRUE FALSE  TRUE  TRUE  TRUE  TRUE  TRUE  TRUE  TRUE
[466]  TRUE  TRUE  TRUE  TRUE  TRUE  TRUE  TRUE  TRUE  TRUE  TRUE  TRUE  TRUE  TRUE  TRUE  TRUE
[481]  TRUE  TRUE  TRUE  TRUE  TRUE  TRUE  TRUE  TRUE  TRUE  TRUE  TRUE  TRUE  TRUE FALSE  TRUE
[496]  TRUE  TRUE  TRUE  TRUE  TRUE  TRUE  TRUE  TRUE  TRUE  TRUE  TRUE  TRUE  TRUE  TRUE  TRUE
[511]  TRUE  TRUE  TRUE  TRUE  TRUE FALSE FALSE  TRUE  TRUE  TRUE  TRUE  TRUE  TRUE  TRUE  TRUE
[526]  TRUE  TRUE  TRUE  TRUE  TRUE  TRUE  TRUE  TRUE  TRUE FALSE  TRUE  TRUE  TRUE  TRUE  TRUE
[541]  TRUE  TRUE  TRUE  TRUE  TRUE  TRUE  TRUE  TRUE  TRUE  TRUE  TRUE FALSE  TRUE  TRUE  TRUE
[556]  TRUE  TRUE  TRUE  TRUE  TRUE  TRUE  TRUE  TRUE  TRUE  TRUE  TRUE  TRUE  TRUE  TRUE  TRUE
[571]  TRUE  TRUE  TRUE  TRUE  TRUE  TRUE  TRUE  TRUE  TRUE  TRUE  TRUE  TRUE  TRUE FALSE  TRUE
[586]  TRUE  TRUE  TRUE  TRUE  TRUE  TRUE  TRUE  TRUE  TRUE  TRUE  TRUE  TRUE  TRUE  TRUE  TRUE
[601]  TRUE  TRUE  TRUE  TRUE  TRUE  TRUE  TRUE  TRUE  TRUE  TRUE  TRUE  TRUE  TRUE  TRUE  TRUE
[616]  TRUE  TRUE  TRUE  TRUE  TRUE  TRUE  TRUE  TRUE  TRUE  TRUE  TRUE  TRUE  TRUE  TRUE  TRUE
[631]  TRUE  TRUE  TRUE  TRUE  TRUE  TRUE  TRUE  TRUE  TRUE  TRUE  TRUE  TRUE  TRUE  TRUE  TRUE
[646]  TRUE  TRUE  TRUE  TRUE  TRUE  TRUE  TRUE  TRUE  TRUE  TRUE  TRUE  TRUE  TRUE  TRUE  TRUE
[661]  TRUE  TRUE  TRUE  TRUE  TRUE FALSE  TRUE  TRUE  TRUE  TRUE  TRUE  TRUE  TRUE  TRUE  TRUE
[676]  TRUE  TRUE  TRUE  TRUE  TRUE  TRUE  TRUE  TRUE  TRUE  TRUE  TRUE  TRUE  TRUE  TRUE  TRUE
[691]  TRUE  TRUE  TRUE  TRUE  TRUE  TRUE  TRUE  TRUE  TRUE  TRUE  TRUE  TRUE

