
Birth-death simulation object with 702 species and 500 extant species

Details for some species:

Extinction times (NA means extant)
[1]  61.75229 138.56002 108.17975 114.03889  29.24042  13.08644


Speciation times 
[1] 154.4671 147.8908 123.7100 116.8223 107.2412 104.5298


Species parents (NA for initial)
[1] NA  1  1  1  1  1


Species status (extinct or extant)
[1] "extinct" "extinct" "extinct" "extinct" "extinct" "extinct"


For more details on vector y, try sim$y, with y one of
TE TS PAR EXTANT



$TE
  [1]  61.752293 138.560020 108.179748 114.038889  29.240418  13.086445  97.547323  84.769478
  [9]  72.033581         NA  39.913514  63.034118  31.056757 115.638305  95.507792  78.336379
 [17]  73.764526  92.780720  47.036020  74.833067  98.383975 103.360519 107.062210  23.141540
 [25] 107.202928  81.081553  24.923078         NA  72.473235  55.036351         NA  62.707706
 [33]  65.534392  42.156134  10.592420         NA         NA  43.544204  14.211445         NA
 [41]         NA         NA   8.208895  93.677624  58.663769   8.034354  16.274624  56.961441
 [49]   3.985447         NA         NA         NA         NA         NA   8.533713  50.197793
 [57]  14.501746  13.487792  70.126087         NA         NA         NA  40.725174         NA
 [65]         NA         NA         NA         NA         NA         NA         NA         NA
 [73]  61.472229  79.904530         NA  34.384582         NA  80.672271         NA  75.669943
 [81]  55.256755   8.315425  84.946692  65.534872  60.519321  38.093666  59.412774         NA
 [89]         NA         NA         NA         NA  86.324617  46.768959  75.931462  23.704917
 [97]         NA         NA         NA  33.942900  20.127158  61.716709         NA         NA
[105]         NA         NA         NA         NA         NA         NA         NA         NA
[113]         NA         NA  78.746810  44.920132  81.739438  39.396824  43.797947  60.239213
[121]  45.216554  41.996605  78.745655         NA         NA         NA  72.688208  47.538236
[129]         NA         NA         NA         NA  82.126106  54.827790  50.134937  66.203731
[137]         NA  13.957351  61.387811   6.824563   9.613800  73.959413         NA         NA
[145]         NA         NA         NA         NA         NA  35.716784  62.421743  63.638362
[153]  48.076273  71.882845  15.780416  59.803266  58.372922         NA  67.074350  54.681511
[161]  52.632112         NA         NA  52.859702  25.207546         NA         NA         NA
[169]   9.870260  43.058618  33.706608  32.399449         NA         NA         NA         NA
[177]         NA         NA         NA         NA         NA         NA         NA         NA
[185]  31.546313  49.259618  51.454755  72.138468         NA  70.225965  64.277739         NA
[193]         NA         NA  74.267038  67.084872  65.794745         NA         NA         NA
[201]         NA         NA         NA         NA         NA  60.768825  36.533624         NA
[209]         NA         NA         NA         NA  67.468667  49.298908  38.024987  28.074486
[217]         NA         NA         NA         NA         NA         NA         NA  65.469657
[225]  61.228111  37.778452  32.678533  21.739173  20.989863         NA         NA         NA
[233]         NA  47.498957  43.792805  45.923800         NA  62.866899         NA  24.859772
[241]  50.718495  40.737082         NA  22.500631         NA         NA         NA  51.545060
[249]         NA         NA         NA         NA         NA         NA         NA         NA
[257]         NA         NA         NA         NA         NA         NA         NA         NA
[265]         NA  65.163483  43.188933         NA         NA         NA         NA  45.299159
[273]  14.531248         NA         NA         NA         NA         NA  54.828570         NA
[281]         NA  44.104775  54.506554         NA         NA         NA         NA         NA
[289]   9.427037  59.192274         NA  22.837892  58.293686  38.145550         NA         NA
[297]         NA         NA         NA         NA  59.653788   2.788951  63.033950         NA
[305]         NA         NA         NA         NA         NA         NA  47.636826  28.781979
[313]  58.586774  29.258971  51.772481  64.152317  65.083541  33.910927  28.062099         NA
[321]         NA         NA         NA         NA  50.785523  64.508526  21.323199         NA
[329]         NA         NA         NA         NA         NA         NA  58.199205         NA
[337]         NA         NA         NA         NA         NA         NA  48.162042         NA
[345]         NA         NA         NA  23.109736  25.020010         NA         NA         NA
[353]         NA  64.573383  20.203957         NA         NA         NA         NA         NA
[361]         NA  43.730189         NA  34.055201         NA  13.672279         NA   8.898152
[369]  23.052589  57.942491         NA         NA         NA  48.188449  10.444830         NA
[377]         NA  27.326300         NA         NA         NA  55.408758         NA         NA
[385]         NA         NA         NA         NA         NA         NA         NA         NA
[393]         NA         NA         NA         NA         NA         NA         NA         NA
[401]         NA  46.431980         NA         NA         NA         NA         NA         NA
[409]         NA  64.637746         NA  64.762974         NA         NA         NA  53.344788
[417]   9.379588  14.258283         NA         NA   4.410310         NA         NA         NA
[425]         NA         NA         NA         NA         NA         NA         NA         NA
[433]         NA         NA         NA         NA         NA         NA         NA         NA
[441]  44.430685  55.327470  61.929380         NA         NA         NA         NA         NA
[449]         NA         NA         NA         NA         NA         NA         NA         NA
[457]         NA         NA         NA         NA         NA         NA         NA   9.313834
[465]         NA         NA         NA         NA         NA         NA         NA         NA
[473]         NA         NA  16.877559         NA  53.837913         NA         NA         NA
[481]         NA         NA         NA         NA         NA         NA         NA         NA
[489]         NA         NA         NA         NA         NA         NA         NA         NA
[497]         NA         NA         NA         NA  41.600669         NA         NA         NA
[505]         NA         NA         NA         NA         NA         NA         NA         NA
[513]         NA         NA         NA  57.405431  11.242280         NA         NA         NA
[521]         NA         NA  32.303181         NA         NA         NA         NA  29.952013
[529]         NA         NA         NA         NA         NA         NA         NA         NA
[537]         NA         NA         NA         NA         NA         NA         NA         NA
[545]         NA         NA         NA         NA         NA         NA         NA         NA
[553]         NA  33.645388         NA         NA         NA         NA         NA         NA
[561]         NA         NA         NA         NA         NA         NA         NA         NA
[569]         NA         NA         NA         NA  30.336636         NA         NA         NA
[577]         NA         NA         NA         NA         NA         NA  52.766880         NA
[585]         NA         NA         NA         NA         NA         NA         NA         NA
[593]         NA         NA         NA         NA  13.800223         NA         NA         NA
[601]         NA         NA         NA         NA         NA         NA         NA         NA
[609]         NA         NA         NA         NA         NA         NA         NA         NA
[617]         NA         NA         NA         NA         NA         NA         NA         NA
[625]         NA         NA         NA         NA         NA         NA         NA         NA
[633]         NA         NA         NA         NA         NA         NA         NA         NA
[641]         NA         NA         NA         NA         NA         NA         NA         NA
[649]         NA         NA         NA         NA         NA         NA         NA         NA
[657]         NA  44.742345         NA         NA  48.169037  27.723466         NA         NA
[665]         NA         NA         NA         NA         NA         NA         NA         NA
[673]         NA         NA         NA  13.582015         NA         NA         NA         NA
[681]         NA         NA         NA         NA         NA         NA         NA         NA
[689]         NA         NA         NA         NA         NA         NA         NA         NA
[697]         NA         NA         NA         NA         NA         NA

$TS
  [1] 1.544671e+02 1.478908e+02 1.237100e+02 1.168223e+02 1.072412e+02 1.045298e+02 1.035233e+02
  [8] 1.013718e+02 9.336574e+01 8.990744e+01 8.855768e+01 7.766248e+01 7.455719e+01 1.232534e+02
 [15] 1.219160e+02 1.200108e+02 1.031565e+02 9.563399e+01 9.545267e+01 7.841058e+01 1.148421e+02
 [22] 1.085038e+02 1.078758e+02 1.054486e+02 1.076745e+02 9.762780e+01 8.567568e+01 8.125789e+01
 [29] 7.688691e+01 7.331024e+01 6.842296e+01 6.788005e+01 6.710715e+01 6.581652e+01 6.546721e+01
 [36] 3.884412e+01 3.164636e+01 8.238315e+01 8.074313e+01 5.412216e+01 4.161505e+01 3.289813e+01
 [43] 1.005295e+02 9.495075e+01 8.413099e+01 7.977393e+01 7.385487e+01 7.315756e+01 7.066400e+01
 [50] 4.431877e+01 3.624208e+01 3.242227e+01 2.762160e+01 2.712054e+01 1.000006e+02 9.900987e+01
 [57] 9.085335e+01 8.853302e+01 7.038253e+01 5.345272e+01 3.180933e+01 1.436816e+01 8.410699e+01
 [64] 4.396379e+01 4.284541e+01 4.200133e+01 2.402323e+01 1.925643e+01 1.830575e+01 1.723804e+01
 [71] 1.306745e+01 1.079371e+01 8.988469e+01 8.940690e+01 7.815445e+01 6.134360e+01 5.042493e+01
 [78] 8.586794e+01 9.449552e+01 7.983124e+01 6.054714e+01 5.996107e+01 9.062552e+01 7.093883e+01
 [85] 6.382519e+01 6.254793e+01 6.236595e+01 5.063417e+01 4.778204e+01 1.920128e+01 1.330971e+01
 [92] 1.194394e+01 9.068291e+01 8.875892e+01 8.062231e+01 6.477862e+01 5.254588e+01 3.444447e+01
 [99] 3.363613e+01 7.529066e+01 7.038261e+01 6.925361e+01 5.112405e+01 3.396968e+01 3.168311e+01
[106] 2.594737e+01 2.279180e+01 2.260787e+01 2.024045e+01 1.427612e+01 1.245992e+01 7.699193e+00
[113] 4.067369e+00 7.239227e-01 8.490951e+01 6.479353e+01 8.676095e+01 6.936318e+01 6.602854e+01
[120] 6.536118e+01 6.398060e+01 8.348102e+01 8.080695e+01 6.504259e+01 5.901916e+01 5.719996e+01
[127] 8.695277e+01 8.633780e+01 7.962614e+01 4.781642e+01 3.979312e+01 3.433843e+01 8.543848e+01
[134] 8.462809e+01 8.299916e+01 7.736802e+01 7.529005e+01 7.131465e+01 6.341335e+01 6.121497e+01
[141] 8.005020e+01 7.752840e+01 5.215370e+01 5.157126e+01 4.462443e+01 4.376050e+01 3.992749e+01
[148] 3.863579e+01 3.672565e+01 7.535873e+01 7.074961e+01 6.572655e+01 8.113906e+01 7.622727e+01
[155] 8.224428e+01 7.598209e+01 6.722504e+01 4.591014e+01 6.971006e+01 6.014944e+01 5.967149e+01
[162] 5.680964e+01 5.081543e+01 6.412737e+01 5.949115e+01 5.916006e+01 4.960721e+01 4.763572e+01
[169] 7.738992e+01 7.000187e+01 6.890419e+01 6.394765e+01 5.008110e+01 4.608439e+01 4.519916e+01
[176] 4.105908e+01 2.761802e+01 5.655900e+01 5.363450e+01 3.997055e+01 2.535592e+01 2.122104e+01
[183] 1.551326e+01 5.052478e+00 6.595893e+01 6.513984e+01 7.594392e+01 7.476426e+01 4.827761e+01
[190] 7.930975e+01 6.754759e+01 6.438499e+01 4.591634e+01 4.450813e+01 7.752788e+01 6.856585e+01
[197] 6.668285e+01 5.804905e+01 4.210985e+01 3.849630e+01 2.813621e+01 2.305152e+01 1.917272e+01
[204] 1.242124e+01 9.903861e+00 7.167871e+01 7.033350e+01 5.739789e+01 2.935429e+01 2.167517e+01
[211] 8.262389e+00 5.705946e+00 7.777169e+01 6.992066e+01 6.557114e+01 6.204273e+01 4.017341e+01
[218] 3.003729e+01 2.814464e+01 2.659407e+01 2.062398e+01 1.062374e+01 1.061617e+01 7.688463e+01
[225] 6.878412e+01 6.616091e+01 6.538058e+01 6.371546e+01 6.107247e+01 5.239456e+01 2.003236e+01
[232] 1.647104e+01 1.567926e+01 6.872793e+01 6.632812e+01 6.983953e+01 6.116140e+01 7.462006e+01
[239] 7.411274e+01 7.176975e+01 6.970327e+01 6.818637e+01 5.871355e+01 7.387824e+01 4.562282e+01
[246] 4.213532e+01 6.559646e+01 6.159847e+01 5.118506e+01 5.035977e+01 4.985613e+01 4.373487e+01
[253] 4.239879e+01 3.950765e+01 3.146260e+01 3.088001e+01 2.875053e+01 2.455190e+01 2.360194e+01
[260] 1.233744e+01 8.523181e+00 7.084544e+00 2.694943e+00 7.711938e-01 3.259489e-01 7.221253e+01
[267] 6.896044e+01 6.577715e+01 5.337652e+01 4.832521e+01 3.994703e+01 7.199540e+01 6.627067e+01
[274] 3.201914e+01 2.055372e+01 1.726414e+01 6.309011e+00 6.046956e+00 7.165744e+01 3.235440e+01
[281] 2.866319e+01 6.604298e+01 6.091568e+01 5.395086e+01 4.857089e+01 4.423572e+01 4.216864e+01
[288] 1.825823e+01 6.632035e+01 6.482903e+01 5.805899e+01 6.984541e+01 6.643778e+01 6.242051e+01
[295] 5.729924e+01 4.932312e+01 5.786908e+01 4.492777e+01 3.108824e+01 2.878295e+01 6.617131e+01
[302] 6.979006e+01 6.805435e+01 5.527008e+01 5.088927e+01 4.692376e+01 3.858099e+01 3.641587e+01
[309] 3.002018e+01 2.472087e+01 6.700797e+01 6.922152e+01 6.592677e+01 7.040682e+01 6.925104e+01
[316] 6.902666e+01 6.886507e+01 6.874808e+01 6.248633e+01 3.430665e+01 1.405249e+01 1.380592e+01
[323] 1.358840e+01 5.227881e+00 6.983668e+01 6.907774e+01 6.492188e+01 5.640067e+01 4.817641e+01
[330] 3.652773e+01 5.589210e+01 2.811091e+01 5.887007e+01 5.341042e+01 6.948403e+01 5.688496e+01
[337] 5.612791e+01 5.416719e+01 6.803211e+01 6.514238e+01 5.333916e+01 4.995576e+01 6.309875e+01
[344] 5.135099e+01 4.711300e+01 3.771339e+01 2.724992e+01 6.113315e+01 6.038163e+01 5.237823e+01
[351] 4.957270e+01 5.436929e+01 5.224126e+01 6.899588e+01 6.207998e+01 4.367354e+01 4.278064e+01
[358] 3.390588e+01 2.538164e+01 4.959664e+00 2.937460e+00 6.710326e+01 5.862510e+01 6.028494e+01
[365] 5.417087e+01 6.204729e+01 5.730466e+01 6.520836e+01 6.514722e+01 6.194023e+01 5.384758e+01
[372] 3.878058e+01 3.218643e+01 6.295867e+01 5.942993e+01 4.812962e+01 4.759211e+01 6.455155e+01
[379] 3.675910e+01 3.545162e+01 6.824004e+01 6.145020e+01 5.784821e+01 5.294202e+01 4.504275e+01
[386] 4.355586e+01 5.609877e+01 5.671524e+01 5.413409e+01 4.690631e+01 3.272879e+01 3.797689e+01
[393] 3.272229e+01 3.142771e+01 3.007884e+01 1.548219e+01 1.527478e+01 1.313450e+01 7.589404e+00
[400] 5.471476e+01 5.417961e+01 6.343928e+01 5.867584e+01 5.206665e+01 4.581437e+01 4.018079e+01
[407] 2.779701e+01 1.658869e+01 9.613046e+00 6.635462e+01 5.921046e+01 6.684825e+01 5.604352e+01
[414] 5.591604e+01 4.547582e+01 6.673308e+01 6.422235e+01 6.395410e+01 5.559168e+01 4.777201e+01
[421] 6.588072e+01 5.820276e+01 6.325579e+01 5.853726e+01 5.689028e+01 5.479225e+01 5.435934e+01
[428] 5.330525e+01 4.292058e+01 3.917736e+01 3.589057e+01 3.051824e+01 3.033645e+01 2.817752e+01
[435] 1.919292e+01 1.716102e+01 1.634773e+01 4.490135e+01 4.101518e+01 1.951402e+01 6.091953e+01
[442] 6.400553e+01 6.201166e+01 5.784155e+01 4.753819e+01 3.798165e+01 5.752686e+01 5.733293e+01
[449] 5.669367e+01 5.485075e+01 4.596273e+01 4.992758e+01 4.533736e+01 4.529761e+01 3.264960e+01
[456] 6.227888e+01 5.566877e+01 5.486787e+01 5.412096e+01 4.553501e+01 3.634621e+01 2.720152e+01
[463] 5.068412e+00 6.195514e+01 4.776949e+01 5.827495e+01 5.752436e+01 4.989774e+01 4.807562e+01
[470] 4.100970e+01 3.611801e+01 2.844269e+01 1.829195e+01 1.693593e+01 6.273032e+01 6.221758e+01
[477] 6.191627e+01 5.768009e+01 4.809904e+01 4.152489e+01 3.827891e+01 3.712386e+01 8.717074e+00
[484] 5.955647e+00 2.889395e+00 5.474026e+01 5.327822e+01 4.945008e+01 4.397735e+01 3.918761e+01
[491] 5.327200e+01 5.290281e+01 5.152282e+01 3.744646e+01 3.616287e+01 3.435648e+01 2.861794e+01
[498] 2.814278e+01 2.128370e+01 5.518447e+01 6.104446e+01 5.181287e+01 4.106045e+01 4.035449e+01
[505] 3.725084e+01 5.889840e+01 5.727670e+01 4.228764e+01 3.610657e+01 2.834607e+01 4.845061e+01
[512] 4.346330e+01 2.853946e+01 2.508830e+01 2.501774e+01 6.439407e+01 6.091536e+01 5.712865e+01
[519] 3.703480e+01 1.580220e+01 6.503406e+00 6.415077e+01 5.982755e+01 3.466305e+01 3.212943e+01
[526] 2.374432e+01 5.020368e+01 6.137477e+01 5.240335e+01 5.009274e+01 2.916007e+01 2.790845e+01
[533] 5.520097e+01 3.897845e+01 3.323486e+01 5.789491e+01 5.876907e+01 5.186110e+01 4.470048e+01
[540] 4.441164e+01 3.415331e+01 2.667650e+01 5.350692e+01 5.161483e+01 4.460419e+01 3.874161e+01
[547] 2.290695e+01 5.494434e+01 5.453388e+01 4.763122e+01 4.205557e+01 3.556782e+01 1.720560e+01
[554] 5.978898e+01 5.735472e+01 5.721123e+01 5.873518e+01 5.003904e+01 4.960306e+01 5.423005e+01
[561] 3.593425e+01 3.558504e+01 3.331454e+01 2.957317e+01 1.816794e+01 1.445611e+01 4.459088e+01
[568] 3.724759e+01 3.472189e+01 4.095416e+01 3.858997e+01 2.672375e+01 5.923228e+01 5.580717e+01
[575] 4.440635e+01 4.390962e+01 4.318299e+01 4.152889e+01 4.057017e+01 1.670287e+01 1.635458e+01
[582] 5.426265e+01 6.258058e+01 5.216533e+01 5.039607e+01 4.884363e+01 3.901270e+01 3.632916e+01
[589] 3.597548e+01 2.547528e+01 2.100419e+01 5.840416e+01 4.231754e+01 4.135395e+01 4.061759e+01
[596] 4.013903e+01 6.028783e+01 5.745683e+01 4.303486e+01 4.237088e+01 5.624527e+01 5.517440e+01
[603] 4.860078e+01 3.984824e+01 3.631574e+01 3.570508e+01 1.131850e+01 6.274240e+00 5.700203e+00
[610] 5.016204e-03 6.201398e+01 3.167062e+01 2.882070e+01 2.619476e+01 4.023033e+00 3.755628e+00
[617] 2.198172e+00 5.047627e+01 4.435484e+01 3.116924e+01 2.174335e+01 3.352685e+01 2.723963e+01
[624] 2.608793e+01 5.535297e+01 3.500617e+01 5.658831e+01 4.816380e+01 4.646413e+01 3.745124e+01
[631] 3.407709e+01 2.895329e+01 2.367005e+01 1.754308e+01 6.699554e+00 4.860930e+01 2.605805e+01
[638] 5.266904e+01 5.213486e+01 4.533928e+01 5.405176e+01 5.032705e+01 4.449499e+01 4.644076e+01
[645] 3.978168e+01 2.192222e+01 1.796884e+01 5.196790e+01 4.621359e+01 3.951208e+01 3.191803e+00
[652] 4.823498e+01 2.468072e+01 5.895175e+01 5.143266e+01 3.644343e+01 5.549991e+01 5.952029e+01
[659] 5.071624e+01 5.503542e+01 6.087797e+01 5.927431e+01 3.831646e+01 2.601726e+01 2.196874e+01
[666] 5.613047e+01 4.141505e+01 3.778545e+01 3.359527e+01 3.260774e+01 4.892609e+01 2.523474e+01
[673] 2.421573e+01 5.643475e+01 5.180330e+01 5.990832e+01 4.534746e+01 3.839553e+01 2.856616e+01
[680] 2.073514e+01 2.946344e+01 2.716831e+01 2.378607e+01 2.170042e+01 3.984782e+01 3.431325e+01
[687] 4.818469e+01 4.879875e+01 4.319804e+01 2.333338e+01 5.031358e+01 3.636273e+01 3.367758e+01
[694] 5.885464e+01 4.059234e+01 4.954510e+01 4.023964e+01 3.795121e+01 2.245331e+01 1.064684e+01
[701] 7.669281e+00 4.330373e+00

$PAR
  [1]  NA   1   1   1   1   1   1   1   1   1   1   1   1   3  14  15  15  15  16  16   4  21  21
 [24]  21  22   5   5   5   5   5   5   5   5   5   5   5   5  24  24  24  24  24   6   6   6   6
 [47]   6   6   6   6   6   6   6   6   7   7  17   8  43  43  43  43  55  55  55  55  55  55  55
 [70]  55  55  55  56  56  56  56  56  26  18  19  19  19  79  79  79  79  79  79  79  79  79  79
 [93]   9   9   9  57  57  57  57  10  10  10  10  10  10  10  10  10  10  10  10  10  10  10  73
[116]  73  74  94  94  94  94  11  11  11  11  11  58  58  58  58  58  58 127 128 128 128 128 128
[139] 128 128  27  27  27  27  27  27  27  27  27 134 134 134  45  45  63  63  63  63 122 122 135
[162] 135 135  38  38  38  38  38 155 155 155 155 155 155 155 155 155  28  28  28  28  28  28  28
[185] 153 153  39  39  39  95 141 141 141 141  80  46  46  46  46  46  46  46  46  46  46 129 129
[208] 129 129 129 129 129  75  75  75  75  75  75  75  75  75  75  75 213 213  12 169 169 169 169
[231] 169 169 169 224 224 156 156 187 187 187 187 187 187 150 150 150 100 100 100 100 100 137 137
[254] 137 137 137 137 137 137 137 137 137 137 137 137 188 238  13  13  13  13 239 239 239 239 239
[277] 239 239 244 244 244  47  47  47  47  47  47  47  30  30  30  48 266 272 272 272 240 240 240
[300] 240 206 279 279 138 138 138 138 138 138 138  84 151 151  49  49  49  49  49  49  49  49  49
[323]  49  49 314 314 314 314 314 314 101 101 207 207 170 170 170 170 214 214 214 214 292 292 292
[346] 292 292 236 236 236 236 325 325 302 302 302 302 302 302 302 302 159 241 118 118 102 315 312
[369] 312 312 312 312 312 267 267 267 267 171 171 171 225 225 318 318 318 318 234  31  31  31  31
[392] 381 381 381 381 381 381 381 381 242 242 303 339 339 339 339 339 339 339 191 157 362 362 362
[415] 362 311 311 311 311 311 412 235 289 289 289 289 289 289 289 289 289 289 289 289 289 289 289
[438] 273 273 273 301 226 226 226 226 226 282 282 282 282 282 185 185 185 185 313 421 421 421 421
[461] 421 421 421  34  34 268 268 268 268 268 268 268 268 268 247 247 247 247 247 247 247 247 247
[484] 247 247 215 215 215 215 215  35  35  35  35  35  35  35  35  35 227 120 368 368 368 368 369
[507] 369 369 369 369 340 340 340 340 340 186 186 124 124 124 124 327 327 327 327 327 116  96  96
[530]  96  96  96 378 378 378 516 192 192 192 192 192 192 417 417 417 417 417 522 522 522 522 522
[553] 522 164 442 442 121 121 121 418 418 418 418 418 418 418 172 172 172 228 228 228 402 402 423
[576] 423 423 423 423 423 423 343 374 374 374 475 475 475 475 475 475 583  86  86 319 319 294 294
[599] 294 294 456 456 456 456 456 456 456 456 456 456 476 476 476 476 476 476 476 355 355 355 355
[622] 366 366 366 216 216 611 611 611 611 611 611 611 611 611 464 464 248 528 528  76  76  76 140
[645] 140 140 140 237 237 237 237 348 348 229 229 229 501 441 441 283 517 517 517 517 517 661 349
[668] 349 349 349 597 597 597 364 364 160  82  82  82  82 676 676 676 676 523 523 165 375 375 375
[691] 662 662 662 573 573 411 411 411 411 411 411 411

$EXTANT
  [1] FALSE FALSE FALSE FALSE FALSE FALSE FALSE FALSE FALSE  TRUE FALSE FALSE FALSE FALSE FALSE
 [16] FALSE FALSE FALSE FALSE FALSE FALSE FALSE FALSE FALSE FALSE FALSE FALSE  TRUE FALSE FALSE
 [31]  TRUE FALSE FALSE FALSE FALSE  TRUE  TRUE FALSE FALSE  TRUE  TRUE  TRUE FALSE FALSE FALSE
 [46] FALSE FALSE FALSE FALSE  TRUE  TRUE  TRUE  TRUE  TRUE FALSE FALSE FALSE FALSE FALSE  TRUE
 [61]  TRUE  TRUE FALSE  TRUE  TRUE  TRUE  TRUE  TRUE  TRUE  TRUE  TRUE  TRUE FALSE FALSE  TRUE
 [76] FALSE  TRUE FALSE  TRUE FALSE FALSE FALSE FALSE FALSE FALSE FALSE FALSE  TRUE  TRUE  TRUE
 [91]  TRUE  TRUE FALSE FALSE FALSE FALSE  TRUE  TRUE  TRUE FALSE FALSE FALSE  TRUE  TRUE  TRUE
[106]  TRUE  TRUE  TRUE  TRUE  TRUE  TRUE  TRUE  TRUE  TRUE FALSE FALSE FALSE FALSE FALSE FALSE
[121] FALSE FALSE FALSE  TRUE  TRUE  TRUE FALSE FALSE  TRUE  TRUE  TRUE  TRUE FALSE FALSE FALSE
[136] FALSE  TRUE FALSE FALSE FALSE FALSE FALSE  TRUE  TRUE  TRUE  TRUE  TRUE  TRUE  TRUE FALSE
[151] FALSE FALSE FALSE FALSE FALSE FALSE FALSE  TRUE FALSE FALSE FALSE  TRUE  TRUE FALSE FALSE
[166]  TRUE  TRUE  TRUE FALSE FALSE FALSE FALSE  TRUE  TRUE  TRUE  TRUE  TRUE  TRUE  TRUE  TRUE
[181]  TRUE  TRUE  TRUE  TRUE FALSE FALSE FALSE FALSE  TRUE FALSE FALSE  TRUE  TRUE  TRUE FALSE
[196] FALSE FALSE  TRUE  TRUE  TRUE  TRUE  TRUE  TRUE  TRUE  TRUE FALSE FALSE  TRUE  TRUE  TRUE
[211]  TRUE  TRUE FALSE FALSE FALSE FALSE  TRUE  TRUE  TRUE  TRUE  TRUE  TRUE  TRUE FALSE FALSE
[226] FALSE FALSE FALSE FALSE  TRUE  TRUE  TRUE  TRUE FALSE FALSE FALSE  TRUE FALSE  TRUE FALSE
[241] FALSE FALSE  TRUE FALSE  TRUE  TRUE  TRUE FALSE  TRUE  TRUE  TRUE  TRUE  TRUE  TRUE  TRUE
[256]  TRUE  TRUE  TRUE  TRUE  TRUE  TRUE  TRUE  TRUE  TRUE  TRUE FALSE FALSE  TRUE  TRUE  TRUE
[271]  TRUE FALSE FALSE  TRUE  TRUE  TRUE  TRUE  TRUE FALSE  TRUE  TRUE FALSE FALSE  TRUE  TRUE
[286]  TRUE  TRUE  TRUE FALSE FALSE  TRUE FALSE FALSE FALSE  TRUE  TRUE  TRUE  TRUE  TRUE  TRUE
[301] FALSE FALSE FALSE  TRUE  TRUE  TRUE  TRUE  TRUE  TRUE  TRUE FALSE FALSE FALSE FALSE FALSE
[316] FALSE FALSE FALSE FALSE  TRUE  TRUE  TRUE  TRUE  TRUE FALSE FALSE FALSE  TRUE  TRUE  TRUE
[331]  TRUE  TRUE  TRUE  TRUE FALSE  TRUE  TRUE  TRUE  TRUE  TRUE  TRUE  TRUE FALSE  TRUE  TRUE
[346]  TRUE  TRUE FALSE FALSE  TRUE  TRUE  TRUE  TRUE FALSE FALSE  TRUE  TRUE  TRUE  TRUE  TRUE
[361]  TRUE FALSE  TRUE FALSE  TRUE FALSE  TRUE FALSE FALSE FALSE  TRUE  TRUE  TRUE FALSE FALSE
[376]  TRUE  TRUE FALSE  TRUE  TRUE  TRUE FALSE  TRUE  TRUE  TRUE  TRUE  TRUE  TRUE  TRUE  TRUE
[391]  TRUE  TRUE  TRUE  TRUE  TRUE  TRUE  TRUE  TRUE  TRUE  TRUE  TRUE FALSE  TRUE  TRUE  TRUE
[406]  TRUE  TRUE  TRUE  TRUE FALSE  TRUE FALSE  TRUE  TRUE  TRUE FALSE FALSE FALSE  TRUE  TRUE
[421] FALSE  TRUE  TRUE  TRUE  TRUE  TRUE  TRUE  TRUE  TRUE  TRUE  TRUE  TRUE  TRUE  TRUE  TRUE
[436]  TRUE  TRUE  TRUE  TRUE  TRUE FALSE FALSE FALSE  TRUE  TRUE  TRUE  TRUE  TRUE  TRUE  TRUE
[451]  TRUE  TRUE  TRUE  TRUE  TRUE  TRUE  TRUE  TRUE  TRUE  TRUE  TRUE  TRUE  TRUE FALSE  TRUE
[466]  TRUE  TRUE  TRUE  TRUE  TRUE  TRUE  TRUE  TRUE  TRUE FALSE  TRUE FALSE  TRUE  TRUE  TRUE
[481]  TRUE  TRUE  TRUE  TRUE  TRUE  TRUE  TRUE  TRUE  TRUE  TRUE  TRUE  TRUE  TRUE  TRUE  TRUE
[496]  TRUE  TRUE  TRUE  TRUE  TRUE FALSE  TRUE  TRUE  TRUE  TRUE  TRUE  TRUE  TRUE  TRUE  TRUE
[511]  TRUE  TRUE  TRUE  TRUE  TRUE FALSE FALSE  TRUE  TRUE  TRUE  TRUE  TRUE FALSE  TRUE  TRUE
[526]  TRUE  TRUE FALSE  TRUE  TRUE  TRUE  TRUE  TRUE  TRUE  TRUE  TRUE  TRUE  TRUE  TRUE  TRUE
[541]  TRUE  TRUE  TRUE  TRUE  TRUE  TRUE  TRUE  TRUE  TRUE  TRUE  TRUE  TRUE  TRUE FALSE  TRUE
[556]  TRUE  TRUE  TRUE  TRUE  TRUE  TRUE  TRUE  TRUE  TRUE  TRUE  TRUE  TRUE  TRUE  TRUE  TRUE
[571]  TRUE  TRUE FALSE  TRUE  TRUE  TRUE  TRUE  TRUE  TRUE  TRUE  TRUE  TRUE FALSE  TRUE  TRUE
[586]  TRUE  TRUE  TRUE  TRUE  TRUE  TRUE  TRUE  TRUE  TRUE  TRUE  TRUE FALSE  TRUE  TRUE  TRUE
[601]  TRUE  TRUE  TRUE  TRUE  TRUE  TRUE  TRUE  TRUE  TRUE  TRUE  TRUE  TRUE  TRUE  TRUE  TRUE
[616]  TRUE  TRUE  TRUE  TRUE  TRUE  TRUE  TRUE  TRUE  TRUE  TRUE  TRUE  TRUE  TRUE  TRUE  TRUE
[631]  TRUE  TRUE  TRUE  TRUE  TRUE  TRUE  TRUE  TRUE  TRUE  TRUE  TRUE  TRUE  TRUE  TRUE  TRUE
[646]  TRUE  TRUE  TRUE  TRUE  TRUE  TRUE  TRUE  TRUE  TRUE  TRUE  TRUE  TRUE FALSE  TRUE  TRUE
[661] FALSE FALSE  TRUE  TRUE  TRUE  TRUE  TRUE  TRUE  TRUE  TRUE  TRUE  TRUE  TRUE  TRUE  TRUE
[676] FALSE  TRUE  TRUE  TRUE  TRUE  TRUE  TRUE  TRUE  TRUE  TRUE  TRUE  TRUE  TRUE  TRUE  TRUE
[691]  TRUE  TRUE  TRUE  TRUE  TRUE  TRUE  TRUE  TRUE  TRUE  TRUE  TRUE  TRUE

