
Birth-death simulation object with 724 species and 500 extant species

Details for some species:

Extinction times (NA means extant)
[1] 123.88623 131.38935 125.96222  44.10210  88.16149  63.17251


Speciation times 
[1] 153.6900 143.1113 137.7846 135.9411 133.2864 124.7348


Species parents (NA for initial)
[1] NA  1  1  1  1  1


Species status (extinct or extant)
[1] "extinct" "extinct" "extinct" "extinct" "extinct" "extinct"


For more details on vector y, try sim$y, with y one of
TE TS PAR EXTANT



$TE
  [1] 123.886232 131.389351 125.962216  44.102096  88.161489  63.172507 103.443427 124.847710
  [9]  88.917362 125.269836 125.660962 123.301468 104.857443  76.759540  80.884690         NA
 [17]         NA         NA  88.089566  81.843664  77.406292 122.236049 112.556771 105.582742
 [25]  91.006653  93.191783  80.112342  61.899594  89.733918  44.539794 121.246784 115.020294
 [33] 103.910461  52.244856  82.879754  78.091972  58.127926  97.273390  32.319059  87.047766
 [41]  79.206574         NA         NA         NA 110.114506 104.733531  87.920913         NA
 [49]         NA         NA  89.453783  40.223574  64.818873  59.222310  81.343532  72.567094
 [57]  70.379370 111.972337  71.277594  85.663903  69.384677  65.368710  38.097683  69.491904
 [65]  88.726608  58.316296   7.628155  88.510076  72.839017         NA  75.596987         NA
 [73]         NA  86.906750         NA         NA         NA         NA         NA  66.317179
 [81]  55.134646         NA         NA  73.360690  54.685041         NA         NA  78.317632
 [89]  99.494905  65.923033  86.747427 101.617034  98.887057  81.628964  15.114830  75.055805
 [97]   8.264331  31.690823         NA         NA         NA         NA         NA  94.201363
[105]  90.701174  97.406022         NA  87.698984  21.877934  62.029741  63.535594  74.598118
[113]  76.632708         NA         NA         NA         NA         NA         NA         NA
[121]         NA         NA  83.731237  55.765732         NA         NA         NA         NA
[129]         NA         NA         NA         NA  73.757935  93.309878  93.134395  77.188535
[137]  51.306109   8.820623  71.971409  75.008645  84.887690         NA  98.761788  47.173169
[145]  16.308559  84.214711  81.651354  99.417686  17.323887  72.145828  61.656232         NA
[153]         NA         NA         NA         NA  65.799726  93.178402  59.198732  91.023661
[161]  54.070518         NA         NA         NA         NA         NA  76.762626  67.609892
[169]         NA  62.604706         NA         NA  83.298731  34.613563  79.348850         NA
[177]   7.663300         NA         NA         NA         NA         NA         NA         NA
[185]  50.036925  89.449232  28.319449         NA         NA         NA         NA  41.978693
[193]         NA  88.101968         NA  82.555827  74.432257  70.990876  50.008417         NA
[201]         NA         NA         NA         NA         NA         NA  52.164210  59.857739
[209]  55.879446         NA         NA         NA         NA         NA         NA         NA
[217]         NA         NA         NA         NA  80.864586         NA         NA  75.097870
[225]         NA  19.198418         NA         NA         NA         NA         NA         NA
[233]         NA         NA         NA         NA         NA         NA         NA  49.189133
[241]  89.631645         NA  72.816675  51.722302         NA         NA         NA         NA
[249]         NA         NA         NA         NA         NA         NA         NA  69.903881
[257]         NA         NA  70.528719  63.687935  86.991385  92.328114         NA         NA
[265]  88.727628  79.931911         NA         NA         NA         NA         NA         NA
[273]         NA  49.823340  71.654698  90.079315         NA         NA         NA  80.513034
[281]         NA         NA         NA         NA  63.284092  80.345287  11.431962  89.994732
[289]         NA         NA         NA         NA   1.947766         NA  82.677115  52.546548
[297]         NA         NA  20.612979         NA         NA  86.869185  73.935042         NA
[305]  88.605996  25.689797         NA  80.537321         NA         NA         NA         NA
[313]         NA         NA  49.225672  74.288568  83.458895  82.591470         NA         NA
[321]  67.676928  64.017482         NA  44.874161  66.197208  59.340380         NA         NA
[329]         NA         NA  44.076823         NA  69.260038  69.615484         NA         NA
[337]         NA  18.235524         NA         NA         NA         NA         NA         NA
[345]         NA         NA         NA         NA  55.684087  44.772255  58.390660         NA
[353]         NA  75.518267  21.999131         NA         NA  78.074388  78.944961         NA
[361]         NA         NA         NA         NA         NA         NA  48.473940         NA
[369]         NA  21.628964  64.131720  73.634212         NA         NA         NA         NA
[377]         NA         NA         NA         NA  65.222937  44.730123         NA         NA
[385]         NA         NA         NA         NA         NA  84.470204         NA         NA
[393]         NA         NA         NA         NA  82.297639         NA         NA         NA
[401]         NA         NA         NA  81.127599  74.041508         NA         NA         NA
[409]  79.936951         NA         NA         NA         NA         NA         NA         NA
[417]         NA         NA         NA         NA         NA         NA         NA         NA
[425]  80.584185  48.510454         NA  49.081908         NA         NA         NA         NA
[433]         NA  82.031455  22.821820  57.783416         NA         NA         NA         NA
[441]         NA         NA         NA         NA         NA  83.447665         NA         NA
[449]         NA         NA         NA         NA         NA         NA         NA         NA
[457]         NA         NA         NA         NA         NA         NA  66.856208         NA
[465]         NA         NA         NA         NA  76.912893  80.726050  70.109055         NA
[473]         NA         NA         NA         NA  79.003528  59.264803         NA         NA
[481]         NA  75.187760  64.895700  28.336025         NA         NA  79.509174  29.934260
[489]  80.135995         NA         NA         NA         NA         NA         NA         NA
[497]         NA         NA         NA         NA         NA         NA         NA         NA
[505]  81.598467         NA         NA         NA         NA         NA         NA         NA
[513]   4.933524         NA         NA         NA         NA         NA   4.633863  51.240432
[521]  55.128907         NA         NA         NA  71.825786         NA         NA         NA
[529]         NA         NA         NA         NA         NA         NA         NA         NA
[537]         NA         NA         NA         NA         NA         NA  65.366999         NA
[545]         NA         NA         NA         NA         NA  73.317748         NA         NA
[553]         NA         NA         NA         NA         NA         NA         NA         NA
[561]         NA         NA         NA         NA         NA         NA         NA         NA
[569]         NA         NA         NA         NA         NA         NA         NA         NA
[577]         NA         NA         NA         NA         NA         NA         NA         NA
[585]  75.204085         NA         NA         NA         NA         NA         NA         NA
[593]         NA         NA  26.376172  77.052480         NA         NA         NA         NA
[601]         NA         NA         NA         NA         NA         NA         NA         NA
[609]         NA         NA  32.567404         NA         NA         NA         NA         NA
[617]         NA         NA         NA         NA         NA         NA         NA         NA
[625]         NA         NA         NA         NA         NA         NA         NA         NA
[633]         NA         NA  78.845980         NA         NA         NA         NA         NA
[641]         NA         NA         NA         NA         NA         NA         NA         NA
[649]         NA         NA         NA         NA         NA         NA         NA         NA
[657]         NA         NA         NA         NA         NA         NA         NA         NA
[665]         NA         NA         NA         NA         NA         NA         NA         NA
[673]         NA         NA         NA         NA         NA         NA         NA         NA
[681]         NA         NA         NA         NA         NA         NA         NA         NA
[689]         NA         NA         NA         NA         NA         NA         NA         NA
[697]         NA         NA         NA         NA         NA         NA         NA         NA
[705]         NA         NA         NA         NA         NA         NA         NA         NA
[713]         NA         NA         NA         NA         NA         NA         NA         NA
[721]         NA         NA         NA         NA

$TS
  [1] 153.69000847 143.11134229 137.78457280 135.94113530 133.28637478 124.73476665 138.90627603
  [8] 126.16272495 124.93784143 134.54758324 127.10693091 132.71732213 106.68340281 101.24121383
 [15]  81.58633189  72.21836384  55.12830844  54.58965483 126.23861797 118.76181559 131.81664373
 [22] 127.92095614 115.11667355 107.73293772 107.03622754 103.23909663  85.97864278  84.36286556
 [29] 101.06087608  93.25370631 126.01915712 119.43926270 112.89606961 112.75683240 105.70324272
 [36]  91.87300015 122.76442653 118.84050722 106.53922008 103.82022563 101.97790077  80.40254332
 [43]  77.57089239  67.74311055 119.90725071 114.61715898 113.16470825  68.29928968  62.08175676
 [50]  60.90422202 117.43108716 112.94896130 112.89758821 111.91542281 117.31798820 100.69791574
 [57]  85.85169285 112.13399332 110.69079882  94.67014556  85.88076246 112.95757964 108.67302858
 [64]  98.47270264  94.55661414  91.33910282  89.90892983 107.35974980  97.04518066  85.71221456
 [71]  80.95343057  78.99416084  75.04366537  89.82422943  76.13310053  70.51227503  45.52203669
 [78]  40.88761942 106.40511023 101.19203118  85.52187038  77.34866494  67.98980946  89.20661124
 [85]  85.61429698  74.93929619  63.01601448 111.00756655 108.00402104  99.20285804  89.67829841
 [92] 106.16256616 101.00086676  84.01133278 100.14226336  98.22555003  97.07163547  89.34934151
 [99]  69.60281088  61.16428544  59.70156879  56.31630158  38.13902648  97.74164919  91.58862750
[106] 103.75266367  93.90693148  92.72586386  88.05755514  85.92561144  83.90241681  82.88213591
[113]  80.78868836  77.86565906  66.73999622  66.33905816  66.10858289  54.26478675  50.62527202
[120]  43.44162798  43.28006456  38.77626845 101.74786878  86.26492766  50.36106870  42.51446783
[127]  28.28985590  26.93885106  21.42829211  12.98914440   9.14967610   5.14825354  84.33543982
[134] 100.69208707  95.91250734  96.22079623  99.64024278  96.89113828  96.16769739  96.13347986
[141]  90.82797173  80.57011064  98.86710959  98.39482909  99.19292820  91.07475210  87.97259659
[148]  99.92214694  86.96215391  83.62256522  82.95059861  78.58893724  73.99292990  71.11718133
[155]  66.50966974  98.00850312  89.83978940  96.61235109  88.69117649  98.18248353  97.97810611
[162]  75.23331234  46.77440070  42.31367514  21.12083173  16.98035989  92.84193212  89.81590134
[169]  87.67982525  84.55029215  59.50684396  56.23473707  90.71175203  86.72797165  85.99172694
[176]  77.10358286  98.03690955  75.81026991  66.01623902  52.33734460  30.33354061  29.78295541
[183]  23.45112159  17.65401323  87.83903472  97.26208123  81.60971391  77.50368459  65.64623261
[190]  65.28463940  60.11280639  88.10765305  80.17769736  96.38599478  95.74991456  95.65697548
[197]  94.11239613  82.32564234  80.78100533  80.59563064  56.86554204  52.53700358  35.68918546
[204]  28.88489403  24.91462660  13.88779130  90.61136326  88.65197458  86.35205900  71.91602161
[211]  69.97257551  63.20728006  61.79948604  54.28449720  47.64328925  34.17704907  34.06655924
[218]  30.24266164  20.68307286   6.81334360  89.41276546  79.76738235  79.55944541  95.11715662
[225]  96.08354001  84.80326690  82.08748254  63.77191320  62.27675802  55.87952691  54.49841583
[232]  38.65331919  36.79971902  35.75983905  35.54561727  24.22254870  21.50751791  14.93773477
[239]  11.06067257  93.90604414  89.99837572  75.02522683  90.03026383  81.96659424  75.03874935
[246]  68.57876900  68.31643500  55.58327364  28.14332311  28.06044552  25.13759640  20.55495292
[253]  20.52340237  19.11427146  12.19406581  96.10396395  80.43611878  78.94060222  80.83983462
[260]  90.80594863  89.13013759  93.09036625  83.98718621  79.18028378  90.12475633  89.54026030
[267]  71.55398112  66.04649356  53.70990576  37.26889247  13.38689518   5.95333341   0.69746854
[274]  95.87288934  94.47661237  90.94914569  79.29447889  60.59261724  54.86959380  89.23712114
[281]  65.56549118  44.25412691  31.51447581  11.48832029  87.53805360  85.16562136  83.43602030
[288]  93.07396420  80.24413945  78.95207306  78.19844751  74.23909714  80.91059775  76.60171470
[295]  88.04533290  85.86599693  73.61986003  39.02946717  85.35393393  70.48527314  58.20233246
[302]  91.98167186  80.86094059  59.30252491  91.75966797  90.84452765  91.36203924  89.26774081
[309]  51.39900154  50.32284686  36.14152759  30.26071636  63.51101792  61.55536389  90.75418677
[316]  87.44032489  85.89582693  88.16656809  71.78367572  25.69295196  89.11589513  88.55721422
[323]  70.74293306  90.01046499  88.29925101  84.09988332  74.95953258  62.23641329  58.54616637
[330]  49.52798149  81.00716977  74.77910817  88.98137731  87.70429289  72.12508779  63.06728619
[337]  57.04901461  86.55289418  77.35922113  60.84436696  55.32803378  52.11665219  46.75750848
[344]  34.94536994  34.85444789  34.81336453  21.00960243  77.20748540  88.23303298  85.18492315
[351]  82.62673027  79.20450126  74.15569254  88.54315626  82.58825523  69.66301947  61.30468513
[358]  87.14265379  81.94077984  79.61096242  77.98008034  82.43431976  79.73548025  78.11275772
[365]  70.15513423  68.16073085  86.01319917  71.84782259  70.59518227  86.92473774  86.06001511
[372]  82.21658327  79.81481462  78.21096136  78.02646751  71.43809636  71.09433959  61.44808507
[379]  60.15141473  67.85147511  86.33978669  80.68738117  77.73914472  72.25278391  69.56734819
[386]  67.42851488  68.60418691  62.47449393  56.60869998  85.19520135  76.90121152  74.41596492
[393]  70.72239601  66.82412176  65.37961816  47.71845223  86.45929417  66.32101413  65.36994335
[400]  42.99052463  38.30852882  35.30610875  33.21639362  86.17880876  85.86542431  78.55775302
[407]  73.21107053  50.37671796  80.66595236  77.68630223  79.54576998  77.70436758  68.09315225
[414]  51.03455950  36.96682381  31.40434254  28.21577454  23.19259316  17.72500463   6.99035061
[421]   5.41312125   2.47616030  72.80676336  64.80407556  82.75103008  82.14226101  78.33836905
[428]  85.23308131  84.26636681  75.03148103  75.00849824  66.49657410  30.96421653  86.88116635
[435]  83.68406111  83.22937451  53.60616657  52.91233171  52.40283594  51.35279886  49.25825131
[442]  49.17977654  39.66036962  38.92322743  37.22909562  84.16754545  83.23970907  79.45647100
[449]  70.94204430  67.69136223  64.27102120  40.69471478  75.97722746  60.19715225  59.40292166
[456]  34.85219996  29.49353587  24.06194823  20.73532111  79.13509108  73.97825306  70.18234877
[463]  80.61359729  67.09820059  71.77410415  68.55788025  65.65107296  60.27911327  83.55885229
[470]  85.22985596  83.72211408  75.88912351  75.08063168  70.58432343  60.46938788  53.40828722
[477]  84.89286675  83.29346385  81.32262191  72.42514311  66.73165638  82.12493759  81.89481859
[484]  85.16074924  60.32578450  79.62565043  84.04400499  83.01916069  81.45970200  77.70359330
[491]  72.31882770  69.83467202  67.41624018  63.36631693  41.63345008  39.31407769  33.56843286
[498]  32.18571227  17.61211220  76.43848432  61.33560382  77.80800605  57.05059739  56.83720266
[505]  82.49177236  77.85894704  69.59284260  66.99735474  58.52608129  57.01341351  39.08568309
[512]  33.50865896  83.97714787  82.02003749  79.05771192  73.63734660  69.84728580  60.21450554
[519]  82.59919687  81.52641237  83.88319455  70.74091763  67.92020418  48.26801591  83.58055456
[526]  78.52543179  75.08171366  63.86162634  42.99222236  41.94799632  40.30273673  35.38804721
[533]  33.06767268  79.78014475  65.17934761  64.31613096  59.27261073  58.07230142  52.25545349
[540]  32.36260712  26.40788920  22.07453377  81.69967387  74.30786358  69.49270489  67.27438027
[547]  65.33590315  64.56166254  76.21820979  82.89728658  77.91375550  76.83653259  74.25481618
[554]  75.55396714  67.17764250  60.30226234  56.38921764  52.81140320  46.76058099  42.21695679
[561]  26.90819041  11.41665700  77.19074464  69.13693700  65.21865330  64.43037255  62.64223823
[568]  35.57055905  78.91371283  65.44175201  39.37958229  30.08843952  28.67801385  24.89298065
[575]  16.38875351  15.29947158  12.71608226  69.11677695  64.99886355  70.28318633  67.59169813
[582]  76.03478493  74.44348122  71.40871708  82.40830110  70.66183592  69.55160290  51.25037961
[589]  49.17825398  47.91320941  34.09372381  29.34517185  24.08753522  79.51558030  83.48950181
[596]  80.65596747  80.22999206  78.74383717  71.64358599  61.21737877  56.41324446  46.43941690
[603]  26.92173586  64.44126933  56.68382636  50.54148611  43.28416535  32.31947171  26.49226615
[610]  25.44373771  81.76482587  74.46198090  72.06521550  77.43057029  69.31049090  40.41329109
[617]   2.67151552  75.02142088  63.87643878  57.95103477  76.08756810  75.11161828  55.94949514
[624]  52.47452492  40.92948401  79.68706858  78.94094851  74.14748237  70.62297850  66.03248517
[631]  66.44605766  59.18528731  30.74444783  19.97391799  81.94269038  80.36656386  78.74550347
[638]  74.86264831  55.07068955  46.68102706  30.78133600  77.35954594  61.43528705  45.62793705
[645]  42.34988559  42.08925247  35.24322347  20.92785688   7.96785245  79.61632933  54.30645068
[652]  53.34087752  62.02375871  39.56162210  24.24223117  15.57359197   0.02352536  78.78883943
[659]  55.86785758  52.42429752  43.75117629  35.62025292  28.67800477  23.95183880   9.35706093
[666]   2.48543481  62.65757953  61.01050941  57.03636011  79.69738145  76.71969928  70.45856017
[673]  57.43759017  52.02778690  48.90460182  48.28441003  43.10478402  33.96826840  33.56287908
[680]  71.55709291  77.10104825  70.09821851  55.07812271  54.61390270  49.15891412  41.46428071
[687]  39.81055014  79.97526876  75.14183563  58.45776609  53.23641134  48.10632778  38.50130802
[694]   2.58867597  70.01344729  68.27759581  46.09622474  76.21626955  55.64377394  52.14456428
[701]  49.09907768  47.66855720  43.90135658  26.50668371  23.49064387  78.87564183  78.01833234
[708]  74.02382039  72.22178950  71.99931654  70.68832110  67.35797566  67.02943476  58.86823271
[715]  56.37319558  46.52599740  80.24046535  70.76118984  47.01053003  34.96203051  23.33444463
[722]  14.76858134   2.54847160   1.22383273

$PAR
  [1]  NA   1   1   1   1   1   2   7   7   3   3   4   4   4   4   4   4   4   5   5  12  12  21
 [24]  21  21  21  21  21  19  19   8   9   9   9   9   9   6   6   6   6   6   6   6   6  37  37
 [47]  37  37  37  37  45  45  45  45  32  20  20  51  55  55  55  46  47  47  47  47  47  62  62
 [70]  62  62  62  62  52  52  52  52  52  53  53  53  53  53  34  34  34  34  54  54  54  54  88
 [93]  88  88  59  59  59  63  63  63  63  63  63  68  68  25  25  25  39  39  39  39  39  39  39
[116]  39  39  39  39  39  39  39  79  79  79  79  79  79  79  79  79  79  35  40  40  26  41  41
[139]  41  41  41  41 123 123  14  14  14  80  80  80  80  80  80  80  80  29  29  56  56 134 134
[162]  95  95  95  95  95 137 137 137 137 137 137  90  90  90  90 145 145 145 145 145 145 145 145
[185]  64 144 144 144 144 144 144  96  96 160 160 177 177 177 177 177 177 177 177 177 177 177 156
[208] 156 156 156 156 156 156 156 156 156 156 156 156 156 161 161 161 186  97  97  97  97  97  97
[231]  97  97  97  97  97  97  97  97  97  69  69  69 138 138 138 138 138 138 138 138 138 138 138
[254] 138 138 136 136 136 139 140 140 256 256 256 225 225 225 225 225 225 225 225 225 135 135 274
[277] 274 274 274 195 195 195 195 195 196 196 224  65 275 275 275 275 197 197 107 107 107 107 240
[300] 240 240  30  30  30 288 167 108 307 307 307 307 307  66  66 146 146 146 306 306 306 260 260
[323] 260 315 315 315 315 315 315 315 207 207 243 243 324 324 324  67  67  67  67  67  67  67  67
[346]  67  67 157 168 168 168 168 168 221 221  98  98 280  84  84  84 321 321 321 321 321 333 159
[369] 159 208 208 208 208 208 208 208 208 208 208 322 354 354 325 325 325 325 349 349 349 318 192
[392] 192 192 192 192 192 109 109 109 109 109 109 109 185 185 185 185 185 334 334 169 169 169 169
[415] 169 169 169 169 169 169 169 169 285 285 316 316 358 149 149 149 149 149 149 370 370 370 370
[438] 370 370 370 370 370 370 370 370 434 174 174 174 174 174 174 338 338 338 338 338 338 338 209
[461] 209 209 381 381 124 124 124 124 404 371 371 371 367 367 367 367  27  27 110 110 110  61  61
[484] 296 296 405  57  57  57  70  70  70  70  70  70  70  70  70  70  85  85  81  81  81 299 299
[507] 299 299 299 299 299 299 428 428 428 428 428 428 470 470 350 350 350 350 286 484 484 484 484
[530] 484 484 484 484 477 226 226 226 226 226 226 226 226 170 170 170 170 170 170  28 133 133 133
[553] 133 429 429 429 429 429 429 429 429 429 326 326 326 326 263 263 513 513 513 513 513 513 513
[576] 513 513 111 111 521 521 471 471 471 435 435 435 435 435 435 435 435 435 525 469 469 469 469
[599] 595 595 595 595 595 287 287 287 287 287 287 287 478 478 478 447 447 447 447 436 436 436 488
[622] 488 488 488 488 151 151 151 151 151 519 519 519 519 355 355 355 355 355 355 355 362 362 362
[645] 362 362 362 362 362 198 426 426 227 227 227 227 227 514 514 514 514 514 514 514 514 514 244
[668] 244 244 483 483 483 611 611 611 611 611 611 611 543 187 187 187 187 187 187 187 520 520 520
[691] 520 479 479 479 331 331 331 293 293 293 293 293 293 293 293 113 113 199 199 199 199 199 199
[714] 199 382 382 596 200 200 200 200 200 200 200

$EXTANT
  [1] FALSE FALSE FALSE FALSE FALSE FALSE FALSE FALSE FALSE FALSE FALSE FALSE FALSE FALSE FALSE
 [16]  TRUE  TRUE  TRUE FALSE FALSE FALSE FALSE FALSE FALSE FALSE FALSE FALSE FALSE FALSE FALSE
 [31] FALSE FALSE FALSE FALSE FALSE FALSE FALSE FALSE FALSE FALSE FALSE  TRUE  TRUE  TRUE FALSE
 [46] FALSE FALSE  TRUE  TRUE  TRUE FALSE FALSE FALSE FALSE FALSE FALSE FALSE FALSE FALSE FALSE
 [61] FALSE FALSE FALSE FALSE FALSE FALSE FALSE FALSE FALSE  TRUE FALSE  TRUE  TRUE FALSE  TRUE
 [76]  TRUE  TRUE  TRUE  TRUE FALSE FALSE  TRUE  TRUE FALSE FALSE  TRUE  TRUE FALSE FALSE FALSE
 [91] FALSE FALSE FALSE FALSE FALSE FALSE FALSE FALSE  TRUE  TRUE  TRUE  TRUE  TRUE FALSE FALSE
[106] FALSE  TRUE FALSE FALSE FALSE FALSE FALSE FALSE  TRUE  TRUE  TRUE  TRUE  TRUE  TRUE  TRUE
[121]  TRUE  TRUE FALSE FALSE  TRUE  TRUE  TRUE  TRUE  TRUE  TRUE  TRUE  TRUE FALSE FALSE FALSE
[136] FALSE FALSE FALSE FALSE FALSE FALSE  TRUE FALSE FALSE FALSE FALSE FALSE FALSE FALSE FALSE
[151] FALSE  TRUE  TRUE  TRUE  TRUE  TRUE FALSE FALSE FALSE FALSE FALSE  TRUE  TRUE  TRUE  TRUE
[166]  TRUE FALSE FALSE  TRUE FALSE  TRUE  TRUE FALSE FALSE FALSE  TRUE FALSE  TRUE  TRUE  TRUE
[181]  TRUE  TRUE  TRUE  TRUE FALSE FALSE FALSE  TRUE  TRUE  TRUE  TRUE FALSE  TRUE FALSE  TRUE
[196] FALSE FALSE FALSE FALSE  TRUE  TRUE  TRUE  TRUE  TRUE  TRUE  TRUE FALSE FALSE FALSE  TRUE
[211]  TRUE  TRUE  TRUE  TRUE  TRUE  TRUE  TRUE  TRUE  TRUE  TRUE FALSE  TRUE  TRUE FALSE  TRUE
[226] FALSE  TRUE  TRUE  TRUE  TRUE  TRUE  TRUE  TRUE  TRUE  TRUE  TRUE  TRUE  TRUE  TRUE FALSE
[241] FALSE  TRUE FALSE FALSE  TRUE  TRUE  TRUE  TRUE  TRUE  TRUE  TRUE  TRUE  TRUE  TRUE  TRUE
[256] FALSE  TRUE  TRUE FALSE FALSE FALSE FALSE  TRUE  TRUE FALSE FALSE  TRUE  TRUE  TRUE  TRUE
[271]  TRUE  TRUE  TRUE FALSE FALSE FALSE  TRUE  TRUE  TRUE FALSE  TRUE  TRUE  TRUE  TRUE FALSE
[286] FALSE FALSE FALSE  TRUE  TRUE  TRUE  TRUE FALSE  TRUE FALSE FALSE  TRUE  TRUE FALSE  TRUE
[301]  TRUE FALSE FALSE  TRUE FALSE FALSE  TRUE FALSE  TRUE  TRUE  TRUE  TRUE  TRUE  TRUE FALSE
[316] FALSE FALSE FALSE  TRUE  TRUE FALSE FALSE  TRUE FALSE FALSE FALSE  TRUE  TRUE  TRUE  TRUE
[331] FALSE  TRUE FALSE FALSE  TRUE  TRUE  TRUE FALSE  TRUE  TRUE  TRUE  TRUE  TRUE  TRUE  TRUE
[346]  TRUE  TRUE  TRUE FALSE FALSE FALSE  TRUE  TRUE FALSE FALSE  TRUE  TRUE FALSE FALSE  TRUE
[361]  TRUE  TRUE  TRUE  TRUE  TRUE  TRUE FALSE  TRUE  TRUE FALSE FALSE FALSE  TRUE  TRUE  TRUE
[376]  TRUE  TRUE  TRUE  TRUE  TRUE FALSE FALSE  TRUE  TRUE  TRUE  TRUE  TRUE  TRUE  TRUE FALSE
[391]  TRUE  TRUE  TRUE  TRUE  TRUE  TRUE FALSE  TRUE  TRUE  TRUE  TRUE  TRUE  TRUE FALSE FALSE
[406]  TRUE  TRUE  TRUE FALSE  TRUE  TRUE  TRUE  TRUE  TRUE  TRUE  TRUE  TRUE  TRUE  TRUE  TRUE
[421]  TRUE  TRUE  TRUE  TRUE FALSE FALSE  TRUE FALSE  TRUE  TRUE  TRUE  TRUE  TRUE FALSE FALSE
[436] FALSE  TRUE  TRUE  TRUE  TRUE  TRUE  TRUE  TRUE  TRUE  TRUE FALSE  TRUE  TRUE  TRUE  TRUE
[451]  TRUE  TRUE  TRUE  TRUE  TRUE  TRUE  TRUE  TRUE  TRUE  TRUE  TRUE  TRUE FALSE  TRUE  TRUE
[466]  TRUE  TRUE  TRUE FALSE FALSE FALSE  TRUE  TRUE  TRUE  TRUE  TRUE FALSE FALSE  TRUE  TRUE
[481]  TRUE FALSE FALSE FALSE  TRUE  TRUE FALSE FALSE FALSE  TRUE  TRUE  TRUE  TRUE  TRUE  TRUE
[496]  TRUE  TRUE  TRUE  TRUE  TRUE  TRUE  TRUE  TRUE  TRUE FALSE  TRUE  TRUE  TRUE  TRUE  TRUE
[511]  TRUE  TRUE FALSE  TRUE  TRUE  TRUE  TRUE  TRUE FALSE FALSE FALSE  TRUE  TRUE  TRUE FALSE
[526]  TRUE  TRUE  TRUE  TRUE  TRUE  TRUE  TRUE  TRUE  TRUE  TRUE  TRUE  TRUE  TRUE  TRUE  TRUE
[541]  TRUE  TRUE FALSE  TRUE  TRUE  TRUE  TRUE  TRUE  TRUE FALSE  TRUE  TRUE  TRUE  TRUE  TRUE
[556]  TRUE  TRUE  TRUE  TRUE  TRUE  TRUE  TRUE  TRUE  TRUE  TRUE  TRUE  TRUE  TRUE  TRUE  TRUE
[571]  TRUE  TRUE  TRUE  TRUE  TRUE  TRUE  TRUE  TRUE  TRUE  TRUE  TRUE  TRUE  TRUE  TRUE FALSE
[586]  TRUE  TRUE  TRUE  TRUE  TRUE  TRUE  TRUE  TRUE  TRUE FALSE FALSE  TRUE  TRUE  TRUE  TRUE
[601]  TRUE  TRUE  TRUE  TRUE  TRUE  TRUE  TRUE  TRUE  TRUE  TRUE FALSE  TRUE  TRUE  TRUE  TRUE
[616]  TRUE  TRUE  TRUE  TRUE  TRUE  TRUE  TRUE  TRUE  TRUE  TRUE  TRUE  TRUE  TRUE  TRUE  TRUE
[631]  TRUE  TRUE  TRUE  TRUE FALSE  TRUE  TRUE  TRUE  TRUE  TRUE  TRUE  TRUE  TRUE  TRUE  TRUE
[646]  TRUE  TRUE  TRUE  TRUE  TRUE  TRUE  TRUE  TRUE  TRUE  TRUE  TRUE  TRUE  TRUE  TRUE  TRUE
[661]  TRUE  TRUE  TRUE  TRUE  TRUE  TRUE  TRUE  TRUE  TRUE  TRUE  TRUE  TRUE  TRUE  TRUE  TRUE
[676]  TRUE  TRUE  TRUE  TRUE  TRUE  TRUE  TRUE  TRUE  TRUE  TRUE  TRUE  TRUE  TRUE  TRUE  TRUE
[691]  TRUE  TRUE  TRUE  TRUE  TRUE  TRUE  TRUE  TRUE  TRUE  TRUE  TRUE  TRUE  TRUE  TRUE  TRUE
[706]  TRUE  TRUE  TRUE  TRUE  TRUE  TRUE  TRUE  TRUE  TRUE  TRUE  TRUE  TRUE  TRUE  TRUE  TRUE
[721]  TRUE  TRUE  TRUE  TRUE

