
Birth-death simulation object with 734 species and 500 extant species

Details for some species:

Extinction times (NA means extant)
[1] 184.2964 235.3638 174.1052 170.1701 198.4100 191.5545


Speciation times 
[1] 252.4431 248.9131 225.2617 213.0011 201.8659 201.0072


Species parents (NA for initial)
[1] NA  1  1  1  1  1


Species status (extinct or extant)
[1] "extinct" "extinct" "extinct" "extinct" "extinct" "extinct"


For more details on vector y, try sim$y, with y one of
TE TS PAR EXTANT



$TE
  [1] 184.29636 235.36382 174.10518 170.17008 198.41000 191.55452 178.73910 194.29043 145.88026
 [10] 173.20451 178.64996 180.40243 113.85723 163.56410 112.77271 155.64157 101.27598 115.80119
 [19] 141.89863 151.62313  78.95213 126.74366        NA        NA        NA        NA        NA
 [28]        NA 151.67884 133.16415 154.89880 122.12199 122.59328 127.98995 171.94037 176.16898
 [37] 161.09604 149.84958 154.88925 143.59538        NA        NA        NA        NA        NA
 [46]        NA        NA        NA        NA 166.76170 164.44091 130.80780 152.04394        NA
 [55] 155.48143 178.38717 132.65967  95.67798 120.96313 175.84514 111.38488 160.70307 131.44899
 [64] 150.28552 146.22432  82.02580 101.28311 117.89077        NA 156.39684 154.60802  61.55402
 [73] 167.17266 133.30833 154.10107 135.96145 136.86184 172.36415 148.88222  93.21550  93.10926
 [82] 163.60337 137.46112  84.90395 153.02730 163.40812 101.97311 129.59387 137.12300 162.66459
 [91] 110.97485        NA        NA        NA 142.36731 132.51597 108.26193        NA 145.00598
[100] 129.36945 111.68341        NA        NA        NA        NA 140.57680 139.59172 136.65501
[109]        NA        NA        NA        NA 138.03710 159.03042 138.47048 130.59707 103.93198
[118]        NA        NA        NA        NA        NA        NA        NA        NA 143.22030
[127] 126.78398 103.68120        NA        NA        NA        NA        NA        NA        NA
[136]        NA        NA 145.75007  38.63895 118.04763  95.46344 160.35312 104.19499 134.11942
[145] 105.27089 150.42808 122.58597        NA        NA        NA 137.24165 154.80854 101.17324
[154] 147.84492 147.05627 145.35901 110.52691 137.60608        NA        NA        NA        NA
[163]        NA        NA 146.51552        NA        NA  10.90533 127.76300  69.00401 133.42399
[172]  87.78827 128.91182        NA        NA        NA        NA        NA        NA        NA
[181]        NA  53.07206 143.98648  67.26206 124.41060        NA        NA        NA        NA
[190]        NA        NA        NA  87.13433 139.37861        NA        NA        NA        NA
[199] 117.32897 141.35460 101.14463 129.07020        NA        NA        NA        NA        NA
[208]        NA 126.33367 124.82082 140.54691        NA        NA 144.80966 123.25125 148.65693
[217] 108.01981 120.29299 134.55632        NA        NA        NA        NA 144.68756 133.31717
[226]        NA        NA 154.89220  69.60489        NA 133.16186 102.89120 140.43741        NA
[235]        NA        NA        NA        NA        NA        NA        NA        NA        NA
[244] 115.97484 120.81168 139.34214        NA        NA 150.44327 132.54324        NA        NA
[253]        NA        NA        NA        NA        NA 123.46289        NA        NA        NA
[262]        NA        NA        NA        NA        NA        NA 140.20663  62.30811        NA
[271]        NA        NA        NA        NA        NA        NA        NA        NA        NA
[280]        NA  56.56533        NA        NA 115.40320 145.28434        NA        NA        NA
[289]        NA        NA 106.68393  35.72665        NA        NA        NA        NA 131.90563
[298] 123.88842        NA        NA        NA        NA 127.00242        NA        NA        NA
[307]        NA 142.82237 128.55465        NA        NA        NA        NA 137.31672 126.83506
[316]        NA        NA        NA        NA        NA        NA        NA        NA        NA
[325]        NA        NA        NA        NA        NA        NA        NA        NA        NA
[334]        NA        NA 120.39968 135.16148        NA        NA        NA        NA        NA
[343]        NA        NA        NA        NA        NA        NA 135.43858 132.68246 143.46160
[352] 148.16423 116.34949 121.36437 136.34575        NA        NA 137.60444 128.20113  94.62237
[361]        NA        NA        NA        NA        NA        NA        NA        NA        NA
[370]        NA        NA 142.39251        NA        NA        NA        NA        NA        NA
[379]        NA        NA        NA        NA 116.23724  76.92121 141.68792 113.48259        NA
[388] 137.37250        NA        NA        NA 112.39247        NA        NA        NA        NA
[397]        NA        NA        NA 120.48250        NA        NA        NA        NA        NA
[406]        NA 113.11862        NA        NA        NA        NA        NA        NA        NA
[415]        NA        NA        NA        NA        NA        NA 118.56485 123.46628 141.12962
[424]        NA        NA        NA        NA        NA        NA        NA        NA        NA
[433]        NA        NA        NA        NA        NA        NA        NA        NA        NA
[442] 134.38191 122.87570 128.95175  81.37314 126.04137        NA        NA        NA  78.05413
[451]  55.79356 134.17553        NA        NA        NA        NA 118.05107 102.64467 141.30060
[460]        NA        NA 144.18099 110.31275  56.73929        NA        NA        NA        NA
[469]        NA        NA 102.21012 141.54803 132.13068        NA        NA        NA 122.84474
[478]        NA        NA        NA        NA        NA        NA        NA  91.01338 138.05417
[487]        NA 135.07237        NA        NA        NA 144.35654 123.76719 131.01753        NA
[496]        NA        NA        NA        NA        NA  77.04687 112.09720        NA        NA
[505]        NA        NA 120.90561        NA  89.03319        NA        NA        NA 126.43604
[514]        NA        NA        NA        NA        NA        NA 113.68647        NA        NA
[523]        NA        NA 102.95362 137.13323        NA        NA        NA        NA        NA
[532]        NA        NA        NA        NA 109.67448        NA        NA        NA        NA
[541]        NA        NA        NA        NA        NA        NA        NA 122.89505        NA
[550]        NA        NA        NA        NA        NA        NA        NA        NA        NA
[559]        NA        NA        NA        NA        NA        NA        NA        NA        NA
[568]        NA        NA        NA        NA        NA        NA 138.67941 131.04193        NA
[577]        NA 111.03333        NA        NA        NA        NA 117.64315 128.75584        NA
[586] 139.25474        NA        NA        NA        NA        NA        NA  97.93172        NA
[595]        NA        NA        NA  85.13577        NA        NA        NA        NA        NA
[604]        NA        NA        NA        NA  96.39992        NA        NA        NA        NA
[613]        NA        NA        NA        NA        NA        NA        NA        NA        NA
[622]        NA        NA  31.98924        NA 121.76967        NA        NA        NA        NA
[631]        NA        NA        NA        NA        NA        NA        NA        NA        NA
[640]        NA 118.48937        NA        NA        NA        NA        NA        NA 123.24353
[649]        NA        NA        NA        NA        NA        NA        NA        NA        NA
[658]        NA        NA        NA  59.16087        NA        NA        NA        NA        NA
[667]        NA        NA        NA        NA        NA        NA        NA        NA        NA
[676]        NA        NA        NA        NA        NA        NA        NA        NA        NA
[685]        NA        NA        NA        NA        NA        NA        NA        NA        NA
[694]        NA        NA        NA        NA        NA        NA        NA        NA        NA
[703]        NA        NA        NA        NA        NA        NA        NA        NA        NA
[712]        NA        NA        NA        NA        NA        NA        NA        NA        NA
[721]        NA        NA        NA        NA        NA        NA        NA        NA        NA
[730]        NA        NA        NA        NA        NA

$TS
  [1] 2.524431e+02 2.489131e+02 2.252617e+02 2.130011e+02 2.018659e+02 2.010072e+02 1.904189e+02
  [8] 1.974541e+02 1.989844e+02 1.988677e+02 1.925635e+02 1.972759e+02 1.828115e+02 1.751513e+02
 [15] 1.639819e+02 1.597170e+02 1.493477e+02 1.955206e+02 1.936995e+02 1.812120e+02 1.890701e+02
 [22] 1.451708e+02 1.364440e+02 1.310036e+02 1.272934e+02 1.247538e+02 1.174499e+02 1.164538e+02
 [29] 1.926986e+02 1.882089e+02 1.582994e+02 1.505247e+02 1.652162e+02 1.565778e+02 1.875704e+02
 [36] 1.880674e+02 1.849363e+02 1.631745e+02 1.577618e+02 1.538429e+02 1.390891e+02 1.229967e+02
 [43] 1.181371e+02 1.123315e+02 1.096891e+02 9.780330e+01 9.586495e+01 8.847508e+01 8.299350e+01
 [50] 1.776077e+02 1.734957e+02 1.639160e+02 1.570486e+02 1.392297e+02 1.861445e+02 1.799568e+02
 [57] 1.752879e+02 1.688841e+02 1.656203e+02 1.785755e+02 1.706296e+02 1.627369e+02 1.614053e+02
 [64] 1.761537e+02 1.715165e+02 1.596302e+02 1.563914e+02 1.539272e+02 1.357653e+02 1.729025e+02
 [71] 1.628475e+02 1.579782e+02 1.743900e+02 1.626487e+02 1.595025e+02 1.579413e+02 1.550272e+02
 [78] 1.735946e+02 1.592948e+02 1.553953e+02 1.668925e+02 1.691240e+02 1.693197e+02 1.651609e+02
 [85] 1.582797e+02 1.681565e+02 1.609876e+02 1.556932e+02 1.508011e+02 1.672204e+02 1.431949e+02
 [92] 1.350140e+02 1.191813e+02 1.121268e+02 1.691177e+02 1.593293e+02 1.534694e+02 1.531657e+02
 [99] 1.509955e+02 1.462611e+02 1.617948e+02 1.354756e+02 1.214372e+02 1.203507e+02 1.173095e+02
[106] 1.647200e+02 1.610955e+02 1.469406e+02 1.322424e+02 1.219344e+02 1.051049e+02 9.405690e+01
[113] 1.625135e+02 1.608510e+02 1.449850e+02 1.429189e+02 1.427759e+02 1.372496e+02 1.319041e+02
[120] 1.311191e+02 1.279376e+02 1.277052e+02 1.272532e+02 1.224882e+02 1.254108e+02 1.515142e+02
[127] 1.410133e+02 1.407590e+02 1.359686e+02 1.297619e+02 1.236730e+02 1.066629e+02 1.064814e+02
[134] 1.013459e+02 9.685742e+01 9.076251e+01 9.054672e+01 1.546659e+02 1.492107e+02 1.426886e+02
[141] 1.622163e+02 1.605008e+02 1.601495e+02 1.599733e+02 1.542156e+02 1.519268e+02 1.410628e+02
[148] 1.349640e+02 1.226042e+02 1.210247e+02 1.616422e+02 1.580807e+02 1.565156e+02 1.580843e+02
[155] 1.555949e+02 1.497892e+02 1.546556e+02 1.445771e+02 1.278852e+02 1.226986e+02 1.169867e+02
[162] 9.980925e+01 9.857563e+01 9.784046e+01 1.503135e+02 1.303728e+02 1.268002e+02 1.441124e+02
[169] 1.428348e+02 1.613649e+02 1.457835e+02 1.421908e+02 1.395107e+02 1.327543e+02 1.392447e+02
[176] 1.381547e+02 1.288143e+02 9.764125e+01 9.018653e+01 8.775900e+01 7.740877e+01 1.557697e+02
[183] 1.535746e+02 1.407296e+02 1.468795e+02 1.344129e+02 1.232452e+02 1.212320e+02 1.102713e+02
[190] 1.092983e+02 1.069866e+02 1.022958e+02 1.575176e+02 1.450436e+02 1.295525e+02 1.248345e+02
[197] 1.223142e+02 1.054343e+02 1.571402e+02 1.535205e+02 1.490306e+02 1.582956e+02 1.201569e+02
[204] 1.116297e+02 1.025667e+02 1.010828e+02 9.917920e+01 8.607569e+01 1.587993e+02 1.476974e+02
[211] 1.475699e+02 1.357873e+02 1.337410e+02 1.573134e+02 1.584693e+02 1.576998e+02 1.558881e+02
[218] 1.455789e+02 1.413528e+02 1.377199e+02 1.356653e+02 1.309266e+02 1.297574e+02 1.569136e+02
[225] 1.481466e+02 1.363056e+02 1.310286e+02 1.551350e+02 1.521887e+02 1.312270e+02 1.531964e+02
[232] 1.517087e+02 1.493574e+02 1.391680e+02 1.305468e+02 1.208139e+02 1.201398e+02 8.539258e+01
[239] 8.101955e+01 8.049576e+01 7.696967e+01 7.161969e+01 6.723209e+01 1.446993e+02 1.401442e+02
[246] 1.526657e+02 1.275582e+02 1.152888e+02 1.547384e+02 1.483675e+02 1.347266e+02 1.337052e+02
[253] 1.306251e+02 1.305199e+02 1.245735e+02 1.368029e+02 1.311582e+02 1.448647e+02 1.338417e+02
[260] 1.223365e+02 1.214376e+02 1.098072e+02 1.023643e+02 1.369038e+02 1.116303e+02 1.348090e+02
[267] 1.190920e+02 1.474455e+02 1.424561e+02 1.274714e+02 1.189246e+02 1.181537e+02 1.130352e+02
[274] 1.127049e+02 1.078716e+02 1.016065e+02 9.883288e+01 8.852524e+01 7.691495e+01 5.705365e+01
[281] 1.414268e+02 1.369538e+02 1.300834e+02 1.487031e+02 1.473908e+02 1.210973e+02 1.088742e+02
[288] 1.081780e+02 1.078207e+02 1.029111e+02 1.525056e+02 1.481102e+02 1.353490e+02 1.202366e+02
[295] 1.191743e+02 1.105760e+02 1.490993e+02 1.443730e+02 1.318503e+02 1.261098e+02 1.163952e+02
[302] 1.099525e+02 1.472287e+02 1.290509e+02 1.249862e+02 1.186432e+02 1.477854e+02 1.492044e+02
[309] 1.441299e+02 1.374392e+02 1.337575e+02 1.319363e+02 1.312179e+02 1.478021e+02 1.482285e+02
[316] 1.349102e+02 1.255268e+02 1.176926e+02 1.159915e+02 1.092408e+02 1.001855e+02 8.859404e+01
[323] 8.278661e+01 6.042064e+01 5.762401e+01 4.286057e+01 3.222968e+01 3.086600e+01 1.532990e+01
[330] 1.184601e+01 8.774405e+00 1.306629e+02 1.248703e+02 1.167653e+02 1.133276e+02 1.509070e+02
[337] 1.417042e+02 1.257593e+02 1.088629e+02 9.734137e+01 9.518290e+01 8.864829e+01 8.649265e+01
[344] 8.176951e+01 1.290442e+02 1.276785e+02 1.264459e+02 1.131039e+02 1.463845e+02 1.492720e+02
[351] 1.501719e+02 1.500757e+02 1.490954e+02 1.400853e+02 1.453853e+02 1.345909e+02 1.226279e+02
[358] 1.458568e+02 1.449840e+02 1.494310e+02 1.386009e+02 1.350626e+02 1.233718e+02 1.164727e+02
[365] 1.147650e+02 9.904351e+01 1.359136e+02 1.243160e+02 1.148895e+02 1.036856e+02 1.379838e+02
[372] 1.455059e+02 1.350441e+02 1.348517e+02 1.240947e+02 1.206527e+02 9.584746e+01 8.557271e+01
[379] 8.276703e+01 7.564305e+01 7.244667e+01 6.685962e+01 1.475394e+02 1.475167e+02 1.469782e+02
[386] 1.469659e+02 1.345271e+02 1.419106e+02 1.309913e+02 1.280912e+02 1.217996e+02 1.485869e+02
[393] 1.240926e+02 1.223386e+02 1.389949e+02 1.310182e+02 1.263107e+02 1.289557e+02 1.149266e+02
[400] 1.393791e+02 1.384314e+02 1.361296e+02 1.345407e+02 1.391876e+02 1.364271e+02 1.299832e+02
[407] 1.392997e+02 1.318246e+02 1.299672e+02 1.296209e+02 1.136927e+02 1.078768e+02 1.075328e+02
[414] 1.043044e+02 1.008343e+02 9.482251e+01 6.565563e+01 5.616168e+01 4.518411e+01 4.051696e+01
[421] 1.470185e+02 1.455595e+02 1.429779e+02 1.384791e+02 1.354339e+02 1.212162e+02 1.187277e+02
[428] 1.105365e+02 1.054102e+02 9.356716e+01 8.217144e+01 7.337193e+01 7.033034e+01 5.299045e+01
[435] 4.505892e+01 4.382300e+01 3.101296e+01 2.630721e+01 2.247337e+01 4.430185e+00 1.195691e+00
[442] 1.462545e+02 1.439993e+02 1.421819e+02 1.419378e+02 1.410211e+02 1.292416e+02 1.258784e+02
[449] 1.256189e+02 1.467928e+02 1.401064e+02 1.395820e+02 1.378050e+02 1.261600e+02 9.869838e+01
[456] 8.900531e+01 1.423340e+02 1.429367e+02 1.421758e+02 1.300593e+02 1.295107e+02 1.465022e+02
[463] 1.462149e+02 1.431649e+02 1.379716e+02 1.339456e+02 1.313365e+02 1.304395e+02 1.291028e+02
[470] 1.232654e+02 1.439418e+02 1.428907e+02 1.412518e+02 1.386824e+02 1.383176e+02 1.311627e+02
[477] 1.405419e+02 1.381402e+02 1.126205e+02 1.118713e+02 1.090477e+02 1.009174e+02 9.595093e+01
[484] 8.650408e+01 1.442194e+02 1.427991e+02 1.322525e+02 1.396045e+02 1.341835e+02 1.327816e+02
[491] 1.142828e+02 1.455372e+02 1.453188e+02 1.443508e+02 1.296207e+02 1.261776e+02 1.204045e+02
[498] 1.367178e+02 1.316108e+02 1.392344e+02 1.416659e+02 1.400430e+02 1.238472e+02 1.358808e+02
[505] 1.290217e+02 1.287907e+02 1.429389e+02 1.351679e+02 1.424860e+02 1.370771e+02 1.247621e+02
[512] 1.240362e+02 1.441456e+02 1.431580e+02 1.295099e+02 1.264013e+02 1.368326e+02 1.348129e+02
[519] 1.290071e+02 1.401235e+02 1.287744e+02 1.263534e+02 1.004693e+02 9.149951e+01 1.404832e+02
[526] 1.417084e+02 1.345571e+02 1.330442e+02 1.231088e+02 8.699713e+01 6.341029e+01 3.996172e+01
[533] 3.085416e+01 2.836530e+01 2.584072e+01 1.402597e+02 1.379243e+02 1.371047e+02 1.360641e+02
[540] 1.339471e+02 1.312324e+02 1.310411e+02 1.266180e+02 1.090191e+02 1.062200e+02 1.057806e+02
[547] 1.038057e+02 1.413851e+02 1.300706e+02 1.225946e+02 1.113718e+02 1.112837e+02 1.385605e+02
[554] 1.348731e+02 1.163604e+02 1.119793e+02 1.118615e+02 1.032821e+02 9.427959e+01 9.218938e+01
[561] 9.050752e+01 6.858219e+01 6.708484e+01 6.282061e+01 1.308492e+02 1.157203e+02 1.152635e+02
[568] 1.132082e+02 9.185372e+01 4.928461e+01 4.076437e+01 1.099091e+00 4.014432e-04 1.417472e+02
[575] 1.427260e+02 1.331427e+02 1.298267e+02 1.427332e+02 1.201723e+02 1.160604e+02 1.150500e+02
[582] 1.040231e+02 1.418594e+02 1.414044e+02 1.373390e+02 1.423527e+02 1.236304e+02 1.199699e+02
[589] 1.173142e+02 1.124361e+02 1.096394e+02 1.064021e+02 1.395929e+02 1.361764e+02 1.304102e+02
[596] 1.254118e+02 1.137738e+02 1.402383e+02 9.857535e+01 9.613434e+01 1.054709e+02 1.004936e+02
[603] 9.876387e+01 9.869375e+01 6.553688e+01 6.508999e+01 1.375812e+02 1.406059e+02 1.366128e+02
[610] 1.308566e+02 1.257992e+02 1.200280e+02 1.141672e+02 9.387944e+01 9.089866e+01 1.345111e+02
[617] 1.340407e+02 1.258586e+02 1.205899e+02 1.181823e+02 1.046443e+02 9.061951e+01 8.482777e+01
[624] 1.413383e+02 1.350545e+02 1.403498e+02 1.340697e+02 1.078575e+02 1.352240e+02 1.291849e+02
[631] 1.193446e+02 1.139537e+02 1.023661e+02 9.290165e+01 6.233114e+01 1.378939e+02 1.378426e+02
[638] 1.376371e+02 1.353079e+02 1.271990e+02 1.402196e+02 1.392674e+02 1.332961e+02 1.313968e+02
[645] 1.242750e+02 1.118002e+02 5.484047e+01 1.394591e+02 1.327893e+02 1.382957e+02 1.351402e+02
[652] 1.344132e+02 1.303224e+02 1.283311e+02 1.286746e+02 1.350307e+02 1.326949e+02 1.241236e+02
[659] 1.023257e+02 9.849119e+01 1.402245e+02 1.357421e+02 1.151558e+02 1.302014e+02 1.299193e+02
[666] 1.278919e+02 1.231406e+02 1.234100e+02 1.230095e+02 1.197717e+02 1.188548e+02 1.042011e+02
[673] 1.339650e+02 1.289882e+02 1.305506e+02 1.294268e+02 1.235102e+02 1.167041e+02 9.718010e+01
[680] 9.521358e+01 8.961082e+01 1.335917e+02 1.312865e+02 1.246292e+02 1.117452e+02 9.817991e+01
[687] 8.494528e+01 7.917201e+01 6.435008e+01 6.226937e+01 1.257874e+02 1.224208e+02 1.221101e+02
[694] 1.217251e+02 1.231646e+02 1.266638e+02 1.257675e+02 1.212844e+02 1.281725e+02 1.213488e+02
[701] 1.074819e+02 1.039675e+02 9.888471e+01 6.048265e+01 1.289425e+02 1.275171e+02 1.158386e+02
[708] 1.356671e+02 1.332984e+02 1.273805e+02 1.264584e+02 1.140627e+02 1.301680e+02 1.376825e+02
[715] 1.273371e+02 1.327019e+02 1.218404e+02 1.295727e+02 1.293442e+02 1.203603e+02 1.185029e+02
[722] 1.337965e+02 1.332836e+02 1.269438e+02 1.181328e+02 1.018708e+02 9.960237e+01 9.699773e+01
[729] 7.424587e+01 5.824566e+01 5.567349e+01 5.081137e+01 3.049768e+01 2.365609e+01

$PAR
  [1]  NA   1   1   1   1   1   1   3   4   4   6   9   9   9   9   9   9  10  10  10  12  18  18
 [24]  18  18  18  18  18  19  19  19  19  29  29   7  21  21  21  21  21  21  21  21  21  21  21
 [47]  21  21  21  30  30  30  30  30  36  35  35  55  55  37  37  37  37  13  13  13  13  13  13
 [70]  20  20  20  64  64  64  64  64  57  57  57  14  73  70  70  70  65  65  65  65  61  61  61
 [93]  61  61  83  83  95  95  95  95  58  58  58  58  58  86  81  81  81  81  81  81  59  59  59
[116]  59  59  59  59  59  59  59  59  59  33  84  84  84  84  84  84  84  84  84  84  84  84 106
[139] 106 106  15  15  15  15  15  15  15  15  15  15  52  52  52  71  74  74 113 113 141 141 141
[162] 141 141 141 101 101 101 151 151  63  63  63  63  63 170 170 170 170 170 170 170 107 107 107
[185]  87  87  87  87  87  87  87  87 143 143 143 143 143 143 144 144 144  16  66  66  66  66  66
[208]  66  96  96  96  96  96  79 209 209 209 209 209 209 209 209 209 215 215 215 215 202 202 202
[231] 154 154 154  72  72  72  72  72  72  72  72  72  72  76  76 216 193 193 199 199 199 199 199
[254] 199 199  34  34 153 153 153 153 153 153  67  67 217 217 182 182 182 182 182 182 182 182 182
[277] 182 182 182 182  88  88  88  80  80  80  80  80  80  80 138 157 157 157 157 157 145 145 145
[300] 145 145 145  68  68  68  68  40 183 183  97  97  97  97 231  98  98  98  98  98  98  98  98
[323]  98  98  98  98  98  98  98  98  98 291 291 291 291 229 229 229 229 229 229 229 229 229 232
[346] 232 232 232 126  99  89  89  89  89  32  32  32 351 351 156 360 360 360 360 360 360  17  17
[369]  17  17 350 139 139 139 139 139 139 139 139 139 139 139 297 297 297 297 297 353 353 353 353
[392] 201 201 201 284 284 284 392 392 250 250 250 250 315 315 315 292 292 292 292 292 292 292 292
[415] 292 292 292 292 292 292 314 307 307 307 307 307 307 307 307 307 307 307 307 307 307 307 307
[438] 307 307 307 307 210 210 210 210 210 210 210 210 383 384 384 384 384 384 384 268 303 421 421
[461] 421 385 386 386 386 386 386 386 386 386 108 108 185 185 185 185 450 450 450 450 450 450 450
[484] 450 462 100 100 442 463 463 463 358 171 171 218 218 218 422 422 355 493 493 493  22  22  22
[507] 194 359 258 258 258 258 244 244 244 244 298 298 298 494 485 485 485 485 513 309 309 168 168
[530] 168 168 168 168 168 168 443 443 443 471 471 471 471 471 471 471 471 471  91  91  91  91  91
[553] 464 464 464 464 464 464 464 464 464 464 464 464 514 514 514 514 514 514 514 514 514 423 507
[576] 507 507 458 458 458 458 458 116 116 169 117 117 117 117 117 117 117 578 578 578 578 578 509
[599] 509 509 269 269 269 269 269 269 457 172 172 172 172 172 172 172 172 444 444 445 445 445 445
[622] 445 445 388 583 574 501 501 281 281 281 281 281 281 281 584 584 584 584 548 624 624 624 624
[645] 624 624 624 147 147 446 446 446 446 446 128 184 184 184 184 184 608 608 608 477 477 477 477
[668] 525 525 525 525 525 626 626 536 536 536 598 598 598 598 661 661 661 661 661 661 661 661 661
[691] 641 641 641 641 245 520 520 520 451 451 451 451 451 451 354 354 502 488 593 593 593 593 173
[714] 648 648 400 400 407 407 407 407 642 642 642 642 642 642 642 642 642 642 642 642 642

$EXTANT
  [1] FALSE FALSE FALSE FALSE FALSE FALSE FALSE FALSE FALSE FALSE FALSE FALSE FALSE FALSE FALSE
 [16] FALSE FALSE FALSE FALSE FALSE FALSE FALSE  TRUE  TRUE  TRUE  TRUE  TRUE  TRUE FALSE FALSE
 [31] FALSE FALSE FALSE FALSE FALSE FALSE FALSE FALSE FALSE FALSE  TRUE  TRUE  TRUE  TRUE  TRUE
 [46]  TRUE  TRUE  TRUE  TRUE FALSE FALSE FALSE FALSE  TRUE FALSE FALSE FALSE FALSE FALSE FALSE
 [61] FALSE FALSE FALSE FALSE FALSE FALSE FALSE FALSE  TRUE FALSE FALSE FALSE FALSE FALSE FALSE
 [76] FALSE FALSE FALSE FALSE FALSE FALSE FALSE FALSE FALSE FALSE FALSE FALSE FALSE FALSE FALSE
 [91] FALSE  TRUE  TRUE  TRUE FALSE FALSE FALSE  TRUE FALSE FALSE FALSE  TRUE  TRUE  TRUE  TRUE
[106] FALSE FALSE FALSE  TRUE  TRUE  TRUE  TRUE FALSE FALSE FALSE FALSE FALSE  TRUE  TRUE  TRUE
[121]  TRUE  TRUE  TRUE  TRUE  TRUE FALSE FALSE FALSE  TRUE  TRUE  TRUE  TRUE  TRUE  TRUE  TRUE
[136]  TRUE  TRUE FALSE FALSE FALSE FALSE FALSE FALSE FALSE FALSE FALSE FALSE  TRUE  TRUE  TRUE
[151] FALSE FALSE FALSE FALSE FALSE FALSE FALSE FALSE  TRUE  TRUE  TRUE  TRUE  TRUE  TRUE FALSE
[166]  TRUE  TRUE FALSE FALSE FALSE FALSE FALSE FALSE  TRUE  TRUE  TRUE  TRUE  TRUE  TRUE  TRUE
[181]  TRUE FALSE FALSE FALSE FALSE  TRUE  TRUE  TRUE  TRUE  TRUE  TRUE  TRUE FALSE FALSE  TRUE
[196]  TRUE  TRUE  TRUE FALSE FALSE FALSE FALSE  TRUE  TRUE  TRUE  TRUE  TRUE  TRUE FALSE FALSE
[211] FALSE  TRUE  TRUE FALSE FALSE FALSE FALSE FALSE FALSE  TRUE  TRUE  TRUE  TRUE FALSE FALSE
[226]  TRUE  TRUE FALSE FALSE  TRUE FALSE FALSE FALSE  TRUE  TRUE  TRUE  TRUE  TRUE  TRUE  TRUE
[241]  TRUE  TRUE  TRUE FALSE FALSE FALSE  TRUE  TRUE FALSE FALSE  TRUE  TRUE  TRUE  TRUE  TRUE
[256]  TRUE  TRUE FALSE  TRUE  TRUE  TRUE  TRUE  TRUE  TRUE  TRUE  TRUE  TRUE FALSE FALSE  TRUE
[271]  TRUE  TRUE  TRUE  TRUE  TRUE  TRUE  TRUE  TRUE  TRUE  TRUE FALSE  TRUE  TRUE FALSE FALSE
[286]  TRUE  TRUE  TRUE  TRUE  TRUE FALSE FALSE  TRUE  TRUE  TRUE  TRUE FALSE FALSE  TRUE  TRUE
[301]  TRUE  TRUE FALSE  TRUE  TRUE  TRUE  TRUE FALSE FALSE  TRUE  TRUE  TRUE  TRUE FALSE FALSE
[316]  TRUE  TRUE  TRUE  TRUE  TRUE  TRUE  TRUE  TRUE  TRUE  TRUE  TRUE  TRUE  TRUE  TRUE  TRUE
[331]  TRUE  TRUE  TRUE  TRUE  TRUE FALSE FALSE  TRUE  TRUE  TRUE  TRUE  TRUE  TRUE  TRUE  TRUE
[346]  TRUE  TRUE  TRUE FALSE FALSE FALSE FALSE FALSE FALSE FALSE  TRUE  TRUE FALSE FALSE FALSE
[361]  TRUE  TRUE  TRUE  TRUE  TRUE  TRUE  TRUE  TRUE  TRUE  TRUE  TRUE FALSE  TRUE  TRUE  TRUE
[376]  TRUE  TRUE  TRUE  TRUE  TRUE  TRUE  TRUE FALSE FALSE FALSE FALSE  TRUE FALSE  TRUE  TRUE
[391]  TRUE FALSE  TRUE  TRUE  TRUE  TRUE  TRUE  TRUE  TRUE FALSE  TRUE  TRUE  TRUE  TRUE  TRUE
[406]  TRUE FALSE  TRUE  TRUE  TRUE  TRUE  TRUE  TRUE  TRUE  TRUE  TRUE  TRUE  TRUE  TRUE  TRUE
[421] FALSE FALSE FALSE  TRUE  TRUE  TRUE  TRUE  TRUE  TRUE  TRUE  TRUE  TRUE  TRUE  TRUE  TRUE
[436]  TRUE  TRUE  TRUE  TRUE  TRUE  TRUE FALSE FALSE FALSE FALSE FALSE  TRUE  TRUE  TRUE FALSE
[451] FALSE FALSE  TRUE  TRUE  TRUE  TRUE FALSE FALSE FALSE  TRUE  TRUE FALSE FALSE FALSE  TRUE
[466]  TRUE  TRUE  TRUE  TRUE  TRUE FALSE FALSE FALSE  TRUE  TRUE  TRUE FALSE  TRUE  TRUE  TRUE
[481]  TRUE  TRUE  TRUE  TRUE FALSE FALSE  TRUE FALSE  TRUE  TRUE  TRUE FALSE FALSE FALSE  TRUE
[496]  TRUE  TRUE  TRUE  TRUE  TRUE FALSE FALSE  TRUE  TRUE  TRUE  TRUE FALSE  TRUE FALSE  TRUE
[511]  TRUE  TRUE FALSE  TRUE  TRUE  TRUE  TRUE  TRUE  TRUE FALSE  TRUE  TRUE  TRUE  TRUE FALSE
[526] FALSE  TRUE  TRUE  TRUE  TRUE  TRUE  TRUE  TRUE  TRUE  TRUE FALSE  TRUE  TRUE  TRUE  TRUE
[541]  TRUE  TRUE  TRUE  TRUE  TRUE  TRUE  TRUE FALSE  TRUE  TRUE  TRUE  TRUE  TRUE  TRUE  TRUE
[556]  TRUE  TRUE  TRUE  TRUE  TRUE  TRUE  TRUE  TRUE  TRUE  TRUE  TRUE  TRUE  TRUE  TRUE  TRUE
[571]  TRUE  TRUE  TRUE FALSE FALSE  TRUE  TRUE FALSE  TRUE  TRUE  TRUE  TRUE FALSE FALSE  TRUE
[586] FALSE  TRUE  TRUE  TRUE  TRUE  TRUE  TRUE FALSE  TRUE  TRUE  TRUE  TRUE FALSE  TRUE  TRUE
[601]  TRUE  TRUE  TRUE  TRUE  TRUE  TRUE  TRUE FALSE  TRUE  TRUE  TRUE  TRUE  TRUE  TRUE  TRUE
[616]  TRUE  TRUE  TRUE  TRUE  TRUE  TRUE  TRUE  TRUE FALSE  TRUE FALSE  TRUE  TRUE  TRUE  TRUE
[631]  TRUE  TRUE  TRUE  TRUE  TRUE  TRUE  TRUE  TRUE  TRUE  TRUE FALSE  TRUE  TRUE  TRUE  TRUE
[646]  TRUE  TRUE FALSE  TRUE  TRUE  TRUE  TRUE  TRUE  TRUE  TRUE  TRUE  TRUE  TRUE  TRUE  TRUE
[661] FALSE  TRUE  TRUE  TRUE  TRUE  TRUE  TRUE  TRUE  TRUE  TRUE  TRUE  TRUE  TRUE  TRUE  TRUE
[676]  TRUE  TRUE  TRUE  TRUE  TRUE  TRUE  TRUE  TRUE  TRUE  TRUE  TRUE  TRUE  TRUE  TRUE  TRUE
[691]  TRUE  TRUE  TRUE  TRUE  TRUE  TRUE  TRUE  TRUE  TRUE  TRUE  TRUE  TRUE  TRUE  TRUE  TRUE
[706]  TRUE  TRUE  TRUE  TRUE  TRUE  TRUE  TRUE  TRUE  TRUE  TRUE  TRUE  TRUE  TRUE  TRUE  TRUE
[721]  TRUE  TRUE  TRUE  TRUE  TRUE  TRUE  TRUE  TRUE  TRUE  TRUE  TRUE  TRUE  TRUE  TRUE

