
Birth-death simulation object with 757 species and 500 extant species

Details for some species:

Extinction times (NA means extant)
[1] 134.0843 128.4347 119.3005 125.3928       NA 124.1248


Speciation times 
[1] 150.3089 148.8841 143.3941 135.5605 140.2316 129.8116


Species parents (NA for initial)
[1] NA  1  1  1  2  2


Species status (extinct or extant)
[1] "extinct" "extinct" "extinct" "extinct" "extant"  "extinct"


For more details on vector y, try sim$y, with y one of
TE TS PAR EXTANT



$TE
  [1] 134.0842827 128.4346572 119.3005011 125.3928184          NA 124.1248037 121.8355927
  [8] 103.7806021  85.5951128  68.5692862  48.1521905  64.4494634  72.0681129          NA
 [15]          NA          NA          NA          NA          NA          NA          NA
 [22]          NA          NA 127.4798952  57.1346469  54.9070517 122.1338358   7.8432236
 [29]  64.9642757  76.0050759  53.6114807          NA          NA          NA          NA
 [36] 111.0504343  24.2803875  87.2954946  79.3328226  83.4865504          NA          NA
 [43]  30.7904647  55.7104736  66.4042879  27.7212345  83.0747941  92.3683906 109.9495087
 [50] 111.7104699  95.5862595  62.3197190  72.2680066          NA          NA          NA
 [57]          NA          NA          NA          NA          NA          NA  99.4861736
 [64]  54.9069807   3.1733998          NA          NA  99.5988314          NA          NA
 [71]          NA          NA          NA          NA 108.7526658 103.5014798  98.6448265
 [78] 100.0816850  90.1458099  81.4451869          NA          NA 108.4605780  89.9773455
 [85]  89.2389069          NA          NA  95.4408527  96.7971990  66.5071871          NA
 [92]          NA  96.0042679  59.3014097  85.1245224  93.5096570  92.9058029  82.2047587
 [99]  72.6533371  64.1736834          NA  97.9942800  60.0812975  97.7301276  30.4077512
[106] 101.4842576  81.8471090          NA  76.1095492          NA  79.2135340  95.4970041
[113]  52.2259999  70.7104533  96.7495176  89.6450884  68.0715561  91.5345881  85.8734197
[120]  77.2763070  78.7639896  35.4001296  85.4829391  86.7895612          NA          NA
[127]          NA          NA          NA  97.0455420  92.6865549  40.5410104  21.2224113
[134]  96.7425503  34.2217513  71.6021337  81.0338268  54.5139487  43.0762553  55.3035933
[141]  24.8377182          NA  87.4289460  48.4780736  59.7939608  75.2587526          NA
[148]          NA          NA          NA          NA          NA  86.2173241  60.0542971
[155]  88.6711524  86.4263273  59.1752859  41.8088844  78.8297858          NA          NA
[162]  43.6638031  94.4978623  40.0838531  76.1134328  79.6380247   5.3353238  49.9251506
[169]  84.0303913          NA          NA          NA  82.7384962  86.0753774  34.3029463
[176]  68.4679482          NA          NA          NA          NA          NA          NA
[183]          NA          NA          NA          NA          NA  83.4891861          NA
[190]          NA          NA          NA          NA  94.0570356  53.0563383  54.1529062
[197]  72.6671462  49.5306136          NA          NA          NA          NA          NA
[204]          NA          NA          NA          NA          NA  64.7938239  55.4912633
[211]  78.5283067  79.4031825  61.7141122  92.9325775  56.2126427  75.8948389  58.6817706
[218]          NA          NA          NA  88.3997689  86.8826799  76.7237145  87.3759437
[225]  72.0157070  66.0945496          NA  71.2255806  53.8938246  91.7282674          NA
[232]          NA          NA          NA          NA          NA          NA          NA
[239]          NA          NA  46.3797733  24.8634634  81.4960832  38.9486709          NA
[246]          NA  54.3918546  45.9928198  63.7371604  83.5600325          NA  85.3907835
[253]  63.5144616          NA          NA          NA          NA  83.9617821  50.9273192
[260]  63.2612071          NA          NA          NA          NA          NA          NA
[267]  82.3219898          NA   3.4650968  68.9242118          NA  76.4403672          NA
[274]          NA          NA          NA          NA          NA  63.9301440  49.5578703
[281]          NA  51.3674446          NA          NA          NA          NA  60.3658118
[288]          NA          NA          NA          NA          NA  43.1548867  52.4444233
[295]  12.2883018  39.7862807  39.8449849          NA          NA  81.1017658  64.3631494
[302]          NA          NA          NA          NA          NA          NA          NA
[309]          NA          NA          NA          NA          NA          NA          NA
[316]          NA  46.4138155  68.9921031          NA          NA          NA          NA
[323]  67.8958545          NA          NA          NA  77.0855288  74.6722405  75.4377777
[330]  61.6947744          NA          NA          NA  76.4243473  82.4967572  76.2934080
[337]          NA  66.0872836  78.2321527          NA          NA          NA          NA
[344]          NA          NA          NA          NA          NA          NA          NA
[351]          NA          NA          NA  81.0458624  66.5310488          NA          NA
[358]          NA          NA          NA          NA  81.0801874  85.4400655  73.2967707
[365]  81.4298628  57.8606052          NA          NA          NA          NA          NA
[372]          NA  62.0515057  38.9825047  23.9283076          NA          NA          NA
[379]  23.5668946  67.3226083          NA          NA  71.3807681  35.9918812  41.1654397
[386]          NA          NA          NA          NA  62.0680568  47.3834632          NA
[393]          NA  69.0291253  37.5612845          NA          NA  37.8583293          NA
[400]          NA          NA          NA          NA          NA          NA  58.0345685
[407]          NA          NA   0.1684094  60.4034363  69.1491429          NA          NA
[414]          NA          NA          NA          NA          NA  76.6149676          NA
[421]          NA  58.2234425  75.4761577          NA  78.4995665  63.6933209  41.5661766
[428]  55.9607004  79.7979698          NA  24.4252655  55.1376015          NA          NA
[435]          NA          NA          NA          NA          NA  47.6683303          NA
[442]          NA          NA          NA          NA  63.5511978          NA          NA
[449]          NA          NA          NA          NA          NA          NA          NA
[456]          NA          NA  39.0097273  61.0414515  13.4386726  60.9582926  49.1327319
[463]          NA          NA          NA  71.0962664  65.5922843  55.0164646          NA
[470]          NA          NA          NA          NA          NA          NA          NA
[477]          NA  81.5650581          NA          NA          NA          NA          NA
[484]          NA          NA          NA          NA          NA          NA          NA
[491]          NA          NA          NA          NA          NA  67.6967753          NA
[498]          NA          NA          NA  66.1976591  70.6372372  65.0244874          NA
[505]          NA          NA          NA          NA          NA          NA  80.3962711
[512]          NA          NA          NA          NA  78.6884780  45.3079416          NA
[519]          NA          NA          NA          NA          NA          NA          NA
[526]          NA  62.1208342          NA  10.4371517          NA          NA          NA
[533]          NA          NA   7.5919911  67.7505504  36.2659501  72.7404526   2.6726995
[540]  37.3667818          NA          NA          NA          NA          NA          NA
[547]          NA          NA          NA          NA          NA          NA          NA
[554]          NA          NA          NA          NA          NA          NA          NA
[561]          NA          NA          NA  75.1777973          NA          NA          NA
[568]          NA          NA          NA          NA          NA          NA          NA
[575]          NA          NA   5.2102225          NA          NA          NA          NA
[582]          NA  64.9198465          NA          NA          NA          NA          NA
[589]  27.7678173          NA          NA          NA          NA          NA          NA
[596]          NA          NA          NA          NA          NA  66.2149255          NA
[603]          NA          NA          NA          NA          NA          NA          NA
[610]          NA          NA          NA          NA          NA          NA          NA
[617]          NA  76.1784742          NA          NA  70.0425844  64.8323152          NA
[624]          NA  67.6065245  24.8186835          NA  44.5897738  51.0616673          NA
[631]          NA          NA          NA          NA          NA          NA          NA
[638]          NA          NA          NA          NA          NA  67.9133803          NA
[645]          NA          NA          NA          NA          NA          NA          NA
[652]  31.8530097          NA          NA          NA          NA          NA          NA
[659]          NA          NA          NA          NA          NA          NA          NA
[666]          NA          NA          NA          NA  36.0902472  71.0947266          NA
[673]          NA          NA          NA          NA          NA          NA          NA
[680]          NA          NA          NA          NA          NA          NA          NA
[687]          NA          NA          NA          NA          NA          NA          NA
[694]          NA          NA          NA          NA          NA          NA          NA
[701]          NA          NA          NA          NA          NA  19.6317082          NA
[708]          NA          NA          NA          NA          NA          NA          NA
[715]          NA          NA          NA          NA          NA          NA          NA
[722]          NA          NA          NA          NA          NA          NA          NA
[729]          NA          NA          NA          NA          NA          NA          NA
[736]          NA          NA          NA          NA          NA          NA          NA
[743]          NA          NA          NA          NA          NA          NA          NA
[750]          NA          NA          NA          NA          NA          NA          NA
[757]          NA

$TS
  [1] 150.3089072 148.8841208 143.3941210 135.5604586 140.2315515 129.8115783 128.5025169
  [8] 125.4063779 135.1555099 134.2727551  89.7389789  84.5418345  77.6842114  72.3294844
 [15]  71.6015595  53.1906806  53.0189924  48.1650789  44.3285699  19.8339601  16.5168268
 [22]  14.5427089   0.1570154 134.8251083 101.7408484 130.1876305 129.9066860 129.2513724
 [29] 119.7890994  97.0912651  91.0588416  90.9568721  75.2004641  64.4388156  56.2234203
 [36] 127.7926407 119.5563980 100.1512224  99.3559005  88.0711371  58.7114578  29.1101968
 [43] 123.9894599 114.4747434 113.9371207 112.3073771 122.4944863 113.7377153 110.7284615
 [50] 115.2430545 104.1116938  95.0113937  88.8251947  74.3709532  72.7315394  70.2690051
 [57]  63.3863256  58.6810339  45.6920212  44.4325362  37.3684884  31.8629213 117.0849626
 [64] 109.3602604  86.4915609  71.4682236  68.1136157 108.7658497  71.5901422  64.5577198
 [71]  55.6790828  52.5054990  52.1179994  34.7159710 115.8343029 108.4731330 114.5641532
 [78] 104.9109656 108.8352138 101.9652669  74.3727258  73.6729784 110.7351920 107.7892752
 [85]  97.4670873  75.7591576  72.2075287 108.2757158  97.5273166  83.7462360  72.5952369
 [92]  52.1890037 109.9210825 106.1934458 105.4298819 100.8336429  95.8489898  95.7907503
 [99]  86.6579663  78.4679260  58.9635427 106.1445212  98.9826986  98.9611975 105.2667352
[106] 107.7282665 103.2286817  97.2326096  95.7321669  99.2379303  81.9103496 102.4576760
[113] 100.3355983 105.3064998 104.9327278 104.7995872  90.4425970  99.0767723  92.1859478
[120]  95.3503340  94.3613156  89.0299464  87.8711369  87.5678097  76.0758813  53.9971643
[127]  36.6322795  34.0906123  33.9946593  99.6580894 103.5719664 101.5257776  99.5292308
[134]  96.8761155  94.4277596  93.2643848  93.6778084  90.7302120  87.9974061 100.6700991
[141]  88.4288313  76.4890683  93.1551348  90.3877240  87.5792248  77.7944727  69.8155563
[148]  69.5027476  62.8268608  56.5994664  53.0098266  48.4212630  94.9361503  94.6384873
[155]  94.3224220  92.4111592  82.5419846  92.1985515  91.1935940  56.6478629  55.1937839
[162]  95.6386377  95.0070203  93.2606623  90.5112449  88.5441675  89.7905150  88.5693905
[169]  85.3865146  48.7567622  40.5326285  23.5105827  97.0012780  89.7516593  80.6074742
[176]  79.9432268  76.5078098  75.5555569  69.5986510  65.1004860  50.3523330  48.8346549
[183]  43.7117919  28.1590068  11.8363901   3.1960060   0.7489012  90.4429321  77.0565785
[190]  76.9742070  62.7700078  62.6215573  60.2565252  95.6472208  92.7701349  92.2943017
[197]  85.1863066  81.8814364  75.8191090  69.3008694  60.1405061  46.0814994  45.0005312
[204]  38.9546663  38.8633237  27.6542594  23.9379188  14.8422267  88.9571080  87.9864867
[211]  87.6211548  84.2789233  93.8189990  94.8401961  92.3277070  87.8086320  80.3597984
[218]  76.9327910  63.4072079  59.9979140  92.5230379  92.2819295  87.1751213  94.8391002
[225]  91.9662239  79.5129596  68.3609393  94.1241828  93.2286653  91.8591615  60.7576239
[232]  60.1264283  76.7342768  71.8969352  64.8620099  62.5298473  62.3020039  48.4299568
[239]  46.0051138  40.8293602  85.9772317  82.1527205  89.9683878  79.0109071  74.9287832
[246]  74.7395283  91.4752505  89.0389694  85.3526110  88.8880365  85.0354435  89.7896443
[253]  78.0205357  59.7435105  51.0086925  50.1757328  40.1637064  84.6665238  80.9070457
[260]  80.1430836  76.3532453  68.4612493  68.4392292  57.6101533  56.9907811  55.7370362
[267]  91.5386034  63.0611818  90.1874371  92.3459931  74.1188599  85.4348613  74.0555974
[274]  69.4488426  57.9599259  70.0912781  61.7962400  60.9864148  87.6639704  88.8116335
[281]  87.7444473  81.9783721  70.2992970  66.0342157  52.0347538  72.1772765  91.0715162
[288]  76.0900499  71.6680603  69.2303885  57.8154207  57.1377567  90.5927220  89.5762583
[295]  85.3601692  77.8793993  77.8685897  70.5858692  63.3393683  86.4851656  80.8441729
[302]  73.3765785  71.2347127  63.4126622  57.2202216  73.3913286  67.5966647  58.0071382
[309]  57.8249953  49.3135169  19.3658616  11.4407248   8.1421402   6.5088079   5.4407882
[316]   1.1475398  90.6984755  81.6101325  65.9610951  59.5937851  58.1690930  85.4381794
[323]  78.7570846  59.8801036  51.8652053  47.8070339  87.7414756  84.5672088  81.7313031
[330]  77.8427473  72.8753163  70.2644057  69.8945723  85.1130577  88.8914167  80.0952923
[337]  74.1515512  90.3685303  83.2977053  75.6092043  74.7464462  62.9296718  76.2733220
[344]  64.1938174  59.1579497  54.6916398  50.9591220  34.9487650  34.2081529  28.0011729
[351]  10.8310369   9.9908339   5.8210488  83.8385662  79.5036899  62.3853622  46.1015436
[358]  37.4721400  36.2122392  31.6854949  25.1765606  87.9929943  86.2872869  89.4728634
[365]  89.1638085  81.7938952  64.9567326  62.2804679  58.4713525  57.4609392  56.2777543
[372]  53.1812005  83.1708297  80.6411930  83.7985859  57.1050076  61.1957162  50.5378510
[379]  83.3035153  79.4356528  75.5084013  67.8887749  82.9406454  85.0778760  81.7446033
[386]  62.3046679  61.8990009  57.5570000  55.5125127  81.9061725  78.9057426  73.9802979
[393]  55.6208087  86.6326873  84.8115936  74.8881352  55.3905470  84.1652011  82.5135862
[400]  74.6835337  66.9730824  54.7089690  50.3805342  47.8824606  44.9587781  79.7770153
[407]  71.6625850  68.5273880  82.9029444  84.1738518  79.9091110  71.5015905  62.0523085
[414]  56.2987474  46.1819627  17.2492235  10.5251602   8.0953362  81.0914089  75.1216057
[421]  74.7084805  83.3336680  81.4879149  80.8045010  79.1841928  77.9092574  82.6122759
[428]  82.2873548  80.5410816  76.3630522  85.4729439  83.1459490  71.5396887  65.9407709
[435]  63.8171145  31.3371331  27.6058714  20.3377321  17.9005735  83.0919317  73.4631264
[442]  61.1113221  57.4972225  57.4712294  47.6423952  85.1852590  61.9681374  53.9726032
[449]  50.6403566  45.1405863  44.6461705  33.2048012  68.9542976  62.2170699  56.9572909
[456]  33.2231456  27.7119443  84.8571256  82.0901121  83.4322273  83.1776095  78.7526396
[463]  75.6965883  71.6703611  68.5321662  81.6276327  81.5086061  81.8551258  75.0169207
[470]  72.8276333  68.2718475  63.8429885  56.2044484  47.9238245  43.3711061  42.9906698
[477]  40.5767130  82.0951619  62.7612560  60.2478461  56.4222862  55.3669123  54.5593884
[484]  45.3075268  37.9536612  34.5451642  30.3287920  29.5355622  27.9751935  27.5708884
[491]  27.1326065  24.3381914   7.9817953   3.7611263   1.8491713  81.1261007  61.4486976
[498]  55.8031569  47.5926192  40.5118002  81.7980430  78.0882241  77.8814672  46.2729345
[505]  44.1190153  79.6480644  74.9560182  71.5318917  69.4124910  67.0818010  82.5579318
[512]  75.7391299  55.8402813  52.9955572  82.5049550  83.2580617  79.6300177  73.6982381
[519]  66.9915241  61.7201395  34.7842094  70.2549515  73.5324179  58.4323921  32.4836737
[526]  20.1609741  82.1124626  62.5512892  78.6097436  69.2687013  54.5196466  48.2950811
[533]  37.9491196  26.9654190  79.8845060  79.1191106  80.2355448  81.8962145  78.2010617
[540]  78.0242540  63.1696842  76.7879666  58.7120887  55.1707517  73.6700647  58.0550901
[547]  55.9531551  48.4956358  76.3568594  74.9816976  71.9355886  71.9198143  55.2796739
[554]  43.3977908  36.4155471  33.8969459  32.1731174  23.0747270  16.2749578  15.9816516
[561]  49.8435310  43.4444226  42.8012490  81.1684082  70.7459684  69.3769582  77.0285841
[568]  72.5600844  69.5201107  63.5499146  63.4526411  51.3073745  50.4163418  38.8472845
[575]  27.4689098  25.9882082  80.5745857  46.5672573  31.0436167  14.4076579  11.5537150
[582]   9.5846474  78.2764119  66.9129716  64.4753298  63.9901751  58.1155477  57.1676304
[589]  77.9142095  75.3914837  71.0312538  45.7644938  40.7211393  38.3723610  35.3905292
[596]  71.3751377  63.1431705  72.5794136  71.4763078  51.4812164  80.7462054  76.5376862
[603]  76.1490116  72.2285576  61.4277417  60.9588671  58.8432952  73.3621630  67.7927831
[610]  75.2125851  67.7831320  66.8654466  62.1483619  71.6551127  70.5701256  65.6322851
[617]  42.3920859  81.5233912  75.7351656  71.1391142  78.3307999  77.9890508  75.5499767
[624]  72.4431564  78.6931125  81.0000575  69.1280813  78.2807923  77.5716341  65.5250054
[631]  61.5814153  42.7271241  71.4206514  72.3790386  67.3693497  65.8003081  52.0869351
[638]  50.5530351  46.1630130  46.0166096  34.2677429   7.9901979  79.0864218  67.1020600
[645]  73.2794089  57.4741945  54.7123763  72.1120426  60.3504453  55.8205137  53.4807280
[652]  79.8752043  75.5500757  70.4124791  67.6196650  62.2889691  45.8997102  77.3420874
[659]  76.7156278  66.1346045  74.1418060  73.8551921  66.4934398  64.1893011  55.7110056
[666]  52.0214615  50.3845225  44.3289309  42.8127801  79.4818820  77.7529988  72.0631385
[673]  68.5866406  69.8591668  44.9106327  33.3683561  28.8004682   9.9938180  57.9034294
[680]  55.5422226  72.6110029  72.5484718  53.2637692  36.1706943  23.5406484   9.8929746
[687]   3.5809078   0.3139239  67.0814133  65.0377445  77.3051656  73.3279129  72.1365143
[694]  67.5273908  67.3786933  43.8021421  74.4408400  71.0935092  70.0540194  69.5035795
[701]  71.6552963  60.7214705  72.4666274  68.6610380  56.0084082  78.3491553  61.4702580
[708]  59.3275017  38.5915249  14.8983265  13.9719499  10.8167030  74.4847996  68.5357665
[715]  63.4864863  62.6683661  40.0403749  35.8536032  34.5611520  33.1285255  25.9828412
[722]  24.0350306  74.8318830  68.8247970  67.4069760  70.8217540  69.2661947  61.4577136
[729]  52.8730731  50.9114397  49.5480732  47.3615064  35.5500759   7.8387949  73.3269186
[736]  71.1789688  45.7190232  68.8182316  65.6130142  58.4106805  50.5288112  68.5726597
[743]  65.2418493  65.7211240  51.8378012  50.8789639  41.2792920  68.7088898  77.4318616
[750]  67.4393988  51.4246175  70.5607398  62.1904778  29.1327411  23.2985115  14.0672422
[757]   3.6281714

$PAR
  [1]  NA   1   1   1   2   2   2   3   5   5   5   5   5   5   5   5   5   5   5   5   5   5   5
 [24]   9   9  10  10  10  26  26  26  26  26  26  26  28  28  28  28  28  28  28  36  36  36  36
 [47]   8   8   8  43  43  43  43  43  43  43  43  43  43  43  43  43  47  29  29  29  29  37  37
 [70]  37  37  37  37  37  63  63  50  77  44  44  44  44  45  45  45  45  45  48  48  46  46  46
 [93]  83  93  64  64  64  64  64  64  64  79  79  79  68  88  88  88  88  94  94 102 102  95  95
[116]  95  95 114 114 105 105 105 105 105 105 105 105 105 105 116  51  51  51  51 131 131 107 107
[139] 107 112  80  25 132 132 132 132 132 132 132 132 132 132 140 140 140 140 140 113 113 113 113
[162]  38  38  38  38  38 133 133 133 133 133 133  39  39  39  39 110 110 110 110 110 110 110 110
[185] 110 110 110 103 103 103 103 103 103 108 108 108 108 108 108 108 108 108 108 108 108 108 108
[208] 108 173 173 173 173  97  98  98 162 162 162 162 162 120 120 120  52  52  52  52 154 154 154
[231] 154 154 135 135 135 135 135 135 135 135 121 121 228 228 228 228 213 213 213 137 136 164 164
[254] 164 164 164 164 229 229 229 229 229 229 229 229 229 195 195 221 156 270 215 215 215 215 196
[277] 196 196 222 158 158 158 158 158 158 225 247 247 247 247 247 247 287 287 287 287 287 287 287
[300]  31  31  31  31  31  31  32  32  32  32  32  32  32  32  32  32  32 138 138 138 138 138 317
[323] 317 317 317 317 293 293 293 293 293 293 293 188 117 117 117 144 144 144 144 144 269 269 269
[346] 269 269 269 269 269 269 269 269 243 167 167 167 167 167 167 167 174  11 294 294 294 294 294
[369] 294 294 294 294 364 364 248 248 122 122 209 209 209 209 335  53  53 280 280 280 280 168 168
[392] 168 168 166 141 141 141  40 139 139 139 139 139 139 139 210 210 210 216 281 281 281 281 281
[415] 281 281 281 281 279 279 279 145 223 223 223 223  99  99  99 394  65  65  65  65  65  65  65
[438]  65  65 241 241 241 241 241 241 431 431 431 431 431 431 431 322 322 322 322 322 272 197 446
[461] 446 446 446 446 446 334 334 384 384 384 384 384 384 384 384 384 384 251 251 251 251 251 251
[484] 251 251 251 251 251 251 251 251 251 251 251 251 458 458 458 458 458 395 395 395 395 395 328
[507]  12 410 410 410 398 398 398 398 354 375 375 375 375 375 375  90 460 460 460 460 422 422 379
[530] 379 379 379 379 379 339 516 461 373 373 373 373 432 432 432 440 440 440 440 383 383 409 409
[553] 409 409 409 409 409 409 409 409 427 427 427 511 157 157 399 399 399 399 399 399 399 399 399
[576] 399 515 515 515 515 515 515 428 428 428 428 428 428 242 242 242 242 242 242 242 527 527 282
[599] 282 282 390 538 538 198 198 198 468 501 501 366 366 366 366 385 385 385 385 466 466 466 318
[622] 618 467 467 564 496 496 626 626 626 626 626 259 301 301 424 424 424 424 424 424 424 601 601
[645] 374 374 374 175 175 175 175 577 577 577 577 577 577 217 217 217 537 537 537 537 537 537 537
[668] 537 537 260 260 260 260 176 535 535 535 535 652 652 506 506 506 506 506 506 506 506 517 517
[691] 226 226 226 670 670 670 536 536 536 643 244 244 391 391 391 323 529 529 529 529 529 529 706
[714] 706 706 706 706 706 706 706 706 706 628 583 583 539 539 539 539 539 539 539 539 539 502 502
[737] 540 253 589 589 589 503 503 296 296 296 297 330 671 629 629 749 749 749 749 749 749

$EXTANT
  [1] FALSE FALSE FALSE FALSE  TRUE FALSE FALSE FALSE FALSE FALSE FALSE FALSE FALSE  TRUE  TRUE
 [16]  TRUE  TRUE  TRUE  TRUE  TRUE  TRUE  TRUE  TRUE FALSE FALSE FALSE FALSE FALSE FALSE FALSE
 [31] FALSE  TRUE  TRUE  TRUE  TRUE FALSE FALSE FALSE FALSE FALSE  TRUE  TRUE FALSE FALSE FALSE
 [46] FALSE FALSE FALSE FALSE FALSE FALSE FALSE FALSE  TRUE  TRUE  TRUE  TRUE  TRUE  TRUE  TRUE
 [61]  TRUE  TRUE FALSE FALSE FALSE  TRUE  TRUE FALSE  TRUE  TRUE  TRUE  TRUE  TRUE  TRUE FALSE
 [76] FALSE FALSE FALSE FALSE FALSE  TRUE  TRUE FALSE FALSE FALSE  TRUE  TRUE FALSE FALSE FALSE
 [91]  TRUE  TRUE FALSE FALSE FALSE FALSE FALSE FALSE FALSE FALSE  TRUE FALSE FALSE FALSE FALSE
[106] FALSE FALSE  TRUE FALSE  TRUE FALSE FALSE FALSE FALSE FALSE FALSE FALSE FALSE FALSE FALSE
[121] FALSE FALSE FALSE FALSE  TRUE  TRUE  TRUE  TRUE  TRUE FALSE FALSE FALSE FALSE FALSE FALSE
[136] FALSE FALSE FALSE FALSE FALSE FALSE  TRUE FALSE FALSE FALSE FALSE  TRUE  TRUE  TRUE  TRUE
[151]  TRUE  TRUE FALSE FALSE FALSE FALSE FALSE FALSE FALSE  TRUE  TRUE FALSE FALSE FALSE FALSE
[166] FALSE FALSE FALSE FALSE  TRUE  TRUE  TRUE FALSE FALSE FALSE FALSE  TRUE  TRUE  TRUE  TRUE
[181]  TRUE  TRUE  TRUE  TRUE  TRUE  TRUE  TRUE FALSE  TRUE  TRUE  TRUE  TRUE  TRUE FALSE FALSE
[196] FALSE FALSE FALSE  TRUE  TRUE  TRUE  TRUE  TRUE  TRUE  TRUE  TRUE  TRUE  TRUE FALSE FALSE
[211] FALSE FALSE FALSE FALSE FALSE FALSE FALSE  TRUE  TRUE  TRUE FALSE FALSE FALSE FALSE FALSE
[226] FALSE  TRUE FALSE FALSE FALSE  TRUE  TRUE  TRUE  TRUE  TRUE  TRUE  TRUE  TRUE  TRUE  TRUE
[241] FALSE FALSE FALSE FALSE  TRUE  TRUE FALSE FALSE FALSE FALSE  TRUE FALSE FALSE  TRUE  TRUE
[256]  TRUE  TRUE FALSE FALSE FALSE  TRUE  TRUE  TRUE  TRUE  TRUE  TRUE FALSE  TRUE FALSE FALSE
[271]  TRUE FALSE  TRUE  TRUE  TRUE  TRUE  TRUE  TRUE FALSE FALSE  TRUE FALSE  TRUE  TRUE  TRUE
[286]  TRUE FALSE  TRUE  TRUE  TRUE  TRUE  TRUE FALSE FALSE FALSE FALSE FALSE  TRUE  TRUE FALSE
[301] FALSE  TRUE  TRUE  TRUE  TRUE  TRUE  TRUE  TRUE  TRUE  TRUE  TRUE  TRUE  TRUE  TRUE  TRUE
[316]  TRUE FALSE FALSE  TRUE  TRUE  TRUE  TRUE FALSE  TRUE  TRUE  TRUE FALSE FALSE FALSE FALSE
[331]  TRUE  TRUE  TRUE FALSE FALSE FALSE  TRUE FALSE FALSE  TRUE  TRUE  TRUE  TRUE  TRUE  TRUE
[346]  TRUE  TRUE  TRUE  TRUE  TRUE  TRUE  TRUE  TRUE FALSE FALSE  TRUE  TRUE  TRUE  TRUE  TRUE
[361]  TRUE FALSE FALSE FALSE FALSE FALSE  TRUE  TRUE  TRUE  TRUE  TRUE  TRUE FALSE FALSE FALSE
[376]  TRUE  TRUE  TRUE FALSE FALSE  TRUE  TRUE FALSE FALSE FALSE  TRUE  TRUE  TRUE  TRUE FALSE
[391] FALSE  TRUE  TRUE FALSE FALSE  TRUE  TRUE FALSE  TRUE  TRUE  TRUE  TRUE  TRUE  TRUE  TRUE
[406] FALSE  TRUE  TRUE FALSE FALSE FALSE  TRUE  TRUE  TRUE  TRUE  TRUE  TRUE  TRUE FALSE  TRUE
[421]  TRUE FALSE FALSE  TRUE FALSE FALSE FALSE FALSE FALSE  TRUE FALSE FALSE  TRUE  TRUE  TRUE
[436]  TRUE  TRUE  TRUE  TRUE FALSE  TRUE  TRUE  TRUE  TRUE  TRUE FALSE  TRUE  TRUE  TRUE  TRUE
[451]  TRUE  TRUE  TRUE  TRUE  TRUE  TRUE  TRUE FALSE FALSE FALSE FALSE FALSE  TRUE  TRUE  TRUE
[466] FALSE FALSE FALSE  TRUE  TRUE  TRUE  TRUE  TRUE  TRUE  TRUE  TRUE  TRUE FALSE  TRUE  TRUE
[481]  TRUE  TRUE  TRUE  TRUE  TRUE  TRUE  TRUE  TRUE  TRUE  TRUE  TRUE  TRUE  TRUE  TRUE  TRUE
[496] FALSE  TRUE  TRUE  TRUE  TRUE FALSE FALSE FALSE  TRUE  TRUE  TRUE  TRUE  TRUE  TRUE  TRUE
[511] FALSE  TRUE  TRUE  TRUE  TRUE FALSE FALSE  TRUE  TRUE  TRUE  TRUE  TRUE  TRUE  TRUE  TRUE
[526]  TRUE FALSE  TRUE FALSE  TRUE  TRUE  TRUE  TRUE  TRUE FALSE FALSE FALSE FALSE FALSE FALSE
[541]  TRUE  TRUE  TRUE  TRUE  TRUE  TRUE  TRUE  TRUE  TRUE  TRUE  TRUE  TRUE  TRUE  TRUE  TRUE
[556]  TRUE  TRUE  TRUE  TRUE  TRUE  TRUE  TRUE  TRUE FALSE  TRUE  TRUE  TRUE  TRUE  TRUE  TRUE
[571]  TRUE  TRUE  TRUE  TRUE  TRUE  TRUE FALSE  TRUE  TRUE  TRUE  TRUE  TRUE FALSE  TRUE  TRUE
[586]  TRUE  TRUE  TRUE FALSE  TRUE  TRUE  TRUE  TRUE  TRUE  TRUE  TRUE  TRUE  TRUE  TRUE  TRUE
[601] FALSE  TRUE  TRUE  TRUE  TRUE  TRUE  TRUE  TRUE  TRUE  TRUE  TRUE  TRUE  TRUE  TRUE  TRUE
[616]  TRUE  TRUE FALSE  TRUE  TRUE FALSE FALSE  TRUE  TRUE FALSE FALSE  TRUE FALSE FALSE  TRUE
[631]  TRUE  TRUE  TRUE  TRUE  TRUE  TRUE  TRUE  TRUE  TRUE  TRUE  TRUE  TRUE FALSE  TRUE  TRUE
[646]  TRUE  TRUE  TRUE  TRUE  TRUE  TRUE FALSE  TRUE  TRUE  TRUE  TRUE  TRUE  TRUE  TRUE  TRUE
[661]  TRUE  TRUE  TRUE  TRUE  TRUE  TRUE  TRUE  TRUE  TRUE FALSE FALSE  TRUE  TRUE  TRUE  TRUE
[676]  TRUE  TRUE  TRUE  TRUE  TRUE  TRUE  TRUE  TRUE  TRUE  TRUE  TRUE  TRUE  TRUE  TRUE  TRUE
[691]  TRUE  TRUE  TRUE  TRUE  TRUE  TRUE  TRUE  TRUE  TRUE  TRUE  TRUE  TRUE  TRUE  TRUE  TRUE
[706] FALSE  TRUE  TRUE  TRUE  TRUE  TRUE  TRUE  TRUE  TRUE  TRUE  TRUE  TRUE  TRUE  TRUE  TRUE
[721]  TRUE  TRUE  TRUE  TRUE  TRUE  TRUE  TRUE  TRUE  TRUE  TRUE  TRUE  TRUE  TRUE  TRUE  TRUE
[736]  TRUE  TRUE  TRUE  TRUE  TRUE  TRUE  TRUE  TRUE  TRUE  TRUE  TRUE  TRUE  TRUE  TRUE  TRUE
[751]  TRUE  TRUE  TRUE  TRUE  TRUE  TRUE  TRUE

