
Birth-death simulation object with 709 species and 500 extant species

Details for some species:

Extinction times (NA means extant)
[1] 90.31711 87.35103 47.89884 82.40467 65.03225 63.04978


Speciation times 
[1] 108.27492 104.40466  90.45666  83.35617  77.05048  72.41876


Species parents (NA for initial)
[1] NA  1  1  3  3  3


Species status (extinct or extant)
[1] "extinct" "extinct" "extinct" "extinct" "extinct" "extinct"


For more details on vector y, try sim$y, with y one of
TE TS PAR EXTANT



$TE
  [1] 90.31710830 87.35102895 47.89884277 82.40467496 65.03224874 63.04977801          NA
  [8] 45.41040068 53.68719607 47.23597188 49.35681336 52.85872411 45.35561133  2.43243499
 [15]  1.99896668          NA 57.74075282  6.85503205 26.03594086 35.61685328          NA
 [22] 18.36406439          NA          NA          NA  4.12289035          NA          NA
 [29] 39.14987959 53.95563446          NA 35.69673041 50.60645980 29.92690387 40.83010196
 [36] 52.06167313          NA 15.85312975  9.59867087  6.65411586  0.97129781          NA
 [43] 46.41541331 42.20329090 34.51424284          NA 33.87471156 31.61253415 17.38681299
 [50]          NA  3.58584196          NA          NA          NA          NA 39.26438007
 [57] 20.85670577          NA 36.36436114          NA 30.41902720 44.10589334 41.59325436
 [64]  6.29732645          NA 13.39763186 18.42947422          NA 25.18387603 20.09100246
 [71]          NA 30.60481528 22.88484785          NA          NA          NA          NA
 [78]  8.92605346  5.29639580          NA 26.81108319 32.94282841 32.94898297 16.51636917
 [85]          NA 33.28416064 41.47101475 10.78361285          NA          NA          NA
 [92]          NA          NA  7.69204863          NA          NA          NA          NA
 [99] 14.12678730  1.16850890          NA  5.33272143 11.66550948          NA          NA
[106]  3.97795893          NA 17.61144712 16.96032942 17.21831257 26.63013823          NA
[113] 24.44912017  7.99505044          NA          NA 24.40246161          NA 29.04103486
[120] 15.74655272          NA 20.96476800  8.18286484          NA          NA          NA
[127]  0.38608915          NA 26.30741509          NA 19.36178601          NA          NA
[134]  8.22860767          NA          NA          NA          NA  7.58984255  2.64578247
[141]          NA 17.65395626          NA          NA          NA          NA 25.33610688
[148] 13.45557427          NA          NA 24.23250535  3.23252279  4.11481030 29.77175463
[155] 17.51173370          NA          NA          NA          NA 20.11262156  7.81660340
[162]          NA          NA          NA          NA          NA          NA          NA
[169]          NA 15.60988144          NA          NA          NA  3.42473700 13.89154548
[176]  4.22785851          NA          NA          NA          NA  2.33084607          NA
[183]          NA  9.88743174          NA 16.50882835          NA          NA          NA
[190]          NA          NA          NA 23.31029926          NA 13.92553478  7.22473077
[197]          NA          NA 19.72217139 10.79434941          NA          NA          NA
[204]          NA 11.95650720          NA          NA 14.38620676 26.50738884 15.53676651
[211]          NA          NA          NA  9.02376066 14.24936088  6.18164986          NA
[218]          NA          NA 16.36059304          NA          NA 14.28804911          NA
[225]          NA          NA          NA 20.87439459          NA          NA          NA
[232] 10.51428481          NA          NA 15.01490105          NA          NA          NA
[239] 16.99200767          NA          NA  4.07018884          NA 11.27302039  4.02520156
[246]  3.86962311          NA  9.89076772          NA          NA          NA  4.39824986
[253]  1.33772412          NA          NA  3.84732727          NA 22.05682888          NA
[260]          NA          NA          NA 23.92871073 11.52564581  7.58476597          NA
[267]          NA          NA 15.76604916          NA  1.99136536          NA          NA
[274]          NA          NA  5.76410767          NA          NA          NA  0.16806045
[281]          NA          NA          NA          NA          NA  4.38443549          NA
[288]          NA  7.83729075          NA          NA          NA          NA          NA
[295]  2.74017867  1.90478700  3.23367652          NA  6.70143292          NA          NA
[302] 12.16288547          NA          NA 10.22744843  1.05529472  0.42330297          NA
[309]          NA          NA 11.14789194 16.33688452          NA 16.03404604          NA
[316]          NA          NA          NA 16.38028842  4.14215360          NA          NA
[323]          NA  6.12127804          NA          NA          NA          NA          NA
[330]          NA 15.19485543          NA          NA          NA          NA          NA
[337]          NA          NA  7.34163867 14.44754421          NA  2.63011221          NA
[344]          NA          NA          NA  8.54035020          NA          NA          NA
[351]  5.11870828          NA          NA          NA  4.11408388  2.33483540          NA
[358]          NA  9.63128484          NA          NA          NA          NA          NA
[365]          NA          NA  0.69553311          NA          NA          NA  8.26065912
[372]          NA          NA          NA          NA  9.84084686          NA          NA
[379]          NA  5.80545404          NA          NA          NA 10.33083016          NA
[386]          NA 12.17825040          NA          NA  2.82099614          NA          NA
[393]          NA          NA          NA          NA  9.11764545          NA          NA
[400]  9.14668719          NA          NA          NA  5.62341624          NA          NA
[407]          NA          NA          NA          NA          NA          NA          NA
[414] 13.75048300 13.51482551          NA          NA          NA          NA          NA
[421]          NA          NA          NA  2.83191423  1.03633816  6.63352907          NA
[428]          NA          NA          NA          NA          NA  0.05868406          NA
[435]          NA          NA 14.80608821          NA          NA          NA          NA
[442]          NA          NA          NA          NA          NA          NA  2.06474083
[449]          NA          NA          NA          NA          NA          NA          NA
[456]          NA          NA  8.07579408          NA          NA          NA          NA
[463]          NA          NA          NA  0.64623112  1.32995466          NA          NA
[470]          NA          NA          NA          NA          NA          NA  8.50461506
[477]          NA          NA          NA          NA          NA          NA          NA
[484]          NA 10.62891906          NA          NA          NA          NA  8.35740716
[491]  1.90768702  7.57890448          NA          NA          NA          NA          NA
[498]          NA          NA          NA          NA  3.71624051          NA 10.12877268
[505]          NA          NA          NA          NA          NA          NA          NA
[512]          NA          NA          NA          NA          NA          NA          NA
[519]          NA  1.28232088          NA          NA  4.09901827          NA          NA
[526]          NA          NA          NA          NA          NA  0.33456281          NA
[533]          NA          NA          NA          NA          NA  6.88389701          NA
[540]          NA          NA          NA  4.92890226          NA          NA          NA
[547]  0.42185980          NA          NA          NA          NA          NA          NA
[554]          NA          NA          NA          NA  1.09239553          NA          NA
[561]          NA  1.77182925          NA          NA          NA          NA          NA
[568]          NA          NA          NA          NA          NA          NA          NA
[575]  2.49994938          NA          NA          NA  3.00245162          NA          NA
[582]          NA          NA          NA          NA          NA          NA          NA
[589]          NA          NA          NA          NA          NA  2.46066652          NA
[596]          NA          NA  2.50677429          NA  3.62150384  1.59263449          NA
[603]          NA          NA  0.31233303          NA          NA          NA          NA
[610]          NA          NA  2.29708361          NA          NA          NA          NA
[617]          NA  3.08542743          NA  4.22132370          NA          NA          NA
[624]          NA          NA          NA          NA  1.38100883          NA          NA
[631]          NA          NA  3.25129816          NA          NA          NA          NA
[638]          NA          NA          NA          NA          NA          NA          NA
[645]          NA          NA          NA          NA          NA          NA  2.12978735
[652]          NA          NA          NA          NA          NA          NA          NA
[659]          NA          NA          NA          NA          NA          NA          NA
[666]          NA          NA          NA          NA          NA          NA          NA
[673]          NA          NA          NA          NA          NA          NA          NA
[680]          NA          NA          NA          NA          NA          NA          NA
[687]          NA          NA  0.72276584          NA          NA          NA          NA
[694]          NA          NA          NA          NA          NA          NA          NA
[701]          NA          NA          NA          NA          NA          NA          NA
[708]          NA          NA

$TS
  [1] 1.082749e+02 1.044047e+02 9.045666e+01 8.335617e+01 7.705048e+01 7.241876e+01 7.205090e+01
  [8] 5.368116e+01 7.699236e+01 6.882701e+01 6.306208e+01 5.951360e+01 6.698630e+01 6.897519e+01
 [15] 3.826849e+01 6.707045e+01 5.847002e+01 5.808848e+01 5.769528e+01 4.867002e+01 3.707345e+01
 [22] 2.251858e+01 2.227146e+01 8.978248e+00 4.493373e+01 2.588355e+01 4.620917e+00 6.753323e-01
 [29] 6.037866e+01 5.856628e+01 5.580903e+01 5.951165e+01 5.112845e+01 5.417064e+01 4.663341e+01
 [36] 5.457712e+01 5.237554e+01 4.222435e+01 2.969330e+01 2.026031e+01 1.958540e+01 1.225778e+01
 [43] 5.688673e+01 5.497719e+01 4.212987e+01 5.110814e+01 5.086883e+01 5.543257e+01 4.005736e+01
 [50] 2.783662e+01 2.682451e+01 2.504586e+01 2.039337e+01 1.212918e+00 4.489381e+01 4.415132e+01
 [57] 5.281501e+01 5.013674e+01 4.551587e+01 3.744481e+01 3.166510e+01 4.569034e+01 5.209479e+01
 [64] 4.794974e+01 3.599324e+01 2.383732e+01 4.815122e+01 4.912469e+01 3.930668e+01 2.181816e+01
 [71] 5.143013e-01 4.427746e+01 3.493611e+01 3.322174e+01 2.566893e+01 1.611964e+01 3.667987e+00
 [78] 4.027624e+01 1.250291e+01 4.159326e+01 4.504574e+01 3.796385e+01 4.605360e+01 2.724140e+01
 [85] 1.552671e+01 4.374643e+01 4.354244e+01 3.747556e+01 3.206981e+01 1.693114e+01 1.264186e+01
 [92] 8.844151e+00 3.643525e+00 2.893904e+01 2.504571e+01 3.489526e+00 3.399135e+00 4.223672e+01
 [99] 4.275039e+01 3.008796e+01 1.818830e+01 4.044629e+01 1.984623e+01 5.654500e+00 2.569384e+00
[106] 3.989581e+01 3.267809e+01 2.967212e+01 2.859784e+01 1.725424e+01 3.721901e+01 3.662557e+01
[113] 2.561394e+01 2.290084e+01 9.241238e+00 2.159183e+00 3.655372e+01 5.980862e+00 2.932863e+01
[120] 2.321305e+01 1.054391e+01 3.822391e+01 2.356001e+01 1.799548e+01 1.781382e+01 2.026036e+01
[127] 1.858546e+01 3.466919e+01 3.128344e+01 3.388556e+01 2.711583e+01 2.171643e+01 3.219620e+01
[134] 3.142397e+01 3.698962e+01 3.122317e+01 2.323075e+01 1.611429e+01 3.487612e+01 2.299607e+01
[141] 2.666508e+00 3.095855e+01 3.052074e+01 3.038499e+01 2.900023e+01 1.592891e+01 3.201099e+01
[148] 2.280069e+01 3.470063e+01 3.063147e+01 3.204827e+01 2.757491e+01 8.796467e+00 3.288610e+01
[155] 3.068049e+01 2.326017e+01 2.066606e+01 1.710639e+01 1.305193e+01 3.041167e+01 2.605733e+01
[162] 1.688578e+01 1.914314e+00 1.329597e+00 1.516655e-01 3.370570e+01 2.733189e+00 3.256923e-01
[169] 1.671213e-01 3.050216e+01 2.812918e+01 2.587958e+01 2.715179e+01 1.855386e+01 1.734558e+01
[176] 2.597347e+01 2.273774e+01 2.270162e+01 1.178837e+01 4.989377e+00 2.423423e+01 5.140747e+00
[183] 2.869680e+01 2.910351e+01 3.096457e+01 2.514105e+01 1.704105e+01 2.200410e+01 1.185719e+01
[190] 9.577628e+00 7.838820e+00 3.176037e+00 2.720789e+01 2.222645e+01 2.394649e+01 2.511704e+01
[197] 2.081474e+01 2.072236e+01 3.055808e+01 2.889759e+01 2.832442e+01 1.561491e+01 7.224265e+00
[204] 2.271916e+01 2.170296e+01 2.150730e+01 1.055172e+01 2.099181e+01 2.956179e+01 2.606559e+01
[211] 2.576294e+01 1.767469e+01 2.043064e+01 1.784436e+01 1.477027e+01 1.134365e+01 1.038780e+01
[218] 7.839898e+00 2.855508e+01 2.551168e+01 2.291570e+01 6.123629e+00 1.677687e+01 2.484866e+01
[225] 1.431663e+01 9.081562e+00 3.460815e+00 2.345694e+01 4.105215e+00 3.733417e+00 2.328627e+01
[232] 1.060012e+01 1.075615e+01 5.765664e+00 2.132364e+01 1.680330e+01 9.894725e+00 5.163325e+00
[239] 2.190999e+01 2.133463e+01 2.011262e+01 1.954180e+01 1.741670e+01 1.162214e+01 6.536051e+00
[246] 2.651442e+01 2.590463e+01 1.734772e+01 1.540467e+01 1.399610e+01 1.176743e+01 2.366449e+01
[253] 1.513724e+01 1.337977e+01 8.472359e+00 1.188438e+01 1.098702e+01 2.375525e+01 1.494024e+01
[260] 6.453850e+00 5.399813e+00 3.349293e+00 2.491387e+01 2.256809e+01 2.149631e+01 1.284030e+01
[267] 8.891302e+00 4.411809e+00 2.223615e+01 2.045457e+01 1.540294e+01 4.505997e+00 4.286287e+00
[274] 2.457090e+01 2.504319e+01 1.953472e+01 1.726857e+01 1.261694e+01 2.041284e+01 1.658723e+01
[281] 1.648640e+01 2.975398e+00 2.327349e+01 2.036703e+01 2.363511e+01 1.561985e+01 7.946512e+00
[288] 1.962150e+01 1.795704e+01 9.836202e+00 5.228577e+00 7.672536e-01 5.817598e+00 1.899056e+01
[295] 4.882851e+00 7.730266e+00 1.353660e+01 8.096060e+00 2.108320e+01 2.153989e+01 7.543008e+00
[302] 1.768856e+01 2.237723e+01 4.275422e+00 1.862374e+01 1.794874e+01 1.657389e+01 2.163821e+01
[309] 9.620163e+00 3.160026e+00 2.201951e+01 1.681731e+01 4.380435e+00 1.838316e+01 2.012200e+01
[316] 9.058981e+00 7.099255e+00 3.546300e+00 2.095860e+01 1.830303e+01 1.630198e+01 6.907260e+00
[323] 1.841062e+01 1.732993e+01 8.864925e+00 3.582703e+00 1.247434e+01 1.685851e+01 8.520450e-01
[330] 5.494874e+00 2.169459e+01 1.451771e+01 1.719811e+01 9.481139e+00 9.225981e+00 1.744093e+01
[337] 1.549588e+01 1.238341e+01 1.581252e+01 1.519221e+01 1.026382e+01 4.189397e+00 1.683155e+00
[344] 4.863378e-01 1.108985e+01 2.065483e+01 1.690745e+01 5.035742e+00 6.664437e-01 1.839319e+01
[351] 5.269293e+00 1.462189e+01 1.812815e+00 1.339143e+01 8.441533e+00 7.393842e+00 7.003072e+00
[358] 1.221154e+01 1.514956e+01 1.509050e+01 1.386986e+01 1.309955e+00 1.077965e+01 5.425112e+00
[365] 1.733981e+01 7.734701e+00 8.502975e-01 1.439376e+01 7.252992e+00 1.329074e+01 1.867292e+01
[372] 2.902949e+00 1.356302e+01 1.332910e+01 1.269106e+01 1.182395e+01 1.686324e+01 1.248359e+01
[379] 1.584059e+01 1.547771e+01 9.985022e+00 4.284372e+00 8.086261e-01 1.775000e+01 1.023153e+01
[386] 9.126407e+00 1.836485e+01 1.282047e+01 7.103441e+00 4.405508e+00 3.973934e+00 1.654625e+01
[393] 5.890262e+00 1.206151e+01 1.493803e+01 1.395368e+01 1.377478e+01 8.260204e+00 7.378444e+00
[400] 1.488725e+01 3.997812e+00 1.553071e+01 3.129570e+00 1.652073e+01 1.355473e+01 1.128423e+01
[407] 5.634709e+00 1.183661e+01 1.165674e+01 9.949260e+00 4.783860e+00 2.756297e+00 5.065105e+00
[414] 1.515505e+01 1.398814e+01 1.153595e+01 9.829768e+00 1.639701e+01 9.523451e+00 1.078646e+01
[421] 1.396516e+00 1.362085e+01 1.219013e+01 1.154872e+01 1.021061e+01 1.007514e+01 8.239635e+00
[428] 1.030413e+01 1.584509e+00 1.425672e+01 3.606809e+00 1.604460e+01 1.264399e+01 9.297931e+00
[435] 8.124158e+00 4.710960e+00 1.511251e+01 1.070296e+01 3.622019e+00 5.946579e+00 5.827546e+00
[442] 2.264821e-02 7.035796e+00 3.139421e+00 6.445748e+00 3.510107e+00 1.511902e+01 1.484215e+01
[449] 1.274925e+01 5.558275e+00 1.305210e+01 7.346229e+00 1.406920e+01 2.880794e+00 1.395206e+01
[456] 6.844799e+00 1.054230e+01 1.511769e+01 1.355523e+01 1.322009e+01 1.262715e+01 1.004534e+01
[463] 1.310736e+01 8.439112e+00 7.193043e+00 1.593754e+00 4.666368e+00 3.022843e+00 3.011831e+00
[470] 8.839400e-01 9.550739e+00 1.451109e+01 1.301243e+01 5.850426e+00 4.556075e+00 1.371551e+01
[477] 7.067227e+00 2.511662e+00 1.097975e+01 8.261686e+00 8.372559e+00 3.594515e+00 1.694828e+00
[484] 2.830766e+00 1.188257e+01 9.146252e+00 7.608467e+00 7.632013e+00 3.052791e-01 8.553730e+00
[491] 4.303727e+00 1.254550e+01 5.418899e+00 1.749673e+00 9.469076e+00 5.527231e+00 3.570266e+00
[498] 2.303116e+00 6.562883e+00 4.112742e+00 4.809851e+00 1.055579e+01 8.710183e-01 1.088159e+01
[505] 9.897281e+00 2.158442e+00 7.718602e+00 6.072645e+00 1.735179e+00 1.088135e+01 1.428655e+00
[512] 1.531662e-01 5.976134e+00 1.476825e+00 9.171184e-01 1.048440e+01 8.089184e+00 3.114661e-01
[519] 7.728823e+00 6.813265e+00 5.440968e+00 2.780285e+00 1.066854e+01 6.674506e+00 4.326344e+00
[526] 1.692357e+00 1.211399e-01 9.393589e+00 2.286163e+00 1.025436e+01 5.291303e+00 4.630583e+00
[533] 1.136756e+01 3.883332e+00 2.853801e+00 1.116963e+01 3.991825e+00 8.382865e+00 2.053119e+00
[540] 5.782034e+00 1.778836e+00 7.638001e+00 8.848628e+00 8.437718e+00 8.675982e+00 1.957574e+00
[547] 6.406825e+00 8.460426e+00 5.356282e-01 2.303448e+00 5.499915e+00 1.003274e+01 9.161110e+00
[554] 8.678804e+00 7.178396e+00 9.439750e+00 3.386155e+00 1.607626e+00 2.805081e+00 1.509898e+00
[561] 7.022723e+00 3.650882e+00 5.852202e+00 1.074896e+00 1.094789e+00 6.094742e+00 1.613967e+00
[568] 4.497872e-01 7.292844e+00 7.451066e-01 3.025679e-01 3.420588e+00 1.834067e+00 6.227368e+00
[575] 5.354719e+00 7.330544e-01 6.218558e+00 5.516510e+00 3.637893e+00 8.006344e+00 6.510614e+00
[582] 6.259862e+00 6.692408e+00 4.240109e-01 1.770358e+00 1.412134e-01 4.243427e+00 5.420273e-01
[589] 3.546119e+00 4.025342e-01 3.046154e+00 1.638944e-01 7.135300e+00 3.928930e+00 2.160573e+00
[596] 1.498380e+00 5.411961e+00 5.171674e+00 4.756066e+00 4.717646e+00 6.586218e+00 3.092665e-01
[603] 1.613498e+00 2.079354e+00 2.045982e+00 7.182939e-01 1.269431e+00 3.713386e+00 2.302343e+00
[610] 5.433057e+00 3.156807e+00 5.875976e+00 1.700862e+00 1.048160e+00 3.173342e+00 1.361046e+00
[617] 6.140865e-03 6.159567e+00 5.748063e+00 4.326083e+00 2.930760e+00 9.769948e-01 3.889548e+00
[624] 3.674150e+00 3.230927e+00 3.015129e+00 2.184157e+00 1.744955e+00 5.425875e+00 3.490646e+00
[631] 6.094951e-01 8.235872e-01 4.161986e+00 1.199117e+00 5.588590e+00 3.413458e+00 2.630659e+00
[638] 2.948674e+00 4.922433e+00 4.470533e+00 2.977209e+00 1.583022e+00 4.016347e+00 1.533519e+00
[645] 4.948234e+00 2.928178e+00 4.011689e+00 1.510798e+00 3.227271e+00 4.361976e+00 3.108969e+00
[652] 4.763158e+00 3.171840e+00 2.809286e+00 1.290898e+00 4.134084e+00 2.042301e+00 2.333974e+00
[659] 2.674070e+00 2.523061e+00 4.249143e+00 1.701177e-01 7.875524e-01 2.971654e+00 2.482130e+00
[666] 2.029734e+00 9.868825e-01 1.369616e-01 3.211281e+00 2.327756e+00 1.448333e-01 4.317313e-01
[673] 3.227618e-01 2.976711e+00 1.669116e+00 4.797086e-01 2.918423e+00 1.178623e+00 2.622046e+00
[680] 5.092227e-01 2.145948e+00 1.679735e+00 2.192896e+00 7.634753e-01 2.950404e+00 3.725689e-01
[687] 8.275245e-01 1.440872e+00 8.504946e-01 7.027133e-01 5.734158e-02 1.322821e+00 2.141963e+00
[694] 1.829150e+00 9.776488e-01 7.833133e-01 3.011282e-01 4.481705e-01 3.608569e-01 1.556911e+00
[701] 1.508417e-01 8.289801e-01 1.164451e+00 3.987363e-01 5.355697e-01 9.263584e-01 2.720984e-01
[708] 5.921867e-01 2.003845e-01

$PAR
  [1]  NA   1   1   3   3   3   3   3   5   9   9   9   6   7   7  14  14  14  14  14  14  14  14
 [24]  14  16  16  16  16  13  13  13  11  11  29  29  12  18  18  18  18  18  18  19  19  19  43
 [47]  43  31  31  31  31  31  31  31  48  48  34  34  34  34  34   8  57  57  57  57  37  63  46
 [70]  46  46  47  58  58  58  58  58  68  68  20  67  67  64  64  64  35  83  59  25  25  25  25
 [93]  25  55  55  55  55  72  86  99  99  98  98  98  98  38  38  38  38  38  45  45  80  80  80
[116]  80 102 102  78  78  78  49  49  49  49 106 106  69  69  15  15  15 122 122  82  88  88  88
[139]  60  60  60 111  21  21 135 135 112 112 117 117  65  65  65  73 139 139 139 139 139 149 149
[162] 149 149 128 128 130 130 130 130 166 166 166  74  74  74 107 107 107 107 107 133  89 151 147
[185]  61 134 134 136 136 136 136 136 185 185 142 155 155 155 150 150 150 150 150 199 199 143 143
[208] 170 160 160 160 144 100 100 100 100 100 100  39  39 145 145  94 183 183 183 183 219 219 219
[231] 201 201 171 171  50  50  50  50 152 152 152 152 152 152 152 131  51  51  51  51  51 246 246
[254] 246 246 161 161 176 176 176 176 247  26  26 211 211 211 211  75  75  75  75  75 220 186 186
[277] 196 196  52  52  52  52  95  95 275 275 275 224 224 224 224 224 181 195 252 285 231 231 283
[300] 156 156 120 140 221 114 114 114 148 177 177 204 178 178 264 303 303 303 303  23  23  23  23
[323] 269 194 194 194 311 188 188 132 205 205 308 308 308 300 300 300 206 206 206 206 206 206 265
[346] 240 240 240 240 319 197 198 198 157 346 346 346 270 213 213 213 213 279 279  53  53  53 126
[369] 126  40 315 315 241 241 241 241 103 103 288 288 288 288 288  41  41  41 127 127 127 127 127
[392] 174 174 323 350 350 350 350 350 101 101 124 124 289 289 306 306 125 125 125 336 336 243 248
[415] 248 365 365 324 324 277 277 333 158 158 158 158 158 187  90 162 162 377 377 377 236 307 404
[438] 404 281 321 321  76 432 432 146 146 379 379 379 379 202 202 402 402  85  85 271 414 359 359
[461] 253 253 360 360 259 259 395 395 395 395 400 448 448 448 332 472 472 472 368 368 225 225 225
[484] 430 453 453 453 250 250 396 455 476 373 373 459 459 405 354 254 254 374 370 370 460 460 451
[507] 159 159 159 473 473 473 266 449 375 433 433 433  91  91 378 327  42 423 423 423 394 408 408
[530] 376 179 179 409 409 409 424 424 536 536 257 257 479 420 420 363 233 516 217 217 428 341 385
[553] 462 462 552 381 381 381 410 410 237 237 471 471 334 495 495 556 115 115 115 335 553 226 226
[576] 316 325 255 255 538 481 481 480 480 427 298 517 580 287 218 191 191 366 366 487 399 452 452
[599] 569 369 465 465 593 477 443 443 561 357 322 456 520 524 524 524 499 499 499 547 547 547 547
[622] 547 582 582 582 582 574 577 618 566 508 118 513 513 440 440 612 563 474 474 540 104 407 407
[645] 450 496 551 521 364 493 261 575 575 639 639 652 436 467 532 640 268 268 313 661 587 229 647
[668] 401 391 623 623 608 431 326 318 589  96  96 636 636 649 310 282 282 664 646 454 535 654 559
[691] 167 679 550 498 627 546 353 541 526 682 675 648 560 421 703 667 687 570 584

$EXTANT
  [1] FALSE FALSE FALSE FALSE FALSE FALSE  TRUE FALSE FALSE FALSE FALSE FALSE FALSE FALSE FALSE
 [16]  TRUE FALSE FALSE FALSE FALSE  TRUE FALSE  TRUE  TRUE  TRUE FALSE  TRUE  TRUE FALSE FALSE
 [31]  TRUE FALSE FALSE FALSE FALSE FALSE  TRUE FALSE FALSE FALSE FALSE  TRUE FALSE FALSE FALSE
 [46]  TRUE FALSE FALSE FALSE  TRUE FALSE  TRUE  TRUE  TRUE  TRUE FALSE FALSE  TRUE FALSE  TRUE
 [61] FALSE FALSE FALSE FALSE  TRUE FALSE FALSE  TRUE FALSE FALSE  TRUE FALSE FALSE  TRUE  TRUE
 [76]  TRUE  TRUE FALSE FALSE  TRUE FALSE FALSE FALSE FALSE  TRUE FALSE FALSE FALSE  TRUE  TRUE
 [91]  TRUE  TRUE  TRUE FALSE  TRUE  TRUE  TRUE  TRUE FALSE FALSE  TRUE FALSE FALSE  TRUE  TRUE
[106] FALSE  TRUE FALSE FALSE FALSE FALSE  TRUE FALSE FALSE  TRUE  TRUE FALSE  TRUE FALSE FALSE
[121]  TRUE FALSE FALSE  TRUE  TRUE  TRUE FALSE  TRUE FALSE  TRUE FALSE  TRUE  TRUE FALSE  TRUE
[136]  TRUE  TRUE  TRUE FALSE FALSE  TRUE FALSE  TRUE  TRUE  TRUE  TRUE FALSE FALSE  TRUE  TRUE
[151] FALSE FALSE FALSE FALSE FALSE  TRUE  TRUE  TRUE  TRUE FALSE FALSE  TRUE  TRUE  TRUE  TRUE
[166]  TRUE  TRUE  TRUE  TRUE FALSE  TRUE  TRUE  TRUE FALSE FALSE FALSE  TRUE  TRUE  TRUE  TRUE
[181] FALSE  TRUE  TRUE FALSE  TRUE FALSE  TRUE  TRUE  TRUE  TRUE  TRUE  TRUE FALSE  TRUE FALSE
[196] FALSE  TRUE  TRUE FALSE FALSE  TRUE  TRUE  TRUE  TRUE FALSE  TRUE  TRUE FALSE FALSE FALSE
[211]  TRUE  TRUE  TRUE FALSE FALSE FALSE  TRUE  TRUE  TRUE FALSE  TRUE  TRUE FALSE  TRUE  TRUE
[226]  TRUE  TRUE FALSE  TRUE  TRUE  TRUE FALSE  TRUE  TRUE FALSE  TRUE  TRUE  TRUE FALSE  TRUE
[241]  TRUE FALSE  TRUE FALSE FALSE FALSE  TRUE FALSE  TRUE  TRUE  TRUE FALSE FALSE  TRUE  TRUE
[256] FALSE  TRUE FALSE  TRUE  TRUE  TRUE  TRUE FALSE FALSE FALSE  TRUE  TRUE  TRUE FALSE  TRUE
[271] FALSE  TRUE  TRUE  TRUE  TRUE FALSE  TRUE  TRUE  TRUE FALSE  TRUE  TRUE  TRUE  TRUE  TRUE
[286] FALSE  TRUE  TRUE FALSE  TRUE  TRUE  TRUE  TRUE  TRUE FALSE FALSE FALSE  TRUE FALSE  TRUE
[301]  TRUE FALSE  TRUE  TRUE FALSE FALSE FALSE  TRUE  TRUE  TRUE FALSE FALSE  TRUE FALSE  TRUE
[316]  TRUE  TRUE  TRUE FALSE FALSE  TRUE  TRUE  TRUE FALSE  TRUE  TRUE  TRUE  TRUE  TRUE  TRUE
[331] FALSE  TRUE  TRUE  TRUE  TRUE  TRUE  TRUE  TRUE FALSE FALSE  TRUE FALSE  TRUE  TRUE  TRUE
[346]  TRUE FALSE  TRUE  TRUE  TRUE FALSE  TRUE  TRUE  TRUE FALSE FALSE  TRUE  TRUE FALSE  TRUE
[361]  TRUE  TRUE  TRUE  TRUE  TRUE  TRUE FALSE  TRUE  TRUE  TRUE FALSE  TRUE  TRUE  TRUE  TRUE
[376] FALSE  TRUE  TRUE  TRUE FALSE  TRUE  TRUE  TRUE FALSE  TRUE  TRUE FALSE  TRUE  TRUE FALSE
[391]  TRUE  TRUE  TRUE  TRUE  TRUE  TRUE FALSE  TRUE  TRUE FALSE  TRUE  TRUE  TRUE FALSE  TRUE
[406]  TRUE  TRUE  TRUE  TRUE  TRUE  TRUE  TRUE  TRUE FALSE FALSE  TRUE  TRUE  TRUE  TRUE  TRUE
[421]  TRUE  TRUE  TRUE FALSE FALSE FALSE  TRUE  TRUE  TRUE  TRUE  TRUE  TRUE FALSE  TRUE  TRUE
[436]  TRUE FALSE  TRUE  TRUE  TRUE  TRUE  TRUE  TRUE  TRUE  TRUE  TRUE  TRUE FALSE  TRUE  TRUE
[451]  TRUE  TRUE  TRUE  TRUE  TRUE  TRUE  TRUE FALSE  TRUE  TRUE  TRUE  TRUE  TRUE  TRUE  TRUE
[466] FALSE FALSE  TRUE  TRUE  TRUE  TRUE  TRUE  TRUE  TRUE  TRUE FALSE  TRUE  TRUE  TRUE  TRUE
[481]  TRUE  TRUE  TRUE  TRUE FALSE  TRUE  TRUE  TRUE  TRUE FALSE FALSE FALSE  TRUE  TRUE  TRUE
[496]  TRUE  TRUE  TRUE  TRUE  TRUE  TRUE FALSE  TRUE FALSE  TRUE  TRUE  TRUE  TRUE  TRUE  TRUE
[511]  TRUE  TRUE  TRUE  TRUE  TRUE  TRUE  TRUE  TRUE  TRUE FALSE  TRUE  TRUE FALSE  TRUE  TRUE
[526]  TRUE  TRUE  TRUE  TRUE  TRUE FALSE  TRUE  TRUE  TRUE  TRUE  TRUE  TRUE FALSE  TRUE  TRUE
[541]  TRUE  TRUE FALSE  TRUE  TRUE  TRUE FALSE  TRUE  TRUE  TRUE  TRUE  TRUE  TRUE  TRUE  TRUE
[556]  TRUE  TRUE FALSE  TRUE  TRUE  TRUE FALSE  TRUE  TRUE  TRUE  TRUE  TRUE  TRUE  TRUE  TRUE
[571]  TRUE  TRUE  TRUE  TRUE FALSE  TRUE  TRUE  TRUE FALSE  TRUE  TRUE  TRUE  TRUE  TRUE  TRUE
[586]  TRUE  TRUE  TRUE  TRUE  TRUE  TRUE  TRUE  TRUE FALSE  TRUE  TRUE  TRUE FALSE  TRUE FALSE
[601] FALSE  TRUE  TRUE  TRUE FALSE  TRUE  TRUE  TRUE  TRUE  TRUE  TRUE FALSE  TRUE  TRUE  TRUE
[616]  TRUE  TRUE FALSE  TRUE FALSE  TRUE  TRUE  TRUE  TRUE  TRUE  TRUE  TRUE FALSE  TRUE  TRUE
[631]  TRUE  TRUE FALSE  TRUE  TRUE  TRUE  TRUE  TRUE  TRUE  TRUE  TRUE  TRUE  TRUE  TRUE  TRUE
[646]  TRUE  TRUE  TRUE  TRUE  TRUE FALSE  TRUE  TRUE  TRUE  TRUE  TRUE  TRUE  TRUE  TRUE  TRUE
[661]  TRUE  TRUE  TRUE  TRUE  TRUE  TRUE  TRUE  TRUE  TRUE  TRUE  TRUE  TRUE  TRUE  TRUE  TRUE
[676]  TRUE  TRUE  TRUE  TRUE  TRUE  TRUE  TRUE  TRUE  TRUE  TRUE  TRUE  TRUE  TRUE FALSE  TRUE
[691]  TRUE  TRUE  TRUE  TRUE  TRUE  TRUE  TRUE  TRUE  TRUE  TRUE  TRUE  TRUE  TRUE  TRUE  TRUE
[706]  TRUE  TRUE  TRUE  TRUE

