
Birth-death simulation object with 709 species and 500 extant species

Details for some species:

Extinction times (NA means extant)
[1] 28.43576 59.31301 61.08578       NA 33.79530       NA


Speciation times 
[1] 71.32964 64.27718 63.24226 60.16815 52.93594 48.42254


Species parents (NA for initial)
[1] NA  1  1  1  1  1


Species status (extinct or extant)
[1] "extinct" "extinct" "extinct" "extant"  "extinct" "extant" 


For more details on vector y, try sim$y, with y one of
TE TS PAR EXTANT



$TE
  [1] 2.843576e+01 5.931301e+01 6.108578e+01           NA 3.379530e+01           NA 1.919673e+01
  [8] 5.194265e+01           NA           NA           NA           NA           NA           NA
 [15]           NA 2.804627e-01           NA           NA           NA 2.358963e+01           NA
 [22] 2.302647e+00 1.943442e+01           NA 1.481469e+01           NA           NA 3.440834e+01
 [29] 2.391633e+01 2.113776e+00           NA           NA 2.382672e+01           NA           NA
 [36]           NA           NA           NA 2.140999e+01 3.461768e+01           NA           NA
 [43] 8.882818e+00 3.580045e-01           NA 3.995008e+00 3.149010e+01           NA           NA
 [50] 4.994247e+00 1.814839e+01 2.669257e+01 1.871773e+01 3.560056e+01 2.295262e+01           NA
 [57]           NA           NA 2.112672e+01 3.617077e+01 9.519033e+00 1.567455e+01 1.308822e+01
 [64] 1.451325e+01 2.447909e+01 1.348039e+01 2.331207e+01 7.317788e+00 3.681849e+01 3.408417e+01
 [71] 3.654494e+01           NA 3.635485e+01 2.294074e+01 1.528706e+01           NA 1.545985e+01
 [78]           NA           NA           NA           NA           NA 2.731905e+01 1.973863e+01
 [85]           NA           NA           NA 1.900153e+01 2.599971e+01 1.501265e+01           NA
 [92] 1.629663e+01 8.212101e+00 1.779025e+01           NA           NA 8.874742e+00 1.276010e+01
 [99]           NA           NA           NA 7.308435e+00 8.509323e+00 6.901139e+00           NA
[106]           NA           NA 2.503872e+01 3.098861e+01           NA 6.472911e-01 7.405930e+00
[113] 1.411902e+01 4.285363e+00           NA           NA           NA           NA 1.913167e+01
[120]           NA           NA           NA           NA           NA 1.667189e+01           NA
[127]           NA 1.604119e+01           NA           NA 4.008611e+00           NA           NA
[134] 1.134504e+01           NA           NA 2.408032e+00           NA 4.626135e+00           NA
[141] 6.372593e+00           NA           NA           NA           NA           NA           NA
[148] 5.147991e+00           NA 1.898210e+01           NA 2.288428e+01           NA           NA
[155] 1.275361e+01 4.568681e+00           NA 6.646532e+00 1.409852e+01           NA           NA
[162] 6.850536e+00           NA           NA           NA           NA 5.992819e+00 1.086908e+01
[169]           NA 1.479931e+00           NA 2.469239e+00 8.599406e-01 1.919355e+01 1.417433e+01
[176]           NA           NA 8.363913e+00           NA           NA           NA 2.540805e+00
[183]           NA           NA           NA 1.295834e+01           NA 5.642928e-01           NA
[190]           NA           NA           NA           NA           NA           NA           NA
[197] 9.289635e+00 9.593113e+00           NA 1.035971e+01           NA 4.176997e+00           NA
[204] 1.209855e+01           NA 5.781501e+00           NA           NA           NA           NA
[211]           NA 1.843669e+01           NA           NA 1.341449e+01 4.342059e+00           NA
[218]           NA           NA           NA 2.042535e+01           NA           NA           NA
[225]           NA 6.142643e+00 1.165603e+01 1.719752e+01           NA           NA           NA
[232] 4.001083e+00           NA           NA 1.909744e+01           NA           NA 6.322385e+00
[239]           NA 1.157412e+01 8.099491e+00           NA           NA           NA           NA
[246] 2.860917e+00           NA           NA           NA 3.764534e+00           NA 1.395891e+01
[253]           NA           NA 1.928805e+01           NA           NA 1.412146e+01           NA
[260]           NA           NA           NA           NA 1.535666e+01           NA           NA
[267]           NA           NA           NA 7.308382e+00           NA 1.359174e+01           NA
[274]           NA           NA           NA           NA           NA           NA           NA
[281]           NA           NA           NA           NA           NA           NA 6.926140e+00
[288] 7.409093e+00 3.888139e+00           NA           NA           NA           NA           NA
[295]           NA           NA           NA 2.735485e+00           NA           NA           NA
[302]           NA 1.153470e+00 5.089146e+00           NA 1.380952e+01 1.676226e+01           NA
[309] 1.996245e+00           NA 2.059551e+00 9.613693e-01           NA           NA 2.262224e+00
[316]           NA 6.474977e+00 9.077105e+00 8.447455e+00 5.669641e-01           NA 6.963460e+00
[323]           NA 8.486176e-01           NA           NA           NA           NA           NA
[330] 5.667525e+00           NA           NA 6.403796e+00           NA 5.044163e+00           NA
[337]           NA 9.451156e-01           NA           NA           NA 6.112118e+00           NA
[344] 5.801368e+00           NA           NA           NA           NA 7.845541e+00           NA
[351]           NA           NA 1.485603e+00 9.138466e+00           NA           NA           NA
[358]           NA           NA           NA           NA           NA 6.557691e+00           NA
[365]           NA           NA 1.194257e+00           NA 1.270729e+01           NA 1.318097e+01
[372]           NA           NA           NA           NA           NA 6.224616e+00           NA
[379] 3.383636e+00           NA           NA           NA 1.226607e+01           NA           NA
[386] 2.034253e+00           NA           NA           NA           NA           NA 6.693919e+00
[393]           NA           NA           NA 8.985327e-01           NA 4.711240e+00           NA
[400]           NA 3.659729e-01           NA           NA           NA           NA           NA
[407] 2.388748e+00           NA           NA 7.785518e+00           NA 2.389951e+00 2.266199e+00
[414]           NA 6.273300e+00           NA 1.235992e+01           NA           NA           NA
[421]           NA           NA           NA           NA           NA           NA 1.951581e+00
[428]           NA           NA           NA           NA 2.793375e+00           NA 1.245484e+01
[435]           NA           NA           NA 5.475487e+00           NA           NA           NA
[442] 2.031625e+00           NA           NA           NA           NA           NA           NA
[449] 2.277774e-01           NA           NA           NA 1.462008e+00           NA 1.215457e+01
[456]           NA 5.206496e+00           NA           NA 5.256972e+00 1.224336e+01 3.487433e+00
[463] 4.735496e+00           NA           NA 2.455040e+00 6.730680e+00           NA           NA
[470]           NA           NA           NA           NA           NA 1.697077e+00           NA
[477] 1.019203e+00           NA 2.116954e+00           NA           NA           NA 1.132946e+01
[484] 1.163158e+01 4.010807e+00           NA           NA           NA           NA           NA
[491] 7.195888e-01 8.885131e-01           NA           NA           NA           NA           NA
[498]           NA           NA           NA           NA           NA           NA           NA
[505] 7.023637e+00 7.975013e+00           NA           NA           NA           NA           NA
[512]           NA           NA           NA           NA           NA           NA 2.632015e+00
[519]           NA           NA           NA           NA           NA           NA           NA
[526]           NA           NA           NA 7.650309e+00           NA 9.905729e+00           NA
[533]           NA           NA 4.429777e+00           NA           NA           NA           NA
[540]           NA           NA           NA           NA           NA           NA           NA
[547]           NA 5.992863e+00           NA           NA           NA           NA           NA
[554]           NA 6.227692e+00           NA           NA           NA           NA           NA
[561]           NA 6.163550e+00 5.689456e+00           NA           NA 7.762717e+00           NA
[568]           NA           NA           NA           NA           NA           NA           NA
[575]           NA           NA           NA           NA 5.212871e+00           NA           NA
[582]           NA           NA           NA           NA 1.953237e+00           NA           NA
[589]           NA           NA           NA           NA           NA           NA           NA
[596]           NA           NA           NA           NA           NA           NA           NA
[603] 1.304126e+00           NA           NA           NA           NA           NA           NA
[610]           NA           NA           NA           NA           NA           NA           NA
[617]           NA           NA           NA 5.090535e+00 1.177439e+00           NA           NA
[624]           NA           NA           NA           NA 1.959845e+00           NA 7.347015e-01
[631]           NA           NA           NA           NA           NA           NA           NA
[638]           NA           NA           NA           NA           NA           NA           NA
[645]           NA           NA           NA           NA           NA           NA           NA
[652]           NA           NA           NA           NA           NA           NA 2.677717e+00
[659]           NA           NA           NA 3.175117e+00           NA           NA           NA
[666] 2.942013e+00 1.054511e+00           NA           NA           NA 2.551916e+00           NA
[673]           NA           NA           NA           NA           NA           NA           NA
[680]           NA           NA           NA           NA 1.929072e-04           NA           NA
[687]           NA           NA           NA           NA           NA           NA           NA
[694]           NA           NA           NA           NA           NA 7.820213e-02           NA
[701]           NA           NA           NA           NA           NA           NA           NA
[708]           NA           NA

$TS
  [1] 71.329638955 64.277176201 63.242264852 60.168153191 52.935937671 48.422538569 34.187694384
  [8] 57.844791184 50.252750828 40.745267566 35.335254642 32.086729236 26.951217154 16.113995850
 [15]  9.999479550  6.746066284  4.601402852  2.447369062 56.923005855 51.715287673 36.977323192
 [22] 30.851915871 29.736855195 24.721426408 23.691097231  6.508282715 47.455639267 39.680472627
 [29] 38.584299453 10.931611670  6.893777494 47.663417654 47.017062586 28.782159352 19.044150330
 [36]  8.835442692 46.022544569 37.038931598 36.789395422 36.249408549 17.162633589 14.777752165
 [43] 12.538866517  6.084155393 37.868578849 37.454644228 34.129945637 26.661150532 22.579835387
 [50] 44.417604478 39.240721771 35.244196825 34.007195960 35.726236106 31.201825180 11.733709259
 [57]  7.094886863  2.306790731 43.522819693 42.105499601 38.297828845 37.939232331 27.910750224
 [64] 18.720118073 37.138655450 36.872049359 31.888310801 23.803116649 40.202504995 36.262653575
 [71] 40.571282032 21.827614784 37.614210845 24.787150203 23.325288538 22.361744112 31.054939882
 [78] 27.432742446 24.113841220 21.399396938 18.466766128 33.746506560 31.167886651 24.880108309
 [85] 18.248678648  4.927806769 37.292476945 33.211656581 28.778801491 23.176496416 16.000418872
 [92] 29.819598446 23.298809004 19.374328867  0.842575112 24.032930037 23.129979285 22.264271099
 [99] 17.935981457  6.246743757  6.139035845 28.205316852 26.711772246 17.014814059 16.359700581
[106]  7.505125797  0.482236612 27.638960372 32.401313194 34.769908709 29.435392870 29.095441937
[113] 16.945322208 11.444060627  3.965939546 35.172629449 29.204040426 31.483472873 31.417499328
[120] 29.103539378 16.607250010  0.725010986 23.134072690 23.403562708 17.413706398  8.486011408
[127] 31.317464600 31.256733896 15.881780690  8.329719122  6.397480302  2.530264262 25.433494713
[134] 31.371665718 18.267730847 16.290726867  6.700362312 30.846391263 27.464721458 26.468507734
[141] 21.790210847 17.546333871 15.712335436 27.901802797 25.076276339 21.882902677 13.249137753
[148] 12.709073143 27.464896772 27.357669414 27.979348905 26.762595030 17.638872334 16.155939603
[155] 24.090488135  8.986351054 27.161893555 25.996810166 18.156754865 17.725970784 17.161062035
[162] 26.405824974 21.232139116  7.989811320  2.439008532 28.216750461 23.763068302 20.344696940
[169] 14.993400686  2.738895910 17.265924669  5.054349664 26.871357295 25.272536753 23.346435536
[176] 22.864014240 16.357559058 10.818772451 10.692144180  9.331562182 26.966216757 17.292658647
[183] 12.954327565 10.627784687 25.006907753 23.481288522 18.327016940 16.512975318  7.771610346
[190] 23.423707013  8.387208048  3.200024253 20.180785068 17.859911522 13.895908924 23.805202491
[197] 16.013902795 17.621608148 16.336730299 12.535739643  8.880750809 23.665567330 20.487760023
[204] 23.740884101 17.495490813 10.118445994  1.496725891  0.870840441 12.684817413 23.711426670
[211] 23.724474806 21.372354400 23.518183359 20.606456598 15.495036024 24.100988885 21.696518944
[218]  9.859258547  1.313684104  0.155658616 22.632603750 19.415116643  7.689789169  3.535196374
[225]  2.446629688  6.347594444 23.950063384 19.186524338 17.222193996  5.711164605 16.286143051
[232] 23.679239384 21.024167037 10.756184247 20.716255352 13.695817775 10.554865583 22.534590953
[239]  7.589391800 14.778325262  9.165150684 21.978128437 14.058466904 13.479753264 23.276251814
[246] 17.560291028 10.652008600  3.156937019 16.592141849 15.393403511  9.995704799 22.639123678
[253]  9.175407218  5.147379537 19.572534372 14.865707184 18.016447972 14.192158451 11.735258379
[260]  9.525072385  7.173197993  9.208396798 23.179314356 22.087854688 14.500565744 11.635320458
[267] 12.422137053 22.879438416 18.633024293 13.614481517 20.268204003 17.805872378 16.403963739
[274] 12.235117211  5.881122915 22.150554132 15.883730780  3.250601432  6.914727491 19.132592440
[281] 11.657408252  6.088285297  2.729630125 14.975492679  3.097203578 20.086699052 16.276500746
[288] 13.642664239 13.224485690 12.808455295  8.991696621  5.773684216  3.957822552 14.158862630
[295]  1.376181335 19.881407492 15.456047845 19.627559107  1.785589454  0.578622820 16.154721757
[302]  8.390831561  3.036741228 19.200912054  1.531919029 21.254151813 19.661343824 17.593105496
[309] 14.095248371  2.697168138 12.257503139  1.142064611 16.434822404 15.666279492 15.721461627
[316]  0.118609373 18.566669410 11.415729483 17.479956498 17.448700762  8.663876377  9.396684860
[323]  1.441391810 12.443268745  6.173645243  3.362312299  1.942948991 10.743179515 16.758111507
[330] 17.763592929  7.184064512 15.621874485 14.704969132  6.919368834 14.633950437 15.599383439
[337] 14.307572036  4.315632698  0.898156565 17.081280303 18.181609904 12.934558705  8.734446324
[344]  7.007324013  8.367935399  9.454121152  6.459258819  5.394393437 10.240352641 15.657052330
[351]  2.147670386  1.170277626 10.377627355 14.326891651 13.927777693 10.264860465  0.097175724
[358] 12.073277826 16.427757403 14.839176814 13.730966052  6.998963733 15.238845506 10.239310515
[365] 12.098237079  6.291319966 11.034870197  2.623913645 16.244325184 16.055406782 13.696766205
[372] 14.082569990  2.891036049 12.035393113  7.517697834  1.840989450  8.365036851 13.965538076
[379]  9.811326041 12.825617443  7.077937547 11.688721307 15.047486077 13.890596408 10.005438764
[386]  7.191980747  6.105551036  4.554716452  2.452154294  1.843057665  0.028431303 14.304800597
[393] 10.352863171  6.237385561  3.084224721  1.870285805  1.361880905  5.475162749  9.475487096
[400]  1.645700547 11.371657666  5.448079025 13.740257290  4.789452382  2.965404812  1.520225331
[407]  6.023683183  5.862993082  1.049484797 12.451819369  9.559887651 15.323026151 13.395553956
[414] 10.376241877  8.227362559  6.737884791 15.805694476  2.245979556 12.662700441 11.401927807
[421]  8.639770037 11.141826670  2.886986708  0.897263623 11.063517157 10.729114344  6.767821866
[428] 12.948878935 10.491269605  9.138939564  9.474554769  3.124098759  0.752563960 14.210048001
[435] 11.827164050 14.917140900 13.127074688 11.217053895  9.617241774  1.738533401 11.188381166
[442]  7.411942410 12.231770385 11.279088705  8.899882249 14.685828222 13.726618120 13.566154142
[449]  9.699381955 13.222061298  0.321546136 10.464378243 11.564026234  5.095275823 12.953449794
[456] 13.561272941 11.998527867  3.448834613  8.506628480  7.846153464 13.576192325  8.189847130
[463]  5.175034663  5.008224617  3.617891386 13.768645256 11.364747669  5.566454752  5.386339000
[470]  0.405253921  0.075335001 12.681744799 12.202985415  9.108988543  6.875716213  3.069802155
[477]  9.085482035  5.940522922  4.974639934 12.143610801 10.234274679 12.930964528 11.954328389
[484] 11.863188385  6.213324699  4.315704900  2.747198378 12.603403628  0.462006432  4.772126001
[491]  4.422720100  9.138233966  6.166997662  4.894437829  4.827381557  4.209058223  0.999236175
[498] 11.664585403  9.190224591  1.425113186  0.866039989  6.602963063  2.181038018 12.244598502
[505]  9.727696699  9.364667133  5.877920420  5.430719097  1.418301629  0.356479741  7.998161421
[512]  6.485228383  4.943155565  5.740084421 11.868563706 11.176264376  8.165009493  7.544662312
[519]  0.934687054 11.701098545  0.728054321 10.000692402  2.718262159 11.648151723  9.805165839
[526]  5.365741642  6.654609903  4.104750371 10.902589279  1.797473086 10.487513202  6.799355382
[533] 11.400041494  7.980389145  4.617683105  3.765369283  1.925973006  2.342014404  3.036025879
[540]  1.538451802  7.486734835  7.942522740  7.501504442  7.403705658  6.320362715  6.317380229
[547]  3.260625048 10.290947770  8.120389370  6.785357226  7.413993915  7.848109633  4.456630582
[554]  1.485336190  8.805259605  6.788020236  0.383299910  9.985673728  8.974583904  4.627279519
[561]  0.526013366  9.926957780  8.227234281  2.868310086  9.249871680  9.325942093  5.125777157
[568]  8.785179482  4.516753099  8.545396137  9.290420484  6.062092549  6.687338159  6.922368982
[575]  8.547824757  9.306936996  2.031870278  1.880016725  6.590058382  5.906474676  1.194587876
[582]  9.125934066  4.657613337  8.345751056  2.346219805  4.401785708  7.298497100  0.553891821
[589]  7.108803995  7.279505485  1.155628361  1.005418449  7.398649700  4.879107643  7.407792290
[596]  5.141650660  1.845619402  5.509133142  0.349386169  8.033781440  0.549026634  4.434842276
[603]  6.590514936  4.172359620  0.323601933  3.894490492  6.171003151  4.512586938  4.170139059
[610]  2.334780604  0.648485622  7.036170272  4.405861061  2.646836998  5.738566114  0.362343679
[617]  5.080228800  0.606184841  4.428194325  5.883022160  1.495652483  6.913769589  6.704843204
[624]  3.667325715  1.248562439  0.515658624  3.533379717  2.984954593  5.818777622  2.909386785
[631]  2.496825484  0.152437863  5.781447791  1.607626700  4.955440045  1.983743183  0.929160014
[638]  6.280601046  4.109880859  0.147986361  3.073606752  1.834235801  3.033196799  0.831601590
[645]  4.564710161  1.532542068  0.359127350  2.850688697  2.828653990  3.377085726  5.477642666
[652]  0.040639066  0.075232771  2.588390938  1.854974056  0.488926131  1.934130019  3.093553628
[659]  2.490999348  3.022519270  3.565551986  3.194920470  0.883003622  1.554417990  0.602175558
[666]  3.783654520  1.078885148  4.775482421  1.419644264  4.569539532  4.585742255  2.425431637
[673]  0.537462770  3.863311821  2.876777456  2.927671596  2.075966178  3.056291880  1.725599713
[680]  4.072626364  1.521497080  0.164119909  2.258628537  3.135733244  2.347116714  0.749524327
[687]  0.744755380  0.001197148  1.415119196  0.167151536  1.302320594  0.257438661  0.875161379
[694]  0.001822145  0.091708540  1.375950646  1.879602483  0.537883536  1.134109593  0.995442745
[701]  0.874186385  1.292801872  0.360113274  0.201193666  0.182366631  0.015162914  0.062950312
[708]  0.330862554  0.526400276

$PAR
  [1]  NA   1   1   1   1   1   1   4   4   4   4   4   4   4   4   4   4   4   8  19  19  19  19
 [24]  19  19  19   5   9   9   9   9   6   6   6   6   6  32  32  32  32  32  32  32  32  27  27
 [47]  27  27  27  33  33  33  33  37  37  37  37  37  50  50  50  50  50  50  59  59  59  59  60
 [70]  60  10  10  28  51  51  51  29  29  61  61  61  45  45  45  45  45  73  46  46  46  46  87
 [93]  87  87  87  38  38  38  38  38  38  21  21  21  21  21  21  66  39  70  11  11  11  11  11
[116]  52  52 110 110 110 110 110   7  53  82  82 109  12  12  12  12  12  67 118 118 118 118 119
[139] 119 119 134 134 134 127 127 127 127 127 128  83  77  77  77  77  22  22  92  92  92  92  92
[162]  23  23 111 111 117 117 117 117 117 120 120 112 112  34  34  34  34  34  34 166 166 166 166
[185] 102 102 102 102 102 151 151 151  63  63  63 144 149 139 139 139  78 157 157 181 181 181 181
[208] 181  13 152 140 140 162 133 133 174 145 145 145 145 185 185 185 185  24  79 216 216 216 216
[231] 155  96  96  96 227 227 196  68  68 167 167 204 204 204 211 211 211 211 210 210 210 232 232
[254] 232 202 202 213 213 213 213 213 190 124 124 124 124  93 245 245 245 263 263 263 263 263  90
[277] 123 123 268 176 176 176 176  49  49 238 238 238 238 238  76  76  76 276 276 264 264 242 242
[300] 242 146 146 146  72  72 217 217 217 217 217  80  80 306 233 214 214 168 168 271 271 271 193
[323] 193 286 286 286 286 296 298 222 222 304 304 304 280  35  35  35  35  64 269 269  81  81 187
[346] 135 135 135  85 257 257 257  99 194 194 194 194 330 153 153 153 153 198 198 246 142 205 205
[369] 319 319 320 182 171 229 229 229  41 161 340 104 104 329 121 249 249 249 249 249 249 249 249
[392] 313 313 313 313 313 313 273 105 105 177 177 199 231 231 231 154 301 301  14  14 370 370 370
[415] 370 370 197  91 277 277 277 129 315 143 314 314 314 336 336 336 297 297 297 250 250 412 412
[438] 169 169 169 256 256 360 360 360 333 333 333 333 446 446 335 265 265 354 337 337 337 392 392
[461] 434 309 309 372 372 243 243 378 355 195 195 384 384 384 384 403 447 447 447 288 288 270 448
[484] 244 244 147 147 450 437 183 183 428 428 428 482 482 482 380 380 290 209 419 488  43 410 324
[507] 324 324 324 267 311 311 504 274 480 480 480 480 480 358 358 374 374 515 515 515 435 435 259
[530] 259  56  56 524 266 266 453 453 533 401 444 425 529 234 328 328 328 426 247 247 184 429 452
[553] 353 356 364 364 364 206  15  15  15 251 558 558 218 379 525 449 449 439 260 260 399 431 346
[576] 322 180 180 576 576 262 253 253 430 477 559 445 445 201  36 321 321 421 570 126 191 191 345
[599] 584 563 517 549 511 511 164 542 552 552 552 552 552 239 239 239 518 106 543 541 551 595 595
[622] 587 331 589 589  57 612 362 279 279 556 556  16 416 623 502 502 512 347 545 546 366 325 325
[645] 607 493 387 572 407 580 275 408 629 633 615 615 230 468 598 508 469 254 254 596 596 454 617
[668] 479 494 594 495 668 583 560 569 608 619 338 604 639 528 680 115 624 465 458 326 248 395 641
[691] 476 539 649 283 368 672 538 636 537 697 390 681 207 591 591 424 501  95 665

$EXTANT
  [1] FALSE FALSE FALSE  TRUE FALSE  TRUE FALSE FALSE  TRUE  TRUE  TRUE  TRUE  TRUE  TRUE  TRUE
 [16] FALSE  TRUE  TRUE  TRUE FALSE  TRUE FALSE FALSE  TRUE FALSE  TRUE  TRUE FALSE FALSE FALSE
 [31]  TRUE  TRUE FALSE  TRUE  TRUE  TRUE  TRUE  TRUE FALSE FALSE  TRUE  TRUE FALSE FALSE  TRUE
 [46] FALSE FALSE  TRUE  TRUE FALSE FALSE FALSE FALSE FALSE FALSE  TRUE  TRUE  TRUE FALSE FALSE
 [61] FALSE FALSE FALSE FALSE FALSE FALSE FALSE FALSE FALSE FALSE FALSE  TRUE FALSE FALSE FALSE
 [76]  TRUE FALSE  TRUE  TRUE  TRUE  TRUE  TRUE FALSE FALSE  TRUE  TRUE  TRUE FALSE FALSE FALSE
 [91]  TRUE FALSE FALSE FALSE  TRUE  TRUE FALSE FALSE  TRUE  TRUE  TRUE FALSE FALSE FALSE  TRUE
[106]  TRUE  TRUE FALSE FALSE  TRUE FALSE FALSE FALSE FALSE  TRUE  TRUE  TRUE  TRUE FALSE  TRUE
[121]  TRUE  TRUE  TRUE  TRUE FALSE  TRUE  TRUE FALSE  TRUE  TRUE FALSE  TRUE  TRUE FALSE  TRUE
[136]  TRUE FALSE  TRUE FALSE  TRUE FALSE  TRUE  TRUE  TRUE  TRUE  TRUE  TRUE FALSE  TRUE FALSE
[151]  TRUE FALSE  TRUE  TRUE FALSE FALSE  TRUE FALSE FALSE  TRUE  TRUE FALSE  TRUE  TRUE  TRUE
[166]  TRUE FALSE FALSE  TRUE FALSE  TRUE FALSE FALSE FALSE FALSE  TRUE  TRUE FALSE  TRUE  TRUE
[181]  TRUE FALSE  TRUE  TRUE  TRUE FALSE  TRUE FALSE  TRUE  TRUE  TRUE  TRUE  TRUE  TRUE  TRUE
[196]  TRUE FALSE FALSE  TRUE FALSE  TRUE FALSE  TRUE FALSE  TRUE FALSE  TRUE  TRUE  TRUE  TRUE
[211]  TRUE FALSE  TRUE  TRUE FALSE FALSE  TRUE  TRUE  TRUE  TRUE FALSE  TRUE  TRUE  TRUE  TRUE
[226] FALSE FALSE FALSE  TRUE  TRUE  TRUE FALSE  TRUE  TRUE FALSE  TRUE  TRUE FALSE  TRUE FALSE
[241] FALSE  TRUE  TRUE  TRUE  TRUE FALSE  TRUE  TRUE  TRUE FALSE  TRUE FALSE  TRUE  TRUE FALSE
[256]  TRUE  TRUE FALSE  TRUE  TRUE  TRUE  TRUE  TRUE FALSE  TRUE  TRUE  TRUE  TRUE  TRUE FALSE
[271]  TRUE FALSE  TRUE  TRUE  TRUE  TRUE  TRUE  TRUE  TRUE  TRUE  TRUE  TRUE  TRUE  TRUE  TRUE
[286]  TRUE FALSE FALSE FALSE  TRUE  TRUE  TRUE  TRUE  TRUE  TRUE  TRUE  TRUE FALSE  TRUE  TRUE
[301]  TRUE  TRUE FALSE FALSE  TRUE FALSE FALSE  TRUE FALSE  TRUE FALSE FALSE  TRUE  TRUE FALSE
[316]  TRUE FALSE FALSE FALSE FALSE  TRUE FALSE  TRUE FALSE  TRUE  TRUE  TRUE  TRUE  TRUE FALSE
[331]  TRUE  TRUE FALSE  TRUE FALSE  TRUE  TRUE FALSE  TRUE  TRUE  TRUE FALSE  TRUE FALSE  TRUE
[346]  TRUE  TRUE  TRUE FALSE  TRUE  TRUE  TRUE FALSE FALSE  TRUE  TRUE  TRUE  TRUE  TRUE  TRUE
[361]  TRUE  TRUE FALSE  TRUE  TRUE  TRUE FALSE  TRUE FALSE  TRUE FALSE  TRUE  TRUE  TRUE  TRUE
[376]  TRUE FALSE  TRUE FALSE  TRUE  TRUE  TRUE FALSE  TRUE  TRUE FALSE  TRUE  TRUE  TRUE  TRUE
[391]  TRUE FALSE  TRUE  TRUE  TRUE FALSE  TRUE FALSE  TRUE  TRUE FALSE  TRUE  TRUE  TRUE  TRUE
[406]  TRUE FALSE  TRUE  TRUE FALSE  TRUE FALSE FALSE  TRUE FALSE  TRUE FALSE  TRUE  TRUE  TRUE
[421]  TRUE  TRUE  TRUE  TRUE  TRUE  TRUE FALSE  TRUE  TRUE  TRUE  TRUE FALSE  TRUE FALSE  TRUE
[436]  TRUE  TRUE FALSE  TRUE  TRUE  TRUE FALSE  TRUE  TRUE  TRUE  TRUE  TRUE  TRUE FALSE  TRUE
[451]  TRUE  TRUE FALSE  TRUE FALSE  TRUE FALSE  TRUE  TRUE FALSE FALSE FALSE FALSE  TRUE  TRUE
[466] FALSE FALSE  TRUE  TRUE  TRUE  TRUE  TRUE  TRUE  TRUE FALSE  TRUE FALSE  TRUE FALSE  TRUE
[481]  TRUE  TRUE FALSE FALSE FALSE  TRUE  TRUE  TRUE  TRUE  TRUE FALSE FALSE  TRUE  TRUE  TRUE
[496]  TRUE  TRUE  TRUE  TRUE  TRUE  TRUE  TRUE  TRUE  TRUE FALSE FALSE  TRUE  TRUE  TRUE  TRUE
[511]  TRUE  TRUE  TRUE  TRUE  TRUE  TRUE  TRUE FALSE  TRUE  TRUE  TRUE  TRUE  TRUE  TRUE  TRUE
[526]  TRUE  TRUE  TRUE FALSE  TRUE FALSE  TRUE  TRUE  TRUE FALSE  TRUE  TRUE  TRUE  TRUE  TRUE
[541]  TRUE  TRUE  TRUE  TRUE  TRUE  TRUE  TRUE FALSE  TRUE  TRUE  TRUE  TRUE  TRUE  TRUE FALSE
[556]  TRUE  TRUE  TRUE  TRUE  TRUE  TRUE FALSE FALSE  TRUE  TRUE FALSE  TRUE  TRUE  TRUE  TRUE
[571]  TRUE  TRUE  TRUE  TRUE  TRUE  TRUE  TRUE  TRUE FALSE  TRUE  TRUE  TRUE  TRUE  TRUE  TRUE
[586] FALSE  TRUE  TRUE  TRUE  TRUE  TRUE  TRUE  TRUE  TRUE  TRUE  TRUE  TRUE  TRUE  TRUE  TRUE
[601]  TRUE  TRUE FALSE  TRUE  TRUE  TRUE  TRUE  TRUE  TRUE  TRUE  TRUE  TRUE  TRUE  TRUE  TRUE
[616]  TRUE  TRUE  TRUE  TRUE FALSE FALSE  TRUE  TRUE  TRUE  TRUE  TRUE  TRUE FALSE  TRUE FALSE
[631]  TRUE  TRUE  TRUE  TRUE  TRUE  TRUE  TRUE  TRUE  TRUE  TRUE  TRUE  TRUE  TRUE  TRUE  TRUE
[646]  TRUE  TRUE  TRUE  TRUE  TRUE  TRUE  TRUE  TRUE  TRUE  TRUE  TRUE  TRUE FALSE  TRUE  TRUE
[661]  TRUE FALSE  TRUE  TRUE  TRUE FALSE FALSE  TRUE  TRUE  TRUE FALSE  TRUE  TRUE  TRUE  TRUE
[676]  TRUE  TRUE  TRUE  TRUE  TRUE  TRUE  TRUE  TRUE FALSE  TRUE  TRUE  TRUE  TRUE  TRUE  TRUE
[691]  TRUE  TRUE  TRUE  TRUE  TRUE  TRUE  TRUE  TRUE FALSE  TRUE  TRUE  TRUE  TRUE  TRUE  TRUE
[706]  TRUE  TRUE  TRUE  TRUE

