
Birth-death simulation object with 702 species and 500 extant species

Details for some species:

Extinction times (NA means extant)
[1] 36.71003       NA 44.53210 39.36420 24.57390 45.42716


Speciation times 
[1] 86.36358 82.50999 68.84952 68.11337 67.14986 60.34362


Species parents (NA for initial)
[1] NA  1  2  2  2  2


Species status (extinct or extant)
[1] "extinct" "extant"  "extinct" "extinct" "extinct" "extinct"


For more details on vector y, try sim$y, with y one of
TE TS PAR EXTANT



$TE
  [1] 36.71003049          NA 44.53210210 39.36419836 24.57389926 45.42715928          NA
  [8]          NA          NA  8.71603693 21.83132127          NA 14.60584380          NA
 [15]          NA 34.39461005 27.62774968 22.50399465 15.15495876  2.34803363 52.93733121
 [22] 25.84185394 24.14985975          NA 10.92674495 17.06291502 39.89753761 34.36306923
 [29] 20.26013504 19.19125581  2.75215214 42.34727005 30.02374710          NA 10.27877051
 [36]          NA          NA          NA 39.64431231 20.37314134 31.10714310 39.41404550
 [43]          NA          NA 14.29526884          NA 42.05548049 47.31881551 30.34672836
 [50]          NA          NA 44.30157542  9.63140900 21.84210425          NA  6.72640524
 [57]          NA 24.16601962  7.48517442          NA  7.71360117          NA 35.82763639
 [64] 17.14309915  1.96669783          NA          NA 15.39297871 30.13204641          NA
 [71] 17.30000832 26.73826428          NA          NA  8.95077819 10.80954767          NA
 [78]          NA          NA 25.54484159          NA          NA          NA          NA
 [85] 25.18439856          NA          NA  1.16499458          NA 21.00103500 12.38042800
 [92] 10.86645023          NA          NA  0.80581296 30.51742927 13.13885108          NA
 [99] 16.67971610 19.01754071  8.43527644  3.61814206  1.72301851          NA          NA
[106]          NA 17.12853480          NA          NA          NA          NA 10.19577123
[113] 12.72198379          NA          NA 27.48678140          NA  0.08994302          NA
[120] 20.59066428          NA          NA 29.41020946          NA          NA          NA
[127]          NA 25.37499424 18.20166297 10.45226356          NA          NA          NA
[134]          NA 12.85192025          NA          NA          NA  2.77314475          NA
[141] 12.28793041          NA          NA          NA          NA          NA 29.49058242
[148] 23.20843675  6.56971714          NA 27.21411509          NA          NA          NA
[155]          NA          NA 18.71092345 25.84438087 21.22339578          NA          NA
[162]  0.13866502          NA          NA          NA 28.84570881  9.95496219          NA
[169] 21.45729811          NA          NA  7.81898883          NA          NA  0.25093530
[176]          NA          NA          NA          NA 22.71582266 11.97573258          NA
[183] 22.66234997          NA          NA  4.35930693 13.18574129          NA          NA
[190]          NA          NA          NA          NA          NA          NA 10.45076195
[197] 27.24467813          NA          NA          NA          NA  0.21153393 15.16680623
[204] 21.72480966 17.48548130 13.68773446 11.17612511          NA          NA          NA
[211]          NA          NA          NA          NA  3.93101510          NA          NA
[218]          NA          NA 21.89821039          NA  1.32957733          NA 16.28091846
[225]          NA          NA          NA          NA          NA  8.94655097          NA
[232]  7.18755266          NA  5.79870352          NA          NA          NA          NA
[239]          NA          NA          NA          NA          NA  6.70326608          NA
[246]          NA          NA          NA  6.65687833          NA          NA          NA
[253]  4.65637509 16.62399408  2.89337308          NA  1.01773282          NA          NA
[260]          NA  6.90912448          NA          NA          NA          NA          NA
[267]          NA 12.47476133  5.07110239          NA  2.38703000          NA          NA
[274]          NA          NA          NA          NA          NA          NA          NA
[281]          NA          NA          NA 19.11409223  0.20730123          NA          NA
[288] 11.11411492          NA          NA  9.73068265          NA  2.90352676  1.58598886
[295]  5.02225287          NA          NA          NA          NA          NA  7.45797736
[302]  5.46143393  0.36223112          NA          NA  4.08620792  0.78740964  1.51221560
[309]  3.57143760  6.30822474 11.53624258          NA          NA          NA  3.34553425
[316]          NA          NA          NA          NA          NA          NA  1.23240170
[323] 12.19561346          NA          NA  3.75980914          NA          NA          NA
[330]  7.51147399          NA          NA          NA          NA          NA          NA
[337]  4.65115760          NA          NA          NA          NA          NA          NA
[344]  1.76384513  0.74789929          NA 13.76564490 11.38166681  8.37367045          NA
[351]  3.89932634          NA          NA 10.97858827          NA          NA          NA
[358]          NA  5.39980907  1.62861862          NA          NA 17.68699487          NA
[365] 10.14775506  3.81193891  1.84625336          NA          NA          NA          NA
[372]  9.55926775          NA 10.78883116          NA          NA  7.99393489          NA
[379]          NA          NA          NA          NA          NA          NA          NA
[386]          NA          NA          NA          NA          NA          NA          NA
[393]          NA          NA          NA          NA          NA          NA          NA
[400]          NA          NA  2.73515213          NA  2.74541437  2.70891434          NA
[407]          NA 14.62981727          NA 10.46574654          NA          NA          NA
[414]          NA          NA          NA          NA          NA          NA          NA
[421]          NA          NA          NA          NA          NA 10.68952970          NA
[428]          NA 12.79720951          NA  0.29977178  1.43730064  0.53518508          NA
[435]          NA          NA          NA          NA          NA          NA  5.93774546
[442]          NA  2.43641371          NA          NA 12.97435859          NA  9.72618881
[449]          NA          NA          NA          NA          NA          NA          NA
[456]          NA          NA          NA          NA          NA          NA          NA
[463]          NA          NA          NA          NA          NA          NA  5.46084752
[470]          NA          NA  4.01857099          NA          NA          NA  0.30712957
[477]  4.04537852          NA          NA          NA          NA          NA          NA
[484]          NA  2.56564996          NA          NA  1.61350112          NA  6.48384641
[491]          NA  0.37072895          NA          NA  0.45660443          NA          NA
[498]          NA          NA          NA          NA          NA          NA  1.84853974
[505]          NA          NA          NA          NA          NA          NA  5.80754273
[512]  0.40855760          NA          NA          NA          NA  1.79724535          NA
[519]  3.54496206          NA          NA          NA          NA          NA          NA
[526]          NA          NA          NA          NA          NA          NA          NA
[533]          NA          NA  8.23893567          NA          NA          NA          NA
[540]          NA  2.22948670          NA          NA          NA          NA          NA
[547]          NA          NA          NA          NA          NA          NA          NA
[554]  8.47400937          NA          NA          NA          NA  0.71502348          NA
[561]          NA  2.02537725          NA          NA          NA  1.78794699          NA
[568]          NA          NA          NA          NA          NA  8.57574643          NA
[575]          NA  5.06835341          NA          NA          NA          NA          NA
[582]          NA          NA          NA          NA          NA          NA          NA
[589]          NA          NA  5.12308905          NA          NA          NA          NA
[596]          NA          NA          NA          NA          NA  3.08607008          NA
[603]          NA          NA          NA          NA          NA          NA          NA
[610]          NA          NA          NA          NA          NA          NA          NA
[617]  4.33529947          NA          NA          NA          NA          NA          NA
[624]          NA          NA          NA          NA          NA          NA  3.28871548
[631]          NA          NA          NA          NA          NA          NA          NA
[638]          NA  0.18679828          NA          NA          NA          NA          NA
[645]  0.65438941          NA          NA          NA          NA          NA          NA
[652]          NA          NA          NA          NA          NA          NA          NA
[659]          NA  0.32751179          NA          NA          NA          NA          NA
[666]          NA          NA          NA          NA          NA          NA          NA
[673]          NA          NA          NA          NA          NA          NA          NA
[680]          NA          NA          NA          NA          NA          NA          NA
[687]          NA          NA  1.46160231          NA          NA          NA          NA
[694]          NA          NA          NA          NA          NA          NA          NA
[701]          NA          NA

$TS
  [1] 86.363583833 82.509990079 68.849516191 68.113374981 67.149857348 60.343622640 56.073029264
  [8] 40.085958112 35.392713803 29.854276478 28.799044344 24.458291175 23.832401447 21.665148982
 [15] 19.146858160 63.241604654 40.997616311 63.096983079 30.067251568 47.373374435 56.524089942
 [22] 33.885338172 57.419537157 51.345164454 49.792967256 48.888790630 42.769515718 35.118152983
 [29] 25.647852014 54.575392096 47.505856455 43.437094577 31.041127666 18.582644816 18.294810811
 [36]  3.672753843  2.333702309  1.571500310 50.435122922 50.348690572 50.009194894 44.121328264
 [43] 43.042266949 36.511112780 32.405529346 19.818256747 51.282209537 51.046512254 48.005138671
 [50] 17.919829240  0.630657351 49.867796899 47.285185691 34.111955438 36.604784896 49.185515534
 [57] 34.715406694 25.374224601 13.389968718 19.870844749 12.104766663 10.495708525 37.960887527
 [64] 26.108714142 19.502569265 39.374561411 39.257614858 37.714992697 33.026760188 41.768799825
 [71] 33.808150907 29.332308570 23.313388662 20.522514680 18.338234025 14.228683594 13.706693766
 [78] 11.759159510 36.993016456 25.716899592 17.173841322  8.369363748  7.368460529  3.505411230
 [85] 34.626065998 22.602924698 14.300572682 13.977908926 12.958944190 42.176936977 35.779037462
 [92] 30.997457933 17.750354075  5.110994588  3.469307703 35.161254307 31.309635884 30.455211791
 [99] 29.368365187 26.386003255 14.525221560 14.023265997 12.047405693 11.822124358  0.619561180
[106]  0.361086061 31.897682324 11.791647078  6.512822920 23.352059932 21.947316449 21.119629667
[113] 19.279070674  7.845971776  1.408501884 34.213670328 13.325707804  6.243186988 36.171412079
[120] 36.578102396 19.988040781 17.547900151 32.855979931 18.440542372  8.154970251  7.609473399
[127]  6.661613329 28.794922988 20.118168445 14.907518254 11.948401413 10.792832227 34.119688827
[134] 27.703745836 27.037453769 25.285471595 15.793090527 13.772788461 10.901895489  1.444343502
[141] 22.009536981 16.802167985  9.527316954  3.277934728  0.652213938 27.026038306 30.323241707
[148] 24.731772169 23.427877095  0.250594643 29.293325930 26.461706236 15.781850554 15.373120588
[155] 11.214043595  9.247998014 32.572911403 32.440476232 25.442144229 22.975770991 22.477596959
[162]  5.257620456  4.140075540 28.551619553 23.212919922 32.963073647 25.890628568 33.732316560
[169] 23.734736788 21.117188563 12.452546332  9.011206074  6.133255834  3.250899670 28.879759854
[176] 29.465414528 27.674261455 23.855998347 14.836060077 22.879597583 27.786629594 20.462758107
[183] 27.699061660 26.444930686 13.832808594 21.452892008 20.688296701 17.420970535 15.830778627
[190]  6.868147313  2.572292386  2.353258094 20.700612550 26.406840496 13.592510745 13.051799075
[197] 27.971162070 22.051185887 27.263646487 21.434071584  7.878687758  0.460265496 23.551294136
[204] 26.603917719 20.954735621 16.695079391 11.251813055 24.345475636  1.601919724 10.316221936
[211]  6.387715734  4.439858211 23.648910223  8.118540693  4.935958940  4.639926725 26.914677587
[218] 19.822013233 14.545680633 22.953287310 11.494293011  6.165798132  4.567589053 19.239717178
[225]  4.987142735 16.459797101  1.529404524 23.583430104 22.863374501 13.477189746  5.625657402
[232] 20.972469835  1.738046385 24.208234775 21.783287722  8.428362471  3.660986850  3.074062874
[239]  1.447869402 21.372736256 19.712203640  5.477050429  0.758401476 23.794723334 19.372989567
[246] 15.942821539 14.959776214  8.093502111 16.512915132 22.397328902 22.259092408 21.204235407
[253]  6.095202760 17.822568154  9.546821783  6.848638747  3.958658283  0.280623952 20.291860282
[260] 22.444951090 20.560277163 17.442378849 20.609806274 17.701405413 17.546966258 13.930361151
[267]  7.875628333 22.202356086 22.076375052 15.463602348  4.231022793 16.821550035 14.795298518
[274] 11.280179338  7.537207488  2.512899261 18.581203967 17.573966298  2.069102459 10.723113315
[281]  5.245472556 14.612004411  5.632204552 20.145249509 14.193116890 11.325669991 11.287590551
[288] 20.198532406 18.912916680 13.125733075 11.835800080 19.265377739  4.071423164 21.405895588
[295] 11.057784402  4.827220825 20.817125201  5.435786587 14.883901747  8.698257045 19.159270896
[302]  8.568838424 21.299519599 20.161155737  3.508537609 10.628924049  0.878130436  2.127294544
[309] 13.202097454 10.722428689 17.408049294 15.340834416  0.912765775 18.335116506 13.412808423
[316] 14.741929010 14.383568605 10.085530307  8.435555471  4.113168891  2.712873717 13.464491708
[323] 16.763026012  7.132169880  5.824626547 11.246990761  9.503603749  1.175166661 16.288268726
[330] 15.772866428  9.945663016  3.449983430  2.599928639 15.000184870 11.509347095 17.230190151
[337] 10.023726115  6.063537222 15.259769851 12.560366461  8.911256742  1.148768521 16.629998059
[344] 10.782438875  9.051278135 15.698251660 15.541772140 19.232678275 16.911602314  7.123641798
[351]  4.388164750 12.951737464  5.552442576 18.480740596 10.617938601  8.313693613  5.500204427
[358]  4.939870320 16.648599135 11.074103902  9.755146241  7.983737460 18.508294369 13.663181079
[365] 12.421009821  8.129209047  4.693551055 15.041516525  7.897542996  3.073429495  9.199389714
[372] 14.005262759  1.586452220 17.520045410  3.282599872  2.605254460 17.793142188  2.425086798
[379]  1.124481958  5.078512296  5.007381065  1.752370245 17.094968492 13.525486687 11.127125459
[386]  1.918676269  1.682513986  1.594922216  0.080177982 16.713103661 12.953576893  5.958202202
[393]  0.657539680  9.465526287  7.223165400  3.022496716 13.053971864 13.346511820 11.632704288
[400]  9.023011020 11.476508221  2.955217176 13.141881080 15.522911635  9.351387827  2.285556884
[407] 15.325581592 15.263729290 12.079263836 14.261488685 12.389214110 13.105474574  4.530286129
[414]  1.828584402 13.774597585 10.645889500  8.707357371  1.593259007  2.887392660 12.788245711
[421]  4.010464257  2.426183621 14.713287566  4.309914241 13.752157175 12.657963238 10.536254644
[428]  3.326311726 12.895561520 11.651737634  5.995180193  4.951259525  6.345796151 11.577596341
[435]  4.594445400 13.615154764 11.143308376  7.098894377 11.956978059  0.585814368  6.578721932
[442] 11.166202905  4.358778008 12.139711006  6.294468199 13.074801552 13.220461875 13.019944431
[449]  7.448272547  5.427260893  2.627338642  0.851210769 11.954127023 11.841182219 11.299102358
[456] 10.893650818 12.484965016  2.820238305  2.101220324  0.603824426  9.366102116  0.714700893
[463] 11.908109617  9.052761049  3.014215002  0.362308444  0.306484065 10.788373435  9.903958951
[470]  0.026445164 11.169992351  7.030898203  9.812822600  7.941362361  6.922913950  2.939938595
[477]  5.051936406  4.058676122  5.929029496  5.841199548 12.710148134  1.772957799  8.672791446
[484] 10.761184252 11.411707512  9.056116274 10.649130740 10.359591325 11.325505923 10.238744847
[491]  8.792680844  1.370764625 11.571822637  5.409319201 11.136958379  8.512508738  6.630853322
[498]  1.301733028  3.053327037  4.811848326  0.991370729  6.253955335  6.633350263  8.052070657
[505]  6.835104682  8.943648587  4.372080190  2.717513266  9.515995635  8.516505223 11.532878902
[512]  5.999734589  7.949683345  0.534862430  4.943802990  1.086967197  9.166913404 10.955618226
[519]  8.456904671  8.018768990  5.202708101  4.844784631 11.084657025  9.952270575  4.197270624
[526] 10.550136771  8.105771050  8.845242410  4.234775365  8.279482783 10.393941839  9.487582600
[533]  0.544822140  1.214252248 10.035306897  0.992119861  9.757109757  8.787723435  2.874366734
[540]  9.111334833  6.682065904  4.086597194 10.205018725  8.578398823  4.324476137  5.533204200
[547]  0.531495626  5.755234608  8.236355940  2.694378244  3.008500413  3.433191693  1.954692109
[554]  8.837194926  7.961957253  8.199153345  6.601828629  5.529707324  3.179534880  4.673647897
[561]  6.332068218  9.716162644  7.112725523  6.915172408  1.373123052  3.508489467  2.053909623
[568]  4.028966692  8.914147923  0.909595663  8.515137156  0.293164635  8.753025525  1.922678213
[575]  0.002432169  6.374521275  1.262038267  8.285691165  4.025697680  1.753254812  7.373355893
[582]  1.065129270  0.037418609  8.260508247  8.134520738  8.097596971  1.493798836  7.732586693
[589]  5.954761060  0.695330778  7.347109836  5.822627774  3.302913196  3.182613467  5.656990756
[596]  3.569845621  0.346354086  0.351326533  4.123867196  0.208511818  7.518894921  5.752474159
[603]  4.953952414  2.990845309  2.936070065  1.756656646  5.962356893  1.113417671  1.913724412
[610]  1.618106659  5.731353445  4.024660482  1.649105665  4.616652626  4.013666666  6.486146083
[617]  5.154177629  1.330784491  1.556033888  2.125140495  0.314107496  5.860804622  2.460525809
[624]  5.130820695  3.201772079  0.584613784  5.411429154  2.756837943  1.845951179  5.176328651
[631]  0.920283603  0.257173074  1.239156218  4.772079668  1.673796123  0.222634251  3.635368738
[638]  3.415688817  4.891882069  0.714800278  0.346186022  4.828271101  4.605260676  2.541814127
[645]  5.125759852  5.236456096  3.676605228  0.440820650  1.389205074  4.341713869  2.629151349
[652]  1.539132009  1.219020158  4.620251896  1.480376767  2.820985211  3.193022430  1.928204747
[659]  1.586426618  1.124277842  0.286177754  0.686076697  0.051877944  4.498369583  2.828751122
[666]  1.962302843  1.698477637  3.000244930  2.894395397  4.071872533  3.880273232  2.463361396
[673]  2.755632612  2.055649019  0.006459895  1.540466393  2.815175649  1.597409040  2.966031889
[680]  0.660053990  0.684709891  2.828690278  0.028569119  2.057403216  1.205369940  0.616943374
[687]  1.451685897  1.241133960  1.590419401  1.658465680  0.326316598  2.141957068  1.111195494
[694]  1.686446613  1.349910118  1.948025696  1.540491722  1.283713827  1.169584911  1.172387712
[701]  0.635465193  0.343949875

$PAR
  [1]  NA   1   2   2   2   2   2   2   2   2   2   2   2   2   2   4   4   5   5  16  18  18   6
 [24]  23  23  23  23  23  23  21   7   7   7   7   7   7   7   7  30  30  30  30  30  30  30  30
 [47]  24  24  24  24  24  48  40  40  41  25  25  25  25  56  56  56  26  26  26  49  49  49  49
 [70]  31  31  31  31  31  31  31  31  31  20  20  20  20  20  20  53  53  53  53  53  43  43  43
 [93]  43  43  43  90  90  90  90  90  70  70  70  70  70  70   8   8   8  66  66  66  66  66  66
[116]  67  67  67  63  68  68  68  79  79  79  79  79  55  55  55  55  55 120 120 120  44  44  44
[139]  44  44 119 119 119 119 119  91   9   9   9   9  57  57  57  57  57  57  85 133 133 133 133
[162] 133 133  54  54  22  22  71  71  71 168 168 168 168 166 123 157  45  45 107  97  97  92  92
[185]  92  98  98  98  98  98  98  98  19  10  10  10 176 176  99  99 175 175  11 164 164 164 164
[208] 181 134 177 177 177 199 199 199 199 135 135 135 146 146 146 146 217 217 152 152 184 184 184
[231] 184 194 194 167 159 136 136 136 136  12  12  12  12 208 208 208 208 208 234 178 178 178 178
[254] 244 213 213 213 213 228 203 203 149 110 110 110 110 110  73  73  73  73 165 165 165 165 165
[277] 160 160 160 229 229  86  86 161 161 260 260 250 250 250 250 251 251 141 235 235  14  14 186
[300] 186 200 200 294 294 240 303 303 252 112 112 170 170 170 232 232 297 297 193 193 193 193 187
[323] 263  74  74 182 182 182 259 259 259 259 259 288 288 304 304 304 121 121 121  60 218 218 218
[346]  46  46 241  65  65  65 245 245 113 292 292 292 292 301 301  15  15  34  34  34 277 277 354
[369] 124 124  75 314 314  35  50  50 254  93  93 264 278 278 122 265 265 265 265 265 265 374 262
[392] 262 262 336 336 336 383 349 272 272 142 142 390 206 359 343 226 226 226 246 189 137 137 137
[415] 153 153 153 153 346 270 270 270 154 154 312 312 312 312 407 407 407 407 339 334 334 247 247
[438] 247 299 179 273 316 423 282 219 101 317 317  87  87  87  87 410 410  76 285 372 266 266 266
[461] 185 185 415 415 138 138 425  77 364 364 384 384 322 322 322 322 315 315 398 117 447 447 309
[484] 403 290 290 397 397  89  89  89  89 352 352 340 457 457 457 171 444 409 103 439 453 453 131
[507] 463 463 454 454 291 108  78 430 399 399 434 286 286 286 287 287 274 274 274 326 326 155 155
[530] 437 495 495 495 385 523 523 360 360 360 295 518 518 456 456 468 416 416 306 355 355 526 427
[553] 427 531 210 490 490 318 318 331 469 473 473 473 361 562 562 509 327 532 394 394 405 371 540
[576] 464 464 345 345 345 400 400 506 569 528 528 528 538 538 538 417 483 544 544 510 510 510 571
[599] 496 496 519 519 519 319 236  82 530 584 549 549 585 214 214 527 527 513 513 474 201 267 114
[622] 588 588 591 395 324 350 563 563 438 564 256 505 127 127 127 503 503 497 557 616 211 561 480
[645] 325 592 611 611 231 353 353 546 242 281 646 380 381 225 225 603 522 435 435 223 413 413 664
[668] 212 507 443 320 320 542 478 579 257  84  95 428 428 375 559 499 465 668 668 539 665 550 451
[691] 451 644  37 684 684 553 414 209 619 618 618 608

$EXTANT
  [1] FALSE  TRUE FALSE FALSE FALSE FALSE  TRUE  TRUE  TRUE FALSE FALSE  TRUE FALSE  TRUE  TRUE
 [16] FALSE FALSE FALSE FALSE FALSE FALSE FALSE FALSE  TRUE FALSE FALSE FALSE FALSE FALSE FALSE
 [31] FALSE FALSE FALSE  TRUE FALSE  TRUE  TRUE  TRUE FALSE FALSE FALSE FALSE  TRUE  TRUE FALSE
 [46]  TRUE FALSE FALSE FALSE  TRUE  TRUE FALSE FALSE FALSE  TRUE FALSE  TRUE FALSE FALSE  TRUE
 [61] FALSE  TRUE FALSE FALSE FALSE  TRUE  TRUE FALSE FALSE  TRUE FALSE FALSE  TRUE  TRUE FALSE
 [76] FALSE  TRUE  TRUE  TRUE FALSE  TRUE  TRUE  TRUE  TRUE FALSE  TRUE  TRUE FALSE  TRUE FALSE
 [91] FALSE FALSE  TRUE  TRUE FALSE FALSE FALSE  TRUE FALSE FALSE FALSE FALSE FALSE  TRUE  TRUE
[106]  TRUE FALSE  TRUE  TRUE  TRUE  TRUE FALSE FALSE  TRUE  TRUE FALSE  TRUE FALSE  TRUE FALSE
[121]  TRUE  TRUE FALSE  TRUE  TRUE  TRUE  TRUE FALSE FALSE FALSE  TRUE  TRUE  TRUE  TRUE FALSE
[136]  TRUE  TRUE  TRUE FALSE  TRUE FALSE  TRUE  TRUE  TRUE  TRUE  TRUE FALSE FALSE FALSE  TRUE
[151] FALSE  TRUE  TRUE  TRUE  TRUE  TRUE FALSE FALSE FALSE  TRUE  TRUE FALSE  TRUE  TRUE  TRUE
[166] FALSE FALSE  TRUE FALSE  TRUE  TRUE FALSE  TRUE  TRUE FALSE  TRUE  TRUE  TRUE  TRUE FALSE
[181] FALSE  TRUE FALSE  TRUE  TRUE FALSE FALSE  TRUE  TRUE  TRUE  TRUE  TRUE  TRUE  TRUE  TRUE
[196] FALSE FALSE  TRUE  TRUE  TRUE  TRUE FALSE FALSE FALSE FALSE FALSE FALSE  TRUE  TRUE  TRUE
[211]  TRUE  TRUE  TRUE  TRUE FALSE  TRUE  TRUE  TRUE  TRUE FALSE  TRUE FALSE  TRUE FALSE  TRUE
[226]  TRUE  TRUE  TRUE  TRUE FALSE  TRUE FALSE  TRUE FALSE  TRUE  TRUE  TRUE  TRUE  TRUE  TRUE
[241]  TRUE  TRUE  TRUE FALSE  TRUE  TRUE  TRUE  TRUE FALSE  TRUE  TRUE  TRUE FALSE FALSE FALSE
[256]  TRUE FALSE  TRUE  TRUE  TRUE FALSE  TRUE  TRUE  TRUE  TRUE  TRUE  TRUE FALSE FALSE  TRUE
[271] FALSE  TRUE  TRUE  TRUE  TRUE  TRUE  TRUE  TRUE  TRUE  TRUE  TRUE  TRUE  TRUE FALSE FALSE
[286]  TRUE  TRUE FALSE  TRUE  TRUE FALSE  TRUE FALSE FALSE FALSE  TRUE  TRUE  TRUE  TRUE  TRUE
[301] FALSE FALSE FALSE  TRUE  TRUE FALSE FALSE FALSE FALSE FALSE FALSE  TRUE  TRUE  TRUE FALSE
[316]  TRUE  TRUE  TRUE  TRUE  TRUE  TRUE FALSE FALSE  TRUE  TRUE FALSE  TRUE  TRUE  TRUE FALSE
[331]  TRUE  TRUE  TRUE  TRUE  TRUE  TRUE FALSE  TRUE  TRUE  TRUE  TRUE  TRUE  TRUE FALSE FALSE
[346]  TRUE FALSE FALSE FALSE  TRUE FALSE  TRUE  TRUE FALSE  TRUE  TRUE  TRUE  TRUE FALSE FALSE
[361]  TRUE  TRUE FALSE  TRUE FALSE FALSE FALSE  TRUE  TRUE  TRUE  TRUE FALSE  TRUE FALSE  TRUE
[376]  TRUE FALSE  TRUE  TRUE  TRUE  TRUE  TRUE  TRUE  TRUE  TRUE  TRUE  TRUE  TRUE  TRUE  TRUE
[391]  TRUE  TRUE  TRUE  TRUE  TRUE  TRUE  TRUE  TRUE  TRUE  TRUE  TRUE FALSE  TRUE FALSE FALSE
[406]  TRUE  TRUE FALSE  TRUE FALSE  TRUE  TRUE  TRUE  TRUE  TRUE  TRUE  TRUE  TRUE  TRUE  TRUE
[421]  TRUE  TRUE  TRUE  TRUE  TRUE FALSE  TRUE  TRUE FALSE  TRUE FALSE FALSE FALSE  TRUE  TRUE
[436]  TRUE  TRUE  TRUE  TRUE  TRUE FALSE  TRUE FALSE  TRUE  TRUE FALSE  TRUE FALSE  TRUE  TRUE
[451]  TRUE  TRUE  TRUE  TRUE  TRUE  TRUE  TRUE  TRUE  TRUE  TRUE  TRUE  TRUE  TRUE  TRUE  TRUE
[466]  TRUE  TRUE  TRUE FALSE  TRUE  TRUE FALSE  TRUE  TRUE  TRUE FALSE FALSE  TRUE  TRUE  TRUE
[481]  TRUE  TRUE  TRUE  TRUE FALSE  TRUE  TRUE FALSE  TRUE FALSE  TRUE FALSE  TRUE  TRUE FALSE
[496]  TRUE  TRUE  TRUE  TRUE  TRUE  TRUE  TRUE  TRUE FALSE  TRUE  TRUE  TRUE  TRUE  TRUE  TRUE
[511] FALSE FALSE  TRUE  TRUE  TRUE  TRUE FALSE  TRUE FALSE  TRUE  TRUE  TRUE  TRUE  TRUE  TRUE
[526]  TRUE  TRUE  TRUE  TRUE  TRUE  TRUE  TRUE  TRUE  TRUE FALSE  TRUE  TRUE  TRUE  TRUE  TRUE
[541] FALSE  TRUE  TRUE  TRUE  TRUE  TRUE  TRUE  TRUE  TRUE  TRUE  TRUE  TRUE  TRUE FALSE  TRUE
[556]  TRUE  TRUE  TRUE FALSE  TRUE  TRUE FALSE  TRUE  TRUE  TRUE FALSE  TRUE  TRUE  TRUE  TRUE
[571]  TRUE  TRUE FALSE  TRUE  TRUE FALSE  TRUE  TRUE  TRUE  TRUE  TRUE  TRUE  TRUE  TRUE  TRUE
[586]  TRUE  TRUE  TRUE  TRUE  TRUE FALSE  TRUE  TRUE  TRUE  TRUE  TRUE  TRUE  TRUE  TRUE  TRUE
[601] FALSE  TRUE  TRUE  TRUE  TRUE  TRUE  TRUE  TRUE  TRUE  TRUE  TRUE  TRUE  TRUE  TRUE  TRUE
[616]  TRUE FALSE  TRUE  TRUE  TRUE  TRUE  TRUE  TRUE  TRUE  TRUE  TRUE  TRUE  TRUE  TRUE FALSE
[631]  TRUE  TRUE  TRUE  TRUE  TRUE  TRUE  TRUE  TRUE FALSE  TRUE  TRUE  TRUE  TRUE  TRUE FALSE
[646]  TRUE  TRUE  TRUE  TRUE  TRUE  TRUE  TRUE  TRUE  TRUE  TRUE  TRUE  TRUE  TRUE  TRUE FALSE
[661]  TRUE  TRUE  TRUE  TRUE  TRUE  TRUE  TRUE  TRUE  TRUE  TRUE  TRUE  TRUE  TRUE  TRUE  TRUE
[676]  TRUE  TRUE  TRUE  TRUE  TRUE  TRUE  TRUE  TRUE  TRUE  TRUE  TRUE  TRUE  TRUE FALSE  TRUE
[691]  TRUE  TRUE  TRUE  TRUE  TRUE  TRUE  TRUE  TRUE  TRUE  TRUE  TRUE  TRUE

