
Birth-death simulation object with 715 species and 500 extant species

Details for some species:

Extinction times (NA means extant)
[1] 52.09351 45.11053 52.38013       NA 43.11185 28.53177


Speciation times 
[1] 70.79689 67.97888 52.92022 63.92047 59.94435 59.92402


Species parents (NA for initial)
[1] NA  1  1  2  4  4


Species status (extinct or extant)
[1] "extinct" "extinct" "extinct" "extant"  "extinct" "extinct"


For more details on vector y, try sim$y, with y one of
TE TS PAR EXTANT



$TE
  [1] 52.09350985 45.11052867 52.38013155          NA 43.11185079 28.53176854  1.15227837
  [8]  2.38896840  2.54198517 37.49089418  8.37404035 42.42266574  3.93282929 35.18591152
 [15] 16.79959663 45.16024987 26.20213617 22.53704591          NA          NA          NA
 [22] 19.57100307 27.76681654 10.43169374  9.10879486 15.72591226 40.06550104 47.41221513
 [29] 44.91240037          NA          NA          NA 14.50181304          NA 15.29508337
 [36]  3.63224810 11.16321358          NA 17.15513108 12.41516456 21.35279835          NA
 [43]          NA  4.04369307          NA 23.47115385 23.12901549          NA          NA
 [50]  6.85136354 11.23159833          NA          NA          NA 30.84007743 24.95398885
 [57] 24.03688953 13.03031493          NA          NA 18.66059619          NA          NA
 [64] 18.60329593  6.58677144          NA          NA          NA          NA 27.53122456
 [71]          NA          NA          NA          NA  1.93824364  4.43865495 16.04162007
 [78] 26.94006356 14.72461823          NA          NA          NA          NA          NA
 [85]          NA 15.14472799  3.50423795 11.28410151          NA          NA          NA
 [92] 14.88391964          NA 21.69849794          NA          NA 27.03091166 10.52817450
 [99] 14.36994874  7.83061451  6.09253884  5.16722100          NA          NA  3.94095244
[106]  5.29515391          NA  6.77398990          NA          NA          NA          NA
[113]  0.23922670 32.87352764 30.87457964  3.21035760 21.45774954  1.12735100 28.57373372
[120]  1.25209352          NA 13.81027306          NA 20.05762586 12.59067628  1.25099913
[127] 16.69146591 32.74241923  7.78978057          NA 17.45029312 29.96909391  3.85204806
[134]  5.46638903  8.82371479 19.68277968 15.17963713          NA  1.92749718 30.11861741
[141]          NA          NA  4.54021388  1.99990899          NA          NA          NA
[148]          NA          NA          NA          NA          NA          NA          NA
[155]          NA          NA 31.78542411 22.25646705 20.76871801          NA          NA
[162] 13.34578608          NA 26.70025257 11.90710446          NA          NA          NA
[169] 17.13552879  5.84787352          NA 12.07744528          NA  3.72284114  9.09733357
[176]          NA 22.67581112          NA  8.81406076          NA          NA          NA
[183]          NA          NA          NA          NA          NA  2.88092308 11.31602250
[190]          NA          NA          NA  1.23283732 13.43416976          NA  6.96441065
[197]          NA          NA  7.29865166  0.41016077          NA          NA          NA
[204]  9.16464867          NA 13.42195615          NA 19.13065593  5.45922153          NA
[211]          NA  2.70053315 10.53616128          NA 24.73259632          NA 12.96695850
[218]          NA          NA 14.22339803          NA  3.24622680          NA          NA
[225]          NA          NA          NA          NA  7.18798362          NA          NA
[232]          NA          NA  6.02743930          NA  0.69800408 13.81116409  0.29421468
[239] 22.90521447          NA 21.53369595          NA          NA 17.86146952  0.70939066
[246] 12.69416861          NA 13.82661207          NA          NA  0.28808353          NA
[253]          NA          NA  3.63894236          NA          NA          NA          NA
[260]          NA          NA          NA          NA          NA          NA          NA
[267]          NA 12.87044824          NA          NA          NA  1.43711457          NA
[274]          NA          NA          NA          NA  3.38218174  8.04301973  3.54400363
[281]          NA          NA          NA          NA          NA          NA          NA
[288]          NA          NA 17.74788781          NA          NA          NA          NA
[295]          NA          NA          NA  0.75431730          NA  4.84938115          NA
[302]          NA          NA          NA          NA 20.20028308          NA  4.81029859
[309]          NA          NA          NA          NA 13.93226277  9.13103115          NA
[316]          NA 19.04129570  5.59945750          NA          NA  3.77758866 13.97676478
[323]  4.77602001          NA          NA          NA  6.84265266          NA          NA
[330]          NA          NA 10.71593444          NA          NA          NA          NA
[337]          NA  4.67237677 11.01093115          NA  2.76124499  7.99461446  3.82303708
[344]          NA  8.48148151 11.29187485          NA          NA          NA  4.29561780
[351]          NA          NA          NA  8.00033321 12.28609692          NA          NA
[358]  4.52626268          NA          NA          NA          NA          NA          NA
[365]          NA          NA          NA          NA          NA          NA  8.99512736
[372]          NA          NA          NA          NA 16.90317055          NA  5.99204821
[379]          NA          NA          NA          NA  2.05079907          NA          NA
[386]          NA  7.73704580  2.29367443  5.42939482          NA          NA          NA
[393]          NA          NA  6.86908378          NA  6.43345269          NA  4.76800743
[400]          NA          NA          NA          NA          NA          NA          NA
[407]          NA          NA          NA          NA          NA          NA          NA
[414]          NA          NA          NA          NA          NA          NA          NA
[421]          NA          NA          NA          NA          NA          NA          NA
[428] 15.05644837          NA          NA  6.68802124  3.29123956          NA          NA
[435]          NA          NA  1.82355608          NA          NA          NA          NA
[442]  5.27013426  1.17265039          NA  0.90737042          NA          NA  5.06930110
[449]          NA          NA  0.86841445          NA          NA  3.13548524          NA
[456]          NA          NA          NA          NA          NA          NA          NA
[463]          NA          NA          NA  3.33606473          NA          NA          NA
[470]          NA          NA          NA          NA  6.48204636  3.62775440          NA
[477]          NA          NA          NA          NA          NA          NA          NA
[484]  0.59948307  7.92283203          NA          NA 12.00997671          NA          NA
[491]          NA  2.95886824          NA          NA          NA  2.91649196          NA
[498]          NA          NA          NA          NA          NA  7.14229855          NA
[505]          NA  8.61589555  4.46479887          NA          NA          NA          NA
[512] 10.02380738          NA  2.23639872          NA          NA  5.92105239          NA
[519]          NA          NA          NA          NA          NA          NA          NA
[526]          NA          NA 11.03108113          NA          NA          NA          NA
[533]          NA          NA          NA  0.03364225          NA          NA          NA
[540]          NA  3.00164735          NA          NA          NA          NA          NA
[547]          NA          NA  5.08803044  1.09361492          NA          NA          NA
[554]          NA          NA          NA          NA          NA  0.53255632          NA
[561]  7.66444437          NA          NA          NA          NA          NA          NA
[568]          NA          NA          NA          NA          NA          NA          NA
[575]          NA          NA  1.17430777          NA          NA          NA          NA
[582]          NA          NA          NA          NA          NA          NA          NA
[589]          NA  2.75988803          NA          NA          NA          NA          NA
[596]          NA  4.06253894          NA          NA          NA          NA          NA
[603]          NA          NA  3.68096216          NA  1.21584973          NA  0.52509950
[610]          NA          NA  1.15898759          NA          NA          NA          NA
[617]          NA          NA          NA          NA          NA          NA          NA
[624]          NA  1.24983409          NA          NA          NA          NA          NA
[631]          NA          NA          NA          NA          NA          NA          NA
[638]          NA          NA          NA          NA          NA          NA          NA
[645]          NA          NA          NA  5.68060148          NA          NA          NA
[652]          NA          NA          NA          NA          NA  4.76579966          NA
[659]          NA          NA          NA          NA          NA          NA          NA
[666]          NA          NA          NA          NA  0.84949393          NA          NA
[673]          NA          NA          NA          NA          NA          NA          NA
[680]          NA          NA          NA          NA          NA          NA          NA
[687]          NA          NA          NA          NA          NA          NA          NA
[694]          NA          NA          NA          NA          NA          NA          NA
[701]          NA          NA          NA          NA          NA          NA          NA
[708]          NA          NA          NA          NA          NA          NA          NA
[715]          NA

$TS
  [1] 70.79689038 67.97887781 52.92022125 63.92047085 59.94434957 59.92401576 46.09200288
  [8] 40.31642832 28.93146120 59.29548672 47.76978576 47.56695374 59.34381015 35.44094713
 [15] 59.20250781 56.83078740 56.58689341 24.13262406  9.76241063 47.20452973 39.18245507
 [22] 46.32164230 38.50019064 19.60542111 53.40983753 48.75940868 47.75992703 55.77570131
 [29] 47.94904392 47.03014902 35.30938310 35.08589865 32.43943378 28.19676323 32.58470415
 [36] 21.76805280 17.78678999 11.85730920 52.69555402 43.11572414 25.34460593 18.93235001
 [43] 41.98345036 40.97823544 25.69157829 44.06112647 28.43026966 23.91390316 22.23258988
 [50] 18.90511324 14.90506014 11.24487094  9.69842162 41.04591048 37.45941598 29.76192990
 [57] 29.26081216 15.68026447 15.67631555  9.07591221 42.78534387  4.42307755  0.81666569
 [64] 30.52806004 28.86965137 30.90997065 22.44480032 39.35392078 31.12267125 31.08858596
 [71] 26.78064243 37.56402214 35.12970903 25.60793872 23.41287373 19.84977870 38.67339871
 [78] 40.86360832 37.56216968 31.25025989 19.03495675  7.36762672  6.43073317  1.52087793
 [85] 24.02608578 23.91778673 22.81808966 37.30511492  9.19519263 36.39997759 28.38254769
 [92] 20.29295788 17.48568938 37.56316229 11.40672081 37.25431690 34.50644834 26.09029407
 [99] 16.69529476 16.40120512 15.87078058 15.16901055 13.13859180  6.15942063 21.82583935
[106] 18.85797247 37.94697089 10.37500221  3.14881605  2.69439860  0.20145124 14.69605847
[113]  0.86204838 34.82454758 34.09312087 31.31515522 23.23803310 36.58604327 30.72623662
[120] 22.77334332 12.92205086 36.21650526 11.42001390 23.03024883 15.24331420 14.42929562
[127] 36.34719890 33.51416112 18.14508566 14.06329975 29.22559490 30.97690426 30.18418396
[134] 35.17548915 23.31062092 21.83243849 17.88290369  7.11714606  6.26489855 31.37185391
[141] 22.57199026  7.77517078 33.96721673 25.33198781 16.94628607 16.12392461  9.69559580
[148]  8.70377439  7.25612635  3.61714120  3.48278368 25.82569067 19.45049322 10.30957458
[155]  9.46218558  7.14311295 33.82813335 22.60114234 21.89711766 21.82672271 27.22803270
[162] 26.51379125 20.94782869 27.46924991 27.37183131 25.15578580 30.45142500 20.76376008
[169] 20.60189108 17.08818818 11.20915774 24.59688352 21.82891896 19.55385738 14.77360796
[176]  2.71562106 30.40935094 27.98482646 13.34105076  9.74487970 20.36999824 22.30479190
[183] 19.17920491 17.02520555 13.32449845 12.50043254 11.98529135  6.48120478 26.09698206
[190] 20.91768125 28.29174845 20.40359742 17.01466394 13.77349235 12.73789119 25.14877311
[197] 23.77064639 20.60951072 13.79899865  8.96630783  5.40821864  6.17414336  4.96184493
[204] 26.49879373 19.97594274 18.73784456 21.16112993 20.49660185 19.59646745 14.58781363
[211]  5.25675809  4.59234167 20.05405038 19.50553008 26.63188139 13.60989527 20.33733181
[218] 20.12474475 23.50932162 23.18105832 21.02295009  9.72159274 19.86769033 23.01368747
[225] 20.23671296 15.05286502 14.70469976 13.02738931 12.52784774 24.97408989 24.93781330
[232] 21.88515958 14.03415056  7.16704257  6.23521227  1.73384409 21.73413871 21.38549813
[239] 23.61792376 23.54587146 21.75780746 18.65924653  5.05319874 23.13105144 19.29378307
[246] 13.16799018 17.35054415 22.53184902 21.29664796 14.38471622 12.12477908  7.44048617
[253]  4.54511288  1.80872309 12.15880972 10.29632697  8.34381817  0.11138902  0.11010678
[260] 13.88113555 12.84894790  4.04834197 23.16156088 16.52408977 12.20467308  4.70291131
[267]  1.26132879 20.41518369 10.51845493  6.24283553  5.75610648  3.21765730 17.68365218
[274] 15.21232969  4.53535416  0.33088009 23.03657879 20.61513305 21.94571887  9.27521830
[281]  8.40448002  7.63784589  6.18640341  2.83336732 15.45350068  8.40154775  5.37714586
[288]  3.87428981  3.58974871 21.48763911  7.97148602  7.89788887 22.24765575 22.03028591
[295] 17.96242521 17.72093799 14.80889686  5.24916846  1.76272562 20.16250845  6.44238909
[302]  3.59376505  0.67664185 10.22461252  8.24104913 22.08780498 15.46845194 10.74957837
[309] 13.06439206  9.22417263  4.59436794 20.46325458 21.35076573 18.02378423 17.86391629
[316] 10.22835350 21.31557737 12.88976444  3.08471902  6.76448769  6.36811063 16.18803130
[323] 11.24881616 13.92825406 11.87619521  7.12730001 18.81837161 15.90036368 19.51758234
[330]  3.07266812  6.55325309 20.49243005 19.10371270  8.93020022  4.65431885 18.58211492
[337]  3.72548069  4.99658637 13.56283377 13.30799256  5.08833144 13.74382726 13.72313265
[344]  1.30429608 18.85992716 15.71756910 11.07759153 17.27704235 13.52100797  6.81241359
[351]  4.04960260  3.90945220  2.66122808 20.16652753 16.69604801 16.11265009 13.25786973
[358] 16.87442317 13.77739751 11.74600304 10.55963383  0.92931800 12.66180006  6.58432479
[365]  5.86060291  3.27856659  8.39277899 15.40147533 14.98720624 14.13293969 14.41675539
[372] 10.76283806 17.98241301 12.95738210 10.29202913 18.16583985  6.29463684 17.85028581
[379]  3.54540693  2.94219086 14.56456736  8.72055041  2.58393703  6.58954428  1.84474916
[386] 16.49060155 16.05552205  8.00258476  5.45963301 16.45270114  8.83390784 16.12491940
[393] 14.79244115  1.92721602 15.80695109 12.84724425 16.41275426 13.81974639 10.21974635
[400] 15.53723581  6.14634533  2.13898453  8.59749975 16.89975286 10.92398710  2.54617324
[407]  1.74459382  0.97188936  6.36210052  5.47192653  2.60500385 10.14461325  2.84307752
[414]  6.17758487  5.93007675  2.34212055  4.70917479 11.05843942  5.35105480 13.04818258
[421] 15.48232463  4.14545049  3.94467331  3.08455099 14.44840756  8.70472366  2.33361174
[428] 15.55917548  0.47362575 13.01548703  9.83179560  3.63782165  2.60945908 15.25279121
[435]  6.91347202 14.71996021 14.83945130  2.19317447 11.71001538  6.96291687  0.99430346
[442] 13.12907033  1.56051438  9.08870511  4.87544041  4.34938863  3.69613470 15.39378584
[449] 13.12683079  2.06729759  6.15231346 15.09501409 10.37713888  3.94513898  0.56226324
[456] 14.58887503  9.96316556 11.89236338  4.21563658  2.92310156 10.73912922 12.28114508
[463]  5.65827576 13.81242181  7.93572037  5.77068244  0.03546109 11.84348032 11.00322836
[470] 11.72572198  1.79047323  1.57264309  8.76084509  8.29512459 11.32431354 12.75359454
[477]  6.47591530  6.46128669  0.04271231  6.68233795  2.34448665  8.99784626  5.15771608
[484]  4.37220761 13.10698992 13.08832103 11.51689874 12.26453319  8.92225867  4.67729462
[491] 12.37181155  9.02145377  3.61113976  6.18289546  5.49119339  6.72336181 11.56718556
[498]  1.47047742  4.22971276  9.65846563  5.37186422  1.81172624 11.20168710  5.72132141
[505] 12.84780507 11.53590205  5.26710631  5.42134225  4.67563088  3.81416565 10.76185755
[512] 10.52454772  2.68759911  4.37609260  0.21560640  4.75588048 10.11569823  4.78899219
[519]  2.94212639 10.30308817  7.80435620  2.52575192  1.20770374  8.95900216  3.38334712
[526]  1.94855645  3.55804437 11.95427101  9.46919510  6.62537399  0.79509245  0.37842207
[533]  0.73403497  8.52755904  6.59786339  3.55762387  6.14328333  5.18659629  1.83380467
[540] 10.24704799  5.85926431  7.60705152  6.46835405  5.56023721 10.74693989  9.43976921
[547]  6.75237752 10.44366741  8.34766059  3.22460259  0.81053508  0.01647794 10.03595664
[554]  6.59038579  4.71676675  3.14094260 10.03313936  4.96203240  3.57289317  0.52775512
[561] 10.05800489  0.85106127  7.23962223  1.46330319  0.22513726  5.31021632  0.84949760
[568]  8.91936150  4.74742031  1.16153860  5.44972391  9.16665529  3.26362499  4.42405241
[575]  0.07462287  5.36193770  4.48533253  7.66388184  1.95108324  2.43755912  7.53310413
[582]  5.03721987  9.15851707  3.64299780  3.43903893  7.25852756  3.56094837  6.03340979
[589]  0.73044331  6.56810569  5.22644976  5.18416359  6.58551038  3.25431356  8.50526194
[596]  6.34334571  5.52974415  4.47225371  2.42658784  7.95944370  6.34812973  5.85990665
[603]  3.80571762  2.69404309  7.68399035  4.45538924  2.02343242  6.76179378  6.40223762
[610]  3.33834545  5.26966607  4.13947093  0.41943455  7.41550907  5.07068141  1.85017303
[617]  6.52088922  1.04262388  6.74962641  2.62820316  4.63642038  3.01933533  5.62345620
[624]  4.25268051  1.56241308  3.07648136  6.54095058  1.90614122  4.89441889  6.44787032
[631]  3.56218895  5.76701234  3.00217412  5.24960683  2.05587960  0.27913197  6.21693461
[638]  2.84326770  5.07659365  3.47060471  0.30385806  0.80886214  4.34484685  1.54902441
[645]  0.05078152  3.27553699  3.24946271  5.98623011  0.81018726  1.07684242  4.95837329
[652]  1.87504034  3.56949408  1.85334824  1.22987127  0.60794756  5.42001263  2.25954171
[659]  3.81467893  0.25101878  4.77689979  3.09152785  2.86067948  5.00346418  1.70530773
[666]  1.29660592  3.77951815  4.55111255  2.89079634  2.33176187  0.41162276  2.79087790
[673]  3.81169624  2.82843050  0.53850886  2.45927022  3.37559535  1.10925593  0.46204511
[680]  2.38831803  0.10428109  1.37151057  1.38694808  3.51622340  1.34183356  2.68716332
[687]  3.04185854  3.01654326  2.75979763  0.08585537  3.53178801  0.85518759  1.40157780
[694]  1.95167174  0.44944845  2.89214759  1.78829063  0.82604156  1.66159641  2.66454788
[701]  0.26462808  2.20658068  0.21874959  0.78916123  1.80465555  1.45482826  0.35868148
[708]  0.22045667  0.20525077  0.85943935  1.45402180  1.40114502  0.54422067  0.49909583
[715]  0.57288042

$PAR
  [1]  NA   1   1   2   4   4   4   4   4   5   5   5   6   6  13  13  13  13  13  10  10  15  15
 [24]  15  16  16  16  17  17  17  17  17  17  17  25  25  25  25   3  39  39  39  26  26  26  11
 [47]  11  11  11  11  11  11  11  20  20  20  20  20  20  20  30  30  30  22  22   7   7  46  46
 [70]  46  46  40  40  40  40  40  61  43  43  43  43  43  43  43  54  54  54  44  44  78  78   8
 [93]   8  68  68  21  21  21  21  21  21  21  21  21  77  77  23 107 107 107 107  72  72  94  94
[116]  94  94  88  88  88  88  96  96 118 118 118  90  90  90  90 127 122 122  31  31  31  31  31
[139]  31 134 134 134  73  73  73  73  73  73  73  73  73  32  32  32  32  32 115 143 143 143  35
[162]  35  35  33  33  33 116 116 116 116  80  69  69  69  69  69  70  66  66  66  64 167 167 167
[185] 167 167 167 167  57   9  65  65  65  65  65  91  91  91  91  91  91 191 191  34  34  34 178
[208] 178 178 178 178 178 165 165 161  71 162 162 204 204 204 204 189  98  98  98  98  98  98 152
[231]  45  45  45  45  45  74 144 144 166 166 166 166 166 196 196 230 231 172 172  85  85  85  85
[254]  85  48  48  48  48  48 197 197 197 219 219 219 219 219  75  75  75  75  75 135 135 263 263
[277] 244 244 277 277 277 277 277 277 224 224 224 224 224  87  87 120 141 141 141 141 141 141 141
[300]  67  67  67  67 182 182 293 293 293  49  49  49 306 294 294 279 279 232 232 232 173 173 160
[323] 160 105 105  36 290 313 249 249 207 221 221 221 163 190 190 168 278 278 278 198 198 198 332
[346] 332 312 181 181 181 181 181 181 217  92  92 225 354 354 300 218 218 205 205 205 205 223  76
[369]  24 209 174 174 329 329 329 214 214 245 245 245 183 333 333  81  81  42  42  42  42  50 345
[392] 206 206 242 336 314 373 295 295 137 315 315 378 296 296 296 296 296 273 273 273 247 348 170
[415] 193 193 145 404 404 358 355 390 390 390 392 392 392 146 146 328 328 328 328 101 101 346  58
[438] 400 421 421 421 307 307 285 285 285 285 368 368 368 448 125 226 226 369 437 297 175 436 436
[461] 112 456 381 425 425 425 425 126 371 250 250 370 130 233 324 260 260 260 260 398 398 464 464
[484] 464 199 199 199 342 343 343 216 216 216 185 185 340 357 357 103 442 442 449 486 486 430 374
[507] 121 261 261 261 505 505 505 396 396 476 195 195 363 229 229 186 491 462 462 462 265 251 251
[530] 251 251 458 325  38  38  38 468 468 360 439 439 497 497 487 123  95 323 469 372 372 372 511
[553] 308 545 545 361 269 548 453 453 154 154 256 256 256 375 375 540 540 540 316 412 557  19 180
[576] 222  53 147 147 529 155 546  89  89 583  60  60 482 482 568 568 568 473 382 426 426 426 426
[599] 426 403 403 367 257 257 474 291 291 292 292 578 282 282 282 542 614  82 586 156 326 326 138
[622] 138 440 435 320 608 535 554 593 590 331 627 627 543 630 630 301 301 409 409 601 377 270 270
[645] 270 283 283 537 588 415 602 632 271 463 463 544 495 571 508 508 287 419 566 611 611 538 592
[668] 483 664 629 516 509 335 335 335 606 484 643 643 612 352 288 659 510 510 667 447 447 302 653
[691] 527 379 691 525 366 646 556 380 696 674 110 383 676 680 416 658 402 579 526 236 665 625 498
[714] 564 567

$EXTANT
  [1] FALSE FALSE FALSE  TRUE FALSE FALSE FALSE FALSE FALSE FALSE FALSE FALSE FALSE FALSE FALSE
 [16] FALSE FALSE FALSE  TRUE  TRUE  TRUE FALSE FALSE FALSE FALSE FALSE FALSE FALSE FALSE  TRUE
 [31]  TRUE  TRUE FALSE  TRUE FALSE FALSE FALSE  TRUE FALSE FALSE FALSE  TRUE  TRUE FALSE  TRUE
 [46] FALSE FALSE  TRUE  TRUE FALSE FALSE  TRUE  TRUE  TRUE FALSE FALSE FALSE FALSE  TRUE  TRUE
 [61] FALSE  TRUE  TRUE FALSE FALSE  TRUE  TRUE  TRUE  TRUE FALSE  TRUE  TRUE  TRUE  TRUE FALSE
 [76] FALSE FALSE FALSE FALSE  TRUE  TRUE  TRUE  TRUE  TRUE  TRUE FALSE FALSE FALSE  TRUE  TRUE
 [91]  TRUE FALSE  TRUE FALSE  TRUE  TRUE FALSE FALSE FALSE FALSE FALSE FALSE  TRUE  TRUE FALSE
[106] FALSE  TRUE FALSE  TRUE  TRUE  TRUE  TRUE FALSE FALSE FALSE FALSE FALSE FALSE FALSE FALSE
[121]  TRUE FALSE  TRUE FALSE FALSE FALSE FALSE FALSE FALSE  TRUE FALSE FALSE FALSE FALSE FALSE
[136] FALSE FALSE  TRUE FALSE FALSE  TRUE  TRUE FALSE FALSE  TRUE  TRUE  TRUE  TRUE  TRUE  TRUE
[151]  TRUE  TRUE  TRUE  TRUE  TRUE  TRUE FALSE FALSE FALSE  TRUE  TRUE FALSE  TRUE FALSE FALSE
[166]  TRUE  TRUE  TRUE FALSE FALSE  TRUE FALSE  TRUE FALSE FALSE  TRUE FALSE  TRUE FALSE  TRUE
[181]  TRUE  TRUE  TRUE  TRUE  TRUE  TRUE  TRUE FALSE FALSE  TRUE  TRUE  TRUE FALSE FALSE  TRUE
[196] FALSE  TRUE  TRUE FALSE FALSE  TRUE  TRUE  TRUE FALSE  TRUE FALSE  TRUE FALSE FALSE  TRUE
[211]  TRUE FALSE FALSE  TRUE FALSE  TRUE FALSE  TRUE  TRUE FALSE  TRUE FALSE  TRUE  TRUE  TRUE
[226]  TRUE  TRUE  TRUE FALSE  TRUE  TRUE  TRUE  TRUE FALSE  TRUE FALSE FALSE FALSE FALSE  TRUE
[241] FALSE  TRUE  TRUE FALSE FALSE FALSE  TRUE FALSE  TRUE  TRUE FALSE  TRUE  TRUE  TRUE FALSE
[256]  TRUE  TRUE  TRUE  TRUE  TRUE  TRUE  TRUE  TRUE  TRUE  TRUE  TRUE  TRUE FALSE  TRUE  TRUE
[271]  TRUE FALSE  TRUE  TRUE  TRUE  TRUE  TRUE FALSE FALSE FALSE  TRUE  TRUE  TRUE  TRUE  TRUE
[286]  TRUE  TRUE  TRUE  TRUE FALSE  TRUE  TRUE  TRUE  TRUE  TRUE  TRUE  TRUE FALSE  TRUE FALSE
[301]  TRUE  TRUE  TRUE  TRUE  TRUE FALSE  TRUE FALSE  TRUE  TRUE  TRUE  TRUE FALSE FALSE  TRUE
[316]  TRUE FALSE FALSE  TRUE  TRUE FALSE FALSE FALSE  TRUE  TRUE  TRUE FALSE  TRUE  TRUE  TRUE
[331]  TRUE FALSE  TRUE  TRUE  TRUE  TRUE  TRUE FALSE FALSE  TRUE FALSE FALSE FALSE  TRUE FALSE
[346] FALSE  TRUE  TRUE  TRUE FALSE  TRUE  TRUE  TRUE FALSE FALSE  TRUE  TRUE FALSE  TRUE  TRUE
[361]  TRUE  TRUE  TRUE  TRUE  TRUE  TRUE  TRUE  TRUE  TRUE  TRUE FALSE  TRUE  TRUE  TRUE  TRUE
[376] FALSE  TRUE FALSE  TRUE  TRUE  TRUE  TRUE FALSE  TRUE  TRUE  TRUE FALSE FALSE FALSE  TRUE
[391]  TRUE  TRUE  TRUE  TRUE FALSE  TRUE FALSE  TRUE FALSE  TRUE  TRUE  TRUE  TRUE  TRUE  TRUE
[406]  TRUE  TRUE  TRUE  TRUE  TRUE  TRUE  TRUE  TRUE  TRUE  TRUE  TRUE  TRUE  TRUE  TRUE  TRUE
[421]  TRUE  TRUE  TRUE  TRUE  TRUE  TRUE  TRUE FALSE  TRUE  TRUE FALSE FALSE  TRUE  TRUE  TRUE
[436]  TRUE FALSE  TRUE  TRUE  TRUE  TRUE FALSE FALSE  TRUE FALSE  TRUE  TRUE FALSE  TRUE  TRUE
[451] FALSE  TRUE  TRUE FALSE  TRUE  TRUE  TRUE  TRUE  TRUE  TRUE  TRUE  TRUE  TRUE  TRUE  TRUE
[466] FALSE  TRUE  TRUE  TRUE  TRUE  TRUE  TRUE  TRUE FALSE FALSE  TRUE  TRUE  TRUE  TRUE  TRUE
[481]  TRUE  TRUE  TRUE FALSE FALSE  TRUE  TRUE FALSE  TRUE  TRUE  TRUE FALSE  TRUE  TRUE  TRUE
[496] FALSE  TRUE  TRUE  TRUE  TRUE  TRUE  TRUE FALSE  TRUE  TRUE FALSE FALSE  TRUE  TRUE  TRUE
[511]  TRUE FALSE  TRUE FALSE  TRUE  TRUE FALSE  TRUE  TRUE  TRUE  TRUE  TRUE  TRUE  TRUE  TRUE
[526]  TRUE  TRUE FALSE  TRUE  TRUE  TRUE  TRUE  TRUE  TRUE  TRUE FALSE  TRUE  TRUE  TRUE  TRUE
[541] FALSE  TRUE  TRUE  TRUE  TRUE  TRUE  TRUE  TRUE FALSE FALSE  TRUE  TRUE  TRUE  TRUE  TRUE
[556]  TRUE  TRUE  TRUE FALSE  TRUE FALSE  TRUE  TRUE  TRUE  TRUE  TRUE  TRUE  TRUE  TRUE  TRUE
[571]  TRUE  TRUE  TRUE  TRUE  TRUE  TRUE FALSE  TRUE  TRUE  TRUE  TRUE  TRUE  TRUE  TRUE  TRUE
[586]  TRUE  TRUE  TRUE  TRUE FALSE  TRUE  TRUE  TRUE  TRUE  TRUE  TRUE FALSE  TRUE  TRUE  TRUE
[601]  TRUE  TRUE  TRUE  TRUE FALSE  TRUE FALSE  TRUE FALSE  TRUE  TRUE FALSE  TRUE  TRUE  TRUE
[616]  TRUE  TRUE  TRUE  TRUE  TRUE  TRUE  TRUE  TRUE  TRUE FALSE  TRUE  TRUE  TRUE  TRUE  TRUE
[631]  TRUE  TRUE  TRUE  TRUE  TRUE  TRUE  TRUE  TRUE  TRUE  TRUE  TRUE  TRUE  TRUE  TRUE  TRUE
[646]  TRUE  TRUE FALSE  TRUE  TRUE  TRUE  TRUE  TRUE  TRUE  TRUE  TRUE FALSE  TRUE  TRUE  TRUE
[661]  TRUE  TRUE  TRUE  TRUE  TRUE  TRUE  TRUE  TRUE  TRUE FALSE  TRUE  TRUE  TRUE  TRUE  TRUE
[676]  TRUE  TRUE  TRUE  TRUE  TRUE  TRUE  TRUE  TRUE  TRUE  TRUE  TRUE  TRUE  TRUE  TRUE  TRUE
[691]  TRUE  TRUE  TRUE  TRUE  TRUE  TRUE  TRUE  TRUE  TRUE  TRUE  TRUE  TRUE  TRUE  TRUE  TRUE
[706]  TRUE  TRUE  TRUE  TRUE  TRUE  TRUE  TRUE  TRUE  TRUE  TRUE

