
Birth-death simulation object with 698 species and 500 extant species

Details for some species:

Extinction times (NA means extant)
[1]  2.473366  8.125786        NA 20.780424        NA 54.657639


Speciation times 
[1] 70.41235 62.45682 61.48455 42.11992 32.53846 61.20941


Species parents (NA for initial)
[1] NA  1  1  1  1  2


Species status (extinct or extant)
[1] "extinct" "extinct" "extant"  "extinct" "extant"  "extinct"


For more details on vector y, try sim$y, with y one of
TE TS PAR EXTANT



$TE
  [1]  2.4733658  8.1257856         NA 20.7804245         NA 54.6576393 15.4934051 17.7081251
  [9] 51.9119442 27.1826190  8.8245626 29.0403812 20.1451459         NA         NA 27.2007901
 [17]         NA         NA         NA 22.7718954         NA 52.8488084 26.3736859 46.8831151
 [25]         NA         NA 32.6768156 20.5009038         NA 46.3716001         NA 41.7817211
 [33] 25.9272400         NA 10.6035570 25.8823052 20.3732557 36.0827309 29.3627306         NA
 [41]         NA 32.9154752 35.4585048 26.3542215 15.1956234  2.4895647         NA         NA
 [49]  4.1882465 17.4219730         NA 19.0326598 23.9587266  5.6002225         NA 16.5232583
 [57] 17.0448332 22.0161125         NA 30.9083678 15.7934090 11.9803085 16.0560729 11.8284929
 [65]  6.2230555  3.5289340 12.5612116 17.2621589 21.8951342         NA 28.3608008 14.8287578
 [73] 14.2782147         NA 17.8186476         NA         NA         NA         NA         NA
 [81] 26.1868403  9.6228778 28.1840578         NA 26.8674885 32.3910190 22.1108219         NA
 [89]         NA         NA         NA 24.7357986         NA 22.5724078  7.0753763         NA
 [97]         NA         NA 30.5916448         NA         NA         NA         NA  1.8322555
[105] 15.6912658  6.9952745         NA         NA         NA         NA 21.9446122         NA
[113] 10.4057403 16.8037548         NA 32.6562835         NA 13.4495376 11.8829736         NA
[121]         NA         NA         NA 30.3211866         NA 15.3927998 17.0621936         NA
[129]         NA 17.5337285  8.8451970         NA         NA  5.5836149  5.5639266         NA
[137] 14.0736654         NA         NA 18.9843111         NA         NA 11.7364802 31.9054038
[145]         NA         NA         NA 19.1161724 10.0136652 19.4238722         NA         NA
[153]         NA         NA 13.8379359         NA  6.7679679         NA         NA  4.6055310
[161]         NA         NA         NA         NA 20.7140792 18.2612237 13.2636654         NA
[169]  9.6783408         NA         NA 14.8562188 22.8706480         NA  9.3980455 28.3078882
[177]  9.4426757         NA         NA         NA  1.7264149         NA         NA         NA
[185]         NA 23.7791170         NA 12.9091870         NA 17.9366218         NA         NA
[193]         NA         NA  7.9122287  9.7934011         NA         NA         NA         NA
[201]         NA 10.6075265 11.1229712 17.2412361         NA  6.4130866         NA 16.4734837
[209]         NA         NA  6.2052697 19.6533607         NA         NA         NA         NA
[217]         NA 16.1087070 13.4727623         NA         NA         NA         NA         NA
[225] 18.0720241  1.6740120         NA         NA         NA         NA         NA         NA
[233] 13.6923068         NA         NA  2.6919212         NA         NA  3.7459222  6.4360613
[241]         NA         NA         NA 17.2226494         NA         NA         NA         NA
[249] 12.1735129         NA         NA         NA         NA  7.7798987         NA 20.1957510
[257]         NA         NA         NA         NA 22.3923649 16.5188092 16.7953092         NA
[265] 11.1869710  1.1351406         NA  8.0215387         NA  2.3889189         NA  0.5501040
[273]         NA  1.1926471         NA         NA  3.1796750  2.1214448         NA         NA
[281]         NA         NA         NA         NA         NA         NA         NA         NA
[289]  5.9091363         NA         NA         NA  2.9252190  5.3215870 12.9526552  7.2690876
[297] 17.0338548 13.3007964         NA         NA         NA  8.3012230  9.0163853  4.9117223
[305]         NA         NA  0.2267143         NA         NA         NA         NA         NA
[313]         NA 19.2315874         NA         NA         NA         NA  9.1178785         NA
[321]  6.5021122 18.6478021         NA         NA  7.2574259         NA  1.2037596         NA
[329]         NA 18.3861086  4.8417583         NA         NA         NA         NA         NA
[337]         NA         NA         NA         NA         NA  6.9913928         NA         NA
[345]         NA  5.7282194         NA 18.8609325         NA         NA         NA 12.0223363
[353]         NA  6.8535752  0.8962250 14.2573346         NA         NA         NA         NA
[361]         NA  7.2275355         NA         NA  4.1227796  1.9390374  8.0765188  2.8694847
[369]  7.2232645         NA         NA         NA         NA         NA         NA         NA
[377]         NA         NA         NA         NA         NA         NA         NA         NA
[385]         NA         NA         NA         NA 10.5946211         NA         NA         NA
[393] 10.4655912 13.6245687         NA         NA         NA         NA  0.2016818         NA
[401]  3.7568559  4.8967189         NA         NA         NA         NA         NA         NA
[409]         NA         NA         NA         NA 13.6013194         NA         NA         NA
[417]         NA  9.2394854         NA         NA  2.7226271         NA         NA         NA
[425]         NA  2.3733106         NA         NA  0.2739939         NA         NA  2.0816183
[433]         NA         NA         NA         NA         NA         NA         NA         NA
[441]         NA  9.3934050         NA         NA         NA         NA         NA         NA
[449]  3.6611544  1.4855457  4.2566155         NA         NA         NA  8.4624564         NA
[457]         NA         NA  3.3912170         NA         NA         NA         NA         NA
[465]         NA         NA         NA         NA         NA         NA         NA         NA
[473]         NA 11.5888095         NA         NA         NA  0.8601066         NA         NA
[481]         NA         NA         NA         NA         NA         NA         NA  1.5026522
[489]  2.1093583         NA         NA         NA         NA         NA         NA         NA
[497]         NA         NA         NA  6.8548983         NA         NA         NA         NA
[505]         NA         NA         NA         NA         NA         NA         NA         NA
[513]         NA  2.0100035         NA         NA  3.7736408         NA  7.5637986         NA
[521]         NA         NA         NA         NA         NA         NA         NA         NA
[529]         NA         NA         NA         NA         NA         NA         NA         NA
[537]         NA         NA         NA         NA         NA         NA         NA         NA
[545]         NA         NA         NA         NA         NA         NA         NA         NA
[553]         NA  7.6588471         NA         NA  1.1865485         NA         NA         NA
[561]         NA         NA         NA         NA         NA         NA  0.9779224         NA
[569]         NA         NA  1.7075906         NA         NA         NA         NA         NA
[577]         NA         NA         NA         NA         NA         NA         NA         NA
[585]         NA         NA         NA         NA         NA  4.6164777         NA         NA
[593]         NA         NA         NA         NA         NA         NA         NA         NA
[601]         NA         NA         NA         NA         NA         NA         NA         NA
[609]         NA         NA         NA         NA         NA  3.3254096         NA         NA
[617]         NA         NA         NA         NA         NA         NA         NA         NA
[625]         NA         NA         NA         NA         NA         NA         NA         NA
[633]         NA         NA         NA         NA         NA         NA         NA         NA
[641]         NA         NA         NA         NA         NA         NA         NA         NA
[649]         NA         NA         NA         NA         NA         NA         NA         NA
[657]         NA         NA         NA         NA         NA         NA         NA         NA
[665]         NA         NA         NA         NA         NA         NA         NA         NA
[673]         NA         NA         NA         NA         NA         NA         NA         NA
[681]         NA         NA         NA         NA         NA         NA         NA         NA
[689]         NA         NA         NA         NA         NA         NA         NA         NA
[697]         NA         NA

$TS
  [1] 70.41234584 62.45681766 61.48454654 42.11992438 32.53845846 61.20941388 57.09426720
  [8] 56.25524452 52.35479271 49.92652406 43.94293595 41.27310997 37.86766237 29.81062429
 [15] 29.76225903 29.73337094 21.13983639 15.34907823 47.06970406 35.52578061  3.49722742
 [22] 59.82062046 55.49848003 54.05092882 32.65853575 22.79271393 48.66087190 21.52466045
 [29] 18.85045566 53.60558819 47.27078753 46.30138219 38.32601280 34.16281066 52.31848611
 [36] 42.81525242 42.26676896 36.47700544 35.70593048 34.24995165 13.37185958 39.30744896
 [43] 38.27552484 44.25795962 32.77012936 32.29597577 30.63370590 27.81506032 20.53286369
 [50] 20.14487467  1.45693592 42.49754612 38.86361196 32.52704933 25.94323100 22.53049248
 [57] 18.37249862 33.96056576 41.83871952 38.03908902 33.27925583 18.91789421 39.46451622
 [64] 28.55677231 37.78013303 36.25357136 34.72409752 29.04864874 27.71547302 22.11243628
 [71] 38.97065979 34.03891562 33.25716779 26.53601328 20.80103542 30.77566231 18.94083320
 [78] 11.28942389 10.96411817  6.48871484 35.18296462 29.73062664 36.16228938 36.01172724
 [85] 35.65824914 33.76114741 27.88515512 37.98542079 29.63321697 27.90278643 37.23703418
 [92] 34.33515527 32.28030530 24.27842818 15.18774851  6.69996677  3.69570295  2.10899602
 [99] 36.04091479 33.25358891 27.19714444 33.32719783 28.46743119 22.66162098 19.55243157
[106]  8.98501953  2.72033150  2.20890684 28.53712978 24.36029436 23.32688865  5.03464800
[113] 32.78000096 25.60192341 25.04412796 33.85584285 32.63373593 34.34481524 27.24055401
[120] 20.26622691 25.36683790 17.83576935 14.80030620 30.98701777 27.68627752 19.09081839
[127] 17.26487338  5.53430703  0.62202859 27.77575688 26.31513916 17.82415339 34.00979355
[134] 28.27203415 20.16989726 19.03621046 18.04943161 27.06044985 25.03286209 23.48229823
[141] 22.37364011 33.94792239 23.38846599 33.51990968 15.63645592 12.90079480  1.73793128
[148] 32.42166185 22.64262670 19.73650779 19.31266586 17.75428257 11.27115769  2.73491046
[155] 32.38039907 26.02651892 16.60179796  0.19448443 28.40781048 12.05274877  4.26222654
[162]  4.07944013 26.55720321 21.06531147 32.10043838 30.73042171 26.93887063 13.73719530
[169] 29.75756751 27.94343488 27.36746210 17.71836400 28.38108841 20.14598000 15.56939212
[176] 29.77291424 14.83667443 11.10894870  6.95806539 27.97539402 20.90867921 13.12305578
[183] 11.85481786 10.86077061  9.93742029 26.94848666 26.55557405 15.46479902 10.01915948
[190] 23.62450586  3.70828969  0.69482074 24.08238069 26.53950814 18.14622938 14.66848574
[197] 22.31585889  5.71430660  7.01212273 10.11550757  7.91192781 23.54459431 23.26765039
[204] 20.62349654 12.05056150 10.45164375  8.07812940 23.98379453 17.50528479 15.79766108
[211] 24.88447797 19.66354404 18.12877824 13.63680673  9.08499747 19.20506591  2.90716699
[218] 22.45333751 21.18000183 13.70784397 12.79733180  4.72841978 25.92183278 25.36440949
[225] 25.22770460 12.95484260 11.57364981  8.19575935  4.95105623  2.52811950  0.11651444
[232] 27.04189990 21.71697102 21.67656217  4.86856109  4.79483697  2.72263028 10.06406131
[239]  8.76728001  8.75389980  6.68774466  4.85057249  4.56758241 17.37980252  3.37740032
[246] 21.84435855  6.49188385 16.57093246 15.10430993 11.07996790  3.91880265  2.73274747
[253] 21.24555455 13.99379093  3.61370784 24.42392115 16.24404633 17.52334403 10.13803826
[260]  5.07458381 23.53781492 22.46919666 20.89316986 13.79493389 16.61990501  9.35210569
[267] 21.34029767 17.91883964 11.26880407  8.45168151  7.23680050 18.72768048 13.77484537
[274]  9.98805451  4.45893261  1.87821156 14.13363853  7.65320127  4.32649191  6.00927420
[281]  4.12885517 24.51832675 24.36986292 20.79089674  7.58078742  6.25249625 22.94685162
[288] 20.68024012 18.89218270  4.02818845  2.02581254 22.14624641 13.02473731 12.87863517
[295] 23.37970939 23.41303395 22.16123624 17.00671215  3.56044708 17.41490123 19.33738618
[302] 11.23538186 21.94978573 19.93026883 20.12275146  9.73817942 22.79226628 12.88849883
[309] 12.66293211  3.72796030 18.72488487  7.14901854  1.04028832 22.47693899 17.18723155
[316] 16.53484357 19.63854971 16.97073617 21.26809615 17.51500791 16.51669295 18.73726821
[323] 12.99527779 10.80775472  8.04155462  6.48297891  3.56820030  7.67094497  1.67818073
[330] 20.48270673 19.31038179 10.52009610  3.32879324  2.30054762 20.81155010 14.55166671
[337] 13.87134096  8.02839290 15.64525248 13.11575836  1.95744816 16.34858049 10.69357761
[344]  9.91059106  8.55459711 19.11143048 18.65169949 20.27009409 16.33788362 16.27675108
[351] 12.76907367 18.40444887  6.49923316 13.11439888  8.95256510 20.41329626  7.17326752
[358]  6.84177037  3.37565405  7.63031551 18.89990440 13.62027171 19.71773627 19.43862507
[365] 15.37059398  6.31617120 14.46187938  7.87176467 19.81419842 10.40985081  2.90692352
[372] 13.84903961  7.75661502 14.20489110 11.08057724 10.65866642 10.04198022 12.35429722
[379] 15.92521274 15.38772116  1.94697229 18.70789069  7.27335339 13.35757113  6.14244027
[386] 14.90503834  0.98066631 15.68661521 13.20565076  3.37714741 10.59390714  6.35329188
[393] 13.93482599 13.88230837 13.54289538 12.06886430 14.37158819 16.98105957 15.27445639
[400] 10.39686571 14.46538228 13.38926332  8.80261191 11.95265936  6.91674349  6.64702963
[407] 17.24561213  6.68153334  9.65539316  8.52769176  6.27245365 16.64895333 15.12457660
[414] 14.51023550 16.21315024  3.56514553  1.86678540 15.48989481 15.92845686  3.76452804
[421] 13.53110855  9.22150909  9.18638108  7.82141170  3.26869835  7.62195426  8.32109802
[428]  3.00101600  0.95797779  8.83122469  8.64592813  5.64722337 12.85078906 11.52895315
[435]  7.96477544  0.60736675 14.85957248  7.23900589  5.13235768 12.66425554 12.45782020
[442] 15.20827580  9.69000683  7.90653735  5.03612910  1.43505766 14.49132581 12.04960026
[449]  7.56564993 12.56594832 11.13310049  2.12132281  0.29088842 15.11747835 13.01999083
[456] 12.26631232 10.57602631 11.79021781 13.14905338  9.24939479  6.36583266  4.63927540
[463]  8.16722490  3.84777488 13.16505325 10.92368704  5.43168599 10.40482454  7.80949184
[470]  5.31584797  4.82219009  8.70556688  0.50608906 11.69857849  9.81526576 11.69595513
[477]  5.10140157  8.39997498  7.56646640  7.43535947  3.43991393  0.07833735  9.89374292
[484]  8.74843562  6.24962551  1.93485870  9.07539821  9.28438638  7.36486605  8.80325506
[491]  6.89232193  7.28571558  7.73487552  2.28809495 12.53242600  9.75260559  2.45476841
[498]  5.28467782  1.38527050  8.22607832  4.97590079  2.40818226  1.89785957  0.02300110
[505]  6.92210881  7.29889965  2.44657907  9.86721447  1.54029982 10.44598469  9.18858239
[512]  7.12372331  6.35896291 10.29817523  9.10039695  9.48032983  6.94032644  1.68103877
[519]  7.71211136  8.15312613  1.86858204  0.11887978  9.18716418  8.16884407  9.57109694
[526]  4.39256100  6.04884274  8.02300381  9.14634496  5.74015092  1.89757885  2.28404011
[533]  0.85253563  8.17852293  3.33093836  2.76027833  8.20559339  1.67844508  9.66131042
[540]  8.86230915  8.77762724  9.79886010  3.12611016  8.53192521  4.05434730  3.01085181
[547]  0.20254636  3.81182714  3.35378586  6.47975229  3.17178136  8.65703276  8.32865557
[554]  8.89562022  8.33052503  0.68492559  9.09536032  1.10113901  6.90446607  6.31016359
[561]  3.16744013  2.15773322  1.46898018  3.42272536  0.90202350  2.70256765  5.20542323
[568]  1.93807794  0.78425318  7.04765715  5.30087221  2.93580871  2.76148165  6.28492547
[575]  2.09414310  3.56623561  2.94780736  2.24710816  6.82213539  2.29588231  6.60067729
[582]  2.78963110  2.46829574  5.08232033  0.01283396  7.83730217  4.09851802  6.67678776
[589]  6.22929628  6.07960770  8.07618455  5.09386488  4.76380175  2.00510289  6.61848567
[596]  6.43149183  7.04238170  4.79938576  4.11105383  5.47498655  3.05574324  3.64782169
[603]  1.21151464  3.98530471  5.66919150  6.17982583  6.96791657  7.20812580  6.79363786
[610]  2.46826148  4.47728185  6.30827769  6.08853572  5.17407341  1.51792371  6.78766320
[617]  4.25370846  1.86937730  6.64095505  2.05293942  6.02121929  2.95872444  4.67057194
[624]  2.29616392  4.94748398  2.67950216  6.41371595  3.12395652  2.62008036  1.54646667
[631]  1.56825911  6.25694983  5.70066710  5.28447278  5.48551020  1.78711684  0.56816311
[638]  2.96483492  0.26902244  2.88258613  0.19830001  4.17719761  4.78623554  3.57943532
[645]  2.93903276  1.67667498  3.13770591  3.45979114  2.97770755  1.54450905  2.15909983
[652]  3.35591128  3.50263347  3.86149268  4.02133185  1.13846731  2.88985340  0.73815585
[659]  1.84136681  1.67190250  3.10798669  3.32449106  1.94739923  2.86114092  3.18616799
[666]  0.82531965  0.11493045  3.32077534  0.41105584  0.24191799  0.72555833  1.97099136
[673]  0.39222544  0.65682797  1.99487682  2.33259521  2.28635883  2.71428704  2.14553952
[680]  1.26672276  1.21415456  0.27472195  1.45554121  2.42904987  1.29619439  2.00286158
[687]  1.89128697  1.53356842  0.77122665  0.46282037  0.59786840  1.06035927  0.18769788
[694]  1.49339351  0.39177932  1.14116042  1.32231861  0.42058865

$PAR
  [1]  NA   1   1   1   1   2   2   2   2   2   2   2   2   2   2   2   2   2   3   3   3   6   6
 [24]   7   7   7   8   8   8  23  23  23  23  23  24  35  35  35  35  35  35  10  10  27  27  31
 [47]  31  31  31  31  31  19  19  19  19  19  19  44  11  11  11  11  36  36  37  37  37  37  37
 [70]  37   4   4   4   4   4  59  59  59  59  59  12  12  63  63  63  63  63  71  71  53  33  60
 [93]  60  88  88  88  88  88  13  13  13  91  91  91  91  91  91  91  66  66  66  66  84  84  84
[116]  85  85  20  20  67 118 118 118  92  92  40  40  40  40  34  34  34  72  72  72  72  72 133
[139] 133 133 133  58  58 142 142 142 142  61  61  73  73 100 100 100  45  25  25  25 117 117 117
[162] 117  54  54  46  46  46  46  93  93  93  93 165  76  76  47  47  47  47  14  14  14  15  15
[185]  15 169  82  82  82  89  89  89  68  64  64  64 109 109 103 159 159 134 134 134 134 134 134
[208] 180 180 180 170 170 170 170 170  90  90  48  48  48  48  48  69  69 171 171 171 171 171 171
[231] 171 119 119 119 101 101 101 138 138 138 138 138 138 232 232 163 163 187 194 194 194 194  74
[254]  74  74 131 131 156 156 156  55  55  55  55 223 223 114 114 121 121 121 224 224 224 224 224
[277] 115 115 115 139 139 211 211 211 211 211 282 282 282 282 282 283 110 110  94 193 193 193 193
[300] 208 190 202 140 140 296 296 143 143 287 287  26  26  26 104 104 149  56  56 262 218 218 141
[323] 141 141 141 141 292  70  70 303 246 246 246 246 233 234 234 234 267 267 267 319 319 319 253
[346] 219 219  17  17  17 164 181 181 335 335  75 284 284 284 288 204  49 356 356 120 120 174 174
[369] 305 305 305 304 304 369 369 369 317 364 301 301 151 331 216 346 346 136  77  62  62 361 289
[392] 289  29  29  29 311 382 347 347 347 352 195 195 213 213 213 268 122 132 132 132 258 320 320
[415] 209 209 209 300 315 315 398 398 398 398 398 157 248 248 248 316 316 316 321 321 349 349 350
[438] 257 415 419 419 210 210 210 388 388 339 145 145 175 380 399 399  95 437 437 123 336 447 401
[461] 401 401 277 277 337 264 273 168 168 168 168 220 220 214 362 421 421 384 384 384 384 384 465
[484] 465 465 465 340 354 293 323 323 226 146 146 308 433 221 440 440 309 309 450 450 495 441 378
[507] 378 456 456 160 160 160 160 205 476 227 434 434  78 269 178  79 184 324 376 376 457 332 206
[530] 510 510 468 468 514 259 259 200 200 377 274 483 508 542 496 496 496 496 306 306 539 539 409
[553] 409 525 525 525 516 460 422 523 423 423 423 515 515 557 215 215 487 106 540 540 430 403 403
[576] 541 484 472 345 544 270 478 478 553 427 228 228 524 524 524 463 463 463 463 591 338 528 435
[599] 435 586 586 373 373 278 426 449 480 492 383 312 512 570 597 607 559 579 609  96 241 241 588
[622] 595 581 353 247 326 550 550 627 627 574 411 411 385 590 280 280 530 530 128 600 571 439 477
[645] 584 584 260 112 625 625 643 593 275 617 642 281 290 290 604 251 654 420 310 602 255 644 644
[668] 653 648 648 481 535 668 543 628 546 649 657 640 582 573 107 629 507 502 580 291 291 291 686
[691] 381 687 147 646 509 563 446 658

$EXTANT
  [1] FALSE FALSE  TRUE FALSE  TRUE FALSE FALSE FALSE FALSE FALSE FALSE FALSE FALSE  TRUE  TRUE
 [16] FALSE  TRUE  TRUE  TRUE FALSE  TRUE FALSE FALSE FALSE  TRUE  TRUE FALSE FALSE  TRUE FALSE
 [31]  TRUE FALSE FALSE  TRUE FALSE FALSE FALSE FALSE FALSE  TRUE  TRUE FALSE FALSE FALSE FALSE
 [46] FALSE  TRUE  TRUE FALSE FALSE  TRUE FALSE FALSE FALSE  TRUE FALSE FALSE FALSE  TRUE FALSE
 [61] FALSE FALSE FALSE FALSE FALSE FALSE FALSE FALSE FALSE  TRUE FALSE FALSE FALSE  TRUE FALSE
 [76]  TRUE  TRUE  TRUE  TRUE  TRUE FALSE FALSE FALSE  TRUE FALSE FALSE FALSE  TRUE  TRUE  TRUE
 [91]  TRUE FALSE  TRUE FALSE FALSE  TRUE  TRUE  TRUE FALSE  TRUE  TRUE  TRUE  TRUE FALSE FALSE
[106] FALSE  TRUE  TRUE  TRUE  TRUE FALSE  TRUE FALSE FALSE  TRUE FALSE  TRUE FALSE FALSE  TRUE
[121]  TRUE  TRUE  TRUE FALSE  TRUE FALSE FALSE  TRUE  TRUE FALSE FALSE  TRUE  TRUE FALSE FALSE
[136]  TRUE FALSE  TRUE  TRUE FALSE  TRUE  TRUE FALSE FALSE  TRUE  TRUE  TRUE FALSE FALSE FALSE
[151]  TRUE  TRUE  TRUE  TRUE FALSE  TRUE FALSE  TRUE  TRUE FALSE  TRUE  TRUE  TRUE  TRUE FALSE
[166] FALSE FALSE  TRUE FALSE  TRUE  TRUE FALSE FALSE  TRUE FALSE FALSE FALSE  TRUE  TRUE  TRUE
[181] FALSE  TRUE  TRUE  TRUE  TRUE FALSE  TRUE FALSE  TRUE FALSE  TRUE  TRUE  TRUE  TRUE FALSE
[196] FALSE  TRUE  TRUE  TRUE  TRUE  TRUE FALSE FALSE FALSE  TRUE FALSE  TRUE FALSE  TRUE  TRUE
[211] FALSE FALSE  TRUE  TRUE  TRUE  TRUE  TRUE FALSE FALSE  TRUE  TRUE  TRUE  TRUE  TRUE FALSE
[226] FALSE  TRUE  TRUE  TRUE  TRUE  TRUE  TRUE FALSE  TRUE  TRUE FALSE  TRUE  TRUE FALSE FALSE
[241]  TRUE  TRUE  TRUE FALSE  TRUE  TRUE  TRUE  TRUE FALSE  TRUE  TRUE  TRUE  TRUE FALSE  TRUE
[256] FALSE  TRUE  TRUE  TRUE  TRUE FALSE FALSE FALSE  TRUE FALSE FALSE  TRUE FALSE  TRUE FALSE
[271]  TRUE FALSE  TRUE FALSE  TRUE  TRUE FALSE FALSE  TRUE  TRUE  TRUE  TRUE  TRUE  TRUE  TRUE
[286]  TRUE  TRUE  TRUE FALSE  TRUE  TRUE  TRUE FALSE FALSE FALSE FALSE FALSE FALSE  TRUE  TRUE
[301]  TRUE FALSE FALSE FALSE  TRUE  TRUE FALSE  TRUE  TRUE  TRUE  TRUE  TRUE  TRUE FALSE  TRUE
[316]  TRUE  TRUE  TRUE FALSE  TRUE FALSE FALSE  TRUE  TRUE FALSE  TRUE FALSE  TRUE  TRUE FALSE
[331] FALSE  TRUE  TRUE  TRUE  TRUE  TRUE  TRUE  TRUE  TRUE  TRUE  TRUE FALSE  TRUE  TRUE  TRUE
[346] FALSE  TRUE FALSE  TRUE  TRUE  TRUE FALSE  TRUE FALSE FALSE FALSE  TRUE  TRUE  TRUE  TRUE
[361]  TRUE FALSE  TRUE  TRUE FALSE FALSE FALSE FALSE FALSE  TRUE  TRUE  TRUE  TRUE  TRUE  TRUE
[376]  TRUE  TRUE  TRUE  TRUE  TRUE  TRUE  TRUE  TRUE  TRUE  TRUE  TRUE  TRUE  TRUE FALSE  TRUE
[391]  TRUE  TRUE FALSE FALSE  TRUE  TRUE  TRUE  TRUE FALSE  TRUE FALSE FALSE  TRUE  TRUE  TRUE
[406]  TRUE  TRUE  TRUE  TRUE  TRUE  TRUE  TRUE FALSE  TRUE  TRUE  TRUE  TRUE FALSE  TRUE  TRUE
[421] FALSE  TRUE  TRUE  TRUE  TRUE FALSE  TRUE  TRUE FALSE  TRUE  TRUE FALSE  TRUE  TRUE  TRUE
[436]  TRUE  TRUE  TRUE  TRUE  TRUE  TRUE FALSE  TRUE  TRUE  TRUE  TRUE  TRUE  TRUE FALSE FALSE
[451] FALSE  TRUE  TRUE  TRUE FALSE  TRUE  TRUE  TRUE FALSE  TRUE  TRUE  TRUE  TRUE  TRUE  TRUE
[466]  TRUE  TRUE  TRUE  TRUE  TRUE  TRUE  TRUE  TRUE FALSE  TRUE  TRUE  TRUE FALSE  TRUE  TRUE
[481]  TRUE  TRUE  TRUE  TRUE  TRUE  TRUE  TRUE FALSE FALSE  TRUE  TRUE  TRUE  TRUE  TRUE  TRUE
[496]  TRUE  TRUE  TRUE  TRUE FALSE  TRUE  TRUE  TRUE  TRUE  TRUE  TRUE  TRUE  TRUE  TRUE  TRUE
[511]  TRUE  TRUE  TRUE FALSE  TRUE  TRUE FALSE  TRUE FALSE  TRUE  TRUE  TRUE  TRUE  TRUE  TRUE
[526]  TRUE  TRUE  TRUE  TRUE  TRUE  TRUE  TRUE  TRUE  TRUE  TRUE  TRUE  TRUE  TRUE  TRUE  TRUE
[541]  TRUE  TRUE  TRUE  TRUE  TRUE  TRUE  TRUE  TRUE  TRUE  TRUE  TRUE  TRUE  TRUE FALSE  TRUE
[556]  TRUE FALSE  TRUE  TRUE  TRUE  TRUE  TRUE  TRUE  TRUE  TRUE  TRUE FALSE  TRUE  TRUE  TRUE
[571] FALSE  TRUE  TRUE  TRUE  TRUE  TRUE  TRUE  TRUE  TRUE  TRUE  TRUE  TRUE  TRUE  TRUE  TRUE
[586]  TRUE  TRUE  TRUE  TRUE FALSE  TRUE  TRUE  TRUE  TRUE  TRUE  TRUE  TRUE  TRUE  TRUE  TRUE
[601]  TRUE  TRUE  TRUE  TRUE  TRUE  TRUE  TRUE  TRUE  TRUE  TRUE  TRUE  TRUE  TRUE FALSE  TRUE
[616]  TRUE  TRUE  TRUE  TRUE  TRUE  TRUE  TRUE  TRUE  TRUE  TRUE  TRUE  TRUE  TRUE  TRUE  TRUE
[631]  TRUE  TRUE  TRUE  TRUE  TRUE  TRUE  TRUE  TRUE  TRUE  TRUE  TRUE  TRUE  TRUE  TRUE  TRUE
[646]  TRUE  TRUE  TRUE  TRUE  TRUE  TRUE  TRUE  TRUE  TRUE  TRUE  TRUE  TRUE  TRUE  TRUE  TRUE
[661]  TRUE  TRUE  TRUE  TRUE  TRUE  TRUE  TRUE  TRUE  TRUE  TRUE  TRUE  TRUE  TRUE  TRUE  TRUE
[676]  TRUE  TRUE  TRUE  TRUE  TRUE  TRUE  TRUE  TRUE  TRUE  TRUE  TRUE  TRUE  TRUE  TRUE  TRUE
[691]  TRUE  TRUE  TRUE  TRUE  TRUE  TRUE  TRUE  TRUE

