
Birth-death simulation object with 743 species and 500 extant species

Details for some species:

Extinction times (NA means extant)
[1] 69.03185 14.53677 31.99746 49.26025 27.54784       NA


Speciation times 
[1] 81.31808 80.44806 69.86330 69.55202 63.31630 47.40369


Species parents (NA for initial)
[1] NA  1  1  2  2  2


Species status (extinct or extant)
[1] "extinct" "extinct" "extinct" "extinct" "extinct" "extant" 


For more details on vector y, try sim$y, with y one of
TE TS PAR EXTANT



$TE
  [1] 69.03185335 14.53676933 31.99746144 49.26025096 27.54783638          NA          NA
  [8]  4.11077913          NA          NA 25.49804402 20.19392992 29.30067938  4.30630562
 [15] 44.03551830 25.49486867 26.43601163  9.86121520 35.46350200 29.34985299 47.41294280
 [22] 44.99455335          NA 32.57704023 38.54467047 27.43310183          NA 51.18331043
 [29]          NA 35.98831703 24.26149898          NA 47.94089693 49.39722932 35.30182532
 [36]  1.09829453          NA 19.32357951  3.27985509 53.92136773 24.81360741 34.80559833
 [43]          NA 39.79077190 16.30861422 28.76439558          NA  9.50772915          NA
 [50]          NA          NA          NA          NA          NA          NA  4.94084281
 [57] 30.25307096 21.89399251  0.10803722 11.80206342          NA 27.58424193 26.61883613
 [64]          NA          NA  0.45478755          NA 33.72998062          NA          NA
 [71] 29.50359138 35.06124998 31.73897665          NA          NA 10.21056172 43.22534367
 [78]          NA 30.42748999 21.72775476 14.55399128          NA          NA 17.25198821
 [85] 12.38820609          NA          NA          NA  0.69461738          NA          NA
 [92]  5.85753176  8.23589620          NA 31.55663212 11.78273635          NA  4.43039325
 [99]          NA 24.58875810 24.63657064          NA 21.80294396          NA 33.30155805
[106]          NA          NA  5.07461479          NA          NA          NA 29.51720948
[113] 34.69093086 23.16519341 39.28870965 18.43203306          NA          NA  8.58378860
[120] 28.26408167 25.54499759 36.37692581 13.09936104          NA          NA 10.89473317
[127] 37.04138176          NA 15.83863769          NA          NA          NA          NA
[134] 32.91512457 30.26291115          NA          NA  6.47285087          NA          NA
[141]          NA          NA          NA          NA          NA          NA          NA
[148]          NA 30.94913302 34.19278093          NA  7.48728191          NA          NA
[155]          NA 18.34130096 20.37195322          NA          NA 23.57309798          NA
[162]          NA          NA 20.48728408          NA          NA          NA  3.52951401
[169] 22.89745707          NA 24.44305297          NA          NA          NA          NA
[176] 10.48164438  9.01027402 22.08978403          NA          NA          NA 27.63846737
[183]  2.40865869  6.26586045          NA          NA          NA 17.54828683          NA
[190]  5.51674990 25.40623567          NA          NA          NA          NA 21.58308700
[197]  3.50526307          NA          NA          NA          NA 24.97355264  0.87879641
[204]          NA          NA          NA          NA  5.42954251          NA          NA
[211] 11.97815716          NA          NA  1.89875689          NA          NA          NA
[218]          NA 21.49969323          NA 12.27819574 27.49737638 18.16758871          NA
[225] 12.88514878          NA  4.39508922          NA          NA          NA          NA
[232]  4.70651117 15.14750117 17.82565901  5.62579949 14.73643185          NA 19.59322914
[239] 13.79724536          NA          NA 21.55746297          NA          NA          NA
[246]          NA  1.65776182          NA  6.24643586 20.24305028  4.25554202          NA
[253]          NA 22.24855310          NA 17.29387853          NA 22.98564787  1.52642241
[260]          NA          NA 10.81196303          NA          NA  0.93296526          NA
[267] 15.82318464          NA 24.79759537 21.56074182          NA  7.43407770          NA
[274]          NA 23.36909604  5.93514934 16.68830961          NA 19.38005016          NA
[281]          NA          NA          NA 15.24793189          NA 18.36272747  6.13612724
[288] 13.54518701          NA 11.16170046          NA          NA  1.53737244          NA
[295] 16.89948779          NA          NA          NA          NA          NA          NA
[302]  4.88086831          NA          NA  1.96816649  7.20733958 14.81879725          NA
[309]          NA          NA 16.14914626 15.93101853          NA  5.13596476          NA
[316]  0.43695906          NA          NA          NA          NA  0.08915276  0.68258140
[323]          NA          NA  7.68290695  2.83702474          NA          NA  9.37383505
[330] 11.19923594          NA          NA 10.06158432  5.58309739          NA          NA
[337]          NA          NA  1.65275194          NA          NA          NA 22.78091186
[344]          NA          NA          NA  8.10340145          NA          NA          NA
[351]  1.04221579          NA 10.63603765  2.08650163  5.00606076  3.86179635          NA
[358]          NA          NA          NA          NA          NA 16.85877504          NA
[365]  2.94069073  7.87208808  0.23386945          NA  2.43896783          NA          NA
[372]          NA          NA          NA  7.50453176          NA          NA          NA
[379]          NA          NA          NA          NA          NA  5.44883965  7.11884231
[386]  3.37087405          NA          NA 16.00729757          NA          NA  3.93031955
[393]          NA          NA 18.62013115          NA          NA          NA          NA
[400]          NA  1.33406923          NA          NA 16.38317178 12.75420723  4.31438351
[407]  3.11733809          NA          NA          NA          NA          NA          NA
[414]          NA          NA          NA          NA  9.47930375  7.23173616  1.48522310
[421]          NA          NA  1.97688316  9.60077413  2.41863646          NA          NA
[428]          NA          NA          NA          NA          NA  6.55078483  0.41666683
[435]          NA          NA          NA          NA          NA          NA          NA
[442]  4.56245899          NA          NA          NA          NA  2.83252089          NA
[449] 12.33483973  7.65587607          NA          NA  0.52187336 10.80048782          NA
[456]          NA          NA          NA          NA  5.34497973  9.26158304          NA
[463]  0.53659343  5.24448319  8.31379041          NA          NA          NA          NA
[470]          NA  7.05344174          NA          NA          NA          NA  1.07834713
[477]          NA          NA  4.76945535          NA  5.60487807          NA          NA
[484]          NA          NA          NA          NA          NA          NA          NA
[491]          NA          NA  5.71406828          NA  2.24682044          NA          NA
[498]  2.29936122          NA          NA          NA          NA          NA          NA
[505]          NA  9.86997609          NA          NA          NA          NA          NA
[512]          NA          NA  2.28925321  0.31780719  1.85728630          NA          NA
[519]          NA          NA          NA 12.39844335  0.09276599          NA          NA
[526]          NA          NA          NA          NA          NA          NA  6.90589656
[533]          NA          NA          NA          NA          NA          NA          NA
[540]  2.35074874  4.60993361          NA          NA          NA          NA          NA
[547]  8.13381392  5.95826633          NA          NA          NA          NA          NA
[554]          NA          NA          NA          NA          NA          NA          NA
[561]          NA          NA          NA          NA          NA          NA          NA
[568]          NA          NA  1.47321863          NA          NA          NA          NA
[575]  0.11307765          NA          NA          NA          NA          NA          NA
[582]          NA          NA  2.52937218          NA          NA          NA          NA
[589]          NA          NA          NA          NA  3.71615313          NA          NA
[596]          NA          NA          NA  1.63168450  7.73131004          NA          NA
[603]          NA  6.24041369  1.94555517          NA          NA          NA          NA
[610]          NA          NA          NA          NA          NA          NA          NA
[617]          NA          NA          NA  0.42977641          NA          NA          NA
[624]          NA          NA          NA          NA          NA          NA          NA
[631]          NA          NA          NA          NA          NA          NA          NA
[638]          NA          NA          NA          NA          NA          NA          NA
[645]          NA          NA  4.11553150          NA          NA  5.02775343          NA
[652]          NA          NA          NA          NA          NA          NA  0.02336631
[659]          NA          NA          NA          NA          NA          NA          NA
[666]          NA          NA          NA  1.81036867          NA  2.05612605          NA
[673]          NA          NA          NA          NA          NA          NA          NA
[680]          NA          NA          NA          NA          NA          NA          NA
[687]          NA  2.25265471          NA          NA          NA          NA          NA
[694]          NA          NA          NA          NA          NA          NA          NA
[701]          NA          NA          NA          NA          NA          NA          NA
[708]          NA          NA          NA          NA          NA          NA          NA
[715]          NA          NA          NA          NA          NA          NA          NA
[722]          NA          NA          NA          NA          NA          NA  1.17720111
[729]          NA          NA          NA          NA          NA          NA          NA
[736]          NA          NA  1.38299194          NA          NA          NA          NA
[743]          NA

$TS
  [1] 81.318081879 80.448056209 69.863304255 69.552023580 63.316300517 47.403694607 40.709474182
  [8] 35.300354578 35.200360456 34.121322028 58.656217185 40.109332865 67.719140946 63.105262798
 [15] 50.112569203 65.054568449 58.022927447 46.892976324 46.637688727 32.066512043 63.014795945
 [22] 61.677597344 56.982511195 54.272169896 44.584215113 39.472430680 25.814970682 52.739533146
 [29] 40.729455005 38.212271563 35.206794862 33.669765747 54.284917687 52.034751039 43.856534693
 [36] 39.995039199 33.638776732 22.239174560 10.975791501 55.902280673 47.632125479 45.447838360
 [43] 52.489268327 43.074134807 32.340462799 48.067108840 30.444367045 51.734166841 44.600672209
 [50] 43.522520518 23.813776674 15.302504872  4.176456559  3.445563471  3.368036497 54.519593991
 [57] 51.801812957 30.726038058 21.044122025 15.783907234 50.082571299 37.953515049 36.541900331
 [64] 16.546826712 14.784662747  6.543498216  5.498503604 48.290448213 31.006056430 50.212717932
 [71] 49.372735937 45.658329248 39.029891037 21.657775983 13.781982937 11.414452486 47.274328832
 [78] 34.994816649 34.428127221 26.043633651 20.978755532  2.412502273 37.462448237 32.345629671
 [85] 30.461227739 28.705536801 25.311914890 20.254553061 16.723166898 10.642561310  0.268312948
 [92] 29.077242223 47.116116591 46.338625837 42.133375176 39.674540041 36.150769690 16.394859484
 [99] 12.349538558 45.042000235 42.292426133 34.464107361 22.493156456 10.722437576 35.341287079
[106] 24.547417766 17.043930764 15.522813155 21.172997811  9.543759938  1.713175637 35.851970077
[113] 42.676439335 28.561138096 43.419767659 39.024005596 35.294381146 28.097444092  9.775916832
[120] 42.724626983 40.817024113 38.626335282 40.060827400 32.914116518 41.979754327 39.929688351
[127] 38.947882657 39.954139438 38.596147817 19.900621188 16.710984602  1.965997078  0.292207056
[134] 33.565679146 38.530339003 26.449178625 17.780335798 14.522221020 11.160316003  7.690913688
[141]  5.779293553  1.042810312 36.530297061 19.839307068  4.008234384 38.669448942 27.772822511
[148] 21.983703594 36.671147699 35.102500807 23.412194183 16.712452072 17.838246415  9.869219063
[155] 27.927917402 35.164872687 33.557496987 16.509127062 29.308629861 37.069051979 19.436515372
[162]  5.938957993 36.996970155 26.230522894 21.618094420 36.476678781 29.249528510  5.210235773
[169] 29.308862027 35.097824663 31.888498044 27.587836635 25.865666074 15.247001363  7.164489371
[176] 34.583971021 25.452749598 24.243564733 11.634457387  9.578109112  3.361063175 35.703632452
[183] 22.204419843 16.408818497  4.561401255 32.641336504 29.556361444 25.081907858 21.087381418
[190] 13.697956861 33.363169457 32.906459225 31.120539430 30.543690638 28.859020143 27.873702261
[197] 26.531346389 20.286259069 23.115977924  3.717686553  3.149448871 29.175788841 34.084934110
[204] 32.143685668 28.547735360 27.543843777 13.957180509  7.540394676  4.088878428 28.392985562
[211] 12.805437079 12.408669647 33.662557718 32.336367495 31.132654877 19.435591953 10.334964816
[218]  1.038416403 23.194616625 11.793881359 30.591997958 28.763471681 24.373243700 14.744959080
[225] 28.901829305  7.441792168  6.923948449  6.259106618  7.752317886  1.907078207 30.400481729
[232] 25.644858526 15.710542864 21.337061301 19.041062053 16.575497662 14.521676446 25.882602884
[239] 25.676803552 17.336031351 25.477387509 29.857016428 11.059179697 10.740518309 21.928157853
[246] 20.823051106 20.581283388 16.391750989 24.667370057 20.578612921 14.159906943 10.729201104
[253]  9.607195909 26.980372488  7.750674475 23.673922780 29.298219115 24.729884223 17.199731696
[260]  2.834229653  1.935997072 16.583366024  3.760923736  2.582188461 10.048131015 25.169105914
[267] 18.051135406  5.098102109 29.149933665 21.750303808  8.338085277 26.077507141 23.919924011
[274] 11.539735299 27.663572246 22.495882858 17.835572531  7.340681336 26.116446441 20.356786720
[281] 13.812981582  7.133339181 24.980950877 23.803054212 20.650335243 20.305810795 19.130337353
[288] 15.738435481 23.103719090 13.228350376 24.409418949 12.483683741  9.001544768  5.849147958
[295] 25.787895925 24.193296188  4.801833497  1.515473405  1.357506028 23.785801624 13.652318112
[302] 14.289664955  9.179038098  1.695332838 18.696294063 18.646048320 21.761447164 17.013612045
[309] 16.974597550 14.341402473 20.955433756 16.438319408 24.355205813 24.128196862 15.905474144
[316]  9.920792932  6.772011061  6.547973081 18.593189253 11.609882520 19.221390970 13.964142000
[323] 13.059194301  7.053115255 12.752686214 10.097853919  9.036461916  1.132285855 22.823090742
[330] 18.775589213 13.916071423 13.872280712 12.878714280  7.705462978  2.149610543 15.662315960
[337]  7.811153978 19.834124863  6.259603751 18.879365495 15.980189219  4.368922766 23.090766614
[344] 21.805952921 23.214201551 19.157463523 15.519941679  6.973337817  2.628012182 16.803476816
[351] 11.022042605  4.562689109 21.614160495  6.725653739 12.825200425  8.625023661 18.285275323
[358]  8.484704493 15.080466955 10.449215841  9.539203398  4.100534359 21.178730731 21.079903186
[365] 20.428498083  8.890213802  8.691368062  1.472334413 13.985111805  9.423349387  4.672327689
[372]  2.112194223 15.270832058 11.047646546 16.974383613 16.122395589 12.726369036 11.258015178
[379] 10.542853441 12.444419293  7.528468007  3.253304219 13.767609758  9.010694170 17.451628817
[386]  5.823864367  4.356619239  0.754088725 17.311787980 12.428733325  8.766173041  4.270554939
[393]  1.693096160  0.209145280 18.797750620 14.427522428  8.309136907  1.563382971  9.645490450
[400]  4.448559930  4.208429012  3.352738368  0.027714410 19.189057702 17.104913417 15.396192956
[407] 15.216504042 14.998948947  1.896051365 17.799953631 17.619663433  2.784349399 17.103075197
[414] 15.895823267 11.622561958  9.698707397 13.911674660 17.862687442  7.347151932  4.626831716
[421] 12.575653660  9.662445005 14.871283386 11.850469874 11.338496180  1.284226331 16.948183274
[428]  7.147075561  3.887001517 15.318721082  0.038164088 12.379500994 11.962852006 17.178438775
[435] 10.709344729  7.339312573 14.840401844 14.956061417 15.040624181 12.462660798 16.668273413
[442] 11.286727075  1.975140076  9.881123343  6.022985132 14.355466704  7.444161599  6.912305272
[449] 16.524491558 13.290200802  8.169364427 11.912945040 14.181121132 13.579053711  3.779140263
[456]  2.925978730 14.763045706 12.010319014 16.287510720 10.804437193 12.906976991  5.060558614
[463]  8.574458143  8.168268063 13.304707314  9.797408634  1.195912351 14.727856035  5.598488313
[470]  0.489878367 15.167262138  7.960454546  3.823931363  1.998290318  5.900382920 11.575776643
[477]  8.763141034  7.428013740  6.633360393  8.557694118 15.264093905  5.308280734  4.076156762
[484] 11.186597412 15.155962728  0.041230735 13.315031235  6.230542361 11.072635747  6.219575409
[491]  2.974115758  4.007978230 14.442874754  7.106979352  6.358366581  1.115929615 14.581423337
[498]  4.428336314 14.155674984  5.088406492 12.365629007  0.804617456 10.832186140 10.424549423
[505]  2.366434943 14.361824496  7.280463513  2.454737288 12.888983673  3.388276546  0.782181833
[512] 14.070145848 13.599438996 14.103868182  7.278252060 12.839290423  5.020039022  4.140008019
[519] 11.969611686  1.254213242  6.949949431 13.082368366 11.553332189 10.957251890  1.451567671
[526]  5.495495000 10.957118550  1.497295888  0.846895172 10.375853342 12.972541316  9.261542758
[533]  6.751635657  6.221862451 10.099037175  4.009753477  5.937442719 10.456669609  6.157630430
[540] 10.327748168  5.038167498  3.193166844  7.205466344  2.119830423 11.039853364 10.782055035
[547]  9.067251081  8.562644293  3.535575707  3.006434798  0.248816756  7.871247350 11.684329119
[554]  7.663919018  0.022711792  7.350629549  7.221811913  3.335391921  0.490869213  4.649871762
[561]  7.206950336  8.378481602  9.280925393  4.559492321 10.932774569  9.393032283  7.754930525
[568]  2.199472243  1.890561236  2.908130779  5.282128708  4.036800657  2.715722105 10.206700783
[575]  6.925863836  7.595947031  4.061896565  4.693434398  1.763193713  0.481849884  3.860690147
[582]  0.989990402  2.410103420  3.552923409  2.889257695  8.443287713  7.402462256  0.292522867
[589] 10.039146080  6.628679263  5.115178099 10.495100460  9.751700190  8.526280984  5.905107843
[596]  0.209256751  6.972249573  9.564747108  2.118302371  9.983329425  1.298447332  4.541830087
[603]  7.545250974  6.300301484  7.991088390  6.248243742  1.092057518  8.244145622  5.558678128
[610]  5.307411237  5.551875128  3.721507419  6.965789118  5.221259378  0.320425544  2.818120812
[617]  0.349954689  4.381252312  0.938033670  7.450175448  1.564529328  2.453954460  5.425715521
[624]  4.460514966  2.001015273  8.583201533  7.679377505  3.621268112  0.735551903  5.160867654
[631]  4.848170993  2.494041621  2.631498590  0.060350662  7.621396062  3.313217930  2.441406920
[638]  5.182510627  5.765006150  1.885554443  0.196814445  1.215672964  2.580397762  0.083758854
[645]  1.975646494  4.213951018  5.851009176  3.625855573  1.764867340  5.949028892  6.632742266
[652]  3.893880090  3.475748077  1.981419347  5.501671027  1.892605032  1.046179299  2.244943616
[659]  5.453020712  0.124514178  6.563554619  3.045484591  5.854031444  6.483133318  0.696039730
[666]  0.130083635  3.455021972  4.483901555  3.844969575  6.198993953  4.528266299  3.825767735
[673]  2.179904641  3.689297040  4.321954364  1.958915360  1.865937172  3.570633676  2.973880827
[680]  4.741604780  2.366136504  0.574551698  3.256511915  3.211592416  4.831425937  3.151225812
[687]  5.088167507  3.920255746  0.330071828  0.302657999  0.183990078  2.586473880  2.489709875
[694]  3.494165048  3.579455205  3.565162515  3.113156111  0.314523575  2.915822054  2.690829481
[701]  1.975123747  3.141824391  0.766151731  0.141760261  3.472493738  3.463297612  3.229811056
[708]  2.690795042  3.535959272  3.133940595  1.676758850  1.268100730  1.057460239  3.199296465
[715]  0.798629350  2.220507344  0.001912444  0.624548745  1.002783724  0.323274116  2.208061738
[722]  0.976783958  1.098034570  0.450141045  0.949489025  1.447883004  2.577147749  1.220472600
[729]  0.548872475  2.444426028  1.251652685  2.445589803  1.900057039  0.055305876  1.126576158
[736]  1.874770994  0.522748848  1.678296358  1.521387653  0.780691642  1.022212460  0.314659713
[743]  0.788670009

$PAR
  [1]  NA   1   1   2   2   2   2   2   2   2   3   3   4   4   4  13  13  13  13  13  16  16  16
 [24]  16  16  16  16   5   5   5   5   5  14  14  14  14  14  14  14  21  22  22  11  11  11  17
 [47]  17  23  23  23  23  23  23  23  23  40  56  56  56  56  43  43  43  43  43  43  43  57  57
 [70]  48  48  48  48  48  48  48  70  70  70  70  70  70  61  61  61  61  61  61  61  61  61  46
 [93]  41  41  41   6   6   6   6  77  93  93  93  93  18  18  18  18  94  94  94  72 100 100  49
[116]  49  49  49  49  35  50  50 120 120 113  95  95 125 125 125 125 125 125 121  29  29  29  29
[139]  29  29  29  29   7   7   7  12  12  12 123 123 123 123  36 128 126  96  96  96  26 146 146
[162] 146 122 129 129  62  62  83 160 163 163 163 163 163 163  63 143 143 143 143 143 166 166 166
[185] 166  97  97  97  97  97 182   8   8   8   8   8   8   8 117 117 117  31 170  78  78  78  78
[208]  78  78 176 176 176 102 102 102 102  10  10 203 203  32  32  32  32 213 213 213 213  37  37
[231] 191 124 124 192 192 192 192 186 186 186  45 214 214 214 204 204 204 204 215 215 215 215 215
[254] 193 193  69 194 194 194 194 194  47  47  47 231 169 159 159 257 257 257 167 167 167 202 195
[277] 195 195  86  86  86  86 114 114 205 210 210 118 155 147 275 172 172 172 206 206 206 206 206
[300] 197 197 272 173 173  27  27 239 232 241 241 177 177  87  87  87  87  87  87 266 266 283 283
[323] 249 249 106 291 291 291 223 313 313 313 313 313 313 296 314 273 273  51  51  51 284 284 300
[346] 300 300 300 300 151 151 151 345 276 183 183 148 148 245 245 245 245 344 344 344 344 344 344
[369]  74  74 165 364  59  59 246 246 246 246 246 285 285 247 365 280 198 198 198 198 130 130 130
[392] 130 130 130 144 144 144 144 338 338 338 338 338 161 161 161 161 161 161 216 404 346 287 287
[415] 287 287 235 340 340 340 305 306 319 319 418 153 277 410 410 137 137 385 385 259 434 413 308
[438] 309 375 375 427 427 427 350 350  89  89  89 152 152 152 441 262  64  64  64 158 158 184 184
[461]  98  98 248 248 459 459 459 376 376 341 315 315 315 315 414 336 336 336 336 108 347 406 430
[484] 373 174 174 407 407 485 485 485 359 439 439 439 439 438 438 423 423 457 457 224 224 224 497
[507] 497 497 396 396 396 506 446 302 302 514 514 514 512 512 369 207 331 331 331 332 281 281 281
[530] 383 190 190 190 190 301 301 513 487 487 450 323 323 531 531 333 325 325 377 421 421 421 440
[553] 380 380 390 212 212 212 212 432 501 458 519 519 452 452 452 452 220 415 320 476 523 274 425
[576] 484 484 139 139 139 243 243 545 351 565 503 244 244 252 104 104 435 435 435 435 435 538 360
[599] 530 574 574 535 265 265 589 466 466 593 593 593 416 399 253 253 180 598 598 110 110 361 361
[622] 566 303 327 327 391 391 477 477 356 356 626 463 358 562 271 271 397 605 552 337 140 576 576
[645] 381 226 587 557 557 561 428 597 597 597 613 521 521 575 227 448 317 533 651 661 318 318  66
[668] 664 495 488 595 595 595 294 609 609 609 611 655 610 610 571 614 614 630 630 591 591 268 268
[691] 687 517 685 560 185 564 602 668 624 342 675 209 209 209 577 572 572 536 145 581 695 678 549
[714] 694 694 706  55 181 558 636 707 684 714 714 702 679 570 616 412 573 573 633 692 632 568 474
[737] 474 677 711 368 642 657 529

$EXTANT
  [1] FALSE FALSE FALSE FALSE FALSE  TRUE  TRUE FALSE  TRUE  TRUE FALSE FALSE FALSE FALSE FALSE
 [16] FALSE FALSE FALSE FALSE FALSE FALSE FALSE  TRUE FALSE FALSE FALSE  TRUE FALSE  TRUE FALSE
 [31] FALSE  TRUE FALSE FALSE FALSE FALSE  TRUE FALSE FALSE FALSE FALSE FALSE  TRUE FALSE FALSE
 [46] FALSE  TRUE FALSE  TRUE  TRUE  TRUE  TRUE  TRUE  TRUE  TRUE FALSE FALSE FALSE FALSE FALSE
 [61]  TRUE FALSE FALSE  TRUE  TRUE FALSE  TRUE FALSE  TRUE  TRUE FALSE FALSE FALSE  TRUE  TRUE
 [76] FALSE FALSE  TRUE FALSE FALSE FALSE  TRUE  TRUE FALSE FALSE  TRUE  TRUE  TRUE FALSE  TRUE
 [91]  TRUE FALSE FALSE  TRUE FALSE FALSE  TRUE FALSE  TRUE FALSE FALSE  TRUE FALSE  TRUE FALSE
[106]  TRUE  TRUE FALSE  TRUE  TRUE  TRUE FALSE FALSE FALSE FALSE FALSE  TRUE  TRUE FALSE FALSE
[121] FALSE FALSE FALSE  TRUE  TRUE FALSE FALSE  TRUE FALSE  TRUE  TRUE  TRUE  TRUE FALSE FALSE
[136]  TRUE  TRUE FALSE  TRUE  TRUE  TRUE  TRUE  TRUE  TRUE  TRUE  TRUE  TRUE  TRUE FALSE FALSE
[151]  TRUE FALSE  TRUE  TRUE  TRUE FALSE FALSE  TRUE  TRUE FALSE  TRUE  TRUE  TRUE FALSE  TRUE
[166]  TRUE  TRUE FALSE FALSE  TRUE FALSE  TRUE  TRUE  TRUE  TRUE FALSE FALSE FALSE  TRUE  TRUE
[181]  TRUE FALSE FALSE FALSE  TRUE  TRUE  TRUE FALSE  TRUE FALSE FALSE  TRUE  TRUE  TRUE  TRUE
[196] FALSE FALSE  TRUE  TRUE  TRUE  TRUE FALSE FALSE  TRUE  TRUE  TRUE  TRUE FALSE  TRUE  TRUE
[211] FALSE  TRUE  TRUE FALSE  TRUE  TRUE  TRUE  TRUE FALSE  TRUE FALSE FALSE FALSE  TRUE FALSE
[226]  TRUE FALSE  TRUE  TRUE  TRUE  TRUE FALSE FALSE FALSE FALSE FALSE  TRUE FALSE FALSE  TRUE
[241]  TRUE FALSE  TRUE  TRUE  TRUE  TRUE FALSE  TRUE FALSE FALSE FALSE  TRUE  TRUE FALSE  TRUE
[256] FALSE  TRUE FALSE FALSE  TRUE  TRUE FALSE  TRUE  TRUE FALSE  TRUE FALSE  TRUE FALSE FALSE
[271]  TRUE FALSE  TRUE  TRUE FALSE FALSE FALSE  TRUE FALSE  TRUE  TRUE  TRUE  TRUE FALSE  TRUE
[286] FALSE FALSE FALSE  TRUE FALSE  TRUE  TRUE FALSE  TRUE FALSE  TRUE  TRUE  TRUE  TRUE  TRUE
[301]  TRUE FALSE  TRUE  TRUE FALSE FALSE FALSE  TRUE  TRUE  TRUE FALSE FALSE  TRUE FALSE  TRUE
[316] FALSE  TRUE  TRUE  TRUE  TRUE FALSE FALSE  TRUE  TRUE FALSE FALSE  TRUE  TRUE FALSE FALSE
[331]  TRUE  TRUE FALSE FALSE  TRUE  TRUE  TRUE  TRUE FALSE  TRUE  TRUE  TRUE FALSE  TRUE  TRUE
[346]  TRUE FALSE  TRUE  TRUE  TRUE FALSE  TRUE FALSE FALSE FALSE FALSE  TRUE  TRUE  TRUE  TRUE
[361]  TRUE  TRUE FALSE  TRUE FALSE FALSE FALSE  TRUE FALSE  TRUE  TRUE  TRUE  TRUE  TRUE FALSE
[376]  TRUE  TRUE  TRUE  TRUE  TRUE  TRUE  TRUE  TRUE FALSE FALSE FALSE  TRUE  TRUE FALSE  TRUE
[391]  TRUE FALSE  TRUE  TRUE FALSE  TRUE  TRUE  TRUE  TRUE  TRUE FALSE  TRUE  TRUE FALSE FALSE
[406] FALSE FALSE  TRUE  TRUE  TRUE  TRUE  TRUE  TRUE  TRUE  TRUE  TRUE  TRUE FALSE FALSE FALSE
[421]  TRUE  TRUE FALSE FALSE FALSE  TRUE  TRUE  TRUE  TRUE  TRUE  TRUE  TRUE FALSE FALSE  TRUE
[436]  TRUE  TRUE  TRUE  TRUE  TRUE  TRUE FALSE  TRUE  TRUE  TRUE  TRUE FALSE  TRUE FALSE FALSE
[451]  TRUE  TRUE FALSE FALSE  TRUE  TRUE  TRUE  TRUE  TRUE FALSE FALSE  TRUE FALSE FALSE FALSE
[466]  TRUE  TRUE  TRUE  TRUE  TRUE FALSE  TRUE  TRUE  TRUE  TRUE FALSE  TRUE  TRUE FALSE  TRUE
[481] FALSE  TRUE  TRUE  TRUE  TRUE  TRUE  TRUE  TRUE  TRUE  TRUE  TRUE  TRUE FALSE  TRUE FALSE
[496]  TRUE  TRUE FALSE  TRUE  TRUE  TRUE  TRUE  TRUE  TRUE  TRUE FALSE  TRUE  TRUE  TRUE  TRUE
[511]  TRUE  TRUE  TRUE FALSE FALSE FALSE  TRUE  TRUE  TRUE  TRUE  TRUE FALSE FALSE  TRUE  TRUE
[526]  TRUE  TRUE  TRUE  TRUE  TRUE  TRUE FALSE  TRUE  TRUE  TRUE  TRUE  TRUE  TRUE  TRUE FALSE
[541] FALSE  TRUE  TRUE  TRUE  TRUE  TRUE FALSE FALSE  TRUE  TRUE  TRUE  TRUE  TRUE  TRUE  TRUE
[556]  TRUE  TRUE  TRUE  TRUE  TRUE  TRUE  TRUE  TRUE  TRUE  TRUE  TRUE  TRUE  TRUE  TRUE FALSE
[571]  TRUE  TRUE  TRUE  TRUE FALSE  TRUE  TRUE  TRUE  TRUE  TRUE  TRUE  TRUE  TRUE FALSE  TRUE
[586]  TRUE  TRUE  TRUE  TRUE  TRUE  TRUE  TRUE FALSE  TRUE  TRUE  TRUE  TRUE  TRUE FALSE FALSE
[601]  TRUE  TRUE  TRUE FALSE FALSE  TRUE  TRUE  TRUE  TRUE  TRUE  TRUE  TRUE  TRUE  TRUE  TRUE
[616]  TRUE  TRUE  TRUE  TRUE FALSE  TRUE  TRUE  TRUE  TRUE  TRUE  TRUE  TRUE  TRUE  TRUE  TRUE
[631]  TRUE  TRUE  TRUE  TRUE  TRUE  TRUE  TRUE  TRUE  TRUE  TRUE  TRUE  TRUE  TRUE  TRUE  TRUE
[646]  TRUE FALSE  TRUE  TRUE FALSE  TRUE  TRUE  TRUE  TRUE  TRUE  TRUE  TRUE FALSE  TRUE  TRUE
[661]  TRUE  TRUE  TRUE  TRUE  TRUE  TRUE  TRUE  TRUE FALSE  TRUE FALSE  TRUE  TRUE  TRUE  TRUE
[676]  TRUE  TRUE  TRUE  TRUE  TRUE  TRUE  TRUE  TRUE  TRUE  TRUE  TRUE  TRUE FALSE  TRUE  TRUE
[691]  TRUE  TRUE  TRUE  TRUE  TRUE  TRUE  TRUE  TRUE  TRUE  TRUE  TRUE  TRUE  TRUE  TRUE  TRUE
[706]  TRUE  TRUE  TRUE  TRUE  TRUE  TRUE  TRUE  TRUE  TRUE  TRUE  TRUE  TRUE  TRUE  TRUE  TRUE
[721]  TRUE  TRUE  TRUE  TRUE  TRUE  TRUE  TRUE FALSE  TRUE  TRUE  TRUE  TRUE  TRUE  TRUE  TRUE
[736]  TRUE  TRUE FALSE  TRUE  TRUE  TRUE  TRUE  TRUE

