
Birth-death simulation object with 686 species and 500 extant species

Details for some species:

Extinction times (NA means extant)
[1] 98.60887 79.43031 86.90069 76.81410 67.45876 73.84252


Speciation times 
[1] 113.31622 102.14040  99.12084  87.54365  85.18843  81.83818


Species parents (NA for initial)
[1] NA  1  2  2  2  4


Species status (extinct or extant)
[1] "extinct" "extinct" "extinct" "extinct" "extinct" "extinct"


For more details on vector y, try sim$y, with y one of
TE TS PAR EXTANT



$TE
  [1] 98.6088659 79.4303097 86.9006929 76.8141025 67.4587645 73.8425225 79.6409678 69.4767658
  [9] 15.3865344 58.4684700 30.7879482 75.2277469  6.3065958 61.6441828 57.6976552  2.8732386
 [17]         NA 39.1683907         NA 12.6526141  0.2956899         NA         NA 27.2348287
 [25] 59.9865497         NA 45.5290107 21.3551898         NA 44.7056861 27.3070290 23.2186799
 [33]         NA         NA         NA 32.0291949 32.5060628 23.5125181 26.4377776  5.4296370
 [41] 14.3165250  8.8696642  0.8938821 31.7616370         NA         NA 39.9646149 24.7323685
 [49]  0.6983458         NA         NA         NA 42.2593287         NA         NA         NA
 [57]         NA 28.9656664  9.6520937         NA         NA  5.4560233         NA  9.5760397
 [65]         NA 25.5076145         NA         NA 18.3288684         NA         NA         NA
 [73]         NA 19.9261613         NA  8.5627994         NA         NA 24.1392909         NA
 [81]         NA  9.3759008         NA         NA         NA 11.6032324 14.3646975  1.9577386
 [89]         NA 21.6599688         NA         NA         NA  0.8797384         NA 26.6848775
 [97]         NA  7.9973054 22.6810500         NA         NA         NA  3.7765259  9.3771625
[105] 24.1636778         NA         NA         NA 33.1823508         NA         NA         NA
[113]         NA         NA         NA  1.8467511         NA  8.1395984         NA         NA
[121]  4.6810691  5.7029203  9.6443882         NA 19.2967804         NA  4.2387596         NA
[129]         NA  4.9283765         NA         NA         NA         NA         NA         NA
[137] 18.8252253  9.8860886         NA         NA 15.1996138  1.8988292 12.1466628         NA
[145]         NA         NA         NA         NA  4.6869061         NA  8.4622158         NA
[153]  0.4168440  0.4096938 21.2585282         NA 12.5171423 12.7656533  0.4193706         NA
[161]         NA  5.0235027         NA         NA         NA         NA         NA         NA
[169]         NA         NA         NA         NA         NA         NA  2.1196341         NA
[177] 11.7604796         NA         NA  6.5953374         NA         NA         NA         NA
[185]         NA 15.7473283         NA         NA         NA         NA         NA  4.0755566
[193] 20.3978183 23.4169819         NA         NA 11.4029708         NA         NA 13.1165413
[201]         NA 11.9396551         NA         NA         NA  2.6164732         NA 15.6477964
[209]         NA         NA  8.5864864  9.7399040         NA         NA 22.2256883 12.3710036
[217] 14.0677153         NA  2.4942459  3.6563413  4.4521544         NA         NA         NA
[225]         NA 18.2712762         NA         NA         NA         NA 12.0630109         NA
[233]         NA 11.5707367         NA         NA         NA         NA         NA  1.0024391
[241]         NA         NA         NA         NA  2.7829912  9.5970866         NA         NA
[249]         NA 13.9809183         NA         NA         NA  8.5065923  4.5959666         NA
[257]         NA         NA         NA         NA         NA         NA  1.5246905         NA
[265]         NA  6.3248257 16.2592415 19.3684565         NA         NA         NA         NA
[273]         NA  1.4651288         NA  2.2424178         NA  3.9127999         NA         NA
[281] 11.8671467         NA         NA 12.4563734         NA 13.1968975  6.1556233 11.4601967
[289]         NA         NA         NA         NA         NA         NA  1.3669498 12.8032114
[297]  7.9857446         NA         NA         NA  5.4787623         NA         NA         NA
[305] 17.1078190  8.1554298         NA         NA         NA         NA  8.8383165         NA
[313]         NA         NA         NA         NA         NA 12.6899647 13.7783222         NA
[321]         NA  3.9210286         NA         NA         NA         NA         NA         NA
[329]         NA         NA         NA         NA  5.3350095         NA         NA         NA
[337]         NA         NA  8.1178676         NA         NA         NA         NA         NA
[345]  6.3405509         NA         NA         NA         NA         NA         NA  8.0013636
[353]         NA         NA         NA         NA         NA  6.2877986 13.4459191         NA
[361]         NA         NA         NA  7.1802921         NA         NA         NA         NA
[369]         NA         NA  4.1390852         NA         NA         NA         NA         NA
[377]         NA         NA  5.1573647         NA         NA         NA         NA         NA
[385]         NA         NA         NA         NA         NA         NA         NA         NA
[393]         NA         NA         NA         NA         NA         NA  1.2613367         NA
[401]         NA         NA         NA         NA  7.4751710         NA         NA         NA
[409]         NA         NA 10.9191520         NA         NA  4.5796473         NA  2.5293785
[417]         NA         NA         NA  2.3741179         NA  7.2703225 10.8677958         NA
[425]  4.8267523  3.3315682         NA         NA  7.7245889         NA         NA         NA
[433] 11.9072997  5.2028932         NA  2.6909327         NA  1.1950519 12.2414795         NA
[441]         NA  0.7507715         NA         NA  4.2358228         NA  2.5231027         NA
[449]         NA         NA  0.8179519         NA         NA  2.7098497  9.7612873         NA
[457]  6.9018236         NA         NA         NA 10.5466583         NA         NA         NA
[465]         NA         NA         NA         NA         NA         NA         NA         NA
[473]         NA         NA         NA         NA         NA         NA         NA         NA
[481]         NA         NA  4.2379635         NA         NA         NA         NA         NA
[489]  4.0744667         NA         NA         NA         NA         NA  3.9152003         NA
[497]         NA         NA         NA         NA         NA         NA         NA         NA
[505]  1.5844566         NA  2.1053988         NA         NA         NA         NA         NA
[513]         NA         NA         NA         NA         NA         NA         NA         NA
[521]         NA         NA         NA         NA         NA         NA         NA         NA
[529]         NA         NA         NA         NA         NA  3.8300451  1.7669323         NA
[537]         NA         NA         NA         NA         NA         NA         NA         NA
[545]         NA         NA         NA         NA         NA         NA         NA  1.0229432
[553]         NA         NA         NA         NA         NA         NA         NA         NA
[561]         NA         NA  2.1838179         NA         NA  3.8640279         NA         NA
[569]         NA         NA         NA         NA         NA         NA         NA         NA
[577]         NA         NA         NA         NA         NA         NA         NA         NA
[585]         NA         NA  4.6907672         NA         NA         NA         NA         NA
[593]         NA         NA  6.1711359         NA         NA         NA         NA         NA
[601]         NA         NA         NA         NA         NA         NA         NA         NA
[609]         NA         NA         NA         NA  0.4758863         NA         NA         NA
[617]         NA         NA         NA  2.9591508         NA         NA  3.3988034         NA
[625]         NA         NA  1.0690758         NA         NA         NA         NA         NA
[633]         NA         NA         NA         NA  3.9836864         NA         NA         NA
[641]         NA         NA         NA         NA         NA         NA         NA         NA
[649]         NA         NA         NA         NA         NA         NA         NA         NA
[657]         NA         NA         NA         NA         NA         NA         NA         NA
[665]  0.7188544         NA         NA         NA         NA         NA         NA         NA
[673]         NA         NA         NA         NA         NA         NA         NA         NA
[681]         NA         NA         NA  0.8500520         NA         NA

$TS
  [1] 113.31622085 102.14039657  99.12084359  87.54364553  85.18843090  81.83818431  84.86286685
  [8]  80.91275556  76.47628108  73.52355166  67.64073153  76.18410003  74.07752602  62.83218694
 [15]  60.59228120  49.03823861  45.82284055  42.89580330  34.55447964  27.56080682  23.13097012
 [22]  44.37947615  41.44889953  37.86734258  66.05327497  60.10511623  46.49007449  40.01150386
 [29]  35.26861786  58.86476618  57.86479607  51.21215103  38.05725140  31.63660147  16.22412466
 [36]  55.51657016  47.65334270  52.58839755  41.57412869  31.64122728  40.22690572  34.99346482
 [43]  34.02496463  33.88080443  26.19398738  47.11648773  46.08923505  32.07589784  28.89966115
 [50]  17.02906126  11.89238436  10.82120166  44.34037171  43.86767997   9.88291259  45.07584778
 [57]  44.15147997  29.40592515  29.19655119  10.24031538   1.80509340  18.10295753  15.33157005
 [64]  13.14939522   2.82882343  41.88126152  39.17195372  32.39059131  28.21273753  18.90528490
 [71]  18.39922713  13.89430262   3.06077806  30.15966174  26.96517357  15.63457977   4.28372989
 [78]   4.15111189  36.01352893  35.31660811  38.04060264  23.87056956  17.88387328  13.99970776
 [85]   1.68132047  36.31791019  32.34025101  19.60778131  18.20354937  22.71634066  33.85713068
 [92]  21.60158727   9.47573497   7.41236947   0.55378596  31.53264741  28.22941971  25.56584608
 [99]  25.55657317  12.66486611  10.51661251   8.08400281  28.19350238  27.88638829  26.66851157
[106]  19.94299031  18.80826140  17.72847927  33.92360363  18.51949126  15.22049553   5.15225757
[113]  33.48236779  31.37234068   8.39151510  22.44602102  33.63109369  24.32541407  10.45235519
[120]  31.71614801  15.75603593  14.74135421  13.19811706   8.13080409  19.32021034  17.08465290
[127]  12.71209362   6.18089270  12.26253284   9.69563314   6.58576734   5.54469229   5.09482780
[134]   3.49556056   2.38433869  27.66794651  25.51869141  14.19904400  11.42933331   7.63523514
[141]  28.85903700  28.40412019  19.35640018   6.19678847  30.83348886  26.62426349  22.13267008
[148]  25.45131633  19.00211859  11.00154733   8.93591585   6.38914421   5.65319371   3.42758267
[155]  30.10124587  24.36048256  23.67178723  22.59321022  19.38040138  19.22071418   7.72767975
[162]  27.13322171  20.08720198  19.84185730  15.02300030   1.46549403  22.83443754  28.38820691
[169]  28.20047109  28.19844854  17.32308449  15.90015148  26.87639488  13.27871240   6.03070957
[176]  21.52475247  15.98987702  15.86752081  26.16288922  23.49385612  15.02298763  14.68232040
[183]  13.86810026   3.24799494  26.65161194  17.79187205  13.82724439  10.69500180  14.53169874
[190]  11.80173601   3.24043874  11.44669115  26.40055482  25.03360151  19.31661395  12.26258076
[197]  15.88607002  10.72119122  18.95807073  15.93171781  12.37864626  16.86725270  16.67010016
[204]  20.93746758   8.97145947   7.65097817   4.48170433  22.30611567  26.39157179  17.34545202
[211]  13.81932152  13.36881953  18.95845217   9.49315717  25.25008823  22.08744768  20.74729337
[218]   9.51611905   7.14274245   6.14303257  20.78203159   2.88019231  21.86955375  21.25904011
[225]  20.15680770  18.36933164  14.12035666  23.03609022   8.72582430  24.80084700  23.14845383
[232]  24.19660391  20.81133381  19.99076967   3.40999566   1.81537184   7.88792538   5.33458059
[239]   0.38147306  10.55579414  20.35986486  19.13500984  18.82101047   3.83162837  23.01407281
[246]  21.71547374  18.59994311  11.92038704  10.22961919  18.69243881  15.66282973  14.78221656
[253]  16.37091352  14.69535076  19.69291788  18.12779258  14.72146629   3.45217056  22.41342775
[260]  15.23829987  14.33589432  12.79193305   9.26824346   5.34682932   2.52953533  20.82905997
[267]  17.91936208  20.84915534  17.41730000  18.87846359  13.44389829  13.11826347  11.16661997
[274]  16.79860264  14.29051859   9.80291812  11.08692112   4.06599634   4.56402625  20.65259931
[281]  20.57789322  19.49840180  15.28171698  13.12675512  20.70754471  15.00540301  19.57266791
[288]  13.94554920  12.26100208   9.47295199   7.81735526  20.25899225   5.26783514   4.50935554
[295]   2.26424191  16.21842740  13.10814741  12.03353717   1.84557031   8.60616795  16.92711403
[302]  11.41612125   0.88334567  11.60091468  17.98867885  14.91982305  13.56126829   8.76383871
[309]  18.11862011  12.92858285  12.72483891   8.52815216   5.29125965  17.04087776  13.20161068
[316]  12.65441669  11.93725345  18.64059958  14.90876419  13.64113643  12.28303683   6.09732106
[323]   1.12444330   0.72604657   2.76500991  12.78254328   6.02553410  11.88691021   9.09015460
[330]   5.63771593   5.63681240  18.19696641  14.08341050   5.54984038  15.70656609   5.47383289
[337]  18.56860421  13.36242041  14.25758106   7.96115086   5.61734859   5.26153528   2.24023322
[344]  17.90051149  15.32555785   8.21276279   7.62253940  16.27825647   4.94054369   6.20999115
[351]   4.83867961  11.61251948   9.36559703   7.90660593   2.71879226  11.54994376  10.73980392
[358]   7.16836257  16.02629831  17.84922399   5.01201060  10.03040283  11.05735022   9.33968454
[365]  16.79403390   8.46619090   0.28774398  16.62168718  12.40253783   7.53489234   5.53164823
[372]  11.83726509  10.75511751  16.47153748  16.06057236  14.18501334  11.54729186  10.95730055
[379]  14.38017282  14.12613192   7.70375591   3.43896400   9.19239470   1.49132012   0.19750971
[386]   5.56010695   8.39173351   7.65576539   6.23689642  10.56419251   7.10339977   1.19857385
[393]   3.45368347   0.91266321  15.25322224   7.68452910   7.04702284   3.38809788   1.68010172
[400]  12.50051184  11.14870886   2.28593652  12.74455204   7.04787270  14.40537126  12.38792845
[407]   9.95079208   9.73923976   5.56259443   0.23079796  11.24564720   3.13608356   0.68949754
[414]  10.66397915  15.10911204   7.02378768  13.95057123   8.19720044   7.48058483  11.03711054
[421]   6.91653383   9.78594044  12.51575443  13.63120365  13.62401894   9.94822906   0.17515687
[428]   9.08180209  11.65171894  10.33036984   2.39572916   4.66028343  13.72392553   8.80189872
[435]  14.14559218  12.69014175  13.05467633   8.91379857  13.66538375   7.76283248   4.56640045
[442]   0.91478260  10.14419141   6.53134047   5.22045588  11.02992102  11.24855671  12.58142582
[449]   8.76348506   1.02994517   6.59893831  11.80261035   7.85876947   5.93795076  10.33312253
[456]   5.69087016   9.87392311  10.84566458   7.21968474   2.65752499  12.06372893  10.71566952
[463]   2.04268436   7.02471063   3.41971735   1.13115301  10.21941947  10.12900359  10.58406485
[470]   8.11201445   4.93350972   8.32046547   4.96303534   2.86580768  10.96126139  11.96217305
[477]   7.58343259   3.96940099   2.90063464   2.66274299   0.73545624   9.08644208   8.08368864
[484]   6.92407692  10.05948590   8.45906692   7.79069346  11.77302044   6.03657603   0.46463151
[491]   2.83355100   4.96260757  10.71817286   5.58413902   6.21609819   7.05544620   5.92532916
[498]   7.09868187   6.63089839   5.16114211   2.16834858   8.42768728  10.14166331   9.76003455
[505]   9.95129382   9.12024377   7.27999796   2.02631318   1.05107063   0.44681987   0.95580335
[512]   3.02634978   7.34928004   1.89363990   0.84866328  10.49148130   3.55767615   1.33152359
[519]   4.37799340   3.43435225   8.86023552   8.22111844   5.00156953   0.04856625   1.50333809
[526]   1.90047137   1.40467181   2.06847471   4.59554827   0.66925701   3.26401232   3.74147772
[533]   3.44360011   8.21289350   9.50075287   3.83513516   9.46362904   7.63172168   1.30985354
[540]   9.67899226   7.89803443   7.89300394   7.70418172   4.11642565   0.39551584   0.05819302
[547]   1.59505450   2.04640836   8.43215341   0.66969712   1.67181419   7.17374391   5.69815122
[554]   2.39171989   2.82210306   2.22035361   0.90663873   4.60487295   2.60759049   1.93363873
[561]   7.24104642   7.20933514   6.73278559   6.47545658   3.48402125   4.41736957   3.29421113
[568]   0.26577766   7.74791240   2.80189826   1.84797218   6.75320519   3.12915607   1.21284233
[575]   5.52374115   8.27262063   8.17248224   2.47815964   8.18687481   5.59523863   2.81094897
[582]   5.21022418   4.65022466   4.87679101   6.64451776   3.66793287   6.69927656   4.45011348
[589]   2.80899122   0.90396928   6.94046611   6.76608733   6.52471469   0.89388962   7.32906502
[596]   2.90508028   2.36409715   0.88581774   1.43562264   6.93516070   5.60411829   3.08788934
[603]   6.40714887   6.14521142   4.83647335   2.98890338   0.46316871   0.18100954   1.19196815
[610]   5.36213855   2.64815646   1.95630517   1.54074014   1.47148576   2.36479123   6.14064273
[617]   2.85826395   4.61914669   4.62745165   3.59588397   5.87363609   3.91985402   4.36722458
[624]   4.10668263   5.14847755   4.46144663   3.07009693   2.29376607   1.92703444   3.13519562
[631]   1.32069077   4.39934170   3.93213120   4.29432305   4.59759276   2.56457992   4.06130090
[638]   4.57090593   1.98071921   0.62181092   2.52220239   3.32280504   1.85887103   2.05283302
[645]   3.37765422   3.00918611   1.06216844   1.07270463   0.75887963   2.80439335   1.95475514
[652]   1.41630910   0.25795077   2.62135455   2.92725600   2.70125075   1.61908073   1.52861004
[659]   0.48447536   1.81776338   1.52552281   2.43048296   2.24830609   2.12138474   1.56349497
[666]   2.09054473   0.74371557   2.45469375   1.42877802   0.57093325   0.74994838   0.51627361
[673]   0.56277902   1.45528350   0.49352988   1.57712059   1.71815862   0.31163295   0.37524645
[680]   1.15565847   0.42220541   1.16022481   0.42998660   0.99959230   0.01010446   0.59974112

$PAR
  [1]  NA   1   2   2   2   4   5   5   5   5   5   6   8   9   9   9   9   9   9   9   9  13  13
 [24]  13  10  11  11  11  11  15  15  26  26  26  26  30  30  31  31  31  36  36  38  38  38  32
 [47]  16  16  16  16  16  16  37  37  46  47  17  17  17  17  17  56  56  56  56  22  22  22  22
 [70]  22  22  57  57  54  54  54  54  54  66  66  23  23  23  23  23  41  41  41  41  67  33  33
 [93]  33  33  33  81  81  81  81  81  81  81  24  86  86  86  86  86  79  80  80  80  29  29  29
[116]  19  43  43  43  91  91  91  91  91 117 117 117 117 113 113 113 113 113 113 113  68  68  68
[139]  68  68  87  87  87 120  40  40  40  34  34  34  34  34  34  34  96 114 114 114 114 114 114
[162] 145 145 145 145 145  74 155 155 155  59  59  49  49  49 141 141 141 142 142 142 142 142 142
[185] 168 168 168 168  97  97 169 170 103 103 103 103 104 104 136 136 136  20  20  75  75  75  75
[208] 173 185 185 185 185 146 146 209 209 209 209 209 209 179 179  98  98  98  98  98  99 148 215
[231] 215 230 230 230 230 230 156 156 156 118 232 232 232 232  82  82  82  82  82 157 157 157 231
[254]  21 228 228 245 245 167 158 158 116 116 116 259 208 208 147 147 216 216 223 223 246  92  92
[277] 176 224 204 268 268 266 266 266 233 217 285 285 285 285 285 280 280 280 280 281 241 241 292
[300] 225 163 163 163 106 164 164 255 255  88  88  88  88  88 282 282 159 159 143 195 195 195 195
[323] 195 195 160 149 149 213 213 213 213 270 270 270 243 243 107 107 318 247 337 337 337 110 110
[346] 110 110  71  71  89  89 332 332 332 332 256 309 309  62 305 344  83 360 360 269 269 269 210
[369] 126 126 126  50 301 202 202 274 274 274 365 365 365 365 203 203 203 368 374 374 374 253 253
[392] 253 348 348  35  35 375 375 375 172 172 172 178 178 121 121 121 335 335  63 283 395 395 260
[415] 111 111 181 181 181 306 252 122 257 182 182 189 189 405 379 379 261 275 339 339 376 435 333
[438]  84  72  72  72 183 187 187 187 211 425 307 271 271 338 174 174 315  64 272 297 437 437 437
[461] 310 310 310 326 326 326 403 403 127 127 127 436 100 316 448 369 369 369 201 321 196 129 129
[484] 289 476 476 317 248 248 328 372 452 190 377 192 139 139 302 273 401 363 446 150 150 475 475
[507] 475 475 475 475 378  52 373 357 198 462 462 462 469 469 390 101 101 101 119  60 249 468 485
[530] 485 362 505 505  55 276 276 422 504 504 408 408 130 540 540 214 214  93 290 263 383 506 329
[553] 329 329 482 428 205 438 521 521 434 434 434 434 308 449 449 449 300 300 300 312 312 366 486
[576] 549 387 387 534 346 579 470 470 340 541 542 453 453 291 487 543 396 396 388 538 538 477 419
[599] 513 507 507 459 552 498 496 496 496 397 600 484 421 572 131 444 593 128 616 322 175 175 327
[622] 497 553 601 575 342 342 582 112 361 523 492 349 471 619 619 618 558 635 635 638 294 478 517
[645] 134 258 465 398 642 184 412 573 573  73 512 512 596 474 491  65 581 355 355 460 460 559 559
[668] 636 554 135 615 644 612 651 651 514 643 299 236 676 599 539 466 450 394 530

$EXTANT
  [1] FALSE FALSE FALSE FALSE FALSE FALSE FALSE FALSE FALSE FALSE FALSE FALSE FALSE FALSE FALSE
 [16] FALSE  TRUE FALSE  TRUE FALSE FALSE  TRUE  TRUE FALSE FALSE  TRUE FALSE FALSE  TRUE FALSE
 [31] FALSE FALSE  TRUE  TRUE  TRUE FALSE FALSE FALSE FALSE FALSE FALSE FALSE FALSE FALSE  TRUE
 [46]  TRUE FALSE FALSE FALSE  TRUE  TRUE  TRUE FALSE  TRUE  TRUE  TRUE  TRUE FALSE FALSE  TRUE
 [61]  TRUE FALSE  TRUE FALSE  TRUE FALSE  TRUE  TRUE FALSE  TRUE  TRUE  TRUE  TRUE FALSE  TRUE
 [76] FALSE  TRUE  TRUE FALSE  TRUE  TRUE FALSE  TRUE  TRUE  TRUE FALSE FALSE FALSE  TRUE FALSE
 [91]  TRUE  TRUE  TRUE FALSE  TRUE FALSE  TRUE FALSE FALSE  TRUE  TRUE  TRUE FALSE FALSE FALSE
[106]  TRUE  TRUE  TRUE FALSE  TRUE  TRUE  TRUE  TRUE  TRUE  TRUE FALSE  TRUE FALSE  TRUE  TRUE
[121] FALSE FALSE FALSE  TRUE FALSE  TRUE FALSE  TRUE  TRUE FALSE  TRUE  TRUE  TRUE  TRUE  TRUE
[136]  TRUE FALSE FALSE  TRUE  TRUE FALSE FALSE FALSE  TRUE  TRUE  TRUE  TRUE  TRUE FALSE  TRUE
[151] FALSE  TRUE FALSE FALSE FALSE  TRUE FALSE FALSE FALSE  TRUE  TRUE FALSE  TRUE  TRUE  TRUE
[166]  TRUE  TRUE  TRUE  TRUE  TRUE  TRUE  TRUE  TRUE  TRUE FALSE  TRUE FALSE  TRUE  TRUE FALSE
[181]  TRUE  TRUE  TRUE  TRUE  TRUE FALSE  TRUE  TRUE  TRUE  TRUE  TRUE FALSE FALSE FALSE  TRUE
[196]  TRUE FALSE  TRUE  TRUE FALSE  TRUE FALSE  TRUE  TRUE  TRUE FALSE  TRUE FALSE  TRUE  TRUE
[211] FALSE FALSE  TRUE  TRUE FALSE FALSE FALSE  TRUE FALSE FALSE FALSE  TRUE  TRUE  TRUE  TRUE
[226] FALSE  TRUE  TRUE  TRUE  TRUE FALSE  TRUE  TRUE FALSE  TRUE  TRUE  TRUE  TRUE  TRUE FALSE
[241]  TRUE  TRUE  TRUE  TRUE FALSE FALSE  TRUE  TRUE  TRUE FALSE  TRUE  TRUE  TRUE FALSE FALSE
[256]  TRUE  TRUE  TRUE  TRUE  TRUE  TRUE  TRUE FALSE  TRUE  TRUE FALSE FALSE FALSE  TRUE  TRUE
[271]  TRUE  TRUE  TRUE FALSE  TRUE FALSE  TRUE FALSE  TRUE  TRUE FALSE  TRUE  TRUE FALSE  TRUE
[286] FALSE FALSE FALSE  TRUE  TRUE  TRUE  TRUE  TRUE  TRUE FALSE FALSE FALSE  TRUE  TRUE  TRUE
[301] FALSE  TRUE  TRUE  TRUE FALSE FALSE  TRUE  TRUE  TRUE  TRUE FALSE  TRUE  TRUE  TRUE  TRUE
[316]  TRUE  TRUE FALSE FALSE  TRUE  TRUE FALSE  TRUE  TRUE  TRUE  TRUE  TRUE  TRUE  TRUE  TRUE
[331]  TRUE  TRUE FALSE  TRUE  TRUE  TRUE  TRUE  TRUE FALSE  TRUE  TRUE  TRUE  TRUE  TRUE FALSE
[346]  TRUE  TRUE  TRUE  TRUE  TRUE  TRUE FALSE  TRUE  TRUE  TRUE  TRUE  TRUE FALSE FALSE  TRUE
[361]  TRUE  TRUE  TRUE FALSE  TRUE  TRUE  TRUE  TRUE  TRUE  TRUE FALSE  TRUE  TRUE  TRUE  TRUE
[376]  TRUE  TRUE  TRUE FALSE  TRUE  TRUE  TRUE  TRUE  TRUE  TRUE  TRUE  TRUE  TRUE  TRUE  TRUE
[391]  TRUE  TRUE  TRUE  TRUE  TRUE  TRUE  TRUE  TRUE FALSE  TRUE  TRUE  TRUE  TRUE  TRUE FALSE
[406]  TRUE  TRUE  TRUE  TRUE  TRUE FALSE  TRUE  TRUE FALSE  TRUE FALSE  TRUE  TRUE  TRUE FALSE
[421]  TRUE FALSE FALSE  TRUE FALSE FALSE  TRUE  TRUE FALSE  TRUE  TRUE  TRUE FALSE FALSE  TRUE
[436] FALSE  TRUE FALSE FALSE  TRUE  TRUE FALSE  TRUE  TRUE FALSE  TRUE FALSE  TRUE  TRUE  TRUE
[451] FALSE  TRUE  TRUE FALSE FALSE  TRUE FALSE  TRUE  TRUE  TRUE FALSE  TRUE  TRUE  TRUE  TRUE
[466]  TRUE  TRUE  TRUE  TRUE  TRUE  TRUE  TRUE  TRUE  TRUE  TRUE  TRUE  TRUE  TRUE  TRUE  TRUE
[481]  TRUE  TRUE FALSE  TRUE  TRUE  TRUE  TRUE  TRUE FALSE  TRUE  TRUE  TRUE  TRUE  TRUE FALSE
[496]  TRUE  TRUE  TRUE  TRUE  TRUE  TRUE  TRUE  TRUE  TRUE FALSE  TRUE FALSE  TRUE  TRUE  TRUE
[511]  TRUE  TRUE  TRUE  TRUE  TRUE  TRUE  TRUE  TRUE  TRUE  TRUE  TRUE  TRUE  TRUE  TRUE  TRUE
[526]  TRUE  TRUE  TRUE  TRUE  TRUE  TRUE  TRUE  TRUE FALSE FALSE  TRUE  TRUE  TRUE  TRUE  TRUE
[541]  TRUE  TRUE  TRUE  TRUE  TRUE  TRUE  TRUE  TRUE  TRUE  TRUE  TRUE FALSE  TRUE  TRUE  TRUE
[556]  TRUE  TRUE  TRUE  TRUE  TRUE  TRUE  TRUE FALSE  TRUE  TRUE FALSE  TRUE  TRUE  TRUE  TRUE
[571]  TRUE  TRUE  TRUE  TRUE  TRUE  TRUE  TRUE  TRUE  TRUE  TRUE  TRUE  TRUE  TRUE  TRUE  TRUE
[586]  TRUE FALSE  TRUE  TRUE  TRUE  TRUE  TRUE  TRUE  TRUE FALSE  TRUE  TRUE  TRUE  TRUE  TRUE
[601]  TRUE  TRUE  TRUE  TRUE  TRUE  TRUE  TRUE  TRUE  TRUE  TRUE  TRUE  TRUE FALSE  TRUE  TRUE
[616]  TRUE  TRUE  TRUE  TRUE FALSE  TRUE  TRUE FALSE  TRUE  TRUE  TRUE FALSE  TRUE  TRUE  TRUE
[631]  TRUE  TRUE  TRUE  TRUE  TRUE  TRUE FALSE  TRUE  TRUE  TRUE  TRUE  TRUE  TRUE  TRUE  TRUE
[646]  TRUE  TRUE  TRUE  TRUE  TRUE  TRUE  TRUE  TRUE  TRUE  TRUE  TRUE  TRUE  TRUE  TRUE  TRUE
[661]  TRUE  TRUE  TRUE  TRUE FALSE  TRUE  TRUE  TRUE  TRUE  TRUE  TRUE  TRUE  TRUE  TRUE  TRUE
[676]  TRUE  TRUE  TRUE  TRUE  TRUE  TRUE  TRUE  TRUE FALSE  TRUE  TRUE

