
Birth-death simulation object with 755 species and 500 extant species

Details for some species:

Extinction times (NA means extant)
[1] 51.00697 71.63377 57.08697       NA       NA 54.01424


Speciation times 
[1] 82.19309 77.81431 71.52424 67.98024 54.81812 75.69970


Species parents (NA for initial)
[1] NA  1  1  1  1  2


Species status (extinct or extant)
[1] "extinct" "extinct" "extinct" "extant"  "extant"  "extinct"


For more details on vector y, try sim$y, with y one of
TE TS PAR EXTANT



$TE
  [1] 51.00696728 71.63376739 57.08696558          NA          NA 54.01423740 27.41480838
  [8] 54.78509706 64.19477221  4.48724210  2.42899160 30.89438599 14.06170356 45.28647936
 [15] 45.92877207 21.51652294  5.22357667          NA 59.88742726 37.23980928 36.36935813
 [22] 34.31196235          NA          NA 26.85912526          NA          NA          NA
 [29]          NA          NA 32.30420170 17.85811418  2.70044980          NA  0.60641841
 [36]          NA          NA          NA 28.89598860 12.63498143          NA 32.51716644
 [43] 34.01721941  8.82544058 36.36283388          NA  7.21337673          NA          NA
 [50]          NA          NA  2.42854458          NA 32.13928139 18.35837414 43.25662658
 [57] 18.91415342          NA 47.23962299          NA          NA 39.92000955  4.08744228
 [64] 13.44641145 18.43723252          NA          NA  2.80355699  4.19232171  7.25447420
 [71]  7.79353765  3.98457555 14.89052517          NA 12.26039006 16.49443287  6.37893399
 [78]          NA 39.57780304          NA  9.34882845 31.08356944 29.09837138 13.48470617
 [85] 15.36449567          NA  2.78717773  8.66463605 24.20609454          NA          NA
 [92] 28.04272904          NA 29.15359308  8.54860615          NA          NA 17.57227971
 [99] 29.81325332 30.99214661          NA          NA          NA 23.06020458 33.50819543
[106] 31.61525972 12.61335160          NA  6.20045046 20.01911810          NA          NA
[113] 23.49872268          NA 23.41988499          NA 33.97332507 30.37549309 10.92473004
[120] 23.42273333 24.71099890 16.31162501 20.61061816  9.69866493 24.01519369 20.92876353
[127] 18.17527580          NA          NA 28.04249983          NA          NA  7.33196654
[134]          NA  9.42865053          NA          NA 15.24155322 12.03001939 20.80458227
[141] 26.22377441          NA 19.42556427          NA          NA  9.37826063  8.91207214
[148]  1.42347305 12.46387487  4.96164758          NA          NA          NA          NA
[155]  8.07166597 20.28495020          NA 27.76723224          NA 27.49951664 17.04202698
[162]  7.59420767 25.46404361          NA          NA 19.62816566 11.58935589          NA
[169]          NA  2.94123922 28.66170946 16.32544224 11.91640431          NA          NA
[176]          NA  7.56874863 17.56186675          NA          NA          NA          NA
[183]          NA          NA          NA          NA          NA          NA          NA
[190] 26.25220847 23.13035661 15.15519865 12.95551415  1.04331572  0.30278940          NA
[197]          NA  3.95660204  1.37541194          NA          NA          NA          NA
[204]          NA 11.96719845          NA          NA          NA          NA          NA
[211]          NA 12.50123031          NA  2.17158512  8.01919782  6.65248393          NA
[218] 11.42338718  1.34982693          NA  6.79746787          NA  1.73392209          NA
[225]          NA          NA          NA          NA          NA          NA 10.13162603
[232]  8.94089104  4.15363676  0.79570529 17.68123333          NA  2.07337273 10.81918631
[239]          NA 10.31024555          NA  4.92074916          NA          NA          NA
[246]          NA          NA          NA          NA 14.57743657          NA          NA
[253]          NA  2.86160294          NA  0.26117648          NA          NA          NA
[260] 17.02318561 12.23941675          NA  1.00374334          NA  4.93362918          NA
[267]          NA  4.25034438          NA          NA          NA  9.82334475 16.33190548
[274]          NA          NA 14.96778688          NA  4.52679025  8.73352244 18.92048319
[281] 14.55118353          NA 15.10852887 14.15793267  0.84011886 11.75045154          NA
[288]          NA          NA 13.78725776          NA 15.14731095          NA          NA
[295]          NA          NA  6.20059845          NA          NA          NA  2.92612040
[302]  2.95036401  8.34897754 13.27019562          NA 18.17076719 13.95298859          NA
[309] 12.05977636 11.47241081 16.82062171          NA          NA 16.89069478          NA
[316]          NA  1.93002282          NA          NA          NA  4.13250216  3.71639001
[323]  4.44310678 10.55720111          NA          NA          NA          NA  7.05886292
[330]          NA          NA          NA          NA          NA  2.36404317  2.09482047
[337]          NA          NA          NA          NA          NA          NA 16.35662328
[344]          NA          NA          NA          NA          NA 10.27241990          NA
[351]  7.96607197 10.12782266  6.00583054          NA  0.11219323 11.18140549          NA
[358]          NA          NA  9.51983745          NA          NA          NA          NA
[365]          NA          NA          NA          NA          NA 13.26028516  5.54950420
[372]          NA          NA          NA  9.91068576          NA          NA 12.87121251
[379]          NA          NA 12.68603784          NA          NA          NA  8.86592921
[386]  1.17165433 12.90364923          NA 10.91423035          NA 14.22651241          NA
[393]  2.79938108          NA          NA          NA  2.61134271          NA          NA
[400]          NA          NA          NA  7.97334316  0.03269538          NA          NA
[407]          NA          NA          NA          NA  9.45689372          NA          NA
[414]  6.18949481          NA  5.25335402  1.58103635  5.16981433          NA          NA
[421]          NA          NA          NA          NA 10.63117710          NA          NA
[428]          NA          NA          NA          NA          NA          NA          NA
[435]          NA          NA          NA          NA  1.07403020  1.04309629          NA
[442]          NA 10.26862463          NA 12.19677882          NA          NA          NA
[449]          NA          NA          NA          NA          NA  6.66840033  0.13837205
[456]          NA          NA  7.21467694          NA          NA          NA          NA
[463]          NA          NA          NA          NA          NA  4.93788574          NA
[470]          NA          NA          NA  7.48156759          NA          NA  5.70411811
[477]          NA  1.37411541  0.82370554          NA          NA          NA  6.66271500
[484]          NA          NA  6.39502832          NA          NA          NA  2.13837320
[491]          NA          NA          NA          NA  3.74382112          NA          NA
[498]          NA          NA          NA          NA          NA  6.80133899          NA
[505]          NA          NA          NA          NA          NA  3.60001004          NA
[512]          NA          NA  1.62785369          NA          NA          NA  3.44841245
[519]  7.10602909          NA  6.89881631          NA          NA          NA          NA
[526]          NA  2.01394493          NA          NA          NA          NA  8.83770573
[533]          NA          NA          NA          NA          NA          NA          NA
[540]          NA  4.59622354  0.60429408          NA          NA          NA          NA
[547]          NA          NA          NA          NA          NA          NA  8.38015438
[554]  8.69522885          NA          NA          NA          NA          NA          NA
[561]          NA          NA          NA          NA          NA          NA          NA
[568]          NA          NA          NA          NA          NA          NA          NA
[575]          NA          NA          NA          NA          NA          NA          NA
[582]          NA          NA          NA  5.22248423  2.90151758  2.62429561          NA
[589]  8.62433864          NA          NA  2.23826837          NA          NA          NA
[596]          NA          NA  8.44549045  2.14005746          NA          NA          NA
[603]          NA          NA          NA          NA  6.98403800          NA          NA
[610]          NA          NA          NA          NA          NA          NA          NA
[617]          NA  3.09141638          NA  1.52317818  2.50737732  3.09071998  0.76237744
[624]          NA          NA          NA          NA          NA  3.41451513          NA
[631]          NA          NA          NA          NA          NA          NA          NA
[638]          NA          NA          NA          NA  7.24534485          NA          NA
[645]  0.28378436          NA          NA          NA          NA          NA          NA
[652]          NA          NA          NA          NA          NA          NA          NA
[659]          NA          NA          NA          NA          NA          NA          NA
[666]          NA          NA          NA          NA          NA          NA  3.12672561
[673]          NA          NA          NA          NA          NA          NA          NA
[680]          NA          NA          NA          NA          NA          NA          NA
[687]          NA          NA          NA          NA          NA          NA          NA
[694]          NA          NA          NA          NA          NA          NA          NA
[701]          NA  0.76383988          NA          NA          NA          NA          NA
[708]          NA          NA          NA          NA          NA          NA          NA
[715]          NA          NA          NA          NA          NA          NA          NA
[722]          NA          NA          NA          NA          NA          NA          NA
[729]  1.80041631          NA          NA          NA          NA  2.10867745          NA
[736]          NA          NA  1.08628489          NA          NA          NA          NA
[743]          NA          NA          NA          NA          NA          NA          NA
[750]          NA          NA          NA          NA          NA          NA

$TS
  [1] 82.193086035 77.814307463 71.524239349 67.980244384 54.818122258 75.699701471 74.566262420
  [8] 67.585982703 66.651159035 65.762090540 61.057313291 55.864821683 40.893044129 65.782546475
 [15] 62.226862487 55.407311694 14.944009058  6.384987789 62.470672854 54.216709434 45.658217284
 [22] 59.627042731 49.166626253 48.185625900 32.366291252 25.665331507 18.711137618  4.947404699
 [29] 59.548498945 57.844860278 48.488641011 43.296135787 24.761428231 20.865930690 18.217332436
 [36] 11.176580907  8.644550576  6.005266251 55.575622313 46.069251160 40.276184632 55.004330807
 [43] 49.903146426 41.044376108 38.329407594 31.162798512 27.822018140 26.066006842 17.653397018
 [50] 50.169512047 30.550707071 24.068490369 19.912220901 49.864719181 45.243555742 43.347885051
 [57] 39.631478064 29.886499005 48.630550729 37.681785112 32.885661216 52.635466507 33.051542002
 [64] 41.884378550 38.317206527 38.186140383 16.771762788 12.603588681 10.638427268  8.394389100
 [71] 47.354730460 39.810636202 40.532894921 34.072886689 26.308286160 25.165447824 20.839277718
 [78]  2.665014201 39.776258000 38.435922300 35.376913824 44.772723571 29.275228921 47.422455620
 [85] 42.994508617 36.350534502 26.851130892 16.472109808 28.919994009 17.766664325 38.796626692
 [92] 32.663887297 11.845771542 45.602683300 25.527914391 15.740095583 13.349722714 43.674063432
 [99] 34.812633383 36.723545582 24.899662041 21.108916260 20.923034273 41.980919682 35.515175925
[106] 43.104052484 36.082021199 31.803180302 27.217353667 23.764834431 36.582528574 29.730978522
[113] 26.686183875 21.992021283 38.755542917 15.484411868 40.212413063 39.546556942 34.406328322
[120] 30.411169933 35.232705651 34.732370009 33.857370652 11.275477880 37.522512669 36.866905547
[127] 27.341596289  6.808939605  0.037479052 29.637926708 28.695965544 26.502916979 24.459557043
[134] 18.438012538 16.516754203  8.389583411  1.213108799 23.824394959 35.333305591 29.945710961
[141] 27.696832160  9.235598653 34.019129717 33.891205613 27.479844820 12.361063642 11.410771761
[148] 31.719564095 36.208057498 25.551542386 25.286727825 17.389016643  4.526920038 10.957417638
[155]  9.539588025 34.830897387 32.946247618 32.925253702 28.563805889 28.869049672 34.069095414
[162] 25.189615592 29.227654200 24.992063505 30.529177511 27.219225228 32.876111739 31.950671132
[169] 22.656763068 10.960798565 32.478906244 23.935395249 14.761394657 31.034819967 18.528012027
[176] 24.081238195 25.761233562 26.861982299 22.380409572 13.442219371  7.961560090  7.362604498
[183] 21.358644350 32.354857528 18.996287064 10.788227674 10.183149938  6.121416351  0.476478113
[190] 27.602988020 23.816026164 30.442025168 31.535677859 21.894205061 13.664679935  7.952089615
[197] 14.070191440 12.865032107 11.511528889  7.384645996 20.969645322 14.878115281 12.980575259
[204]  6.034418293 16.724202250 24.582523712 23.731106896 18.288043450 29.237918398  9.225066967
[211] 30.155152314 23.322511142 16.611150297 10.567159806 18.548905240 16.577155633 16.455838898
[218] 24.112578869 11.999725119 25.917124836 24.926464263 19.029452507  2.362735891 21.729266257
[225] 29.294762991 26.862549304 10.365408574  8.779386364  1.273435549 23.020033447 16.003223787
[232] 10.439891065 21.999768206  1.824546104 25.521789436 18.935144704 14.838537203 14.787025933
[239]  0.073777373 23.262265754 20.674587453 20.428728231 26.354779119 23.339449219 16.318335651
[246] 11.274604124  7.571650936  6.557482948 22.306882656 26.454220055 25.135649495 16.117939983
[253]  8.619680425 20.173986761  4.574322946  4.195314388 19.511776022 20.168751231 20.167728681
[260] 18.796697231 24.165242192 14.205677406 23.935641106 26.154397896  6.644214339  5.409231110
[267]  2.131756184 22.671052220 19.863886999 15.204813872  0.162432196 12.822604612 22.553408452
[274] 21.151127842 21.978484413 18.195105423 18.652012006 16.935966808  9.815265222 23.562005441
[281] 19.466713626  1.717300562 23.924036897 22.826691726 19.604203123 18.129220786  7.185234407
[288]  0.612619750 24.655795957 21.344359474 18.134892293 19.679524012 11.224506853  5.253146009
[295]  3.652759886  2.554062793 16.220871210  8.070422504  4.111880673  2.349526993 12.270261053
[302] 20.100390854 20.969690635 17.659133395 18.259403240 19.072920628 18.357039922 20.597690868
[309] 17.246475228 16.408122251 23.560342257  0.548064025 20.138632953 21.057667010 22.618429939
[316] 15.479239038 14.938670754  6.116743017  5.485989134 11.439831819  5.925308053  4.133699468
[323] 21.385611891 11.926581747  0.813515997  4.559152956  1.313692291 16.203915492 13.084812121
[330]  9.525061430  8.229310137  0.472374488  4.375139739  1.270526593 20.594471270 16.961885388
[337] 11.439964404  5.629575779  1.856617416  7.376696657  6.535035999  6.017085903 19.003366015
[344]  7.808692006 17.851288289  8.374872496  1.362118274 14.173159431 11.324379383  3.478309933
[351] 19.314287814 16.365415470  7.921856082  6.230115908  4.529155493 20.547576010 18.426860025
[358]  7.537723065  3.320605711 15.295641728  7.753738848  6.525045281  6.097978290 16.100689183
[365] 10.299067856  7.011282864 13.141024265 12.495188232  5.381037242 17.391078507  6.645769587
[372] 14.964966048 14.752232002  5.097296459 16.097204052 14.235392134 10.447528790 15.511849633
[379] 14.913329751 14.531537568 13.489482123  4.384248620 17.238336205  9.537003804 16.790964504
[386] 18.441865444 14.059217470 13.938736503 12.956802368  1.080965547 19.489362693 17.364147255
[393] 13.976636372  2.456735374 17.482820038 16.576118640 11.297492392 10.603801991 14.245529933
[400]  3.642829018 18.120062708 17.031892602 17.721597470 16.366508242 13.768312942 13.547671355
[407] 11.744733962  7.322430855  5.180424286 17.961386470 12.952588647  7.473338145  2.845970945
[414] 17.540961718 14.328171418 16.070623034  2.438807571  7.302249260  6.844286239 10.226429901
[421]  3.917533112 15.864963223  2.245001205  1.055036126 12.609011970  4.459123582  3.660311948
[428] 18.113826433  8.086332030  6.865507388  5.906888959 14.671323439  8.630814846  4.173239074
[435] 14.652869389 11.034018319  7.489824329  1.935677581  1.510252362 13.843390079  0.009273415
[442]  0.228035916 17.511880190 11.721745773 13.987954041 10.125434431 14.954604487  7.186537618
[449] 16.244975169 14.826617200  9.192177738  7.819031664  5.184743228 15.343836125 11.715404353
[456] 10.983292319 11.859189147 10.851462988  9.134374256 14.510023718 15.948665518 11.920397446
[463] 10.874575557  3.087116512 14.074901071 13.929965433  6.759207034  6.625448181  5.915417592
[470]  7.202857459  9.170617380 11.557569191 11.349874854  9.838801989 11.255015831  8.506471117
[477]  2.996805225  2.515935356  8.523587753  6.755413133 13.204994771  4.007849505 10.435266922
[484]  2.029499490  8.405130606  6.461658895  4.511131754  2.127947656  5.917128149 13.564925724
[491]  6.529640294  7.475337106  7.942452162  1.718184986  6.333864275 14.802083195  8.559546115
[498] 14.002681620  9.911432411  9.354876874  1.448166528  9.481599410  8.205648977  0.761743983
[505]  5.622624394  2.372176364  9.798451039  4.790008810  0.375503011  5.223264389  0.188258512
[512]  6.880660210  8.709222691 10.795306487  4.564178321  4.116141773  3.962405062  9.512638972
[519]  7.147911507  5.910612526 11.689147379 12.900886102  6.858226238 12.313555120 12.286546628
[526]  6.081101422  3.574759054 10.169260411  4.136588212 11.455163355  3.284243062 10.165408773
[533]  1.669076147  5.322540507  5.136914093  3.510688741 11.695934337  0.049048950 11.605161780
[540]  9.609127285  6.604428670  5.666747420  0.286500665 11.117636230 10.596285387  5.964843218
[547]  6.500501842  6.452750990 11.523515349 10.494331202  8.899564948  9.123188160  8.534291781
[554] 11.416747838  7.961320338  3.813613253  7.905275051  1.516445773  7.702874101  5.644253958
[561]  3.361437018  9.805803779  9.655242139  0.545238700  6.779070178 11.296221574  9.327147526
[568]  4.416668696  3.952356118  3.606373676  3.462909267  3.378109520  4.560982919  0.671879508
[575]  5.401804721  2.996503182  6.036673585  8.210354204  9.075444850  4.441545355  0.186343305
[582]  5.640399288  5.226604523  8.474841641  8.163526674  4.860429842  2.969733183  0.989035465
[589] 10.484870955  6.244365015  7.884224237  2.358285683  2.023283017  9.897167295  9.095993054
[596]  5.505815277  4.861921197  9.138485790  5.631484515  9.726659966  7.342291479  5.166727339
[603]  3.165657710  8.882308115  7.460444110  1.085559871  7.325513504  4.516587556  5.644757277
[610]  1.765584526  0.368884774  5.191764583  7.657382122  2.196467820  2.297170889  2.021454657
[617]  0.160981511  5.599585346  8.374492679  4.053084677  2.541252404  7.478475338  5.466114584
[624]  1.150510113  5.080210393  2.851347952  1.359193335  3.567000458  5.299500566  2.638967103
[631]  6.095231554  4.380382970  2.254925305  1.496066523  1.135503983  1.224450423  0.169947926
[638]  4.079559204  1.280614209  3.117369020  5.765253555  7.641181208  7.554158643  1.244272512
[645]  6.371870144  5.663035088  4.228079664  6.220757538  7.328325505  6.532575134  6.616190998
[652]  5.663536242  7.084493386  1.347254986  0.435641788  1.192420687  6.294984912  5.200665029
[659]  4.302297705  4.716551398  2.794021891  6.072337295  6.271754278  3.755032740  2.590314116
[666]  1.219724132  4.642419053  0.645502307  1.331873774  4.037009741  3.961185952  4.847883614
[673]  5.672204872  0.255558350  5.326196128  0.443937128  1.998225663  0.496696181  2.738537407
[680]  1.631566715  3.237825619  2.275008784  0.103333443  0.543223806  1.279911428  3.392479615
[687]  5.282965301  4.277864912  0.972682724  0.404538167  4.526391738  3.728395082  3.686723766
[694]  4.689296331  1.994290701  1.617660728  3.379187194  3.811762611  2.080259499  4.069535256
[701]  0.448224027  5.035848658  1.152915757  0.720500803  5.000163679  2.016613967  3.078751881
[708]  1.644598669  0.277501297  3.260513699  4.293986967  2.425382469  3.649291280  1.061241622
[715]  2.143572424  1.540432720  3.558435163  2.209491548  1.297896881  0.963730668  2.058778864
[722]  3.248077492  3.019649301  2.207679605  1.541802583  3.833630139  1.934665060  3.725451147
[729]  3.047759279  1.055386969  1.889621306  2.127782482  2.551082577  2.394944488  0.611834259
[736]  0.357632996  0.421288934  1.523588787  0.478529369  1.708459246  2.472746643  0.404547050
[743]  1.121800944  1.499448151  1.937138672  0.559592806  0.647222229  1.274832379  1.476026870
[750]  0.020333021  0.629723611  0.837525813  0.628456932  0.660641643  0.254599274

$PAR
  [1]  NA   1   1   1   1   2   2   6   6   7   7   7   7   3   3   4   4   4   8  14  14  10  10
 [24]  10  10  10  10  10  15  15  11  11  11  11  11  11  11  11  22  22  22  29  29  29  29  29
 [47]  29  29  29  30  30  30  30  12  12  12  39  39  16  16  16  42  42   5   5   5   5   5   5
 [70]   5  20  20  62  50  50  50  50  50  43  43  43  23  23  59  24  24  24  24  84  84  71  71
 [93]  71  40  40  40  40  94  94  55  55  55  55  82  82  98  98  98  98  98  32  32  32  85  64
[116]  64  44  44  44  44  41  72  72  72  57  57  91  91  91 115 115 115 115  80  80  80  80  65
[139]  66  66  66  66  60  60  60  60  60 126 100 111 111 111 111  86  86 149 149 107 107  81 139
[162] 139 156 156  99 122 119 119 119 119  74  74  74 161 161 143 144 123  63  63  63  63 157 158
[185]  61  61  61  61  61 167 167  92  25 184 184 184 168 168 168 168 108 108 108 108 148 193 193
[208] 193  46  46 174 174 174 174  51  51  51 165 165 120 211 211 211  58 112 112 112 112 112 225
[231] 225 225 209 209  89 131 131 131 131 159 159 159 141 145 145 145 145 145 127 166 109 109 109
[254] 226 226 226 178  87  87  87 132 132 250 243 243 243 243  75  75  48  48 220 177 177 235 235
[277] 151 162 162  76 251 251 221 221 221 221 101 101  33  33  33 289 289 289 289 289 206 206 206
[300] 206 133 261 218 218  52 263 263 172 138 138 110 207 280 311 244 244 244 268 268 169 315 315
[323] 179 179 179 249 249 233 233 233 233 275 194 194 224 224 224 224 224 323 323 323 183 183 290
[346] 274 274 102 102 102 201 201 201 201 201  77  77 241 241 308 308 308 308 335 335 335 356 242
[369] 242 254 254 259 259 259 313 313 313 302 302 302 302 302  53  53 292 285 285 285 285 285 257
[392] 257 257 257 351 351 351 351 222 222 343 343 236 236 236 236 236 236 236  27  27  27 277 215
[415] 215 175 175 386 386 134 134 357 357 357 208  35  35 291 291 291 291 401 401 401 410 410 410
[438] 410 410 345 345  90 403 403 304  49 414 414 443 392 392 383 383 402 402 402 336 278 278 385
[461]  67  67  67  67 213 213 213 213 213 216 396 135 135 217 404 449 449 449 297 297 328 252 416
[484] 461 422 422 422 422  96 316 316 454 270 372 447  17  17 317 317 379 379 202 202 202 237 237
[507] 450 450 450 496 373 380 460 415 376 376 376 262 348 348 465 498 498 445 388 466 466 405 405
[530] 406 406 180  97 481 481 481 367 367 522 368 368 368 368 524 524 525 301 301 324 462 457 407
[553] 407 537 537 537 521 549 199 199 199 530 337 337 320 397 566 566 246 475 293 293  36 436 170
[576] 170 154 463 458 186 186  69  69 398 398 545 545 545 214 214 550 377 377 227 227 227 227 365
[599] 365 420 499 499 499 594 594 562 507 507 600 600 600 563 540 540 384 384 384 330 502 500 567
[622] 552 595 604 228 228 228 513 497 479 584 584 584 331 181 555 555 493 493 591 452 361 642 247
[645] 358 437 437 622 601 601 649 448 287 653 653 512 128 265 651 541 248 341 650 650 650 491 362
[668] 547 645 663 663 354 648 318 363 631 662 662 204 204 342 546 520 673 542 646 609 609 609 560
[691] 582 599 599 338 505 505 618 596 623 629 687 612 612 612 453 453 409 409 409 602 374 625  28
[714]  28 597 255 573 573 573 153 691 608 426 382 659 256 434 516 516 299 670 517 728 427 427 713
[737] 628 536 536 697 681 576 296 478 712 615 682 699 706 695 731 501 730 424 674

$EXTANT
  [1] FALSE FALSE FALSE  TRUE  TRUE FALSE FALSE FALSE FALSE FALSE FALSE FALSE FALSE FALSE FALSE
 [16] FALSE FALSE  TRUE FALSE FALSE FALSE FALSE  TRUE  TRUE FALSE  TRUE  TRUE  TRUE  TRUE  TRUE
 [31] FALSE FALSE FALSE  TRUE FALSE  TRUE  TRUE  TRUE FALSE FALSE  TRUE FALSE FALSE FALSE FALSE
 [46]  TRUE FALSE  TRUE  TRUE  TRUE  TRUE FALSE  TRUE FALSE FALSE FALSE FALSE  TRUE FALSE  TRUE
 [61]  TRUE FALSE FALSE FALSE FALSE  TRUE  TRUE FALSE FALSE FALSE FALSE FALSE FALSE  TRUE FALSE
 [76] FALSE FALSE  TRUE FALSE  TRUE FALSE FALSE FALSE FALSE FALSE  TRUE FALSE FALSE FALSE  TRUE
 [91]  TRUE FALSE  TRUE FALSE FALSE  TRUE  TRUE FALSE FALSE FALSE  TRUE  TRUE  TRUE FALSE FALSE
[106] FALSE FALSE  TRUE FALSE FALSE  TRUE  TRUE FALSE  TRUE FALSE  TRUE FALSE FALSE FALSE FALSE
[121] FALSE FALSE FALSE FALSE FALSE FALSE FALSE  TRUE  TRUE FALSE  TRUE  TRUE FALSE  TRUE FALSE
[136]  TRUE  TRUE FALSE FALSE FALSE FALSE  TRUE FALSE  TRUE  TRUE FALSE FALSE FALSE FALSE FALSE
[151]  TRUE  TRUE  TRUE  TRUE FALSE FALSE  TRUE FALSE  TRUE FALSE FALSE FALSE FALSE  TRUE  TRUE
[166] FALSE FALSE  TRUE  TRUE FALSE FALSE FALSE FALSE  TRUE  TRUE  TRUE FALSE FALSE  TRUE  TRUE
[181]  TRUE  TRUE  TRUE  TRUE  TRUE  TRUE  TRUE  TRUE  TRUE FALSE FALSE FALSE FALSE FALSE FALSE
[196]  TRUE  TRUE FALSE FALSE  TRUE  TRUE  TRUE  TRUE  TRUE FALSE  TRUE  TRUE  TRUE  TRUE  TRUE
[211]  TRUE FALSE  TRUE FALSE FALSE FALSE  TRUE FALSE FALSE  TRUE FALSE  TRUE FALSE  TRUE  TRUE
[226]  TRUE  TRUE  TRUE  TRUE  TRUE FALSE FALSE FALSE FALSE FALSE  TRUE FALSE FALSE  TRUE FALSE
[241]  TRUE FALSE  TRUE  TRUE  TRUE  TRUE  TRUE  TRUE  TRUE FALSE  TRUE  TRUE  TRUE FALSE  TRUE
[256] FALSE  TRUE  TRUE  TRUE FALSE FALSE  TRUE FALSE  TRUE FALSE  TRUE  TRUE FALSE  TRUE  TRUE
[271]  TRUE FALSE FALSE  TRUE  TRUE FALSE  TRUE FALSE FALSE FALSE FALSE  TRUE FALSE FALSE FALSE
[286] FALSE  TRUE  TRUE  TRUE FALSE  TRUE FALSE  TRUE  TRUE  TRUE  TRUE FALSE  TRUE  TRUE  TRUE
[301] FALSE FALSE FALSE FALSE  TRUE FALSE FALSE  TRUE FALSE FALSE FALSE  TRUE  TRUE FALSE  TRUE
[316]  TRUE FALSE  TRUE  TRUE  TRUE FALSE FALSE FALSE FALSE  TRUE  TRUE  TRUE  TRUE FALSE  TRUE
[331]  TRUE  TRUE  TRUE  TRUE FALSE FALSE  TRUE  TRUE  TRUE  TRUE  TRUE  TRUE FALSE  TRUE  TRUE
[346]  TRUE  TRUE  TRUE FALSE  TRUE FALSE FALSE FALSE  TRUE FALSE FALSE  TRUE  TRUE  TRUE FALSE
[361]  TRUE  TRUE  TRUE  TRUE  TRUE  TRUE  TRUE  TRUE  TRUE FALSE FALSE  TRUE  TRUE  TRUE FALSE
[376]  TRUE  TRUE FALSE  TRUE  TRUE FALSE  TRUE  TRUE  TRUE FALSE FALSE FALSE  TRUE FALSE  TRUE
[391] FALSE  TRUE FALSE  TRUE  TRUE  TRUE FALSE  TRUE  TRUE  TRUE  TRUE  TRUE FALSE FALSE  TRUE
[406]  TRUE  TRUE  TRUE  TRUE  TRUE FALSE  TRUE  TRUE FALSE  TRUE FALSE FALSE FALSE  TRUE  TRUE
[421]  TRUE  TRUE  TRUE  TRUE FALSE  TRUE  TRUE  TRUE  TRUE  TRUE  TRUE  TRUE  TRUE  TRUE  TRUE
[436]  TRUE  TRUE  TRUE FALSE FALSE  TRUE  TRUE FALSE  TRUE FALSE  TRUE  TRUE  TRUE  TRUE  TRUE
[451]  TRUE  TRUE  TRUE FALSE FALSE  TRUE  TRUE FALSE  TRUE  TRUE  TRUE  TRUE  TRUE  TRUE  TRUE
[466]  TRUE  TRUE FALSE  TRUE  TRUE  TRUE  TRUE FALSE  TRUE  TRUE FALSE  TRUE FALSE FALSE  TRUE
[481]  TRUE  TRUE FALSE  TRUE  TRUE FALSE  TRUE  TRUE  TRUE FALSE  TRUE  TRUE  TRUE  TRUE FALSE
[496]  TRUE  TRUE  TRUE  TRUE  TRUE  TRUE  TRUE FALSE  TRUE  TRUE  TRUE  TRUE  TRUE  TRUE FALSE
[511]  TRUE  TRUE  TRUE FALSE  TRUE  TRUE  TRUE FALSE FALSE  TRUE FALSE  TRUE  TRUE  TRUE  TRUE
[526]  TRUE FALSE  TRUE  TRUE  TRUE  TRUE FALSE  TRUE  TRUE  TRUE  TRUE  TRUE  TRUE  TRUE  TRUE
[541] FALSE FALSE  TRUE  TRUE  TRUE  TRUE  TRUE  TRUE  TRUE  TRUE  TRUE  TRUE FALSE FALSE  TRUE
[556]  TRUE  TRUE  TRUE  TRUE  TRUE  TRUE  TRUE  TRUE  TRUE  TRUE  TRUE  TRUE  TRUE  TRUE  TRUE
[571]  TRUE  TRUE  TRUE  TRUE  TRUE  TRUE  TRUE  TRUE  TRUE  TRUE  TRUE  TRUE  TRUE  TRUE FALSE
[586] FALSE FALSE  TRUE FALSE  TRUE  TRUE FALSE  TRUE  TRUE  TRUE  TRUE  TRUE FALSE FALSE  TRUE
[601]  TRUE  TRUE  TRUE  TRUE  TRUE  TRUE FALSE  TRUE  TRUE  TRUE  TRUE  TRUE  TRUE  TRUE  TRUE
[616]  TRUE  TRUE FALSE  TRUE FALSE FALSE FALSE FALSE  TRUE  TRUE  TRUE  TRUE  TRUE FALSE  TRUE
[631]  TRUE  TRUE  TRUE  TRUE  TRUE  TRUE  TRUE  TRUE  TRUE  TRUE  TRUE FALSE  TRUE  TRUE FALSE
[646]  TRUE  TRUE  TRUE  TRUE  TRUE  TRUE  TRUE  TRUE  TRUE  TRUE  TRUE  TRUE  TRUE  TRUE  TRUE
[661]  TRUE  TRUE  TRUE  TRUE  TRUE  TRUE  TRUE  TRUE  TRUE  TRUE  TRUE FALSE  TRUE  TRUE  TRUE
[676]  TRUE  TRUE  TRUE  TRUE  TRUE  TRUE  TRUE  TRUE  TRUE  TRUE  TRUE  TRUE  TRUE  TRUE  TRUE
[691]  TRUE  TRUE  TRUE  TRUE  TRUE  TRUE  TRUE  TRUE  TRUE  TRUE  TRUE FALSE  TRUE  TRUE  TRUE
[706]  TRUE  TRUE  TRUE  TRUE  TRUE  TRUE  TRUE  TRUE  TRUE  TRUE  TRUE  TRUE  TRUE  TRUE  TRUE
[721]  TRUE  TRUE  TRUE  TRUE  TRUE  TRUE  TRUE  TRUE FALSE  TRUE  TRUE  TRUE  TRUE FALSE  TRUE
[736]  TRUE  TRUE FALSE  TRUE  TRUE  TRUE  TRUE  TRUE  TRUE  TRUE  TRUE  TRUE  TRUE  TRUE  TRUE
[751]  TRUE  TRUE  TRUE  TRUE  TRUE

