
Birth-death simulation object with 720 species and 500 extant species

Details for some species:

Extinction times (NA means extant)
[1] 38.79442 37.89014       NA 17.45881 27.73249 41.06451


Speciation times 
[1] 75.32140 66.92301 60.87946 60.22688 50.17660 41.59268


Species parents (NA for initial)
[1] NA  1  1  1  1  1


Species status (extinct or extant)
[1] "extinct" "extinct" "extant"  "extinct" "extinct" "extinct"


For more details on vector y, try sim$y, with y one of
TE TS PAR EXTANT



$TE
  [1] 38.7944174 37.8901439         NA 17.4588109 27.7324881 41.0645119         NA  9.9672330
  [9]         NA         NA         NA         NA         NA 22.4853536 12.3951814         NA
 [17]         NA 27.9079945         NA 15.4713824 21.6672467         NA         NA         NA
 [25] 11.2119430         NA 10.9413839 15.1439265         NA 28.5540551 41.3112346         NA
 [33]         NA         NA         NA         NA         NA  5.0949691 10.6290457 10.9432755
 [41]  1.5358389  2.5368444 28.2914387         NA  9.0379553 21.2144126         NA  1.0229602
 [49]         NA         NA 21.9517695 16.0528839         NA  0.4502873  4.5007953 15.0665477
 [57] 16.6644820  3.6391839         NA  8.8243515         NA 12.2840835         NA  2.5318265
 [65]         NA         NA         NA         NA         NA         NA         NA 33.0350750
 [73] 22.4337069 38.9274483 23.6251845 10.3175746 16.6692596         NA  0.3202226         NA
 [81] 15.6591383         NA         NA 19.8161902         NA 28.9821721         NA 18.2310203
 [89]  8.8677240 15.4331546 10.3359355         NA 24.6043914         NA         NA  6.0691789
 [97]         NA  4.3635474 14.3867635 21.3257660  9.7118512         NA         NA  5.7631174
[105] 18.8249310 13.4683126         NA         NA         NA         NA 16.0773067         NA
[113] 21.4646082         NA         NA         NA         NA         NA 11.3588830 21.0371996
[121]  2.5047135         NA  9.2963414         NA         NA         NA         NA         NA
[129]  3.4008232 20.7771234 11.0662022 26.4948309  8.1185336         NA         NA         NA
[137]         NA         NA 26.2909252 19.4395246  6.3630361  2.0557080 18.8260834 12.2798322
[145]         NA  3.3006164 10.1246172         NA         NA 16.3919979         NA  4.0006673
[153] 13.5602167         NA 23.4817642         NA         NA         NA 12.2194701         NA
[161] 21.8791638         NA         NA 29.9796540         NA         NA         NA         NA
[169]         NA         NA  0.6072284 25.8860420 20.6188139         NA 12.4239657         NA
[177]  8.3945664         NA 10.7240904 10.0009622         NA         NA         NA 22.1536873
[185] 15.4458926 18.0079442 20.1895494  3.4848402         NA 19.8424721 13.1543401 12.3676901
[193]         NA         NA         NA         NA 24.3721495         NA         NA  5.4278835
[201]         NA  9.0885450  9.2393654         NA         NA         NA  7.9151014         NA
[209]         NA 11.8074190         NA  6.2903189         NA 11.7902120         NA 10.0158226
[217]         NA  0.5675843  5.8837627         NA         NA         NA  2.3645209         NA
[225]         NA         NA         NA         NA  6.4378916  2.0264313 14.2237153 14.0949686
[233]         NA  2.2957361         NA         NA  4.1268761  5.1461539  2.0399538 15.0425770
[241]         NA         NA         NA         NA         NA         NA         NA  0.7819313
[249] 11.9229535  8.8717581  5.3372143         NA         NA 10.2503263  9.8327277         NA
[257]         NA         NA         NA         NA 12.8704106  8.3231949         NA  4.5231743
[265]         NA         NA 13.2465694         NA         NA         NA         NA 13.1037456
[273]  6.6590566  0.3382547  7.9719926         NA  3.0089302         NA         NA         NA
[281]  9.6644927  1.5955319         NA         NA  3.6792298         NA         NA         NA
[289]  4.7172506         NA         NA         NA         NA         NA         NA         NA
[297]         NA         NA         NA         NA         NA         NA  7.1847741         NA
[305] 11.1621129         NA         NA         NA 14.4651845         NA         NA         NA
[313]         NA  2.1573844  6.2100255         NA 14.0089984         NA         NA         NA
[321]         NA 18.4334481  8.1412197         NA         NA         NA  0.1162711         NA
[329]  0.5622366         NA         NA  6.5201313  1.6281061         NA  6.0605276         NA
[337] 15.1448704  6.2240397         NA         NA         NA         NA         NA 17.3505364
[345]         NA  5.5778128         NA         NA  8.0466698  7.5697564         NA         NA
[353]         NA         NA         NA         NA         NA         NA         NA         NA
[361] 12.2018509         NA  2.4060396         NA         NA         NA         NA         NA
[369]  5.5450227         NA         NA         NA         NA  6.7064744         NA         NA
[377]         NA         NA  4.5026318 18.0680795         NA         NA  2.6451611         NA
[385]         NA         NA         NA 11.4351041         NA         NA         NA         NA
[393]         NA         NA         NA         NA         NA  5.7807960         NA         NA
[401]         NA         NA         NA         NA         NA  2.2331332         NA         NA
[409]         NA         NA         NA         NA 12.0054944         NA         NA         NA
[417]         NA         NA         NA         NA         NA         NA         NA  8.4968080
[425]         NA  5.3259484         NA         NA 14.0486609         NA         NA         NA
[433]         NA         NA  6.7815887         NA         NA         NA  5.6990441         NA
[441]         NA         NA         NA  9.4943497         NA  6.4931726  1.4309072         NA
[449]  8.8740663         NA         NA         NA         NA 13.1813601         NA         NA
[457]         NA  0.6555208         NA  1.3232659         NA         NA         NA         NA
[465]         NA  5.9471787         NA         NA  8.0487165         NA  1.1319850         NA
[473]         NA         NA         NA  0.4350577         NA         NA         NA         NA
[481]         NA  3.3013448         NA         NA  3.6266330         NA         NA         NA
[489]         NA         NA         NA         NA         NA         NA         NA  4.4138063
[497]  6.6082469         NA         NA         NA         NA         NA  7.1544971         NA
[505]  0.5777348         NA         NA         NA         NA         NA         NA         NA
[513]         NA         NA  4.7870683  2.9005150  1.9015350  1.1835018         NA         NA
[521]         NA         NA         NA         NA  2.7588686         NA         NA         NA
[529]  2.7153071         NA         NA         NA  8.4561776         NA         NA         NA
[537]         NA  0.4412612  2.3339893         NA         NA  2.1355429         NA         NA
[545]         NA  7.6989730         NA         NA  2.7321864         NA  1.5878430         NA
[553]         NA         NA         NA  5.4289364  6.0165953         NA         NA         NA
[561]         NA         NA         NA         NA         NA         NA         NA         NA
[569]         NA         NA         NA         NA         NA         NA         NA         NA
[577]  2.6353346         NA         NA         NA         NA         NA         NA         NA
[585]         NA         NA         NA         NA         NA         NA         NA         NA
[593]         NA         NA         NA         NA         NA         NA         NA         NA
[601]         NA         NA         NA         NA         NA         NA         NA         NA
[609]         NA         NA         NA         NA  0.2898324  4.7646336         NA  0.6732547
[617]         NA         NA  1.3447469         NA         NA         NA         NA         NA
[625]         NA         NA         NA         NA         NA         NA         NA         NA
[633]         NA         NA         NA         NA         NA         NA         NA         NA
[641]         NA         NA         NA  3.2202603         NA         NA         NA  0.7371631
[649]  0.6113731         NA         NA         NA  2.4472255         NA         NA         NA
[657]         NA         NA  4.8067568         NA         NA         NA  2.2640056         NA
[665]         NA         NA         NA         NA         NA         NA         NA         NA
[673]         NA         NA         NA         NA         NA         NA         NA         NA
[681]         NA         NA         NA         NA         NA  2.2855372         NA         NA
[689]         NA         NA  0.6267503         NA         NA         NA         NA         NA
[697]         NA         NA         NA         NA         NA         NA         NA         NA
[705]         NA         NA         NA         NA         NA         NA         NA         NA
[713]  1.2845897         NA         NA         NA         NA         NA         NA         NA

$TS
  [1] 75.321401464 66.923009944 60.879461425 60.226876367 50.176602597 41.592681767 62.910019424
  [8] 57.386925918 52.865319945 44.870340158 46.449659572 45.957619252 41.158022330 31.321657409
 [15] 27.161134367 18.602478250  1.473451879 58.791736760 40.198889175 36.093093902 33.212399982
 [22] 31.585758225 23.030565502  8.535299974 34.115243848 30.966631762 47.257345845 34.458741374
 [29] 50.348160900 45.605489006 45.507170143 32.959043370 29.953796221 24.312635764 16.472974021
 [36] 14.539810095 47.662131514 39.839278101 38.802887155 31.245415798 15.929770946 39.530011434
 [43] 38.213922717 33.467820729 26.056493932 23.344862532 18.340014230 37.029553794 46.253385873
 [50] 36.850599361 29.709185570 28.715086475 13.815587451  8.101557698  5.489307918 45.484958002
 [57] 26.244072905 24.109905167 44.636138862 31.179796093 18.103520152 15.651023624 44.927076505
 [64] 28.047690107 37.880156131 35.769031073 24.578521901 21.261271618  8.316843638  6.997655209
 [71]  2.382647867 40.550415572 45.194257688 42.748495627 37.878410339 41.895070574 28.658958827
 [78] 27.594179431 19.212582656 38.081399938 27.858777978  5.563158823  3.357376051 19.953758995
 [85] 11.939206620 36.973190106 17.896276754 21.958944405 16.199212073 26.405573735 25.611597873
 [92]  7.548057955 29.475921667 39.225139198 36.282500577 22.580265197 16.141394791 15.291547582
 [99] 30.066606884 27.999261178 16.220281093 11.264504126  8.425220882  6.711520086 23.417314293
[106] 14.328159739 29.458345994 24.912740588 22.388384677 21.394767902 16.645973305 33.500701037
[113] 24.531879614 18.325736358 15.479297282  4.294655741  0.967996153 36.332270071 33.851311191
[120] 30.862663378 34.544983361 33.846506347 12.640076449  2.462682145  1.891634567  1.571690091
[127] 24.831668049 17.259131897  9.127714918 30.915827403 28.968996594 28.261630285 21.029020727
[134]  0.900574823 26.592391301 18.406525514 29.343833499 28.662331741 26.775174386 21.450368262
[141] 19.449134309  3.511290112 32.192990251 26.699216276 21.878482358 21.130694227 18.839866329
[148] 17.581672329 16.228785177 33.323021657 33.691514383 31.214878052 28.633986442 19.035172566
[155] 32.371446394 28.719775022  5.817252125  4.886929595 16.875565385  4.155129763 23.597717570
[162]  6.936664140  4.667633652 31.360690449 27.419394109 17.483355251  9.282409947  5.357680298
[169]  1.343728098 29.992988447 28.431002131 27.910196661 26.374832322 21.785266293 17.032949227
[176] 29.547000652 13.566290788 28.415086387 22.194646793 19.554007627 17.006477496  7.846328995
[183]  3.003160992 25.309074499 21.915936220 21.562831590 29.262273184 23.753273299 23.190818113
[190] 19.980052519 28.590084400 25.321293981 16.343456810  9.127437767  8.979764405  2.863620591
[197] 29.087791076  8.190847607  4.720066511 20.096428702 15.893637682 27.385464990 25.761528886
[204] 15.538308942 11.409777217  3.278155991 22.848569446 27.938718735 24.988613201 13.250408786
[211]  7.827153111 25.580990131 24.345727473 25.195765550 24.429885030 22.781677551 21.247420262
[218] 11.071766659  8.425184132 24.535670948 22.799162242 12.102154272 10.967636719  5.059135948
[225] 26.574055189 19.759629024 18.139015491 13.825712734  7.826765319  3.056383281 27.200334353
[232] 17.313166327 27.199721448 24.886347696 22.792405421 20.361665883 20.310271167 14.079017787
[239] 11.988678069 24.044277311 12.759787236  8.213089533 20.315268872 20.192737709  8.625516603
[246]  8.068334465  6.524310340  2.670619283 25.823301473 23.414056413 21.585355603 15.442349234
[253]  9.489604443 23.910747250 23.274082865 17.208092257 14.490962285 11.590923276 10.569606867
[260] 24.100265841 14.975128978 21.007736447 25.056161654 17.874546199 16.351088201 13.325242660
[267] 16.035480962 15.215958065  0.289717711  0.119009210 24.011050167 23.552571761 13.586559838
[274]  4.883662595  9.163082753  2.216725056  9.947428746  3.998684592  1.917426910  6.642181275
[281] 18.725727654 15.008957961  8.828549653 18.524072611 14.153062615  7.504689928  6.902322222
[288]  5.485762444  5.024727739  1.143142042 10.987855141  6.252589320 14.644618429  8.668917323
[295]  1.905520287 20.081593061 18.703547870 10.378147497  7.800370742  5.386497705 22.539432992
[302] 21.859080483 20.668229022 13.389305977 18.713634644 13.951387188 21.500143266 16.382719940
[309] 14.822346433  9.420465440 14.572989373  8.346506084  1.578169876 19.909149221 13.626758823
[316]  8.938322710 20.299369865 16.822636062  9.167716755  9.059854635 10.778437981 18.526815944
[323] 10.024081203  7.382932254 10.523666416  4.643987476  2.519749492 16.221022596  7.788155097
[330] 21.039943613 18.001600870 12.832310678  2.733567193  0.860453005  9.108735127  1.437001921
[337] 20.060509253  8.966434296  7.268122361  6.710227852  6.311325413 11.298646617 20.682188481
[344] 17.634122808 14.688035584  8.032751692  7.875245141 15.099932716 15.431382235 17.784139828
[351] 13.535546481  9.948154151  9.086295225  7.894061787  4.513953223 17.111359864  3.665606866
[358] 18.153939202  8.990037563 17.804257077 16.798742502 18.644947832 14.335776878  6.655962508
[365]  0.217891837 19.995626787 16.508625983  4.418667332 17.106444114 16.743011777  0.616676130
[372] 16.650034218 19.458054581 17.991274328 15.732671891  8.013010260  3.585954081 16.366786443
[379] 15.040486702 19.274679143  8.659757022  5.801415471 16.648599213 11.997388371 15.335153181
[386]  5.085108800 18.966905620 11.750154642  7.496354391 18.264005141  4.612972563  2.783112311
[393]  9.149011976 10.422921215 14.417084541  6.609752985  6.465576324 11.453794859 10.645064859
[400]  4.579499940  4.464706135 14.605727459  9.802630315  8.301402598 15.308188721  2.520890971
[407] 15.941601173 11.832807466 10.553708689  4.020836072  6.079875038  3.437806015 16.758328217
[414]  9.555961014  2.157272492  9.435180993  0.041699708  7.932219300  2.026942456 16.268884701
[421]  8.957934368  2.906468998  1.209003999 14.389334193  7.434869501  6.851673698  7.341025780
[428]  1.599965204 17.617866284 12.131055444 10.408007823  3.558590700 12.996908410 14.007563965
[435] 16.407530584 15.227567208  8.635321658  3.403135326  8.572938843  3.223487837  2.530597830
[442] 13.650056571 12.593940689 15.478283176  1.293600636  7.525583949  2.904978219 14.013593374
[449] 15.502021710  5.630777214  1.869055938  7.812466013  7.119651846 14.615836231 12.264990345
[456]  4.095504633 12.894682850  5.063215680  6.406616472  4.280674850  1.749132290  8.608674477
[463]  5.626568125  8.942322984  8.846388580  9.302752151  8.093025320  6.737871015 10.434808837
[470] 10.243190442  3.224320979  8.345142132  2.222366202  8.860358513  4.580039802  2.822021113
[477]  1.632903007  5.565461041  5.539677155  3.460134476  4.306344192  3.326919594  3.224970414
[484]  0.056968296 12.367563718  8.885938544  7.459694238  5.044904577 11.670956870 13.452203325
[491]  6.499820547  0.676564948  0.196528509  2.402072851 11.859309455  9.057495101  9.725297452
[498]  8.291067949 11.400760728  4.496839758 10.446889713  6.015389313  9.802035781  6.548161880
[505]  1.292110357  5.523493101 11.121725044  5.790396883  4.286317482  4.193379844  7.716341752
[512]  9.149706394  0.831517608 11.496127600  8.961635248  5.019717449  3.722450729  6.013863754
[519]  4.690109344  0.588182515  4.242609400 10.318075053  5.550031532 10.694732347  3.241269391
[526]  6.614557125  6.363240203  1.977158214 10.647119125  1.474830180  8.875722998  3.725173116
[533] 10.735927672  5.423970479  6.510654467  5.901237737  2.872727035  7.407565223  3.398362604
[540] 10.202698309  2.395724402  6.229704863  2.587479517  3.638079943  3.701577911  9.811564654
[547]  6.739855155  0.447007104  4.448406938  3.658636705  2.823234940  7.242021553  5.166177809
[554]  2.694144597  6.909383669  5.907872206  6.193997292  1.016631159  0.628147247  6.977106319
[561]  8.233985917  6.474033870  2.875194765  2.022280718  8.793087488  4.062707800  1.821224501
[568]  8.182445187  3.621842727  7.845494542  6.871446236  8.862442034  6.100014728  8.387745503
[575]  5.143942233  0.004199009  8.803974266  3.633434429  1.913419442  3.799813468  0.295718886
[582]  7.710730598  4.269117940  4.066537576  5.537106828  6.956472052  6.086554003  2.952357319
[589]  3.734059176  4.880542669  4.910675844  1.779195756  0.870985762  5.659338240  6.054723337
[596]  3.238029221  5.699358552  3.269258735  2.655442242  0.014536101  1.979797358  1.608734164
[603]  2.850382924  7.462251533  7.285558573  1.426171135  3.177028101  0.625489650  4.985449195
[610]  6.056047375  4.989100707  2.053550891  7.332844497  4.871263672  3.657187790  2.420949048
[617]  1.294419114  0.784916171  5.765616996  1.526898681  6.669966603  2.572325080  4.170899762
[624]  4.515923399  1.313933175  4.389882253  6.130267045  6.549392669  2.148254537  5.172105961
[631]  2.887953220  0.873313260  3.105149644  3.702096402  4.313968448  1.447480837  0.162344742
[638]  5.512439541  1.819415884  5.716328595  4.628185022  1.912179378  2.719419430  3.733763580
[645]  0.653508679  1.540091846  3.688989004  2.827287523  1.317202021  2.226501402  0.899920106
[652]  0.804054444  4.417747952  1.400841129  4.274080726  4.591824505  3.085175732  1.264369896
[659]  4.811429338  4.149574822  4.389124976  1.380002082  3.779648773  0.430138094  2.844023308
[666]  2.728955468  1.601180702  1.407496380  3.970070766  2.162295445  2.441344162  2.613880125
[673]  2.718000089  1.263378885  1.841473278  1.394614748  3.692552135  2.898983508  0.805686256
[680]  3.706825309  3.767325955  3.455019616  2.965715105  0.456022549  2.863657951  3.191969301
[687]  2.193949150  0.895799576  3.229752410  2.371006389  1.565318635  1.110671934  2.854372911
[694]  1.196714044  2.732002304  1.723048054  0.852884149  1.396267781  1.262395494  2.184850100
[701]  0.320150461  0.908724995  2.751398117  0.509468884  2.687557963  1.502043907  0.202629356
[708]  1.306555405  2.257438682  0.222302013  0.858827565  0.556552989  1.664608075  1.334672756
[715]  1.176158400  0.989410235  0.538224827  0.687723254  0.230142074  0.090784448

$PAR
  [1]  NA   1   1   1   1   1   2   2   2   2   7   7   7   7   7   7   7   3   3   3   3   3   3
 [24]   3   4   4  18  18   8   8   8   8   8   8   8   8   9   9   9   9   9  29  29  29  29  29
 [47]  29   5  37  37  37  37  37  37  37  27  27  27  11  11  11  11  49  49  12  12  12  12  12
 [70]  12  12  30  31  56  56  73  73  63  63  10  10  10  10  59  59  76  76  13  13  19  19  19
 [93]  38  42  42  42  42  42  94  94  94  94  94  94  39  39  80  80  80  80  80  65  65  65  65
[116]  65  65  75  75  75  48  48  48  48  48  48  50  50  50 118 118 118 118 118  95  95  20  20
[139]  20  20  66  66 121 121 121  28  28  28  28  25 119 119 119 119 122 122 151 151 112 112 150
[162]  32  32 143  22  22  22  22  22  14  14  40  40  40  40  60  60  26  26  26  26  26  26 130
[185] 120 120  99  99  99  99 170 170 170 170 170 170 176 176 176 107 107 137 137 137 137 137 187
[208] 156 156 156 156  52  52  77 191 191 171 171 171 178 178 178 178 178  64  64  64  64  64  64
[231] 208 208  81  78 202 202 202 202 202 231 233 233 144 225 225 225 225 225  57  57  45  45  45
[254] 249 249 249 203 203  91 212 212 192 184 214 214 214 263 263 263 263 108 108 108 108 234 127
[277]  67  67  67 220 215 215 215 213 213 213 213  34  34  34  58  58 260 260 260 271 188 188 188
[300] 188 272 272 272 272 250 250  46 189 189 189  23  23  23 221 221 221 235 235 235 235 216  96
[323]  96  96 301 301 301 109 109 185 145 145 145 145 302 302 174 174 174 174 174 251 307 307 307
[346] 307 307 110  68 217 217 217 217 146 146 330 330 133 262 303 236 243 243 243 243 237 317 244
[369] 200 296 296 337 366 366 366 366 366 314 314 226 226 226 180 180 373 373  79  79  79 154 154
[392] 154 387 147 281 297 297 362 362 362 362  16 284 284 136 136  47  47  47  47 114 114 358 358
[415] 358 227 227  61  61 331 331 331 331 374 374 374  87  87 264 360 360 360 350 148 166 166 256
[438] 256 356 356 356 175 159 361 370 383 383 367  35  35  35 378 265 193 193 193 420 149 328 328
[461] 328  97  97 407 201 375 252 252 349 405 405 436 436 348 348 282 282 345 402 402 311 311  36
[484]  36 395 395 363 363 285 448 434 306 228  53 177 177 490 304 266 266 433 433 457 457 457 443
[507] 455 430 430 430 222 384 384  85  85 495 495 408 408 408 489 258 205 499 499 342 102 102 507
[530] 218 291 291 223 223 321 321 321 524 529 259 409 325 501 431 298 323 352 352 277 277 403 414
[553] 414 414 253 253 416 310 310 466 167 393 393 393 194 194 194 335 320 195 195 515 515 421 421
[576] 531 474 474 474 465 283 577 294 381 245 439  24  24 574 404 498 242 242 568 346 376 354 354
[599] 347 347 182 570 329 286 286 286 389 389 604 487 425 538 324 324 324 427 427 427 613 605 339
[622] 339 552 453 555 287 571 547 340 621 364 280 526 396 491 562 562 527 341 587 587 411 610 502
[645] 536 157 597 450 523 638 300 168 553 458 224 516 611 611 591 274 590 590 641 641 391 391 355
[668] 368 635 635 481 116 655 655 521 510 456 584 584 566 410 669 589 680 647 550 544 377 432 432
[691] 432 480 412 412 438 438 596 689 483 447 678 631 685 685 196 392 392 643 248 671 276 415 592
[714] 698 445 694 117 593 645 704

$EXTANT
  [1] FALSE FALSE  TRUE FALSE FALSE FALSE  TRUE FALSE  TRUE  TRUE  TRUE  TRUE  TRUE FALSE FALSE
 [16]  TRUE  TRUE FALSE  TRUE FALSE FALSE  TRUE  TRUE  TRUE FALSE  TRUE FALSE FALSE  TRUE FALSE
 [31] FALSE  TRUE  TRUE  TRUE  TRUE  TRUE  TRUE FALSE FALSE FALSE FALSE FALSE FALSE  TRUE FALSE
 [46] FALSE  TRUE FALSE  TRUE  TRUE FALSE FALSE  TRUE FALSE FALSE FALSE FALSE FALSE  TRUE FALSE
 [61]  TRUE FALSE  TRUE FALSE  TRUE  TRUE  TRUE  TRUE  TRUE  TRUE  TRUE FALSE FALSE FALSE FALSE
 [76] FALSE FALSE  TRUE FALSE  TRUE FALSE  TRUE  TRUE FALSE  TRUE FALSE  TRUE FALSE FALSE FALSE
 [91] FALSE  TRUE FALSE  TRUE  TRUE FALSE  TRUE FALSE FALSE FALSE FALSE  TRUE  TRUE FALSE FALSE
[106] FALSE  TRUE  TRUE  TRUE  TRUE FALSE  TRUE FALSE  TRUE  TRUE  TRUE  TRUE  TRUE FALSE FALSE
[121] FALSE  TRUE FALSE  TRUE  TRUE  TRUE  TRUE  TRUE FALSE FALSE FALSE FALSE FALSE  TRUE  TRUE
[136]  TRUE  TRUE  TRUE FALSE FALSE FALSE FALSE FALSE FALSE  TRUE FALSE FALSE  TRUE  TRUE FALSE
[151]  TRUE FALSE FALSE  TRUE FALSE  TRUE  TRUE  TRUE FALSE  TRUE FALSE  TRUE  TRUE FALSE  TRUE
[166]  TRUE  TRUE  TRUE  TRUE  TRUE FALSE FALSE FALSE  TRUE FALSE  TRUE FALSE  TRUE FALSE FALSE
[181]  TRUE  TRUE  TRUE FALSE FALSE FALSE FALSE FALSE  TRUE FALSE FALSE FALSE  TRUE  TRUE  TRUE
[196]  TRUE FALSE  TRUE  TRUE FALSE  TRUE FALSE FALSE  TRUE  TRUE  TRUE FALSE  TRUE  TRUE FALSE
[211]  TRUE FALSE  TRUE FALSE  TRUE FALSE  TRUE FALSE FALSE  TRUE  TRUE  TRUE FALSE  TRUE  TRUE
[226]  TRUE  TRUE  TRUE FALSE FALSE FALSE FALSE  TRUE FALSE  TRUE  TRUE FALSE FALSE FALSE FALSE
[241]  TRUE  TRUE  TRUE  TRUE  TRUE  TRUE  TRUE FALSE FALSE FALSE FALSE  TRUE  TRUE FALSE FALSE
[256]  TRUE  TRUE  TRUE  TRUE  TRUE FALSE FALSE  TRUE FALSE  TRUE  TRUE FALSE  TRUE  TRUE  TRUE
[271]  TRUE FALSE FALSE FALSE FALSE  TRUE FALSE  TRUE  TRUE  TRUE FALSE FALSE  TRUE  TRUE FALSE
[286]  TRUE  TRUE  TRUE FALSE  TRUE  TRUE  TRUE  TRUE  TRUE  TRUE  TRUE  TRUE  TRUE  TRUE  TRUE
[301]  TRUE  TRUE FALSE  TRUE FALSE  TRUE  TRUE  TRUE FALSE  TRUE  TRUE  TRUE  TRUE FALSE FALSE
[316]  TRUE FALSE  TRUE  TRUE  TRUE  TRUE FALSE FALSE  TRUE  TRUE  TRUE FALSE  TRUE FALSE  TRUE
[331]  TRUE FALSE FALSE  TRUE FALSE  TRUE FALSE FALSE  TRUE  TRUE  TRUE  TRUE  TRUE FALSE  TRUE
[346] FALSE  TRUE  TRUE FALSE FALSE  TRUE  TRUE  TRUE  TRUE  TRUE  TRUE  TRUE  TRUE  TRUE  TRUE
[361] FALSE  TRUE FALSE  TRUE  TRUE  TRUE  TRUE  TRUE FALSE  TRUE  TRUE  TRUE  TRUE FALSE  TRUE
[376]  TRUE  TRUE  TRUE FALSE FALSE  TRUE  TRUE FALSE  TRUE  TRUE  TRUE  TRUE FALSE  TRUE  TRUE
[391]  TRUE  TRUE  TRUE  TRUE  TRUE  TRUE  TRUE FALSE  TRUE  TRUE  TRUE  TRUE  TRUE  TRUE  TRUE
[406] FALSE  TRUE  TRUE  TRUE  TRUE  TRUE  TRUE FALSE  TRUE  TRUE  TRUE  TRUE  TRUE  TRUE  TRUE
[421]  TRUE  TRUE  TRUE FALSE  TRUE FALSE  TRUE  TRUE FALSE  TRUE  TRUE  TRUE  TRUE  TRUE FALSE
[436]  TRUE  TRUE  TRUE FALSE  TRUE  TRUE  TRUE  TRUE FALSE  TRUE FALSE FALSE  TRUE FALSE  TRUE
[451]  TRUE  TRUE  TRUE FALSE  TRUE  TRUE  TRUE FALSE  TRUE FALSE  TRUE  TRUE  TRUE  TRUE  TRUE
[466] FALSE  TRUE  TRUE FALSE  TRUE FALSE  TRUE  TRUE  TRUE  TRUE FALSE  TRUE  TRUE  TRUE  TRUE
[481]  TRUE FALSE  TRUE  TRUE FALSE  TRUE  TRUE  TRUE  TRUE  TRUE  TRUE  TRUE  TRUE  TRUE  TRUE
[496] FALSE FALSE  TRUE  TRUE  TRUE  TRUE  TRUE FALSE  TRUE FALSE  TRUE  TRUE  TRUE  TRUE  TRUE
[511]  TRUE  TRUE  TRUE  TRUE FALSE FALSE FALSE FALSE  TRUE  TRUE  TRUE  TRUE  TRUE  TRUE FALSE
[526]  TRUE  TRUE  TRUE FALSE  TRUE  TRUE  TRUE FALSE  TRUE  TRUE  TRUE  TRUE FALSE FALSE  TRUE
[541]  TRUE FALSE  TRUE  TRUE  TRUE FALSE  TRUE  TRUE FALSE  TRUE FALSE  TRUE  TRUE  TRUE  TRUE
[556] FALSE FALSE  TRUE  TRUE  TRUE  TRUE  TRUE  TRUE  TRUE  TRUE  TRUE  TRUE  TRUE  TRUE  TRUE
[571]  TRUE  TRUE  TRUE  TRUE  TRUE  TRUE FALSE  TRUE  TRUE  TRUE  TRUE  TRUE  TRUE  TRUE  TRUE
[586]  TRUE  TRUE  TRUE  TRUE  TRUE  TRUE  TRUE  TRUE  TRUE  TRUE  TRUE  TRUE  TRUE  TRUE  TRUE
[601]  TRUE  TRUE  TRUE  TRUE  TRUE  TRUE  TRUE  TRUE  TRUE  TRUE  TRUE  TRUE FALSE FALSE  TRUE
[616] FALSE  TRUE  TRUE FALSE  TRUE  TRUE  TRUE  TRUE  TRUE  TRUE  TRUE  TRUE  TRUE  TRUE  TRUE
[631]  TRUE  TRUE  TRUE  TRUE  TRUE  TRUE  TRUE  TRUE  TRUE  TRUE  TRUE  TRUE  TRUE FALSE  TRUE
[646]  TRUE  TRUE FALSE FALSE  TRUE  TRUE  TRUE FALSE  TRUE  TRUE  TRUE  TRUE  TRUE FALSE  TRUE
[661]  TRUE  TRUE FALSE  TRUE  TRUE  TRUE  TRUE  TRUE  TRUE  TRUE  TRUE  TRUE  TRUE  TRUE  TRUE
[676]  TRUE  TRUE  TRUE  TRUE  TRUE  TRUE  TRUE  TRUE  TRUE  TRUE FALSE  TRUE  TRUE  TRUE  TRUE
[691] FALSE  TRUE  TRUE  TRUE  TRUE  TRUE  TRUE  TRUE  TRUE  TRUE  TRUE  TRUE  TRUE  TRUE  TRUE
[706]  TRUE  TRUE  TRUE  TRUE  TRUE  TRUE  TRUE FALSE  TRUE  TRUE  TRUE  TRUE  TRUE  TRUE  TRUE

