
Birth-death simulation object with 663 species and 500 extant species

Details for some species:

Extinction times (NA means extant)
[1] 33.12060 57.73584 40.57712 30.02988 33.63990 17.48872


Speciation times 
[1] 61.39326 61.18077 58.77191 57.89461 46.88548 37.19279


Species parents (NA for initial)
[1] NA  1  1  1  1  1


Species status (extinct or extant)
[1] "extinct" "extinct" "extinct" "extinct" "extinct" "extinct"


For more details on vector y, try sim$y, with y one of
TE TS PAR EXTANT



$TE
  [1] 33.12059762 57.73583601 40.57712097 30.02988043 33.63990366 17.48871685 37.77583237
  [8]          NA 13.24025387 11.11193893 30.88538105 48.12686125 28.56019832 43.39138359
 [15] 17.12886322          NA 37.05577109          NA 23.59035606          NA 16.22704153
 [22] 30.22731933 25.75423089 10.54888365          NA          NA          NA          NA
 [29] 39.74693110 23.38184322          NA 36.80694309          NA  6.94775593          NA
 [36]          NA 15.06767203          NA          NA          NA 32.85995051          NA
 [43]          NA  3.27569115          NA          NA          NA  3.07509137          NA
 [50]          NA          NA          NA          NA 13.23634806          NA 19.32379643
 [57]  0.91757725  0.84501336          NA          NA          NA          NA          NA
 [64]          NA 27.64264130          NA          NA 19.11497484 15.87500485          NA
 [71]          NA          NA 17.65751687          NA 20.79877686          NA          NA
 [78]          NA          NA          NA 13.86573019          NA 33.29934458  8.81559035
 [85] 27.17296966  3.42835277 13.48573658          NA          NA          NA 14.46546190
 [92]          NA 14.01932815 27.07947469          NA 28.27000555          NA          NA
 [99]          NA          NA 11.74363022  5.46871807          NA  9.52770910          NA
[106]  4.27195598          NA          NA          NA          NA 11.72780724          NA
[113]          NA  2.78633466          NA  2.06514524 11.52365039          NA          NA
[120]          NA 11.29443903  8.35358581          NA          NA 22.54751755          NA
[127]  0.35623849          NA          NA          NA  4.18406425  7.62801620  6.81116230
[134] 19.06607656          NA 10.20720983          NA          NA 15.11810016          NA
[141] 10.30241870 14.84298032          NA 15.68436801          NA          NA  1.80997414
[148]          NA          NA  0.73807342          NA          NA          NA 18.54624578
[155]          NA          NA          NA          NA  9.59776203          NA          NA
[162]          NA          NA          NA          NA  3.49451974 13.18009490 17.66018374
[169]          NA          NA  4.81342191          NA          NA          NA          NA
[176]          NA 13.59377421  8.48841926          NA 11.34610246          NA          NA
[183]          NA  0.10068378          NA          NA          NA  6.43610607  6.69176436
[190]  0.52365147          NA          NA          NA          NA          NA          NA
[197]          NA          NA  4.18827050          NA  3.39962473          NA          NA
[204]  0.33646379          NA  6.88347911          NA          NA          NA 22.35220552
[211]          NA 21.47460679          NA  9.56252305 19.90638997          NA          NA
[218]          NA          NA          NA          NA          NA          NA          NA
[225]  2.38007877          NA          NA          NA          NA  1.09821062          NA
[232] 16.25031260          NA          NA          NA          NA          NA 12.52949961
[239]          NA 21.79062794  5.79934639          NA  1.06106151          NA          NA
[246]          NA          NA  3.36619672          NA          NA          NA  0.98304622
[253] 18.46587330          NA          NA          NA          NA          NA          NA
[260]  9.01665774          NA          NA          NA  3.89480322  3.67246271          NA
[267]          NA          NA          NA          NA          NA          NA          NA
[274]          NA          NA          NA          NA          NA          NA          NA
[281]          NA  6.81359859          NA          NA 12.49409068 16.53520382  9.98144913
[288]  3.00971996          NA          NA 10.27752091          NA          NA          NA
[295]          NA          NA  0.57432147          NA          NA  8.62079201          NA
[302]          NA          NA          NA          NA          NA  2.37807827          NA
[309]  7.52897502 16.34118255          NA          NA          NA  2.87919594          NA
[316]          NA          NA          NA          NA          NA          NA          NA
[323]  7.21707914          NA          NA  8.38132153          NA          NA  2.75379084
[330]          NA          NA          NA          NA          NA          NA          NA
[337]          NA          NA          NA          NA  2.95538750          NA          NA
[344]          NA          NA  9.83613435          NA          NA          NA  1.07640425
[351]          NA          NA          NA          NA  1.72796040          NA          NA
[358]  0.93864259          NA 12.45679586          NA          NA          NA          NA
[365]          NA          NA          NA          NA          NA  5.80137193          NA
[372]          NA          NA          NA  3.26624317          NA          NA  3.05442763
[379]          NA          NA          NA          NA 11.82685072          NA          NA
[386]          NA          NA  9.27704041          NA          NA          NA          NA
[393]  4.41356889          NA          NA          NA          NA          NA          NA
[400]          NA          NA          NA          NA          NA          NA  0.70824098
[407]  4.81601664          NA          NA          NA          NA          NA          NA
[414]          NA          NA          NA  0.55142677          NA          NA          NA
[421]          NA          NA  2.34735099          NA          NA  1.17579986          NA
[428]          NA          NA          NA          NA  0.27348161          NA          NA
[435]  8.12204487          NA          NA          NA  0.79347360          NA  3.24436198
[442]          NA  2.78145025          NA          NA          NA          NA          NA
[449]          NA  1.84028252          NA          NA          NA          NA          NA
[456]          NA          NA          NA          NA          NA          NA          NA
[463]          NA          NA          NA          NA          NA          NA          NA
[470]          NA  1.38293654          NA          NA  5.19159450          NA          NA
[477]          NA          NA          NA          NA  5.98765876          NA          NA
[484]  2.38922844          NA          NA          NA          NA  8.69928680          NA
[491]          NA          NA  6.35644600          NA          NA  0.26907976          NA
[498]          NA          NA          NA          NA          NA          NA          NA
[505]          NA          NA          NA          NA          NA  2.31091769          NA
[512]          NA          NA          NA          NA          NA          NA          NA
[519]          NA  6.57440797  1.53014227          NA          NA          NA          NA
[526]          NA          NA          NA          NA  0.06376893          NA          NA
[533]          NA          NA          NA          NA          NA          NA          NA
[540]  3.39498251          NA          NA          NA          NA          NA  1.48909649
[547]          NA          NA          NA          NA          NA          NA  0.89199638
[554]          NA  3.80794039          NA          NA          NA          NA  1.50234562
[561]          NA          NA          NA          NA          NA          NA          NA
[568]          NA          NA          NA          NA          NA          NA          NA
[575]          NA          NA          NA          NA          NA          NA          NA
[582]          NA          NA          NA  0.35002442          NA          NA          NA
[589]          NA          NA          NA          NA          NA          NA          NA
[596]          NA  5.19836718          NA          NA          NA          NA          NA
[603]  5.45517990  1.41198140          NA          NA          NA          NA          NA
[610]          NA  1.69451653          NA          NA          NA          NA          NA
[617]          NA          NA          NA          NA          NA          NA          NA
[624]          NA          NA          NA          NA          NA          NA          NA
[631]          NA          NA          NA          NA          NA          NA          NA
[638]          NA          NA          NA          NA          NA          NA          NA
[645]          NA          NA          NA          NA          NA          NA          NA
[652]          NA          NA          NA          NA          NA          NA          NA
[659]          NA          NA          NA          NA          NA

$TS
  [1] 61.39326422 61.18077180 58.77191458 57.89460628 46.88547649 37.19279061 56.47519593
  [8] 43.15106118 52.45170254 52.42564030 56.28066021 53.49228062 37.98487575 56.23018581
 [15] 37.05447210 35.54539369 50.78805823 43.66948457 28.77216116 27.58236325 47.66679282
 [22] 42.93705911 37.57752877 36.41886300 20.67450862 18.91687688 13.77392469 11.71167992
 [29] 49.16714300 42.99353826 44.02244343 42.33007917 36.25832637 28.93506292 21.91691792
 [36] 18.47964934 16.55244206 38.92655024 37.79915040 36.06818152 35.56088392 43.56524303
 [43] 23.50394983  5.45640977 42.38601984 24.25156138 17.75542303 14.67243099  2.95869065
 [50]  2.13937438 17.64296995 14.12554661  6.41322891 42.98642415 36.59702438 21.12231732
 [57] 18.47359686 12.84091099 30.65424953 27.82328033 17.86995912 13.88404649 40.59644929
 [64] 35.00246584 30.65840388 29.69396213 27.78254222 23.41179606 19.91760265 17.67127610
 [71] 12.92338863  8.30734833 37.12861016 31.83104767 29.88093385 27.88161626 24.34912039
 [78] 15.52552164  0.81508029 36.77433933 29.91195758 25.09737206 36.38723209 32.35779861
 [85] 35.62654103 25.76687563 23.42387538 19.32309971 24.79861599 20.21448359 33.63569028
 [92]  3.04788406 36.10027066 33.92408495 33.60752833 30.26572178 12.57903569 30.90751887
 [99] 24.22994106 15.35795445 14.34398525 35.03338743 28.48676461 15.55360086 14.89612282
[106] 12.56287749 26.90652064 26.75357994 17.91830598  4.81436139 32.41905359 27.63368455
[113] 35.02681428 25.50775057 13.64623014 24.11555969 20.18248484 17.09815770  8.47951809
[120]  5.57743995 16.74108868 16.23151632 15.31425756 12.55930555 30.18700114 18.85594266
[127] 26.02399136 16.61993894 26.80256470 25.53144028 10.97567991  9.75158666 30.16706761
[134] 26.16943917 21.72709368 18.50494824 17.84706274 15.55240542 32.10527768 10.88776308
[141] 29.03417389 16.15220603 30.34858790 25.02335681 23.83591096 23.08322147  6.39275545
[148] 29.99192168 29.85973308 22.52454140 14.72779752  3.37317760  0.24818703 29.62193531
[155]  4.94586579 13.52770564 12.79376956  1.54924166 27.82545693 26.60518374 13.33043750
[162] 11.37397340 27.54676799 25.16062042 19.64073160 16.93776305 25.23140933 25.22294350
[169]  4.26832445 25.83850499 19.04834758 24.81510647 19.10511930 19.06654460 14.38687255
[176] 11.61781822 23.96751180 18.71073294 15.56443415 13.64720950 12.16136547  9.97864206
[183]  8.58926216  5.43400152  2.44650771  0.98104796  0.17253560 17.78412817 12.88955596
[190]  5.74169443  4.91621442  0.06713175 25.76282277 25.38116676 11.75271174  0.54363956
[197]  9.35542530 16.70025674  8.52211854 25.25926195 22.06119025 11.98186986  8.27655261
[204] 24.51728574 22.56795945 12.35112818 10.74539699  8.11182029  6.14576260 26.13899531
[211] 10.79628134 24.17688988 19.03418203 20.29960189 20.78524594 12.99778418  9.28090804
[218] 14.94616972  4.98027326 21.63332648 21.06901706  9.79558081 21.91265916 17.02735095
[225] 10.01969799 18.26052059 17.45476280 11.52648779  8.40485887  7.21941764  5.90964157
[232] 25.06344164 15.79083679  6.98307917  4.27679605 24.56292102 19.96227646 18.38097749
[239]  2.38029816 22.19260983 21.49732359 19.62258849 19.43703955 14.62714816 11.39474203
[246]  1.81471776 24.92199027 17.28341147 16.90549972 17.00683467 21.50329523 20.62098723
[253] 20.28683266  9.43753234  4.97155713 21.59146452 18.68690129 14.36502013 12.14837469
[260] 12.08654298 11.86408765 21.83091424 23.76129561 12.09099699  4.55098747  9.59837903
[267] 10.56756565  6.64813600  5.24768873 16.85766258 16.85652170 19.06959776 15.40355597
[274] 15.28812865 15.22543361  3.73581578 15.44841449 10.67489589  5.83895456  2.68227194
[281]  2.62926152 20.04023404 12.26874585 11.17593554 19.30563766 16.64155571 15.14536620
[288]  3.90308727 12.80168861  1.36429868 18.43827238 17.31624599  1.24120298 12.72899361
[295]  3.46083615  0.67345675 20.00443420  8.74777363 13.43615094 11.72776872  7.97537513
[302] 10.67959254 15.84371159  8.27812778  3.71099469 16.33422450 13.84099052  3.46587612
[309]  8.03544419 18.42073018 16.86872487 14.36291574  7.30859783  6.97569190  5.64407324
[316]  3.71748232 14.74438948  9.78861491  8.48818343 15.31734720 14.46409922 11.61662742
[323] 14.74420355  8.52115627 18.31582598 15.76078568 18.17884667 13.44569323  9.47440811
[330]  9.43938667  6.91144148  6.83604420  0.04236031 17.24215921 16.57162457 12.90098266
[337] 15.00714277 10.93912322  4.45598469 11.06340613 11.04755358  2.74048901  0.03907962
[344] 11.61986504  1.61967508 12.84129665 12.72663739 12.26590503  6.30346413  6.26512158
[351]  5.84849116  3.75296700 13.42979381  8.34397249  7.10421037  3.32400439  0.48157956
[358]  8.48598921  0.54387197 16.48269508  1.60056380 15.62663927 13.32776361 12.66861188
[365]  8.78433479 14.03981837 12.60340275  8.66417165 12.28725394 13.54512494  6.02714688
[372]  3.41482352  0.60499902 10.73823436 10.34782872  8.84089476 16.10304041 15.69366212
[379]  5.69346679  9.02386100 11.96782679 16.55852078 12.31370238  9.78424299 14.75955400
[386]  3.07679850 13.68279339 11.60782586  6.91993852  6.21127620  4.58223425 10.28622470
[393]  8.19769828 14.70824257 14.63970015  5.93923908 14.18304774  4.79251530 10.80576443
[400]  6.39405556 10.48288161  3.98750838  7.25722762 11.66096502  4.76102261 11.05843869
[407] 10.99704489  2.93073184 12.09010382  9.47073485  5.12092047 12.99870079 10.45870253
[414]  6.07702769  2.95545372  6.82621650  5.22977914  1.67750941  0.30975396 11.64980163
[421]  5.44082860 12.20059497  5.88656477 11.55111951 13.43505196  8.08275267  6.65485283
[428]  0.57542902 11.76517665  9.16217443  7.41958817  7.40379481  9.70356088  3.29695487
[435]  8.43654161  0.19059280  4.96050242  0.24744448 11.10549150  8.86063446  3.56309864
[442]  2.12934989  7.91874641 13.50551539 11.68163526 13.05182347  7.19892094  4.77300449
[449] 10.74592304 10.55330777 10.24248351  6.22346797  2.70755346 10.81268794  7.73274125
[456]  7.15876221  4.35931098  8.85190364  6.99776849  6.12563599  9.67056940  9.37363757
[463]  5.97411720  4.31121388  4.28715595  1.12971505  3.38415731  0.16047834  6.11720755
[470]  8.80885984  6.88526336  3.24653077  7.80396795 11.55598645  6.24341435  3.49816355
[477] 10.77767147  6.03846140  6.68445625  4.66271284  8.35368934  5.36045820  0.10354449
[484] 11.98224990  1.30456374  5.83573266  1.32760189  9.24557611  9.01732405  4.71268006
[491]  6.26539588  5.17965221  8.24754533  0.19086521  9.58315549  8.80476984  2.85982519
[498]  1.68997971  8.46136515  8.37625273  2.49487092  9.73380128  9.21541942 10.55892079
[505]  1.03950601  9.17218903  8.06264247  1.04310482  3.94668965  7.73615885 10.90643830
[512]  6.72405254  9.03925933  5.49778749  1.51203261  3.22808572  2.24026537  2.04305338
[519]  0.81280062  9.14693172  4.35643591  1.73573198  0.71119113  1.87104413  0.45578289
[526]  9.33469907  6.20697426  2.38304104  1.55328448  4.80917927  4.09853161  0.44177952
[533]  6.42003501  3.15011259  2.82034804  2.23444966  9.63230614  0.77766434  9.00578718
[540]  8.81035704  6.94725988  2.50140718  4.46251508  2.60241714  6.78830357  6.75311159
[547]  8.98216462  6.89334254  8.87710284  4.76280152  7.08262337  5.71509602  4.31028641
[554]  0.17920185  6.62869160  3.69851187  8.43891688  6.81763450  3.24001032  5.81275620
[561]  5.02937391  4.80171237  2.07378861  4.29557612  5.82192503  1.89332722  6.81404146
[568]  2.47052737  0.29044423  0.13137423  5.29182352  2.80599592  4.10220180  0.31410623
[575]  1.38954830  4.33888872  6.51155068  6.73991943  3.08772293  3.54726701  4.56602415
[582]  1.15372079  3.00891257  0.45496689  1.53848000  5.84987281  2.72472469  4.62271903
[589]  3.35336517  5.61476377  0.55610148  5.49923400  0.08991611  3.23438251  5.67639021
[596]  3.20868484  5.32876464  2.99306515  1.99749701  5.17084722  2.06652645  1.40242031
[603]  5.58606104  1.44984062  5.59109075  1.56596846  0.64216077  4.89797597  0.30613572
[610]  1.44198363  2.54283863  3.69186294  3.23091304  4.15793990  3.19849951  3.75960175
[617]  2.73557862  3.85761172  1.51941368  2.90387562  0.45598700  3.27957671  0.95674385
[624]  1.28067048  0.90378450  3.56250586  3.31214245  0.44809895  3.27564149  2.78007472
[631]  2.31789374  1.05300525  0.02710318  0.17447553  0.75005208  0.58696986  0.60712912
[638]  1.51793427  0.65675561  0.44514922  1.42304623  2.20241046  2.62846264  1.45376152
[645]  2.09377807  1.76001984  0.89148957  0.04508376  1.30046919  0.53903013  0.72259278
[652]  0.57503645  1.71769925  1.06728932  0.70266245  0.07621942  1.25361548  0.32808398
[659]  0.14229666  0.79663871  1.11064993  0.13576641  0.12183058

$PAR
  [1]  NA   1   1   1   1   1   3   3   4   4   7   7   7  11  11  11  14   9   9   9  10  10  10
 [24]  10  10  10  10  10  17  17  29  29  21  21  21  21  21   5   5   5   5  31  31  31  18  18
 [47]  18  18  18  18  42  42  42   8   8   8   8   8  54  54  54  54  22  22  45  45  45  45  45
 [70]  45  45  45  63  63  63  63  63  63  38  13  39  39  23  23   6   6   6   6  73  73  15  80
 [93]  55  55  55  55  55  24  24  24  24  33  33  33  33  33  93  93  93  40  85  85  16  16  16
[116] 102 102 102 102 102 113 113 113 113  64  64  91  91  95  95  95  95 111 111 111 111 111 111
[139]  84  84 139 139  74  74  74  74  74  98  98  98  98  98  98  59  59 143 143 143 125 125 133
[162] 148  81  81 149 149  66  66  66 154 141  34  34  34  34  34 103 103 103 103 103 103 103 103
[185] 103 103 103  76  76  76  76  76 159  60  67  67 112  20  20 163 163 163 163 107 129 129 129
[208] 129 129 108 108 160 160 134 127 170 170  86  86 193 193 193 130 130 130 114 114 114 114 114
[231] 114 194 194 194 194 200 200 200 164  82  82  82  82  82  82  82 232 144 144 172  89  89  89
[254]  89  89 236 236 204 204  77  77  46  99 116 116 145 263 263 263  43  43  87 146 146 146 146
[277] 205 205 205 150 150 201 201 201  35  35  35  35 223 220 256 256 256 251 251  25 252 252  90
[300]  90 282 297 237 237 165 242 242 243  88 285 285 173 174 174 174 174 171 171 171  26 126 126
[323] 257 257 136 136  36  36  36  36  36  36  36  57  57 238 226 226 226 109  61  61  61 137 137
[346]  47  47  47  47  47  47  70  51  51  51  51  51 227 227 292 292 248 248 248 248 118 118 118
[369] 224 250 250 250 250 166 166 249 311 311 311 270 271 286 128 335 382 382 360 306 306 306 377
[392] 303 303 233 326 378 362 362 179 179 138 138  78 273 273 320 320 320 123 123 123 275 275 275
[415] 275 337 218 218 218 385 317 151 394  48 395 395 395 244 321 321 321 321 175 175 258 258 312
[438] 312 397 397 397 366  62 387 387 180 115 115 156 156 156 156 156 444 328 425 425 353 353 353
[461] 161 161 363 412 412 412  71  71 336  58  58  58 289 294 294 294  97 106 124 124 206 283 283
[484] 348 348 259 259 264 264 484 202 381 429  28 445 445 404 404 344 344 344 388 474 424 228 245
[507] 162 162 284 439 340 340 406 131 211 477 477 207 374 302 302 278 278 267 267 504 504 413 413
[530] 392 392 392 451 225 182 182 318 318 384 132 502 502 433 433 266 266 410 410 330 330 462 462
[553] 430 430 539 539 549 549 458 470 496 365 298 324 119 119 499 557 557 557  72 507 443 431 432
[576] 313 403 447 456 551 459 459 389 331 332 545 578 512 479 533  53 349 491 390 469 469 478 463
[599] 231 586 586 279 190 379 315 421 184 482 561 219 255 191 448 480 480 391 581 543 543 576 576
[622] 465 465 402 402 288 288 612 308 152 356 356 356 627 622 594 579  92  92  49 415 408 572 572
[645] 542 542 542 568 631 631 645 246 646 158 638 644 641 641 657 293 582 661 428

$EXTANT
  [1] FALSE FALSE FALSE FALSE FALSE FALSE FALSE  TRUE FALSE FALSE FALSE FALSE FALSE FALSE FALSE
 [16]  TRUE FALSE  TRUE FALSE  TRUE FALSE FALSE FALSE FALSE  TRUE  TRUE  TRUE  TRUE FALSE FALSE
 [31]  TRUE FALSE  TRUE FALSE  TRUE  TRUE FALSE  TRUE  TRUE  TRUE FALSE  TRUE  TRUE FALSE  TRUE
 [46]  TRUE  TRUE FALSE  TRUE  TRUE  TRUE  TRUE  TRUE FALSE  TRUE FALSE FALSE FALSE  TRUE  TRUE
 [61]  TRUE  TRUE  TRUE  TRUE FALSE  TRUE  TRUE FALSE FALSE  TRUE  TRUE  TRUE FALSE  TRUE FALSE
 [76]  TRUE  TRUE  TRUE  TRUE  TRUE FALSE  TRUE FALSE FALSE FALSE FALSE FALSE  TRUE  TRUE  TRUE
 [91] FALSE  TRUE FALSE FALSE  TRUE FALSE  TRUE  TRUE  TRUE  TRUE FALSE FALSE  TRUE FALSE  TRUE
[106] FALSE  TRUE  TRUE  TRUE  TRUE FALSE  TRUE  TRUE FALSE  TRUE FALSE FALSE  TRUE  TRUE  TRUE
[121] FALSE FALSE  TRUE  TRUE FALSE  TRUE FALSE  TRUE  TRUE  TRUE FALSE FALSE FALSE FALSE  TRUE
[136] FALSE  TRUE  TRUE FALSE  TRUE FALSE FALSE  TRUE FALSE  TRUE  TRUE FALSE  TRUE  TRUE FALSE
[151]  TRUE  TRUE  TRUE FALSE  TRUE  TRUE  TRUE  TRUE FALSE  TRUE  TRUE  TRUE  TRUE  TRUE  TRUE
[166] FALSE FALSE FALSE  TRUE  TRUE FALSE  TRUE  TRUE  TRUE  TRUE  TRUE FALSE FALSE  TRUE FALSE
[181]  TRUE  TRUE  TRUE FALSE  TRUE  TRUE  TRUE FALSE FALSE FALSE  TRUE  TRUE  TRUE  TRUE  TRUE
[196]  TRUE  TRUE  TRUE FALSE  TRUE FALSE  TRUE  TRUE FALSE  TRUE FALSE  TRUE  TRUE  TRUE FALSE
[211]  TRUE FALSE  TRUE FALSE FALSE  TRUE  TRUE  TRUE  TRUE  TRUE  TRUE  TRUE  TRUE  TRUE FALSE
[226]  TRUE  TRUE  TRUE  TRUE FALSE  TRUE FALSE  TRUE  TRUE  TRUE  TRUE  TRUE FALSE  TRUE FALSE
[241] FALSE  TRUE FALSE  TRUE  TRUE  TRUE  TRUE FALSE  TRUE  TRUE  TRUE FALSE FALSE  TRUE  TRUE
[256]  TRUE  TRUE  TRUE  TRUE FALSE  TRUE  TRUE  TRUE FALSE FALSE  TRUE  TRUE  TRUE  TRUE  TRUE
[271]  TRUE  TRUE  TRUE  TRUE  TRUE  TRUE  TRUE  TRUE  TRUE  TRUE  TRUE FALSE  TRUE  TRUE FALSE
[286] FALSE FALSE FALSE  TRUE  TRUE FALSE  TRUE  TRUE  TRUE  TRUE  TRUE FALSE  TRUE  TRUE FALSE
[301]  TRUE  TRUE  TRUE  TRUE  TRUE  TRUE FALSE  TRUE FALSE FALSE  TRUE  TRUE  TRUE FALSE  TRUE
[316]  TRUE  TRUE  TRUE  TRUE  TRUE  TRUE  TRUE FALSE  TRUE  TRUE FALSE  TRUE  TRUE FALSE  TRUE
[331]  TRUE  TRUE  TRUE  TRUE  TRUE  TRUE  TRUE  TRUE  TRUE  TRUE FALSE  TRUE  TRUE  TRUE  TRUE
[346] FALSE  TRUE  TRUE  TRUE FALSE  TRUE  TRUE  TRUE  TRUE FALSE  TRUE  TRUE FALSE  TRUE FALSE
[361]  TRUE  TRUE  TRUE  TRUE  TRUE  TRUE  TRUE  TRUE  TRUE FALSE  TRUE  TRUE  TRUE  TRUE FALSE
[376]  TRUE  TRUE FALSE  TRUE  TRUE  TRUE  TRUE FALSE  TRUE  TRUE  TRUE  TRUE FALSE  TRUE  TRUE
[391]  TRUE  TRUE FALSE  TRUE  TRUE  TRUE  TRUE  TRUE  TRUE  TRUE  TRUE  TRUE  TRUE  TRUE  TRUE
[406] FALSE FALSE  TRUE  TRUE  TRUE  TRUE  TRUE  TRUE  TRUE  TRUE  TRUE FALSE  TRUE  TRUE  TRUE
[421]  TRUE  TRUE FALSE  TRUE  TRUE FALSE  TRUE  TRUE  TRUE  TRUE  TRUE FALSE  TRUE  TRUE FALSE
[436]  TRUE  TRUE  TRUE FALSE  TRUE FALSE  TRUE FALSE  TRUE  TRUE  TRUE  TRUE  TRUE  TRUE FALSE
[451]  TRUE  TRUE  TRUE  TRUE  TRUE  TRUE  TRUE  TRUE  TRUE  TRUE  TRUE  TRUE  TRUE  TRUE  TRUE
[466]  TRUE  TRUE  TRUE  TRUE  TRUE FALSE  TRUE  TRUE FALSE  TRUE  TRUE  TRUE  TRUE  TRUE  TRUE
[481] FALSE  TRUE  TRUE FALSE  TRUE  TRUE  TRUE  TRUE FALSE  TRUE  TRUE  TRUE FALSE  TRUE  TRUE
[496] FALSE  TRUE  TRUE  TRUE  TRUE  TRUE  TRUE  TRUE  TRUE  TRUE  TRUE  TRUE  TRUE  TRUE FALSE
[511]  TRUE  TRUE  TRUE  TRUE  TRUE  TRUE  TRUE  TRUE  TRUE FALSE FALSE  TRUE  TRUE  TRUE  TRUE
[526]  TRUE  TRUE  TRUE  TRUE FALSE  TRUE  TRUE  TRUE  TRUE  TRUE  TRUE  TRUE  TRUE  TRUE FALSE
[541]  TRUE  TRUE  TRUE  TRUE  TRUE FALSE  TRUE  TRUE  TRUE  TRUE  TRUE  TRUE FALSE  TRUE FALSE
[556]  TRUE  TRUE  TRUE  TRUE FALSE  TRUE  TRUE  TRUE  TRUE  TRUE  TRUE  TRUE  TRUE  TRUE  TRUE
[571]  TRUE  TRUE  TRUE  TRUE  TRUE  TRUE  TRUE  TRUE  TRUE  TRUE  TRUE  TRUE  TRUE  TRUE FALSE
[586]  TRUE  TRUE  TRUE  TRUE  TRUE  TRUE  TRUE  TRUE  TRUE  TRUE  TRUE FALSE  TRUE  TRUE  TRUE
[601]  TRUE  TRUE FALSE FALSE  TRUE  TRUE  TRUE  TRUE  TRUE  TRUE FALSE  TRUE  TRUE  TRUE  TRUE
[616]  TRUE  TRUE  TRUE  TRUE  TRUE  TRUE  TRUE  TRUE  TRUE  TRUE  TRUE  TRUE  TRUE  TRUE  TRUE
[631]  TRUE  TRUE  TRUE  TRUE  TRUE  TRUE  TRUE  TRUE  TRUE  TRUE  TRUE  TRUE  TRUE  TRUE  TRUE
[646]  TRUE  TRUE  TRUE  TRUE  TRUE  TRUE  TRUE  TRUE  TRUE  TRUE  TRUE  TRUE  TRUE  TRUE  TRUE
[661]  TRUE  TRUE  TRUE

