
Birth-death simulation object with 717 species and 500 extant species

Details for some species:

Extinction times (NA means extant)
[1]  83.69416 102.69995 104.78882  49.70014  50.16114  68.14141


Speciation times 
[1] 124.46249 112.52676 110.96472 102.79392 100.07545  86.41279


Species parents (NA for initial)
[1] NA  1  1  1  1  1


Species status (extinct or extant)
[1] "extinct" "extinct" "extinct" "extinct" "extinct" "extinct"


For more details on vector y, try sim$y, with y one of
TE TS PAR EXTANT



$TE
  [1]  83.69416194 102.69994719 104.78881926  49.70013842  50.16113726  68.14140504  35.45890256
  [8]  42.04888968           NA  36.20341486  35.95280287  58.52277641  54.51165619  27.03664473
 [15]  49.52160824  73.52184605  51.21282044  35.72953028  62.19831218  57.10793034  71.04058119
 [22]  53.06557735  54.04345836           NA           NA  35.58754339  54.85270869  61.38571203
 [29]  41.33827947  66.03069762   3.63065686  30.16197562  12.32690318           NA  19.03936898
 [36]  60.44794361  53.39410536           NA  36.09330039  31.18848821           NA           NA
 [43]           NA           NA  48.87047366  42.01509040           NA  45.17533653           NA
 [50]   3.81797135  25.49381576  17.87228902           NA   2.59618110  20.86017157  20.82186544
 [57]  36.56395802  12.74341894  17.37302076  22.61153187   2.79942445           NA   9.01399395
 [64]           NA           NA  34.14542772   3.94937408           NA           NA  51.84361486
 [71]           NA           NA   2.51394347  23.73260393           NA           NA           NA
 [78]   0.05674853  17.00307894  22.90261568           NA           NA           NA           NA
 [85]           NA   2.67663877           NA           NA  16.98814663           NA           NA
 [92]   0.85692355  37.96636323           NA           NA   3.75152428   7.60846715   8.34372214
 [99]   8.99045512           NA   7.34272115           NA  15.51848363           NA  13.69881415
[106]  23.37046520  27.04449907           NA   9.25539968           NA  12.55025624           NA
[113]           NA           NA   6.85957528   8.49418461           NA           NA  22.05428428
[120]           NA  31.59595963   6.11301058  38.73801132   9.14875069           NA           NA
[127]  10.90954093           NA           NA           NA   8.46833733           NA  20.68284318
[134]           NA   0.83003235           NA  20.73934831  18.13290020           NA  16.16382971
[141]  13.78132680  10.24002356   6.42049935  24.74552241  10.38924608  12.17170798  19.78630069
[148]           NA           NA           NA           NA           NA  31.60257714           NA
[155]           NA   7.01199533  23.12619604  14.94232402  13.31747843           NA  14.87222675
[162]  20.75798655  12.46719141  10.97585094           NA           NA           NA           NA
[169]           NA           NA           NA   5.85747301           NA           NA  17.72595155
[176]           NA   0.42314811           NA           NA           NA           NA  12.56911670
[183]           NA           NA           NA  18.48013107           NA           NA           NA
[190]           NA   9.88091166   9.47248801   0.12946700           NA           NA  15.13586747
[197]  10.67494651   4.82072575           NA   7.61978525  20.78038580           NA  15.64174240
[204]           NA   0.66797928   0.52773127           NA           NA  12.05625170   8.64332431
[211]           NA   7.14517788           NA  17.59807300   5.82267682   6.14110090           NA
[218]           NA           NA   9.46058531           NA   8.90595662  10.70440400  20.12770678
[225]           NA   5.62423071           NA   1.36889405           NA           NA           NA
[232]   6.72385466           NA           NA           NA   6.29184974           NA   9.12650797
[239]           NA  12.92297886           NA           NA   9.89451292           NA  21.06589625
[246]           NA           NA           NA   9.81730475   0.42018342           NA           NA
[253]           NA           NA           NA           NA   5.49473706           NA           NA
[260]  15.01296738           NA           NA           NA           NA   7.46631462   5.93093534
[267]           NA  13.97623684           NA           NA           NA           NA           NA
[274]           NA   5.17228475           NA           NA           NA           NA           NA
[281]           NA           NA  14.03618810           NA           NA           NA           NA
[288]           NA           NA   9.51080889           NA   0.75727532           NA           NA
[295]   7.53442224           NA           NA   4.27927951           NA           NA           NA
[302]           NA   4.26893221           NA           NA  13.29583310           NA  13.89461856
[309]   2.10872088           NA           NA           NA           NA           NA           NA
[316]  14.25439637           NA           NA   5.75361839   5.78142835           NA           NA
[323]   3.67878734           NA           NA   1.24429888           NA           NA   7.95912237
[330]           NA           NA           NA           NA           NA  10.77019961           NA
[337]           NA   5.99363298           NA           NA   8.66924255           NA           NA
[344]           NA           NA           NA           NA   1.57914285           NA           NA
[351]           NA           NA           NA           NA  13.91961590   4.14405708           NA
[358]           NA  11.34584707           NA           NA           NA           NA   6.01967744
[365]           NA           NA           NA           NA   5.07574174           NA   6.35839678
[372]           NA   8.71886867           NA           NA  15.51634246           NA   3.94633483
[379]   5.60692943   1.72295934   7.39047042           NA           NA   6.85121736           NA
[386]           NA           NA           NA           NA           NA           NA           NA
[393]           NA           NA           NA           NA           NA           NA           NA
[400]  11.67195911  11.42681344           NA           NA           NA           NA           NA
[407]           NA           NA           NA           NA   7.25135180   7.62193315           NA
[414]           NA           NA           NA  11.08161060           NA           NA   9.04943043
[421]           NA   6.22877136           NA           NA           NA           NA           NA
[428]           NA           NA           NA           NA           NA           NA           NA
[435]   6.61114251           NA           NA           NA           NA           NA   1.62997229
[442]           NA           NA           NA   1.20732951           NA           NA           NA
[449]           NA           NA           NA           NA   9.79401375           NA           NA
[456]           NA  10.35710491   3.44767104           NA           NA   3.06950964           NA
[463]           NA           NA           NA           NA           NA           NA           NA
[470]           NA           NA           NA           NA           NA           NA           NA
[477]           NA           NA           NA           NA           NA           NA           NA
[484]           NA           NA           NA           NA           NA           NA   6.05022267
[491]   0.34024047           NA   3.27409620           NA           NA           NA           NA
[498]   3.68133747   4.91402950           NA           NA           NA           NA           NA
[505]           NA           NA           NA   1.86432084           NA           NA           NA
[512]   2.82188189           NA           NA   2.82732543           NA           NA   3.01030730
[519]   5.85757596           NA   0.72488706           NA           NA           NA           NA
[526]           NA           NA           NA           NA   5.71924778           NA           NA
[533]           NA           NA           NA           NA           NA           NA           NA
[540]           NA           NA           NA           NA           NA           NA   6.55902291
[547]           NA           NA           NA           NA           NA           NA           NA
[554]           NA           NA           NA           NA           NA           NA           NA
[561]           NA           NA           NA           NA           NA           NA           NA
[568]           NA           NA           NA           NA   1.42938591           NA           NA
[575]           NA           NA           NA           NA           NA           NA           NA
[582]           NA           NA   4.13853387           NA           NA           NA   4.53998196
[589]           NA           NA           NA           NA           NA   0.27811660           NA
[596]           NA           NA   3.32231621   4.92645802           NA           NA           NA
[603]           NA           NA           NA           NA           NA           NA           NA
[610]           NA           NA           NA           NA           NA           NA   0.31582093
[617]           NA   6.45377186           NA           NA           NA           NA   3.34198652
[624]           NA           NA           NA           NA           NA           NA           NA
[631]           NA           NA           NA           NA           NA           NA           NA
[638]           NA   3.79594269           NA           NA           NA           NA           NA
[645]           NA           NA           NA           NA           NA           NA           NA
[652]           NA           NA           NA           NA           NA           NA           NA
[659]   2.10449877           NA   2.51914849           NA           NA           NA           NA
[666]           NA           NA           NA           NA           NA           NA           NA
[673]           NA           NA           NA   2.88082298           NA           NA           NA
[680]           NA           NA           NA           NA           NA           NA           NA
[687]           NA           NA           NA           NA           NA           NA           NA
[694]           NA           NA           NA           NA           NA           NA           NA
[701]           NA           NA           NA           NA           NA           NA           NA
[708]           NA           NA           NA           NA           NA           NA           NA
[715]           NA           NA           NA

$TS
  [1] 124.46248748 112.52676044 110.96471800 102.79391615 100.07544794  86.41279073  75.98814059
  [8]  57.65227454  56.70783337  53.85128423  72.72308583  66.42504635  62.69546897  68.75868967
 [15]  75.80259860  74.97436668  64.93637447  44.62821072  71.52235634  58.90380604  74.95792650
 [22]  64.86895079  59.62385289  55.49505287  45.07873379  39.24342122  69.53091230  68.97241993
 [29]  58.85253525  68.95680109  64.09021404  53.37051691  33.99490193  32.35466573  27.88842273
 [36]  62.95056241  56.55341927  53.20989373  55.45098881  43.62980222  40.51525209  32.97332547
 [43]  24.72975853  19.90214154  56.62607717  58.22351428  47.37783914  57.35088297  52.54571405
 [50]  50.70664459  30.31992135  29.87982086   7.00630592   5.17326001  54.61974827  53.35285009
 [57]  45.62586789  41.19903079  29.17543693  25.87077436  23.58917314  46.95990670  43.15639155
 [64]  32.86640396  49.91706900  40.52016106  17.49611611   7.98823975   3.92690818  51.89707781
 [71]  24.68488824  14.72089833   8.55310304  23.98057082  23.59040078  19.30695013   8.37615826
 [78]   5.27860410  39.32984711  33.59134381  16.97089878  13.57972144  11.12600960   7.20466087
 [85]  37.68933842  34.52400983  20.38112329  18.00091412  17.61242832   6.12360608   5.91597783
 [92]   4.90270132  45.14398678  37.57797089  30.74613195  25.23800612  24.93531386  10.62378517
 [99]   9.97399275   0.60000647  38.08943052  37.17562204  21.41032742  10.01471229  40.70481327
[106]  28.70576824  28.54578198  22.07065836  21.17765199  35.94059888  35.92896318  32.74274206
[113]  21.01330903  19.29941219  16.08352426  40.19401493  38.10806443  37.46801036  36.87139088
[120]  35.15742937  31.89092421  12.63454829  39.07225242  27.97041294  14.06325016  25.56648328
[127]  18.49476489  33.04986569  23.49914379  11.80885145  11.28161386   6.24418847  24.82827441
[134]  24.53666311  19.80621985  14.96096063  22.33533049  21.73158894  15.99135153  26.61684438
[141]  25.26103891  23.58403721  17.66552065  35.28442623  30.60953947  26.66308689  22.35226153
[148]   7.61515322   4.41089914  34.23277274  18.53626297  12.70261249  34.82905251  26.07951056
[155]  13.36756821  13.03290483  24.91397319  29.25810222  18.74508491  11.46410333  22.41606146
[162]  22.06215367  14.59747056  13.93776077   6.23154472   2.58647948   0.26524494  25.27413680
[169]  21.61821666  17.21107724  16.57834642  25.77363253  28.87608425  25.37243477  25.15324888
[176]   9.30122693  20.32018905   0.97968640   0.58806433   8.54478523  23.86149906  21.98312823
[183]   8.39922678   6.43372004  29.58422402  25.80742514  22.03789686   4.02966889   3.58304332
[190]   0.94494236  28.48699795  13.48359495  11.40553529   9.84310258   3.91750465  25.24025523
[197]  23.00796857  20.12342971  26.38028010  13.88897689  26.50387452  22.99112468  20.43296274
[204]  18.09410141  10.21526075   4.65858742   4.01707938   2.35760515  25.43133999  24.83120797
[211]  12.36865436  11.01920183  23.80664924  24.55344379  22.74760402  17.91762746  24.63276369
[218]  22.02763513  17.10578519  17.10303876   8.74959595  23.84148625  23.21673834  21.57605047
[225]   7.72033629  12.54422898  16.41071971   8.03715784   7.26981415  18.83519601  15.05745991
[232]  24.47752197  24.43131978  22.28173631  20.31882842  15.78852658  20.70507521  12.13295657
[239]  20.63759236  17.83051087  14.96506504   5.89304183  17.05997707   9.75710517  23.52541860
[246]  21.05777422   6.01316979  19.05313073  15.02975799  14.91578221   8.11792822  22.41200893
[253]  13.30274283  13.24980704   4.14513327   0.30333492  23.55903209  15.72581779  22.40891664
[260]  20.36208195  17.23259889  11.96289770  20.03234339  16.72749343  11.23727446   7.40969161
[267]   1.31375245  17.65142183   8.37657213   8.27213855  20.02481284  18.22493705  12.89035122
[274]  10.49254137  22.36006067  17.03185928  11.33928644   8.62056225  20.76968883  10.31761083
[281]   4.78522835  16.96515139  16.53247891   5.48870047   2.21393592   1.62875356   1.10460852
[288]  12.19835532  20.33272612  14.32540050   7.33666628  10.62132139  20.72614419  15.07673874
[295]  12.55633910  12.10812946   6.82846568  18.42179148   3.72069913  18.48256491   9.08266231
[302]  18.26327688  16.16260574  16.05836442  11.70098741  20.53834754  14.37131586  13.91543434
[309]  13.31253732  11.63770564  10.40852106   7.20103579  13.82042426   6.90530480   4.09680264
[316]  14.39825039  11.67505482   4.01781978  20.03041563  14.08213510  14.00954065   8.33787951
[323]  16.09303056  19.72634227  13.05030011  12.88548293   5.25364492   1.42487239   9.58252237
[330]   1.03302284  18.91899313  15.65049799   8.90806114   6.34712735  18.01627748  15.10543615
[337]   1.48486181   6.46082775  16.69586653  14.38813378  13.64298118  15.73987357  11.39270758
[344]   6.00493352  17.45220009  17.16642133   4.74504294   4.26698073  17.60176463   3.88489720
[351]  15.68497390  14.30537332  11.36767117  16.91338314  15.64048636  16.26105758   0.87911447
[358]  12.55018827  13.92199132  13.49168646   8.07669075   5.51810018  13.23094281  12.78405015
[365]   4.29382974   1.34633186  17.29167336  16.91756227   9.06392440   4.67763754  17.24684880
[372]  12.00083317  17.27887354  16.83932879   5.69109378  17.10688640  17.09797386   9.87093676
[379]  16.99075101   7.59413119   9.42177353   8.99852889   2.04464103   7.84413758   8.50042332
[386]   8.87082982   4.09154664   1.90110930  12.97784297  10.15704424   6.69475982  13.72657396
[393]   6.83164779   0.58717513  14.25112742   7.23599605  10.92341512  10.80254866   0.65730867
[400]  15.71594051  16.53578633   9.89568871   9.38128474  11.68285026  10.43129313   8.03250706
[407]   7.49571636  10.49669140   5.33984543   2.76707868  15.55653469  14.95449104  14.62012865
[414]   3.55071091  14.26067455   5.92602381  13.77388445   2.20248808   8.19266088  10.46613591
[421]   7.80452686   6.97753330   6.47740075  14.98773481   5.64107963   6.97803400  11.58531939
[428]  11.05019261  14.02740863   9.16014012   8.90057296   8.79685689   3.34674033   2.81362624
[435]  14.66901889   9.48227942  14.16067636  13.06128134  11.51301826   3.16434637  14.55305121
[442]  10.71891147  12.24209048   5.64743574   3.63615296  13.93237462   2.55816877  12.94788774
[449]  11.67460302   7.89010063  12.95019685   5.96379094   9.97155694  11.55932668   8.13088452
[456]   7.90616111  11.22555221   9.97787669   0.21315568  12.71748066  12.71125385   0.89925504
[463]   8.89904230   0.02388317   1.02614374  12.29679009   8.64446011  10.60546181   3.53041810
[470]  11.12465658   2.05384066   0.82927917  13.03101233  12.92176820  12.92126353   4.56815780
[477]   9.24874342   7.47386281   4.25244897   8.51430801   9.98607994   6.92629354   1.45080806
[484]  11.05244499   6.44142827   3.90165551  10.28010486  12.67273378   9.93513087   9.72034693
[491]   6.07220312   5.68016101   5.65076011   4.20537795   7.72226455   6.41316397   2.44439666
[498]   6.44874026   9.77146958  12.08310887  12.12094186  10.84232962  12.00383872  11.59376946
[505]   0.10708309   7.32550642   6.71453971   7.43324914   8.35504553   2.34939265   0.89681582
[512]   9.49774072   6.78111886   6.68162661   3.61201117   5.28670036   4.76462868   8.52959936
[519]   9.61235170  11.47783938  10.38219867   7.59331953   7.34957460  10.37154122   8.39333109
[526]   1.41042634   1.03934749   2.80067291  11.19341155   6.21324223   9.53185807  10.76096323
[533]   1.84042798   0.67779842   2.77863724   6.87158915   3.28596552   1.61505643   1.13146213
[540]   0.04148332   7.73613058   4.47349669   7.71275059   7.69312110   1.99921906   6.85144993
[547]   0.59409500   9.81297180   2.73335640   9.97818557   6.33676776   1.04975660   3.38295852
[554]   0.37137998   2.18732570   9.99630250   0.72308025   3.53167653   1.64407633   3.79733350
[561]   6.07811735   8.81964641   2.74074072   9.43640423   7.20581626   2.18818361   9.94048996
[568]   8.00564210   4.91980746   3.22850624   9.94467026   1.94683809   2.65939619   0.51005867
[575]   4.03330601   0.20395347   3.65316713   5.22358085   0.43934793   7.54559358   4.28269618
[582]   6.71211189   5.25474500   7.52423697   6.62453873   6.73167096   8.56250043   5.48575081
[589]   5.27067617   6.21308152   5.00230654   3.09830040   4.98759895   6.52658174   5.96620260
[596]   5.17597948   5.66137227   5.06773641   5.47928787   2.82424834   0.80166762   3.77312504
[603]   3.17666973   2.20964864   4.95453149   1.43641097   5.89538841   4.67937301   2.84915633
[610]   2.64139323   7.24248514   5.90248326   4.47041192   1.51750619   3.82920742   0.67786870
[617]   3.18518010   7.36417784   4.87700724   6.78790103   1.45458508   7.23006725   5.23696999
[624]   6.69977484   2.35037570   2.27953836   1.59205244   2.49770242   4.36807521   3.68316297
[631]   0.49059925   6.01144020   1.03856435   3.62834084   3.01335578   2.61321612   1.46238726
[638]   0.06001924   5.97364363   3.92127038   3.11086269   0.22277051   2.07568841   0.12943705
[645]   4.69371130   1.10706404   0.38390127   3.15168019   6.01373413   0.29338692   4.13434942
[652]   0.45604419   0.19085299   0.30863493   0.88859594   1.46436525   0.32690067   1.76838152
[659]   3.45307819   0.46100008   5.49713912   4.86369288   2.28014276   1.27419017   4.83702926
[666]   3.64512377   0.70185758   1.83325734   3.32624863   3.42957428   3.94104950   1.01524320
[673]   0.04457807   1.17889855   3.09260569   3.14735700   2.80076666   2.62212024   3.28322253
[680]   2.30018442   0.50804646   2.90858640   3.73370526   0.87947809   1.58484696   0.73105851
[687]   0.08950310   2.81791061   2.32022580   1.83020953   2.94492738   1.82887491   0.41815652
[694]   1.91219273   2.84934471   0.52724159   2.07569461   0.35818311   0.25349544   2.05462743
[701]   1.92429406   2.11207140   2.39375729   0.51327763   1.75552921   1.26413371   2.11751708
[708]   1.15428285   0.09022008   1.16479166   0.76829739   1.11104897   1.15907304   0.56465548
[715]   0.78309583   0.69499054   0.49284478

$PAR
  [1]  NA   1   1   1   1   1   4   4   4   4   5   5   5   6   7   7   7   7  15  15  16  11  11
 [24]  11  11  11  19  27  27  28  28  14  14  14  14  12  17  17  31  31  31  31  31  31  13  20
 [47]  46   8   9   9   9   9   9   9  45  24  24  24  24  24  24  10  32  56  38  38  38  38  38
 [70]  49  49  49  49  50  50  50  50  50  65  65  65  65  65  65  47  47  47  47  47  47  47  47
 [93]  62  25  25  25  25  25  25  25  63  63  63  63  58  58  58  58  58 105 105 105 105 105 105
[116]  66  66  66  66  66  41  41 116 116 116  79  79 117 117 117 117 117 101 101 101 101  85  85
[139]  85  94  94  94  94 118 118 118 118 118 118 102 102 102 110 110 110 110 144 120 120 120 150
[162] 150 150 150 150 150 150  33  33  33  33  80 128 128 128 128  42  42  42  64 112 112 112 112
[185]  34  34  34  34  34  34  95  95  95  95  95 145 145 145  52 185  59  59  59 173 173 173 173
[208] 173 106 191 191 191  35 140 140 140 201 201 199 199 154 186 186 186 172 209 174 174 174 168
[231] 168 141 141 141 196 196  97  97 210 210  43  43  71  71 217 214 134 232 232 232 232 233 233
[254] 233 233 233 181 181 222 222 222 222 213 213  75  75  75  61  61  61 142 142 142 142 257 257
[277] 257 257 129 129 129 197 197 202 202 202 202 215 161 252 259 275 234 234 108 108 108 187 187
[300] 218 218 169 169 169 109 246 246 246 246 246 246 246 279 279 279 293 293 293 237 237 237 239
[323]  87 260 289 289 289 289 177 177 235 198 263 263 319 271 271  44 135 135 324  76  76  76 114
[346] 114 114 114 331 331 230 230 230 159 159 151 151 127 300 302 302 302 272 272 272 272 204 204
[369] 204 204 335 335  88  88  88 216 216 216 143 349  67  67 345 367 371 261 261 261 170 170 346
[392] 219 219 219 243 276 379  81  81 282 368 368 368 354 354 354 374 171 171 171 283 283 283 227
[415] 303 323 115 139 342 258 258 258 351 294 294 231 249 249 424 136 136 136 136 136 412 412 250
[438] 435 435 413 163 441 340 307 307 352 352 415 415 415 437 437 320 125 125 125 321 321 321 359
[461] 359 313 360 360 155 309 309 253 253 254 254 363 438 438 438 325 156 156 473 389 451 451 451
[484] 448 475 273 326 364 364 364 364 461 461 461 152 152 488 122 358 226 211 211 466 466 466 443
[507] 288 501 500 500 503 262 262 262 130 305 305 317 310 504 504 504 504 454 454 454 454 439 520
[530] 520 160 193 193 193 343 529 529 529 529 529  83  83 470 470 470 484 484 428 397 502 502 532
[553] 442 442 292 468 468 408 274 311 524 280 280 487 487 205 104 104 104 104 481 550 567 489 402
[576] 548 512 436 436 381 176 477 301 333 431 432 467 467 587  73  73 180 385 183 269  77 509 509
[599] 455 455 251 361 361 228 568 568  68 456 450 543 544 148 148 148 380 522 580 407 478 508 506
[622] 229 622 565 565 565 565 314 393 393 393 620 620 513 586 586 582 624 391 514 514 585 594 485
[645] 184 496 496 334 551 551 132 165 590 561 491 595 612 375 597 425 362 362 362 362 588  78 605
[668]  92 619 665 645 206 476 149 629 365 365 365 494 255 315 575 318 671 560 602 634 670 553 553
[691] 570 617 592 635 691 695 528 528 535 563 678 636 497 208 689 663 285 702 697 471 701 559 614
[714] 706 633 330 399

$EXTANT
  [1] FALSE FALSE FALSE FALSE FALSE FALSE FALSE FALSE  TRUE FALSE FALSE FALSE FALSE FALSE FALSE
 [16] FALSE FALSE FALSE FALSE FALSE FALSE FALSE FALSE  TRUE  TRUE FALSE FALSE FALSE FALSE FALSE
 [31] FALSE FALSE FALSE  TRUE FALSE FALSE FALSE  TRUE FALSE FALSE  TRUE  TRUE  TRUE  TRUE FALSE
 [46] FALSE  TRUE FALSE  TRUE FALSE FALSE FALSE  TRUE FALSE FALSE FALSE FALSE FALSE FALSE FALSE
 [61] FALSE  TRUE FALSE  TRUE  TRUE FALSE FALSE  TRUE  TRUE FALSE  TRUE  TRUE FALSE FALSE  TRUE
 [76]  TRUE  TRUE FALSE FALSE FALSE  TRUE  TRUE  TRUE  TRUE  TRUE FALSE  TRUE  TRUE FALSE  TRUE
 [91]  TRUE FALSE FALSE  TRUE  TRUE FALSE FALSE FALSE FALSE  TRUE FALSE  TRUE FALSE  TRUE FALSE
[106] FALSE FALSE  TRUE FALSE  TRUE FALSE  TRUE  TRUE  TRUE FALSE FALSE  TRUE  TRUE FALSE  TRUE
[121] FALSE FALSE FALSE FALSE  TRUE  TRUE FALSE  TRUE  TRUE  TRUE FALSE  TRUE FALSE  TRUE FALSE
[136]  TRUE FALSE FALSE  TRUE FALSE FALSE FALSE FALSE FALSE FALSE FALSE FALSE  TRUE  TRUE  TRUE
[151]  TRUE  TRUE FALSE  TRUE  TRUE FALSE FALSE FALSE FALSE  TRUE FALSE FALSE FALSE FALSE  TRUE
[166]  TRUE  TRUE  TRUE  TRUE  TRUE  TRUE FALSE  TRUE  TRUE FALSE  TRUE FALSE  TRUE  TRUE  TRUE
[181]  TRUE FALSE  TRUE  TRUE  TRUE FALSE  TRUE  TRUE  TRUE  TRUE FALSE FALSE FALSE  TRUE  TRUE
[196] FALSE FALSE FALSE  TRUE FALSE FALSE  TRUE FALSE  TRUE FALSE FALSE  TRUE  TRUE FALSE FALSE
[211]  TRUE FALSE  TRUE FALSE FALSE FALSE  TRUE  TRUE  TRUE FALSE  TRUE FALSE FALSE FALSE  TRUE
[226] FALSE  TRUE FALSE  TRUE  TRUE  TRUE FALSE  TRUE  TRUE  TRUE FALSE  TRUE FALSE  TRUE FALSE
[241]  TRUE  TRUE FALSE  TRUE FALSE  TRUE  TRUE  TRUE FALSE FALSE  TRUE  TRUE  TRUE  TRUE  TRUE
[256]  TRUE FALSE  TRUE  TRUE FALSE  TRUE  TRUE  TRUE  TRUE FALSE FALSE  TRUE FALSE  TRUE  TRUE
[271]  TRUE  TRUE  TRUE  TRUE FALSE  TRUE  TRUE  TRUE  TRUE  TRUE  TRUE  TRUE FALSE  TRUE  TRUE
[286]  TRUE  TRUE  TRUE  TRUE FALSE  TRUE FALSE  TRUE  TRUE FALSE  TRUE  TRUE FALSE  TRUE  TRUE
[301]  TRUE  TRUE FALSE  TRUE  TRUE FALSE  TRUE FALSE FALSE  TRUE  TRUE  TRUE  TRUE  TRUE  TRUE
[316] FALSE  TRUE  TRUE FALSE FALSE  TRUE  TRUE FALSE  TRUE  TRUE FALSE  TRUE  TRUE FALSE  TRUE
[331]  TRUE  TRUE  TRUE  TRUE FALSE  TRUE  TRUE FALSE  TRUE  TRUE FALSE  TRUE  TRUE  TRUE  TRUE
[346]  TRUE  TRUE FALSE  TRUE  TRUE  TRUE  TRUE  TRUE  TRUE FALSE FALSE  TRUE  TRUE FALSE  TRUE
[361]  TRUE  TRUE  TRUE FALSE  TRUE  TRUE  TRUE  TRUE FALSE  TRUE FALSE  TRUE FALSE  TRUE  TRUE
[376] FALSE  TRUE FALSE FALSE FALSE FALSE  TRUE  TRUE FALSE  TRUE  TRUE  TRUE  TRUE  TRUE  TRUE
[391]  TRUE  TRUE  TRUE  TRUE  TRUE  TRUE  TRUE  TRUE  TRUE FALSE FALSE  TRUE  TRUE  TRUE  TRUE
[406]  TRUE  TRUE  TRUE  TRUE  TRUE FALSE FALSE  TRUE  TRUE  TRUE  TRUE FALSE  TRUE  TRUE FALSE
[421]  TRUE FALSE  TRUE  TRUE  TRUE  TRUE  TRUE  TRUE  TRUE  TRUE  TRUE  TRUE  TRUE  TRUE FALSE
[436]  TRUE  TRUE  TRUE  TRUE  TRUE FALSE  TRUE  TRUE  TRUE FALSE  TRUE  TRUE  TRUE  TRUE  TRUE
[451]  TRUE  TRUE FALSE  TRUE  TRUE  TRUE FALSE FALSE  TRUE  TRUE FALSE  TRUE  TRUE  TRUE  TRUE
[466]  TRUE  TRUE  TRUE  TRUE  TRUE  TRUE  TRUE  TRUE  TRUE  TRUE  TRUE  TRUE  TRUE  TRUE  TRUE
[481]  TRUE  TRUE  TRUE  TRUE  TRUE  TRUE  TRUE  TRUE  TRUE FALSE FALSE  TRUE FALSE  TRUE  TRUE
[496]  TRUE  TRUE FALSE FALSE  TRUE  TRUE  TRUE  TRUE  TRUE  TRUE  TRUE  TRUE FALSE  TRUE  TRUE
[511]  TRUE FALSE  TRUE  TRUE FALSE  TRUE  TRUE FALSE FALSE  TRUE FALSE  TRUE  TRUE  TRUE  TRUE
[526]  TRUE  TRUE  TRUE  TRUE FALSE  TRUE  TRUE  TRUE  TRUE  TRUE  TRUE  TRUE  TRUE  TRUE  TRUE
[541]  TRUE  TRUE  TRUE  TRUE  TRUE FALSE  TRUE  TRUE  TRUE  TRUE  TRUE  TRUE  TRUE  TRUE  TRUE
[556]  TRUE  TRUE  TRUE  TRUE  TRUE  TRUE  TRUE  TRUE  TRUE  TRUE  TRUE  TRUE  TRUE  TRUE  TRUE
[571]  TRUE FALSE  TRUE  TRUE  TRUE  TRUE  TRUE  TRUE  TRUE  TRUE  TRUE  TRUE  TRUE FALSE  TRUE
[586]  TRUE  TRUE FALSE  TRUE  TRUE  TRUE  TRUE  TRUE FALSE  TRUE  TRUE  TRUE FALSE FALSE  TRUE
[601]  TRUE  TRUE  TRUE  TRUE  TRUE  TRUE  TRUE  TRUE  TRUE  TRUE  TRUE  TRUE  TRUE  TRUE  TRUE
[616] FALSE  TRUE FALSE  TRUE  TRUE  TRUE  TRUE FALSE  TRUE  TRUE  TRUE  TRUE  TRUE  TRUE  TRUE
[631]  TRUE  TRUE  TRUE  TRUE  TRUE  TRUE  TRUE  TRUE FALSE  TRUE  TRUE  TRUE  TRUE  TRUE  TRUE
[646]  TRUE  TRUE  TRUE  TRUE  TRUE  TRUE  TRUE  TRUE  TRUE  TRUE  TRUE  TRUE  TRUE FALSE  TRUE
[661] FALSE  TRUE  TRUE  TRUE  TRUE  TRUE  TRUE  TRUE  TRUE  TRUE  TRUE  TRUE  TRUE  TRUE  TRUE
[676] FALSE  TRUE  TRUE  TRUE  TRUE  TRUE  TRUE  TRUE  TRUE  TRUE  TRUE  TRUE  TRUE  TRUE  TRUE
[691]  TRUE  TRUE  TRUE  TRUE  TRUE  TRUE  TRUE  TRUE  TRUE  TRUE  TRUE  TRUE  TRUE  TRUE  TRUE
[706]  TRUE  TRUE  TRUE  TRUE  TRUE  TRUE  TRUE  TRUE  TRUE  TRUE  TRUE  TRUE

