
Birth-death simulation object with 685 species and 500 extant species

Details for some species:

Extinction times (NA means extant)
[1] 68.53195 65.66489 22.76322 75.71060 61.52935 67.41513


Speciation times 
[1] 99.20137 97.33802 74.64121 89.83639 88.27889 81.55549


Species parents (NA for initial)
[1] NA  1  1  2  2  2


Species status (extinct or extant)
[1] "extinct" "extinct" "extinct" "extinct" "extinct" "extinct"


For more details on vector y, try sim$y, with y one of
TE TS PAR EXTANT



$TE
  [1] 68.5319486 65.6648880 22.7632221 75.7105957 61.5293461 67.4151273 70.5613215 55.0259177
  [9] 42.9404265 35.1712940 21.1779846 30.8307121 24.1228043 35.8382373         NA         NA
 [17]         NA 51.6380747 35.4025319 16.6127115         NA  4.8039463 46.5473709  9.0409417
 [25] 59.9182657 22.9282016 53.8095184 52.7255168 34.5454400         NA         NA 46.6731650
 [33] 34.7576902         NA         NA         NA  8.3871547 33.9284085 23.3984259         NA
 [41]         NA         NA 23.4174921 14.1866283 31.5358538 34.3519282 23.1116621 10.9814365
 [49]         NA 21.1659574  3.1262006  2.8421552  6.4351281         NA         NA 28.9419027
 [57] 37.1183527         NA 28.7735489 25.3463475         NA 36.9931673         NA 21.7178413
 [65]  9.1341137 14.3409217         NA         NA         NA 40.0368747         NA 36.6779057
 [73]         NA         NA 26.0408519         NA 18.4174831 17.1759319 16.4456696 14.7991599
 [81]         NA         NA         NA 14.8404857 29.4418424 21.1704940 19.9841744         NA
 [89]         NA 19.4049736 24.3207710  7.0649073         NA  1.0477345         NA         NA
 [97]         NA         NA 12.5495435  9.1925544  3.1154674         NA         NA         NA
[105]         NA 13.0627463         NA         NA         NA         NA         NA         NA
[113]         NA 12.2560975         NA 11.5964706 13.3834944         NA         NA         NA
[121] 17.5410187         NA  5.2114151         NA 16.1991536 25.5715598  0.3442127         NA
[129]         NA  8.3090031 20.6999114         NA         NA  5.6649726         NA         NA
[137]         NA 18.3797625 20.9399639         NA 21.5015102         NA         NA         NA
[145]         NA 13.0067457         NA         NA         NA         NA         NA 14.0359814
[153] 29.4819772 28.5231842         NA         NA         NA 15.1355728         NA  5.6033662
[161]         NA         NA         NA  0.1757949         NA         NA 18.3037798 20.6592336
[169]         NA         NA 27.2593356         NA         NA         NA         NA 11.7316396
[177]  3.6113045         NA  6.0596419         NA         NA         NA 23.2473322  9.3636236
[185]         NA         NA 14.8387254  3.5750879         NA 13.7794837         NA         NA
[193]         NA 22.3033163         NA 13.0994987 14.3974494         NA         NA  8.3111327
[201]         NA 22.2184581 19.3829863  9.2647566 24.9342655         NA         NA         NA
[209]         NA         NA 19.1119323         NA         NA         NA         NA         NA
[217]         NA         NA         NA         NA         NA         NA         NA         NA
[225]         NA         NA 17.5966659         NA  4.5815761  2.6805350 17.2871531         NA
[233]  3.3812414 12.9283395         NA  6.3618506         NA         NA         NA  2.3696960
[241]  9.2180629         NA         NA         NA         NA 13.4733273         NA         NA
[249]         NA         NA         NA         NA         NA         NA 22.2219016         NA
[257]  4.7884014  6.5695328  1.2862833         NA 23.2124639         NA  6.7675025         NA
[265]         NA         NA         NA 19.7181189 18.7418782 17.2630550         NA         NA
[273]         NA         NA  0.5971060         NA         NA         NA         NA         NA
[281]         NA         NA         NA         NA         NA         NA         NA         NA
[289]         NA         NA         NA         NA         NA         NA  6.5390457         NA
[297]         NA  1.2772627  6.2925190         NA         NA         NA         NA  1.6436770
[305]         NA         NA         NA  5.6925837  3.5841779         NA         NA         NA
[313]  1.4111092         NA         NA         NA         NA         NA         NA 14.8553463
[321]         NA         NA         NA  3.0013001         NA         NA         NA         NA
[329] 16.6422635         NA  4.2653264         NA         NA         NA         NA         NA
[337]         NA         NA         NA         NA         NA         NA         NA         NA
[345]  6.2841187         NA         NA         NA  7.8348293         NA         NA         NA
[353]         NA         NA 14.3708824         NA         NA  7.6896327         NA  5.5899243
[361]         NA         NA 11.6884065  7.1648308         NA         NA  5.1317180  5.5417002
[369]         NA         NA         NA         NA         NA         NA         NA         NA
[377]         NA         NA         NA         NA         NA         NA         NA         NA
[385] 11.8331462  1.9146453         NA         NA  7.7729198         NA         NA  5.8273750
[393]         NA         NA         NA         NA         NA         NA  4.6772691         NA
[401]  3.1045549         NA         NA         NA         NA         NA         NA  8.6345263
[409]  7.1826893         NA         NA  3.6932247         NA  4.3738467         NA  6.1867486
[417]         NA         NA         NA         NA         NA  2.8000984         NA         NA
[425]         NA         NA         NA         NA         NA         NA         NA         NA
[433]         NA         NA         NA  7.9875201         NA         NA         NA  5.6366351
[441]         NA         NA         NA         NA         NA         NA  6.6036733         NA
[449]  0.7199040         NA         NA         NA         NA         NA         NA         NA
[457]         NA         NA  2.7354190         NA         NA         NA         NA         NA
[465]         NA         NA         NA         NA         NA         NA         NA         NA
[473]         NA  5.2469321         NA         NA         NA         NA         NA         NA
[481]         NA         NA         NA         NA         NA         NA         NA  0.2830631
[489]  0.6261617         NA         NA  1.1705402         NA         NA         NA         NA
[497]  5.8093620         NA         NA         NA         NA         NA         NA         NA
[505]         NA         NA         NA         NA         NA  1.1298298         NA  7.7203297
[513]         NA         NA         NA         NA         NA         NA         NA         NA
[521]         NA  5.7896771         NA         NA         NA         NA         NA         NA
[529]         NA         NA  4.8653256         NA         NA         NA  1.2374298         NA
[537]  8.7516781         NA         NA         NA         NA         NA         NA         NA
[545]         NA         NA         NA  1.3156703         NA         NA  2.3802435         NA
[553]         NA         NA         NA         NA         NA         NA         NA         NA
[561]         NA         NA         NA  6.7586382         NA         NA         NA         NA
[569]         NA         NA         NA         NA         NA         NA  1.7107267         NA
[577]         NA         NA         NA         NA         NA         NA         NA         NA
[585]         NA         NA         NA         NA         NA         NA  1.7550690         NA
[593]         NA         NA         NA         NA         NA         NA  2.7986098         NA
[601]         NA         NA         NA         NA         NA         NA  2.3948623         NA
[609]         NA         NA         NA  1.1419117         NA         NA         NA         NA
[617]         NA         NA         NA         NA         NA         NA         NA         NA
[625]         NA         NA         NA         NA         NA         NA         NA         NA
[633]         NA         NA         NA         NA         NA         NA         NA         NA
[641]         NA         NA         NA         NA         NA         NA         NA         NA
[649]         NA         NA         NA         NA         NA         NA         NA         NA
[657]         NA         NA         NA         NA         NA         NA         NA         NA
[665]         NA         NA         NA         NA         NA         NA         NA         NA
[673]         NA         NA         NA         NA         NA         NA         NA         NA
[681]         NA         NA         NA  0.1169430         NA

$TS
  [1] 99.20136939 97.33801657 74.64121007 89.83639256 88.27888884 81.55548705 80.92140298
  [8] 70.10219287 78.53344809 60.38960392 57.52236777 74.26299970 72.73540825 66.88403213
 [15] 55.09342520 36.10386538 32.83346268 52.12174585 42.78119473 39.33667709 37.69821855
 [22] 30.89635617 48.95973466 32.07903120 63.71155117 43.16913684 62.68505650 57.04072673
 [29] 54.47014038 45.13939263 55.74431671 47.43768486 44.24371369  5.25517212 51.35764838
 [36] 40.02675495 38.36382558 37.53357002 37.48702053 20.05943722  5.57999408  5.17919274
 [43] 44.37217246 41.21324680 40.79710884 38.12233242 35.00331743 32.81067201 22.60374172
 [50] 21.65051321 41.72750907 27.88882010  7.53586777  1.24969458 43.79011158 42.52276059
 [57] 38.86579863 36.92057732 36.82031802 33.49675756 25.78709172 39.56316086 38.53061427
 [64] 39.01320929 31.22724685 18.76038213 12.40542228  3.26290705  3.16498595 41.12286200
 [71] 36.47501357 39.56971711 30.68092102 30.15670575 32.62541505  8.66118272 40.59608017
 [78] 39.99830548 28.87703022 21.67473965 17.95099929 35.83195353 24.34856398 19.92512930
 [85] 32.65410906 29.27899599 26.18884974 24.20255320 14.88991858 38.64041573 28.67795690
 [92] 26.11444076 21.61643463 20.01263187 38.63175174 26.83067570 35.34295602 27.66673296
 [99] 26.49992725 33.92654885 27.34746564  9.03090371  5.31777781 33.65098585 31.96954363
[106] 24.63142367 15.59509501  9.24577429  7.16103983  4.63739704 10.90320277 12.20499329
[113] 11.36478085 30.92654389 26.27921945 26.07693634 24.30762513  3.42031617  3.20518136
[120] 29.54444945 21.63788496 18.60775857 11.32134820  2.62121929 32.33848375 26.50407560
[127]  4.91045467  3.83417989  2.41010803 35.75479473 31.50551862 21.86159525 13.97164017
[134] 13.15269527 10.84152172  2.19438019  2.18281887 32.69147281 30.31998003 15.77442303
[141] 33.75567539  3.98459822  2.33698618  1.53261664 29.11295329 25.45217349 30.31862149
[148] 10.02236553  8.93304039  8.17083903  5.38710025 33.42383651 32.29260405 32.18282588
[155] 27.05750401 26.83556264 25.46981816 29.76142412 16.23002232 13.81480528 12.48061061
[162]  7.45240534  2.67585514  2.48285975 29.75486606 28.92008705 26.98800538 26.27965856
[169] 21.71010732 32.18080407 29.57344353 28.96894825 26.05145963 23.08746315  3.33602795
[176] 16.44737329 30.83307295 28.92450917 27.87659903 27.68908196  7.28117174  5.22368895
[183] 25.95218093 19.37498686 26.31070468 28.02314425 19.14217995  9.93381557  7.51157106
[190] 29.21321458 22.33702855  4.05108528 23.51880557 22.49070736 27.42563255 26.96472288
[197] 17.34607051  5.17571232  1.90004061 15.80859961  4.11461544 24.96637942 20.08774644
[204] 18.54056046 25.23161277  6.86535557  3.15056453  2.44396866 25.67979951 24.32407482
[211] 26.78802739 20.25463540 11.70801958  5.14665682  0.40068539 25.93811783 12.85242172
[218]  1.31815208 23.01592797 26.21436742 21.00452403 17.88761465  0.58993467 21.93533669
[225] 12.67026633 11.22427808 22.44540133  9.81830338  5.03197124  3.79300679 18.04766415
[232] 17.15748863 21.40387751 17.19754802 15.70672269 24.33169727 20.20355591 13.49538505
[239]  4.75233500 18.75256068 14.26851667  2.24997717 25.74216915 23.80666323 23.05636248
[246] 18.63603890 12.84561287  8.52633214  0.97394317  0.89846338 16.58263701 13.34305483
[253] 12.43052942  4.51733311 23.97235593 14.75148353 12.86316147  8.67880065  5.76811134
[260]  3.96380662 24.26000314 23.13016266 20.03312109 14.06045369 21.38601752 24.04986409
[267]  8.06559320 19.93930183 19.68292817 18.16059895 12.28324357 11.87707956 18.91525499
[274]  8.92043552  5.83216915  3.40558928 10.17566982  5.93040924  5.74745586  2.10576745
[281]  7.59876777 16.20739466  7.36196887  5.76559796  2.67156274  3.84458603  0.79976809
[288]  8.05903677  3.30974850  9.91754100  2.12571194  0.41276728  9.51896047  6.59238754
[295] 22.66766985 12.97687806  8.14543966  7.31976436 22.36053242 15.77837515  8.35072652
[302]  2.33400717 17.34530543  7.97350132 20.43841994 10.02853483  8.55140744 12.36118424
[309] 19.70298942 10.70940105 10.20585043 17.40740283  4.57012636 18.00951329 16.56522645
[316] 18.23864350 12.23336530 20.23240987 16.75359291 16.00320508  8.81300381  4.65357611
[323] 16.80466102 21.53547531 17.58549749 15.85550851 12.92026690 19.06308801 18.89574666
[330]  7.33062828 11.47372004  5.42167679 12.77594485  7.50082997  5.59604198 18.33834997
[337] 13.12661398  5.40165042  8.39108195  0.00493346  3.27317878 16.03353909  8.11478044
[344] 17.65204233 14.64045253  8.07737714  6.56260037 11.44635614 10.10559949 18.17894318
[351] 16.90729174  9.43242700  5.78590041 16.97993642 16.07098565 18.52878609  8.39586818
[358]  8.20456738 17.47044338 17.34658087 14.13324993  9.31052698 18.52896545 17.91375018
[365] 12.29056308 10.76703112 13.24437445  8.49294728  6.38656924 11.26090915  8.39821580
[372]  4.72395997  0.27440208  7.18649039 13.18433917  4.51988031  1.28487639 12.81267473
[379]  6.05298863  0.62893927  9.19155043  4.46319238 13.28195163  4.85447566 14.32004681
[386] 13.35584574 12.50686203 11.61512070  9.73234692  6.35166861  6.17107509 14.19830723
[393] 14.13362687  1.46265305 14.33231057  8.92435421  5.93203275  1.89520802 12.84889348
[400]  8.79384243  9.80953417  2.32284255  1.19097534 10.48701915  3.84495254  2.44437003
[407] 11.84421917 11.20305806  7.84245447 14.77671624 12.75516375 12.39857821 11.55438206
[414]  7.22311406  3.74697195 15.43804588  0.93267910 10.42818755  9.91833888 12.79089015
[421]  2.88422154 13.44322713  8.02179227 10.65388459  7.26199694  9.88409662  1.81063076
[428] 12.09192848 13.54285475  9.12442236  7.39287078  7.07474426  6.81128244  6.76901140
[435]  6.17877026 12.14072663 11.88215272  1.88177622  1.07370797 11.74674217  2.92153260
[442]  0.12677790 12.10101309 10.08154309 11.93355214  5.68443365  8.90670008  5.80870302
[449]  3.33987389  7.79100725  5.40207782  9.73541795  4.34570058  5.65751453  4.99062438
[456] 12.39579622  8.37959012  6.10340739 10.78594232  6.91959566  5.86972601 11.91510691
[463]  7.34590127  4.96774464 11.06416575  2.76907971  8.42069232  7.81589841  6.06166949
[470]  3.83427866  0.51354377  4.75026806  3.22102289  7.29714345  8.15222838  2.64902605
[477]  9.77811035  5.84870958 12.06031120  5.98918209  6.92604924  5.29316005 10.61124979
[484]  8.75111899  6.41193281  9.77577656  4.58855089 10.63744841  3.43714471  0.99296900
[491] 10.24880765  6.06411236  1.06424325  9.53202187  1.97037345 10.28293189  8.67577041
[498]  8.31193358  9.13815532  2.07957912  0.89657169  5.76031421  1.09956826  0.79804081
[505]  1.04620247  4.04369748  7.93856381  7.35449508 10.38893722  4.25654548  0.28889786
[512]  9.29840461  6.95722024  5.05148860  3.21863370  2.05084625  3.91031818  9.52548857
[519]  4.39820510  3.71931915  8.41061198  5.93601031  1.02701857  6.90816356  5.53321527
[526]  9.67223127  7.44831587  1.10209255  0.53764154  5.17273776  5.81852255  4.19093950
[533]  1.36125263  2.37704041  4.95758021  4.60728666  9.51589783  5.63359907  4.70899034
[540]  3.49044247  8.65807192  7.94092896  0.08336441  4.36052185  5.14093958  2.17935774
[547]  7.62737605  5.02295295  4.74745828  2.04227592  7.10201304  3.94202658  6.94852024
[554]  6.12133180  6.18042271  4.59637287  5.97220834  4.41985984  4.32107257  4.21877843
[561]  7.09613187  1.94000341  0.17054749  7.08620106  5.85290523  2.63130765  6.25982383
[568]  2.91825522  1.41079271  0.27232291  3.32248247  5.56479660  4.38719717  7.00349089
[575]  2.50007945  4.87829622  0.02779589  6.35015590  2.63483171  1.86182644  0.46124145
[582]  4.88572623  0.84043737  6.05839416  0.57617368  3.15730140  4.74390889  0.76838544
[589]  7.11930659  6.11937521  5.85178457  5.00492929  0.83869069  4.65573207  4.44474854
[596]  1.17567695  6.59748248  5.80310267  4.85249592  4.23139384  1.92050572  2.71804127
[603]  0.13850206  4.15663649  5.21279515  0.01015451  4.44142395  5.34681968  4.93828375
[610]  0.06984533  0.18066425  5.77188078  5.66051900  4.07410492  4.54665102  5.22944778
[617]  5.14617434  0.27846087  4.75732186  4.13615438  4.05152985  2.69198187  0.28931238
[624]  0.18892579  3.53422311  2.77022334  2.19778030  5.17498984  3.06229443  1.92518672
[631]  4.97476989  0.71338225  3.75379680  0.34474197  0.43752988  4.71592851  0.81516222
[638]  0.50464270  3.69182067  4.73014086  4.13034140  0.77861393  0.53041562  3.46889449
[645]  0.38424875  0.35158434  4.71103251  0.87878763  3.60416886  2.61163636  1.80615296
[652]  4.32471026  0.70375999  4.04696847  3.83618367  2.08457374  0.22278910  1.19939786
[659]  0.77148662  3.66864004  1.75470448  0.49791688  0.75028534  2.32851315  1.42336595
[666]  0.91017048  1.84412336  0.55970407  2.54016045  1.05174300  0.80927656  0.31780044
[673]  0.92981246  1.20767243  1.86898904  1.26060931  0.79564383  0.01313786  0.51412817
[680]  0.31260114  0.19190790  0.58884580  0.66576890  0.54888989  0.34628191

$PAR
  [1]  NA   1   1   2   2   2   5   5   7   9   9   3   3   3   3   3   3  12  12  12  12  12  13
 [24]  13  14  14  25  10  11  11  28  31  31  31  15  15  15  15  15  15  15  15  29  29  29  29
 [47]  29  35  35  35  30  30  30  30  43  43  43  43  43  43  43  33  33  55  55  55  55  55  55
 [70]  19  19  56  56  56  51  51  44  44  44  44  44  77  77  77  36  36  36  36  36  78  78  78
 [93]  78  78  20  20  64  64  64  90  90  95  95  63  63  63  63  63  63  63  37  21  21  39  39
[116]  39  58  58  58  59  71  71  71  71  16  16  16  16  16  82  82  82  82  82  82  82  82 130
[139] 130 130  97  97  97  97  47 100 141 104 104 104 104  60  60  60  60  60  60 152 152  17  17
[162]  17  17  17  48  48 138  75 125 153 154 170 170 170 170  24 105 105 105 105 105 105 131  65
[185] 114  22  22  22  22 177 177 177  73  73 139 147 147 147 147  74  74 158 158 158 165 165 120
[208] 120  86 190 145 145 145 145 145 172 178 178  79 186 186 186 186  52 179 179 180 180  98  98
[231] 195 195 101 101 155 167 196 156 156  96  96  96 126 185 185 185 185 185 185 185 115 115 115
[254] 115 220 220 220 220 220 220  92  92 116 116 173 183 216  61  61  61  61  61 243 243 243 243
[277] 209 209 209 209 157 146 210 210 210  88  88 266 266 244 244 244 193 193 174 174 174 174 245
[300] 245 245 245 219 219 295 295 295  49 299 299 299 191 191 224 224 132 132 169 169 169 169 169
[323]  80  50 121  93  93 233 233 233 265 265 221 221 221 305 305 305 212 212 318 263 263  94  94
[346] 309 309 184 184 273 273 273 273 329  66 240 240 240 246 122 122 122 204 204 204 204 363 336
[369] 336 316 316 350 350 314  81  81  81 222 222 222 344 344 325 325 359 359 359 359 359 359 312
[392] 360 303 303 232 232 351 351 323 323 319 319 319 251 251 251 315 315 315 282 282 282 282 342
[415] 342 320 326 200 140 235 235 107 107 416  89 410 395 385 392 392 392 392 392 392 392 393 393
[438] 393 393 361 361 264 133 160 429 429 238 422 386 252 252 383 383 367 337 327 257 217 399 399
[461] 399 247 247 378 420 333 411 411 225 225 225 387 161 253  67  67 456 456 365 317 112 112 436
[484] 479 479 445 445 213 213 413 348 348 348 113 113 123 123 123 370 370 370 226 465 135 366 310
[507] 424 424 483 483 483 404 404 496 496 496 491 311 444 444 306 306 306 188 188 419 419 419 419
[530] 426 401 486 486 452 526 526 494 518 518 518 293 352 352 108 430 396 447 321 321 321 484 484
[553] 497 497 307 467 301 498 498 498 150 150 150 297 297 343 346 346 288 288 423 507 507 468 468
[576] 547 189 334 334 527 527 283 283 330 330 181 425 374 109 551 551 561 513 553 553 553 481 481
[599] 206 597 294 369 390 567 555 435 458 469 584 584 379 557 278 565 478 612 284 502 613 335 572
[622] 451 451 338 151 608 608 103 182 605 628 617 548 464 609 127 384 384 599 619 472 472 549 640
[645] 640 372 636 636 539 539 594 322 573 604 604 201 201 654 552 517 639 660 540 118 276 175 515
[668] 207 626 622 285 124 669 406 534 280 516 427  54 670 670 523 417 673 642

$EXTANT
  [1] FALSE FALSE FALSE FALSE FALSE FALSE FALSE FALSE FALSE FALSE FALSE FALSE FALSE FALSE  TRUE
 [16]  TRUE  TRUE FALSE FALSE FALSE  TRUE FALSE FALSE FALSE FALSE FALSE FALSE FALSE FALSE  TRUE
 [31]  TRUE FALSE FALSE  TRUE  TRUE  TRUE FALSE FALSE FALSE  TRUE  TRUE  TRUE FALSE FALSE FALSE
 [46] FALSE FALSE FALSE  TRUE FALSE FALSE FALSE FALSE  TRUE  TRUE FALSE FALSE  TRUE FALSE FALSE
 [61]  TRUE FALSE  TRUE FALSE FALSE FALSE  TRUE  TRUE  TRUE FALSE  TRUE FALSE  TRUE  TRUE FALSE
 [76]  TRUE FALSE FALSE FALSE FALSE  TRUE  TRUE  TRUE FALSE FALSE FALSE FALSE  TRUE  TRUE FALSE
 [91] FALSE FALSE  TRUE FALSE  TRUE  TRUE  TRUE  TRUE FALSE FALSE FALSE  TRUE  TRUE  TRUE  TRUE
[106] FALSE  TRUE  TRUE  TRUE  TRUE  TRUE  TRUE  TRUE FALSE  TRUE FALSE FALSE  TRUE  TRUE  TRUE
[121] FALSE  TRUE FALSE  TRUE FALSE FALSE FALSE  TRUE  TRUE FALSE FALSE  TRUE  TRUE FALSE  TRUE
[136]  TRUE  TRUE FALSE FALSE  TRUE FALSE  TRUE  TRUE  TRUE  TRUE FALSE  TRUE  TRUE  TRUE  TRUE
[151]  TRUE FALSE FALSE FALSE  TRUE  TRUE  TRUE FALSE  TRUE FALSE  TRUE  TRUE  TRUE FALSE  TRUE
[166]  TRUE FALSE FALSE  TRUE  TRUE FALSE  TRUE  TRUE  TRUE  TRUE FALSE FALSE  TRUE FALSE  TRUE
[181]  TRUE  TRUE FALSE FALSE  TRUE  TRUE FALSE FALSE  TRUE FALSE  TRUE  TRUE  TRUE FALSE  TRUE
[196] FALSE FALSE  TRUE  TRUE FALSE  TRUE FALSE FALSE FALSE FALSE  TRUE  TRUE  TRUE  TRUE  TRUE
[211] FALSE  TRUE  TRUE  TRUE  TRUE  TRUE  TRUE  TRUE  TRUE  TRUE  TRUE  TRUE  TRUE  TRUE  TRUE
[226]  TRUE FALSE  TRUE FALSE FALSE FALSE  TRUE FALSE FALSE  TRUE FALSE  TRUE  TRUE  TRUE FALSE
[241] FALSE  TRUE  TRUE  TRUE  TRUE FALSE  TRUE  TRUE  TRUE  TRUE  TRUE  TRUE  TRUE  TRUE FALSE
[256]  TRUE FALSE FALSE FALSE  TRUE FALSE  TRUE FALSE  TRUE  TRUE  TRUE  TRUE FALSE FALSE FALSE
[271]  TRUE  TRUE  TRUE  TRUE FALSE  TRUE  TRUE  TRUE  TRUE  TRUE  TRUE  TRUE  TRUE  TRUE  TRUE
[286]  TRUE  TRUE  TRUE  TRUE  TRUE  TRUE  TRUE  TRUE  TRUE FALSE  TRUE  TRUE FALSE FALSE  TRUE
[301]  TRUE  TRUE  TRUE FALSE  TRUE  TRUE  TRUE FALSE FALSE  TRUE  TRUE  TRUE FALSE  TRUE  TRUE
[316]  TRUE  TRUE  TRUE  TRUE FALSE  TRUE  TRUE  TRUE FALSE  TRUE  TRUE  TRUE  TRUE FALSE  TRUE
[331] FALSE  TRUE  TRUE  TRUE  TRUE  TRUE  TRUE  TRUE  TRUE  TRUE  TRUE  TRUE  TRUE  TRUE FALSE
[346]  TRUE  TRUE  TRUE FALSE  TRUE  TRUE  TRUE  TRUE  TRUE FALSE  TRUE  TRUE FALSE  TRUE FALSE
[361]  TRUE  TRUE FALSE FALSE  TRUE  TRUE FALSE FALSE  TRUE  TRUE  TRUE  TRUE  TRUE  TRUE  TRUE
[376]  TRUE  TRUE  TRUE  TRUE  TRUE  TRUE  TRUE  TRUE  TRUE FALSE FALSE  TRUE  TRUE FALSE  TRUE
[391]  TRUE FALSE  TRUE  TRUE  TRUE  TRUE  TRUE  TRUE FALSE  TRUE FALSE  TRUE  TRUE  TRUE  TRUE
[406]  TRUE  TRUE FALSE FALSE  TRUE  TRUE FALSE  TRUE FALSE  TRUE FALSE  TRUE  TRUE  TRUE  TRUE
[421]  TRUE FALSE  TRUE  TRUE  TRUE  TRUE  TRUE  TRUE  TRUE  TRUE  TRUE  TRUE  TRUE  TRUE  TRUE
[436] FALSE  TRUE  TRUE  TRUE FALSE  TRUE  TRUE  TRUE  TRUE  TRUE  TRUE FALSE  TRUE FALSE  TRUE
[451]  TRUE  TRUE  TRUE  TRUE  TRUE  TRUE  TRUE  TRUE FALSE  TRUE  TRUE  TRUE  TRUE  TRUE  TRUE
[466]  TRUE  TRUE  TRUE  TRUE  TRUE  TRUE  TRUE  TRUE FALSE  TRUE  TRUE  TRUE  TRUE  TRUE  TRUE
[481]  TRUE  TRUE  TRUE  TRUE  TRUE  TRUE  TRUE FALSE FALSE  TRUE  TRUE FALSE  TRUE  TRUE  TRUE
[496]  TRUE FALSE  TRUE  TRUE  TRUE  TRUE  TRUE  TRUE  TRUE  TRUE  TRUE  TRUE  TRUE  TRUE FALSE
[511]  TRUE FALSE  TRUE  TRUE  TRUE  TRUE  TRUE  TRUE  TRUE  TRUE  TRUE FALSE  TRUE  TRUE  TRUE
[526]  TRUE  TRUE  TRUE  TRUE  TRUE FALSE  TRUE  TRUE  TRUE FALSE  TRUE FALSE  TRUE  TRUE  TRUE
[541]  TRUE  TRUE  TRUE  TRUE  TRUE  TRUE  TRUE FALSE  TRUE  TRUE FALSE  TRUE  TRUE  TRUE  TRUE
[556]  TRUE  TRUE  TRUE  TRUE  TRUE  TRUE  TRUE  TRUE FALSE  TRUE  TRUE  TRUE  TRUE  TRUE  TRUE
[571]  TRUE  TRUE  TRUE  TRUE FALSE  TRUE  TRUE  TRUE  TRUE  TRUE  TRUE  TRUE  TRUE  TRUE  TRUE
[586]  TRUE  TRUE  TRUE  TRUE  TRUE FALSE  TRUE  TRUE  TRUE  TRUE  TRUE  TRUE  TRUE FALSE  TRUE
[601]  TRUE  TRUE  TRUE  TRUE  TRUE  TRUE FALSE  TRUE  TRUE  TRUE  TRUE FALSE  TRUE  TRUE  TRUE
[616]  TRUE  TRUE  TRUE  TRUE  TRUE  TRUE  TRUE  TRUE  TRUE  TRUE  TRUE  TRUE  TRUE  TRUE  TRUE
[631]  TRUE  TRUE  TRUE  TRUE  TRUE  TRUE  TRUE  TRUE  TRUE  TRUE  TRUE  TRUE  TRUE  TRUE  TRUE
[646]  TRUE  TRUE  TRUE  TRUE  TRUE  TRUE  TRUE  TRUE  TRUE  TRUE  TRUE  TRUE  TRUE  TRUE  TRUE
[661]  TRUE  TRUE  TRUE  TRUE  TRUE  TRUE  TRUE  TRUE  TRUE  TRUE  TRUE  TRUE  TRUE  TRUE  TRUE
[676]  TRUE  TRUE  TRUE  TRUE  TRUE  TRUE  TRUE  TRUE FALSE  TRUE

