
Birth-death simulation object with 755 species and 500 extant species

Details for some species:

Extinction times (NA means extant)
[1] 62.460363 28.051436  9.374553 37.058803 38.753223 35.747932


Speciation times 
[1] 80.99791 76.05484 75.51205 70.24708 64.13801 71.21204


Species parents (NA for initial)
[1] NA  1  1  1  1  2


Species status (extinct or extant)
[1] "extinct" "extinct" "extinct" "extinct" "extinct" "extinct"


For more details on vector y, try sim$y, with y one of
TE TS PAR EXTANT



$TE
  [1] 62.460362752 28.051436044  9.374553464 37.058802574 38.753223373 35.747932446  6.002396187
  [8]           NA 27.573311111 33.395625971 10.852775599 36.229010892 39.189720164 11.655017185
 [15]           NA           NA           NA           NA  9.366456160           NA  6.823250295
 [22] 41.676048791 49.940055697 44.710108555           NA 42.267149885 18.221594886 24.289963296
 [29] 28.311107378  5.938695033           NA 19.559697708  3.291888523 31.458853844 26.939632654
 [36] 31.924462970           NA 25.230646929 40.874995136           NA  6.121174188           NA
 [43] 22.997633531 32.441278824  1.639281086           NA           NA 17.457309825           NA
 [50]           NA           NA           NA  7.041229532 29.703642124           NA 24.602469805
 [57] 32.090474343           NA  3.073508947 19.228292475 13.150506208 33.323540819  1.016277631
 [64]           NA 26.513158092 17.620276404  0.468576406           NA 21.909867501 39.804997074
 [71] 29.862313379 20.582416210 37.670124556 33.256664261 19.095668250           NA 19.193845718
 [78] 40.784657970           NA           NA 10.636862920  0.489323785           NA 28.590198164
 [85] 31.781043492           NA 14.327272622           NA 10.327219325           NA           NA
 [92] 20.775895974           NA 17.799472046           NA 33.520402379 31.762735282 21.640079516
 [99]  4.065310267           NA           NA           NA           NA           NA  5.458333644
[106] 17.800325518           NA 17.232925952 26.409808994 21.218219031           NA  9.073817235
[113]           NA 27.849859680 15.511656929           NA           NA           NA           NA
[120]           NA           NA           NA           NA  1.134797754  8.788512849           NA
[127]           NA           NA  6.480025914  3.895520088  8.882970656  4.234299380           NA
[134]           NA           NA           NA 30.022692619 12.304214591 21.496174372 20.389809456
[141]  4.511944655 25.785886075 10.839698907 18.992247024 20.199595339           NA           NA
[148] 12.885754007 16.790565313 18.325238526           NA 16.437826989           NA 19.788292122
[155]           NA           NA           NA  3.233133265 25.153404998  5.798112567 21.060411066
[162]  6.357509241 28.886893264 22.719227095 22.871232641 13.230884576           NA           NA
[169]           NA           NA  8.204295491 21.644855348           NA  9.943045545 23.602216056
[176]  0.561822266           NA  7.461392524  5.354077315           NA 10.025879370 12.672913317
[183] 13.353368057           NA           NA           NA  7.761091102           NA           NA
[190]           NA           NA           NA           NA  6.639932165 21.721504962           NA
[197]           NA           NA           NA  6.531177569  7.958782982           NA  2.201697631
[204]           NA 23.528436362           NA           NA           NA           NA           NA
[211]           NA 10.327349617  6.823913163           NA           NA 12.948764900           NA
[218]  2.876055743           NA           NA           NA 22.350600229 20.900258915           NA
[225] 13.328900651           NA 13.714546740           NA  6.691059353           NA 11.202605685
[232]  8.724928037 12.078700892 25.079817323 20.259433915  8.257024138  2.920634086           NA
[239] 13.199215277           NA           NA           NA           NA 25.276238110 20.414646959
[246] 23.166043400 10.934606639           NA  8.822198889           NA           NA 15.424316861
[253]           NA           NA           NA 15.484037453 21.674395494           NA  2.065537615
[260]           NA  9.734645302           NA           NA 21.267495399           NA           NA
[267]           NA           NA           NA 24.925980925 16.180323693           NA           NA
[274]           NA           NA 21.482958911 16.595337261           NA  1.413300537           NA
[281]           NA           NA           NA           NA 10.451311473           NA 10.375782695
[288] 16.202498202  1.517259844 17.536221522 11.227908285           NA           NA           NA
[295]           NA 24.300004630  5.732289834           NA           NA           NA 10.333017962
[302]           NA           NA           NA           NA 12.259260197           NA           NA
[309]  0.014329198           NA 14.842590101 15.301032344           NA           NA 19.409827896
[316]  0.786031451           NA           NA           NA  5.902925620           NA           NA
[323] 13.749831732           NA           NA  4.576624871  5.001834027           NA 18.446574070
[330]           NA           NA           NA           NA 10.355920581           NA           NA
[337]           NA           NA           NA  4.308497887 12.419909448  0.820846551           NA
[344]           NA  6.381939472           NA           NA           NA  0.056890169           NA
[351]           NA  3.116913544           NA  5.705146205           NA           NA 12.366949788
[358] 10.076441890           NA           NA           NA 14.138617568           NA           NA
[365]           NA           NA           NA  1.608449553           NA           NA  1.179417683
[372]           NA           NA           NA           NA  1.558369342  3.299060067           NA
[379]  5.774619714  4.125915878           NA           NA 15.205263809           NA  2.887891493
[386]           NA           NA           NA  3.130783267           NA  1.213502356           NA
[393] 11.057335301           NA           NA           NA           NA 11.028823135  0.853780735
[400]           NA           NA  2.078807454           NA           NA           NA  3.311172443
[407]           NA           NA           NA  3.659283867           NA  9.557395894  2.116578039
[414]           NA           NA           NA           NA           NA           NA           NA
[421]           NA           NA  1.121589059           NA 13.159684381  2.342620108           NA
[428]           NA           NA           NA           NA           NA           NA           NA
[435]           NA  1.397149892           NA           NA           NA  2.993073247           NA
[442]  6.671843333           NA           NA  3.503696324           NA           NA           NA
[449]           NA           NA           NA           NA           NA 10.937739976           NA
[456]           NA           NA           NA           NA           NA 11.961142016           NA
[463]           NA           NA           NA           NA           NA           NA           NA
[470]           NA 16.326488988           NA           NA           NA           NA           NA
[477]           NA  9.574808016           NA  7.148971105  3.428420292           NA           NA
[484]           NA           NA           NA           NA           NA           NA           NA
[491]  5.640064537           NA           NA           NA           NA  0.137810218  2.391742510
[498]           NA  4.922411691           NA           NA           NA           NA  3.758052880
[505]           NA           NA           NA           NA           NA           NA 10.367870537
[512]  3.045846607           NA           NA           NA           NA           NA           NA
[519]           NA           NA           NA           NA           NA  1.348528544  2.995710937
[526]           NA           NA           NA           NA           NA  4.246492977           NA
[533]  8.667181604           NA           NA  3.254225428           NA           NA           NA
[540]           NA           NA           NA           NA           NA           NA           NA
[547]           NA           NA  4.940266212           NA           NA           NA           NA
[554]           NA           NA           NA           NA  4.277047351           NA           NA
[561]           NA           NA           NA           NA           NA           NA           NA
[568]           NA  0.008631168           NA           NA           NA           NA           NA
[575]           NA           NA           NA           NA           NA           NA           NA
[582]  4.385810933           NA  4.844560704           NA  2.742936536           NA           NA
[589]           NA           NA           NA  0.872525486           NA           NA           NA
[596]           NA           NA           NA           NA           NA           NA           NA
[603]           NA  1.659189351           NA           NA           NA  1.393511873           NA
[610]           NA           NA           NA           NA           NA           NA  6.409943596
[617]           NA           NA           NA           NA           NA           NA           NA
[624]           NA           NA           NA           NA           NA           NA           NA
[631]           NA           NA           NA           NA           NA           NA  0.756807367
[638]           NA           NA           NA  6.729541788           NA  3.597959514           NA
[645]           NA           NA           NA           NA           NA           NA  1.360695080
[652]  2.216111548           NA           NA           NA           NA           NA           NA
[659]           NA           NA           NA           NA           NA           NA  2.268729693
[666]           NA           NA           NA           NA           NA           NA           NA
[673]           NA           NA           NA           NA           NA           NA           NA
[680]           NA           NA  2.787099703           NA  1.233643652           NA           NA
[687]           NA  2.759560019           NA           NA           NA           NA           NA
[694]           NA           NA           NA           NA  0.982334390  4.154694076           NA
[701]           NA  0.825534538           NA           NA           NA           NA           NA
[708]  1.983992034           NA  3.539860452           NA           NA           NA           NA
[715]           NA           NA           NA           NA           NA  1.362732078           NA
[722]           NA           NA           NA           NA           NA           NA           NA
[729]           NA           NA           NA           NA           NA           NA           NA
[736]           NA           NA           NA           NA           NA           NA           NA
[743]           NA  0.992153495           NA           NA           NA           NA           NA
[750]           NA           NA           NA           NA           NA           NA

$TS
  [1] 80.997905147 76.054835227 75.512047919 70.247080956 64.138010811 71.212040653 44.217208179
  [8] 34.343081874 32.966186472 55.837510551 52.044361301 45.698148913 43.108263059 27.546170814
 [15] 22.991889095 21.063203554 16.549997492 13.451302097 10.694835690 10.262833663 49.801331426
 [22] 58.475251710 55.053213746 46.904814015 45.477849934 43.837648983 39.527096580 39.334711147
 [29] 57.443652974 42.666972244 39.906438107 36.110295227 33.446135886 31.887276478 53.144086247
 [36] 40.071032227 53.409311291 47.575990254 47.408571701 45.895917912 43.065991380 41.952127327
 [43] 38.749124307 36.068101494 33.452943677 23.633527162 19.430733535 19.109781827 15.861344899
 [50] 10.289119755  8.120896237  0.454269144 37.577225613 34.676603515 27.458273011 46.799236384
 [57] 33.581701515 13.327394480 43.006757679 45.629441179 46.207777585 39.046452490 32.571492775
 [64] 30.403698611 41.563690819 38.756715918  7.490385791  1.357455129 45.462390587 44.821489084
 [71] 43.789756534 43.709473487 39.748408947 38.966401521 43.412039233 31.850102643 43.332655416
 [78] 42.065934958 24.983127760 18.696860373 14.210787057  5.192407249  1.650756598 41.512672642
 [85] 40.700429949 39.338316141 23.102688964 22.817470918 40.920644226 35.162193517 34.758317830
 [92] 30.317550002 26.719564361 41.352010499 40.636310498 42.557347975 32.628146568 26.019173799
 [99] 22.722424888 40.542966167 36.486176613 22.693396739 21.858265957  9.944795769 36.008318813
[106] 19.678109998  3.728317230 39.989072312 35.786863602 28.794804049 23.220624263 14.798822823
[113]  7.425856189 37.457344224 18.651957380  3.117744419  1.084964898 30.460664455 32.892553656
[120] 21.084968671 22.856965318 18.966939697 23.489382859 14.725018675  9.651297983  4.048167501
[127]  2.583314597 29.199546336 18.090479135 17.413590269 17.038880465  8.265165696  7.588551314
[134]  7.555905623  3.931377486  0.382410645 36.494719875 35.370222868 34.591288194 29.791471483
[141] 27.148797208 32.644426402 29.905606008 29.564593386 25.282449129 24.476516948  7.960816765
[148] 31.213433958 28.783726964 35.776105855 33.556904675 30.705068385 30.321451969 27.202131594
[155] 23.553130202 23.410699768 18.187842988  7.925180407 35.500194441 32.907479221 25.826303405
[162] 17.952473727 37.457950969 29.255310857 26.906362629 14.672517988 14.376723628 16.717682451
[169]  8.896845160  7.793722953 31.350438983 31.109443737 23.774800303 31.798708168 30.570191379
[176] 29.176067185 28.022484176 33.137308790 20.719346381 18.963785131 27.060548761 20.621328666
[183] 13.723172662  5.106196967 22.101911347 19.880248562 16.756091856 13.393990637  9.934498363
[190]  4.120390940  3.637211051  2.584925111  2.432003471 34.205879245 32.184440293 22.859192708
[197]  8.495914111  0.693043938 29.807199666 12.258946326 12.085826359 25.973246696 22.157776772
[204] 27.284948576 23.715426275 23.482217888 30.668500487 26.135519671 18.130361735 29.726223911
[211] 18.126019428 13.454020920 11.959073541 23.429864085 17.915039006 16.693050702 15.347517825
[218] 12.971192899  5.890504188  2.708786145 29.843841775 26.161157556 26.119405928 22.538440626
[225] 17.237004682 15.126687519 14.725043739  2.063076397 17.824541955 10.664431361 26.561902940
[232] 12.807451889 29.648878585 27.618748321 26.607773973 26.641145683 26.532619169  1.946133924
[239] 15.461360905 14.037741443  1.780383859  1.766662027  6.520818233 29.080285205 28.251973659
[246] 27.903759110 23.983324997 23.915890579 10.410891514 21.437925377 20.611877066 29.062723558
[253] 23.049475214  5.373632708 21.283036617 16.374679978 22.363472281 29.057886957 21.954754734
[260]  7.005764073 27.357202274 10.959652169  6.145758173 24.576059373 20.077952811 17.966567300
[267] 17.886064037 21.452437866 14.551657371 25.692130103 24.830819519 21.185673284 19.619692632
[274]  8.767276186  4.854009546 21.719230366 19.938554460 16.877844598 20.206870844 10.134698439
[281] 26.733904578 23.088267934 11.448667855 17.725932051 17.266439299 17.206423539 15.207511531
[288] 23.314442545 22.496290010 25.148377026 17.552797361 10.672653243  3.557135938  1.429191693
[295] 26.576949119 25.986925849 13.771294376 15.791671714 19.183722999  2.140383917 25.426364244
[302] 11.426005661 17.911282747 16.978843633 10.883576546 22.656171825 14.331134868  7.583533500
[309]  4.771894331  2.787714026 21.138846634 20.861700188 18.507900444 13.095120630 24.842359571
[316] 24.602969261  7.327007829  6.455043891 21.478949790 13.562199152  5.497175153 22.691554551
[323] 20.129213253  1.701961150 17.776930609 19.976303371  5.936358799  0.931924055 23.176875901
[330]  4.458971287  4.402379853  0.341966686  5.672576312 14.378289587  5.638032442 18.966145236
[337] 17.971354765 11.959370551 15.508560540 20.836619921 16.944285582 17.829451141  8.412998188
[344] 20.321442200 16.071626830  5.629449410  0.195857973 22.786999767  5.824934742  4.705623667
[351]  4.275773349 13.922103176 12.363645475 10.870432443  3.517197742  1.877118426 15.197010919
[358] 14.656073766  0.978563537 19.319409126 21.587834272 20.453345272 15.662569519 14.656008141
[365] 12.876505138  6.288781999 22.341715956 20.236725227 11.709853045 10.376911260  9.739673970
[372]  6.613430459  2.810657717 18.416520984  3.944987034 15.288543428  7.486723975 17.482518980
[379]  7.005342681 14.448424017 14.418347555  2.730006262 18.292368542 14.040635101 11.111762154
[386]  6.064497300  2.137837073 15.307888414 11.740045813  8.393106167 15.741148358 17.333547051
[393] 17.227636549  0.521977895 13.021229082  9.444724811  5.194612991 13.688634448 17.990795415
[400] 12.894239448 17.129007638 13.873993659 19.681905725 19.669144090 16.890454487 15.659149602
[407] 13.786712221  9.345200397  1.730287159  8.899210224  0.917242260 10.503970102  9.225751287
[414]  5.210068305  3.388201928  2.550146407  1.815218790  6.750921680  6.259601725 15.283925995
[421]  8.973832211  0.479733554  7.631673974  5.995118356 13.297344164  7.567185631  7.403589284
[428] 19.037920021  7.715076473  3.556810207 11.282976004  8.832743554  5.781871182  8.347175321
[435] 15.521108722 13.818422259  0.723102747 10.022956385  4.699132029 18.146338340 11.571559847
[442]  6.805248415  2.162829061  0.872485767 17.509853605 14.628734894 15.690565561  5.911142878
[449] 11.398934596 12.891594173 16.634799432 15.294365905  6.759213204 17.175447791  2.479837723
[456] 17.522980710 12.116860714  5.059792046  3.097105384 16.825726036 12.131159252  2.225785945
[463]  0.865117339 14.201984623  0.558781394 16.818907261 13.004810270 11.268218938  9.314592397
[470]  7.896357018 16.366029374 11.777121459  7.993865590  3.942692913  8.907734936  8.060364730
[477]  5.605917128 14.538206544  1.701227874 16.847455136 14.460183463  9.766600165  6.772909766
[484]  4.403332608 15.872813262 16.145660881  7.574612605  0.780335472  1.436516875  1.431553070
[491] 16.816426519  2.246974130  0.433385280  5.765626914 11.971015673  6.158413117  9.183166672
[498] 12.527152481 10.646097198  2.596850151  7.099482532  5.809073163  0.913686831 10.201051804
[505]  1.493807239  8.644772181  7.215397684  5.345554729 13.251015201  9.289891362 11.719316202
[512]  4.849363887  3.871053437  2.238420680 14.818913712 14.486636170 13.135641636 11.068030443
[519] 14.165147482 11.391494708  3.624024564  1.550960518 12.972729941  9.727654209  4.546707877
[526] 12.359149931  5.928458989  2.408196291 10.469429185  8.371740137  7.902851948  2.294704599
[533] 10.646985320 14.441735224  4.411376894  4.597760376  8.867731649  8.260229876 11.480796034
[540] 11.434837636  0.827299953  5.620081862  3.269241774 11.814262692  5.257968649 10.821531320
[547]  2.549103748  9.774426998  7.886534700 12.523614538 11.507656120  5.782293479 10.734326374
[554] 10.700823954  3.708789935  2.523695520  6.570877945 10.395885505  3.769355025  0.811754145
[561] 10.495588077  1.105234220  0.412796221 11.800187364  6.939453901  4.155560028  7.045482075
[568] 11.455072993 10.467334895  8.217501773  5.348131496  6.911982376  5.861929727  0.221313105
[575]  4.008876385  7.697406555  7.497711924  2.611121708  1.584437295  9.816970539  7.453468885
[582]  9.528365335  9.093547487  6.303386432  1.471452054  3.159262500  0.903072441  9.142885060
[589]  7.609660715  4.592562380  5.377035504  5.451193107  8.486208334  5.999801607  9.704618322
[596]  6.408214349  0.943528221  6.446973166  3.133166770  2.491415829  7.618596124  4.934802435
[603]  7.884700662  2.343357727  9.665855340  8.769612245  4.681200663  1.986449597  8.904106329
[610]  2.759560253  7.147613435  8.862128142  6.876572413  4.423447518  7.416381125  8.367000329
[617]  4.942874937  3.908083362  8.156611731  3.699709759  7.748974681  0.029008014  6.583142917
[624]  6.047635221  4.648431133  2.180269476  1.494177927  1.135058910  3.198815282  3.506991689
[631]  3.805955746  4.175047917  1.294599099  2.256999108  4.312793573  3.436916754  4.896809175
[638]  6.166237474  0.149999286  6.326509197  7.524255499  6.226505156  4.481439373  7.421634114
[645]  7.369998250  7.241107186  5.070201235  0.767465049  7.451308107  1.900131363  3.869815931
[652]  2.253908375  6.295301887  6.415409026  1.596668375  0.137622812  7.034048509  6.238022512
[659]  3.002044214  0.462994307  1.838467702  6.411423881  3.040990599  4.120423519  6.212746531
[666]  5.883824578  2.310368397  2.805909967  1.217091800  1.982050169  0.227852719  0.090122652
[673]  5.707151293  5.319508427  3.292296052  1.501004718  1.280126121  6.081495250  6.189430926
[680]  1.839984292  0.019307906  5.740980650  4.380954384  6.073135465  1.194191918  0.225254749
[687]  4.011517793  3.128365482  4.221964392  1.533235231  3.553932855  3.844287647  0.572540360
[694]  3.105468206  0.145166218  3.821526069  0.201473808  4.322282308  5.196074274  5.559352029
[701]  5.620522655  3.053439760  0.115402106  5.480921964  2.348227907  2.860757375  2.742390277
[708]  5.073883734  4.277904314  4.419040729  0.511016502  2.811796868  2.257836234  4.365376428
[715]  3.944469214  3.626840673  0.292869186  2.563900068  3.937034483  1.909518318  1.179036569
[722]  1.700416718  1.563459158  3.476932378  1.561371957  0.122933347  1.955486238  2.191813534
[729]  0.536792199  0.599390966  2.628824672  0.940969983  1.836629795  2.255449900  2.099324055
[736]  1.031966530  0.383607217  2.544375973  1.915595255  1.574404205  1.731400951  0.256360993
[743]  2.246656284  1.455968950  0.493001374  0.217889649  1.773467198  1.151742490  0.005015463
[750]  0.746598018  0.933369727  1.043861694  0.818179092  0.695425567  0.308495454

$PAR
  [1]  NA   1   1   1   1   2   2   2   2   3   3   3   3   3   3   3   3   3   3   3   6   4   4
 [24]   4   4   4   4   4   5  29  29  29  29  29  10  10  23  37  37  37  37  37  37  37  37  37
 [47]  37  37  37  37  37  37  35  35  35  11  11  11  38  24  56  61  61  61  40  40  40  40  12
 [70]  12  12  12  12  12  60  60  25  25  25  25  25  25  25  69  69  69  69  69  70   7  71  72
 [93]  72  75  75  77  77  77  77  41  41  41  41  41  59  59  59  30  30  30  30  30  30  96  42
[116]  42  42  65  84  94  89  89  95  95  95  95  95 100 100 100 100 100 100 100 100 100  36  36
[139] 108 108 108  31  31  31  31  31  31  27  27  86  86  86  86  86  86  86  86  86  62  66  66
[162]  66  43  53  53  53  53 101 101 101  32  32 105 109 150 159 159 138 138 138  90  90  90  90
[185]  91  91  91  91  91  91  91  91  91  54 139   8   8   8 194 151 151  45  45  33  33  33 178
[208] 178 178   9 160 160 160 119 119 119 119 119 119 119  63  63  63  63  63  76  76  76 174 174
[231] 171 171 148 148 148 152 207 207 118 118 118 118  64 153 153 143 221 221 221 140 140 210 210
[254] 210 233 233 144 128 128 128 176 176 176 252 252 252 252 258 258 110 110 149 177 177 177  14
[277]  14  14  55  55 261 261 261 204 204 204 204 154 141 181 281 281 281 281  93  93  93 236 295
[300] 295 231 231 237 237 237 222 208 208 208 208 202 202 301 301 290  79  79  79 316 316 316 146
[323] 146 146 247 248 248 248 173  46  46  46 123 206 206 156 156 156 111 329  87 282 282  15  15
[346]  15  15 196 196 196 196 121 121 121 121 121  88  88  88 348  99  99  99  99  99  99 102 102
[369] 102 102 102 102 102 322 322 224 224 367 367 203 203 203 259 259 259 259 103 361 319 319 268
[392] 250 255 255 272 272 272 120  16  16 179 179 182 182 182 182 251 251 251 344 344 368 368 368
[415] 279 265 265 326 326 404 404 404 273 273  47  47  47 360 360 360 299 299 428 122 336 180 180
[438]  80  80 115 313 313 313 313 374 374 157 157 209 211 129 129 129 399 399 337 337 337 337 215
[461] 215 215 215 267 267 342 342 342 342 229 284 284 456 456 445 378 378 392 392 225 225 286 286
[484] 286 454 401 401 304 405 278 460 466 466 168  17  17 486 485 485 485  49  49  49 298 298 391
[507] 391 391 363 406 435 217 388 452 420 287 287 287 226 124 124 124 364 364 364 446 269 269 478
[530] 516 516 516 481 380 380 381 307 307  81 519 519 240 352 402  18 188 188  58  58 509 509 509
[553] 395 395 395 395 467 218 218 400 365 550 550 457 457 457 495 338 213 213 544 564 551 551 539
[576] 302 302 520 520 385 518 262 262 262 262 554 292 230 230 230 561 529 569 569 249 370 370  50
[599]  50  20 104 104 189 189 580 580 580 548 482 371 524 582 396 588 583 421 421 475 410 169 537
[622] 537 606 606 606 274 506 197 593 343 390 530 530 434 570 473 531 470 470 170 576 576 576 423
[645] 601 589 589 589 426 134 577 577  67 581 649 113 615 615 615 427 645 646 646 507 611 611 657
[668] 260 565 572 572 483 372 372 623 243 318 598 662 640 640 584 653 366 366 658 679 496 678 386
[691] 594 448 448 219 666 573 502 433 494 335 346 701 701 542 542 477 700 591 254 571 674 545  82
[714] 647 647 458 275 350 439 439 590 330 330 614 484 575 692 696 555 620 191 293 691 636 629 116
[737] 712 382 382 127 718 556 600 705 514 514 387 238 241 655 579 627 677 359 394

$EXTANT
  [1] FALSE FALSE FALSE FALSE FALSE FALSE FALSE  TRUE FALSE FALSE FALSE FALSE FALSE FALSE  TRUE
 [16]  TRUE  TRUE  TRUE FALSE  TRUE FALSE FALSE FALSE FALSE  TRUE FALSE FALSE FALSE FALSE FALSE
 [31]  TRUE FALSE FALSE FALSE FALSE FALSE  TRUE FALSE FALSE  TRUE FALSE  TRUE FALSE FALSE FALSE
 [46]  TRUE  TRUE FALSE  TRUE  TRUE  TRUE  TRUE FALSE FALSE  TRUE FALSE FALSE  TRUE FALSE FALSE
 [61] FALSE FALSE FALSE  TRUE FALSE FALSE FALSE  TRUE FALSE FALSE FALSE FALSE FALSE FALSE FALSE
 [76]  TRUE FALSE FALSE  TRUE  TRUE FALSE FALSE  TRUE FALSE FALSE  TRUE FALSE  TRUE FALSE  TRUE
 [91]  TRUE FALSE  TRUE FALSE  TRUE FALSE FALSE FALSE FALSE  TRUE  TRUE  TRUE  TRUE  TRUE FALSE
[106] FALSE  TRUE FALSE FALSE FALSE  TRUE FALSE  TRUE FALSE FALSE  TRUE  TRUE  TRUE  TRUE  TRUE
[121]  TRUE  TRUE  TRUE FALSE FALSE  TRUE  TRUE  TRUE FALSE FALSE FALSE FALSE  TRUE  TRUE  TRUE
[136]  TRUE FALSE FALSE FALSE FALSE FALSE FALSE FALSE FALSE FALSE  TRUE  TRUE FALSE FALSE FALSE
[151]  TRUE FALSE  TRUE FALSE  TRUE  TRUE  TRUE FALSE FALSE FALSE FALSE FALSE FALSE FALSE FALSE
[166] FALSE  TRUE  TRUE  TRUE  TRUE FALSE FALSE  TRUE FALSE FALSE FALSE  TRUE FALSE FALSE  TRUE
[181] FALSE FALSE FALSE  TRUE  TRUE  TRUE FALSE  TRUE  TRUE  TRUE  TRUE  TRUE  TRUE FALSE FALSE
[196]  TRUE  TRUE  TRUE  TRUE FALSE FALSE  TRUE FALSE  TRUE FALSE  TRUE  TRUE  TRUE  TRUE  TRUE
[211]  TRUE FALSE FALSE  TRUE  TRUE FALSE  TRUE FALSE  TRUE  TRUE  TRUE FALSE FALSE  TRUE FALSE
[226]  TRUE FALSE  TRUE FALSE  TRUE FALSE FALSE FALSE FALSE FALSE FALSE FALSE  TRUE FALSE  TRUE
[241]  TRUE  TRUE  TRUE FALSE FALSE FALSE FALSE  TRUE FALSE  TRUE  TRUE FALSE  TRUE  TRUE  TRUE
[256] FALSE FALSE  TRUE FALSE  TRUE FALSE  TRUE  TRUE FALSE  TRUE  TRUE  TRUE  TRUE  TRUE FALSE
[271] FALSE  TRUE  TRUE  TRUE  TRUE FALSE FALSE  TRUE FALSE  TRUE  TRUE  TRUE  TRUE  TRUE FALSE
[286]  TRUE FALSE FALSE FALSE FALSE FALSE  TRUE  TRUE  TRUE  TRUE FALSE FALSE  TRUE  TRUE  TRUE
[301] FALSE  TRUE  TRUE  TRUE  TRUE FALSE  TRUE  TRUE FALSE  TRUE FALSE FALSE  TRUE  TRUE FALSE
[316] FALSE  TRUE  TRUE  TRUE FALSE  TRUE  TRUE FALSE  TRUE  TRUE FALSE FALSE  TRUE FALSE  TRUE
[331]  TRUE  TRUE  TRUE FALSE  TRUE  TRUE  TRUE  TRUE  TRUE FALSE FALSE FALSE  TRUE  TRUE FALSE
[346]  TRUE  TRUE  TRUE FALSE  TRUE  TRUE FALSE  TRUE FALSE  TRUE  TRUE FALSE FALSE  TRUE  TRUE
[361]  TRUE FALSE  TRUE  TRUE  TRUE  TRUE  TRUE FALSE  TRUE  TRUE FALSE  TRUE  TRUE  TRUE  TRUE
[376] FALSE FALSE  TRUE FALSE FALSE  TRUE  TRUE FALSE  TRUE FALSE  TRUE  TRUE  TRUE FALSE  TRUE
[391] FALSE  TRUE FALSE  TRUE  TRUE  TRUE  TRUE FALSE FALSE  TRUE  TRUE FALSE  TRUE  TRUE  TRUE
[406] FALSE  TRUE  TRUE  TRUE FALSE  TRUE FALSE FALSE  TRUE  TRUE  TRUE  TRUE  TRUE  TRUE  TRUE
[421]  TRUE  TRUE FALSE  TRUE FALSE FALSE  TRUE  TRUE  TRUE  TRUE  TRUE  TRUE  TRUE  TRUE  TRUE
[436] FALSE  TRUE  TRUE  TRUE FALSE  TRUE FALSE  TRUE  TRUE FALSE  TRUE  TRUE  TRUE  TRUE  TRUE
[451]  TRUE  TRUE  TRUE FALSE  TRUE  TRUE  TRUE  TRUE  TRUE  TRUE FALSE  TRUE  TRUE  TRUE  TRUE
[466]  TRUE  TRUE  TRUE  TRUE  TRUE FALSE  TRUE  TRUE  TRUE  TRUE  TRUE  TRUE FALSE  TRUE FALSE
[481] FALSE  TRUE  TRUE  TRUE  TRUE  TRUE  TRUE  TRUE  TRUE  TRUE FALSE  TRUE  TRUE  TRUE  TRUE
[496] FALSE FALSE  TRUE FALSE  TRUE  TRUE  TRUE  TRUE FALSE  TRUE  TRUE  TRUE  TRUE  TRUE  TRUE
[511] FALSE FALSE  TRUE  TRUE  TRUE  TRUE  TRUE  TRUE  TRUE  TRUE  TRUE  TRUE  TRUE FALSE FALSE
[526]  TRUE  TRUE  TRUE  TRUE  TRUE FALSE  TRUE FALSE  TRUE  TRUE FALSE  TRUE  TRUE  TRUE  TRUE
[541]  TRUE  TRUE  TRUE  TRUE  TRUE  TRUE  TRUE  TRUE FALSE  TRUE  TRUE  TRUE  TRUE  TRUE  TRUE
[556]  TRUE  TRUE FALSE  TRUE  TRUE  TRUE  TRUE  TRUE  TRUE  TRUE  TRUE  TRUE  TRUE FALSE  TRUE
[571]  TRUE  TRUE  TRUE  TRUE  TRUE  TRUE  TRUE  TRUE  TRUE  TRUE  TRUE FALSE  TRUE FALSE  TRUE
[586] FALSE  TRUE  TRUE  TRUE  TRUE  TRUE FALSE  TRUE  TRUE  TRUE  TRUE  TRUE  TRUE  TRUE  TRUE
[601]  TRUE  TRUE  TRUE FALSE  TRUE  TRUE  TRUE FALSE  TRUE  TRUE  TRUE  TRUE  TRUE  TRUE  TRUE
[616] FALSE  TRUE  TRUE  TRUE  TRUE  TRUE  TRUE  TRUE  TRUE  TRUE  TRUE  TRUE  TRUE  TRUE  TRUE
[631]  TRUE  TRUE  TRUE  TRUE  TRUE  TRUE FALSE  TRUE  TRUE  TRUE FALSE  TRUE FALSE  TRUE  TRUE
[646]  TRUE  TRUE  TRUE  TRUE  TRUE FALSE FALSE  TRUE  TRUE  TRUE  TRUE  TRUE  TRUE  TRUE  TRUE
[661]  TRUE  TRUE  TRUE  TRUE FALSE  TRUE  TRUE  TRUE  TRUE  TRUE  TRUE  TRUE  TRUE  TRUE  TRUE
[676]  TRUE  TRUE  TRUE  TRUE  TRUE  TRUE FALSE  TRUE FALSE  TRUE  TRUE  TRUE FALSE  TRUE  TRUE
[691]  TRUE  TRUE  TRUE  TRUE  TRUE  TRUE  TRUE FALSE FALSE  TRUE  TRUE FALSE  TRUE  TRUE  TRUE
[706]  TRUE  TRUE FALSE  TRUE FALSE  TRUE  TRUE  TRUE  TRUE  TRUE  TRUE  TRUE  TRUE  TRUE FALSE
[721]  TRUE  TRUE  TRUE  TRUE  TRUE  TRUE  TRUE  TRUE  TRUE  TRUE  TRUE  TRUE  TRUE  TRUE  TRUE
[736]  TRUE  TRUE  TRUE  TRUE  TRUE  TRUE  TRUE  TRUE FALSE  TRUE  TRUE  TRUE  TRUE  TRUE  TRUE
[751]  TRUE  TRUE  TRUE  TRUE  TRUE

