
Birth-death simulation object with 715 species and 500 extant species

Details for some species:

Extinction times (NA means extant)
[1] 38.66620 44.94389 43.99313       NA       NA 50.10571


Speciation times 
[1] 73.95993 66.75849 63.99655 56.81818 53.19315 52.53917


Species parents (NA for initial)
[1] NA  1  1  1  1  1


Species status (extinct or extant)
[1] "extinct" "extinct" "extinct" "extant"  "extant"  "extinct"


For more details on vector y, try sim$y, with y one of
TE TS PAR EXTANT



$TE
  [1] 38.66619842 44.94389335 43.99313377          NA          NA 50.10571013 28.63043154
  [8]          NA 31.82115040          NA  3.31289560 13.85564799 18.08001554  2.84257998
 [15]  9.83659886          NA 31.50962846          NA  8.14640454          NA          NA
 [22]          NA          NA          NA          NA          NA          NA  5.05364941
 [29] 14.03496743 33.48779780 31.50034869 13.06262620          NA  1.17104231          NA
 [36]  2.56332302  8.35917746          NA          NA 30.93974681          NA          NA
 [43]          NA 32.46929561  9.64516770          NA          NA          NA          NA
 [50] 17.07300011          NA 24.12091546 39.08650184          NA  6.75492360 19.17757780
 [57] 14.54186307 16.52466930  2.50751616          NA          NA          NA  8.20654131
 [64]          NA 11.07473380          NA 31.37244536 21.66011293 15.40683585          NA
 [71] 35.50417315 16.96375717          NA          NA          NA          NA          NA
 [78] 20.33532028 13.93739143 17.86210024 14.79806971          NA 15.53548433 15.44453359
 [85]  6.87626787          NA          NA          NA          NA 23.38885947  0.08082856
 [92] 27.72462750  5.37505166          NA          NA          NA  0.65969358 24.56989254
 [99]          NA  2.96829236          NA 13.27484069  0.22583391          NA          NA
[106]          NA          NA  6.03828956  8.52697122 10.12374364 13.84477659          NA
[113]          NA          NA 26.64553392          NA  0.08203259 25.94453308  1.59749522
[120]          NA  6.46650741          NA 13.18409817  2.85813670          NA          NA
[127]  7.26164532 19.42727350  6.26708303  6.42351353          NA          NA 27.23037972
[134]  9.72727462 22.30148387 20.19624112          NA          NA  2.59587160 17.50166861
[141]          NA          NA          NA          NA          NA  2.51443109 16.76779659
[148]          NA  3.36369434          NA          NA          NA 17.77577233 19.64607125
[155] 17.57453743  4.37537977          NA 25.25891403 13.97496552  8.17586142          NA
[162] 25.86351250          NA  0.44288761          NA          NA          NA  5.27285498
[169] 28.71005062 13.37174708          NA          NA 12.98720851          NA          NA
[176]          NA  4.90873282  3.80363024          NA 14.77524494          NA 19.41444849
[183]          NA          NA          NA 23.74202907  2.60574499          NA          NA
[190]          NA          NA          NA 19.60533203 19.64260307 13.61012013 21.52727939
[197] 14.43753079          NA          NA          NA          NA 17.44124710          NA
[204]  0.61478228          NA          NA          NA          NA  8.22225441  8.65954738
[211]          NA          NA          NA          NA          NA          NA 15.38110541
[218] 13.51926002 21.37066842  9.99608955          NA  3.74462435  0.63698724          NA
[225]          NA  7.69440083          NA  6.57293234          NA          NA          NA
[232]          NA          NA          NA          NA 13.59427386  4.13233761          NA
[239]          NA          NA  2.76067513          NA 19.24969331  9.94549742          NA
[246] 27.01589581 21.72027446 14.42723837          NA          NA          NA          NA
[253]          NA  8.48828097          NA          NA  8.01650300  9.36098471          NA
[260]          NA          NA          NA          NA 10.89898426          NA 13.43053894
[267]          NA 18.29766492 13.10353119  3.16266123          NA  5.13146728          NA
[274]          NA          NA          NA          NA          NA          NA          NA
[281]          NA          NA 14.72063930          NA          NA          NA          NA
[288]          NA          NA          NA  3.04848277 10.46950244          NA          NA
[295]  2.45730125          NA 11.51449637 17.94185419  8.00448469          NA          NA
[302]          NA          NA          NA  9.16352063          NA          NA          NA
[309] 10.51931225          NA          NA          NA  0.61257641          NA          NA
[316]  5.79019683          NA          NA          NA 16.36480909 13.31014171          NA
[323]          NA          NA          NA          NA          NA  9.07297894          NA
[330]  7.08296504          NA  9.26325149 16.60369334  1.66598637          NA          NA
[337]          NA 12.05938052  0.46404502 17.85379326          NA          NA  6.36489071
[344]          NA          NA          NA          NA          NA 18.09556423  6.14089114
[351]          NA          NA          NA          NA          NA          NA  5.62245408
[358]          NA 13.98654389          NA          NA          NA          NA          NA
[365]          NA          NA          NA          NA 14.95642118          NA          NA
[372]          NA 14.54222438          NA          NA          NA          NA          NA
[379]          NA  5.15215771  2.34406563          NA          NA  5.18642931 12.07832820
[386]          NA          NA 12.25535152          NA          NA          NA          NA
[393] 16.65577524          NA  1.84066276  6.68834895          NA          NA          NA
[400]          NA 16.10460956          NA  4.31013234  4.97990511          NA  4.21521141
[407]  6.10506355          NA          NA          NA          NA          NA          NA
[414]          NA          NA          NA          NA  4.38202213          NA          NA
[421]  8.70983038  2.05103184          NA          NA  2.07562237          NA  7.77500264
[428]          NA          NA          NA  0.34281899          NA          NA          NA
[435]          NA          NA          NA          NA          NA          NA          NA
[442]          NA          NA          NA          NA          NA          NA          NA
[449]  0.63950417          NA          NA          NA          NA          NA          NA
[456]          NA          NA          NA          NA          NA          NA          NA
[463]          NA          NA          NA          NA          NA          NA          NA
[470]  7.15686297          NA  0.33160941          NA          NA          NA          NA
[477]          NA          NA          NA          NA 11.18250686          NA          NA
[484]          NA          NA          NA          NA          NA  5.61716643          NA
[491]  3.95272317  2.87055091          NA          NA          NA          NA  5.18019328
[498]  0.47919570          NA          NA  6.79027783          NA  2.23521103          NA
[505]          NA  4.40005692          NA          NA          NA          NA          NA
[512]          NA          NA          NA  5.37804054          NA          NA          NA
[519]          NA          NA          NA  7.42064033          NA          NA          NA
[526]          NA          NA          NA          NA  5.04690920          NA          NA
[533]          NA          NA          NA          NA  0.14197482          NA          NA
[540]          NA          NA          NA          NA          NA          NA  3.80083467
[547]          NA  3.13005704          NA          NA          NA          NA          NA
[554]          NA  4.34003123          NA          NA          NA          NA          NA
[561]          NA          NA          NA          NA          NA  1.80076621          NA
[568]          NA          NA          NA          NA  3.19843763          NA          NA
[575]          NA          NA          NA          NA          NA          NA          NA
[582]          NA          NA          NA          NA          NA  3.87935455  4.12047832
[589]          NA          NA          NA          NA  2.31418861          NA          NA
[596]          NA          NA          NA          NA          NA          NA          NA
[603]          NA          NA          NA          NA          NA          NA  4.02177336
[610]          NA          NA          NA          NA          NA          NA          NA
[617]  1.07933166          NA          NA          NA          NA          NA          NA
[624]  4.24506425          NA          NA          NA          NA          NA          NA
[631]          NA          NA          NA          NA  5.51740708          NA          NA
[638]  0.14631349          NA          NA          NA          NA          NA          NA
[645]          NA          NA  2.86960413          NA          NA          NA  3.32798191
[652]          NA          NA  4.02900330          NA          NA          NA          NA
[659]          NA          NA          NA          NA          NA  1.90964826          NA
[666]          NA  3.79680806          NA          NA          NA          NA          NA
[673]          NA          NA          NA          NA          NA          NA          NA
[680]  1.92625594          NA          NA          NA          NA          NA          NA
[687]          NA          NA          NA          NA          NA  1.17545064          NA
[694]          NA          NA          NA          NA          NA          NA          NA
[701]          NA          NA          NA          NA          NA          NA          NA
[708]          NA          NA          NA          NA          NA          NA          NA
[715]          NA

$TS
  [1] 73.959928743 66.758487050 63.996546303 56.818176227 53.193150198 52.539167453 47.961345875
  [8] 41.912229294 50.519157921 54.467573127 53.455963561 50.332276097 44.122563426 29.975809061
 [15] 41.545942685 50.877933561 35.807127453 24.590390096 21.634032875  5.638056998  3.536429149
 [22] 47.497406358 37.211906927 35.234268961 30.340080728 24.901541021 22.880384113 11.352638852
 [29] 49.918362152 47.303926228 46.676999819 30.968770465 12.415504648  6.922586981  6.142754771
 [36]  3.117275166 45.716517533 37.663583041 16.416627220 37.266682059 19.633585481 32.438743366
 [43] 29.990356816 44.299202154 15.690493016  1.284764193 42.767590145 39.300224948 38.317169017
 [50] 36.581228654 16.075180811 34.865046413 43.897508744 30.406287637 18.378802235 40.619148218
 [57] 40.164042711 19.218166115 13.741875387  7.782854650  6.698973256  0.419784098 32.095519187
 [64] 25.807179277 13.622500132  3.572392100 41.130909439 26.046293077 15.704110784 10.790982663
 [71] 38.867571319 19.199884667 35.790788100 35.519483864 32.751020200 22.477801561 39.217505202
 [78] 35.825220815 26.061424970 23.938537332 18.814304772  0.926391822 33.857739030 28.502008489
 [85] 19.029966449 14.418412489  9.074052824  7.995443227 38.866277879 36.921255876 37.789221799
 [92] 31.697082787 11.951176583  8.796556618  5.143089954  1.638119736  1.185837908 32.319615606
 [99] 18.210554172 18.059871907 14.521122642 13.454264505 12.121636265 11.816237723  8.192231987
[106]  3.321286781 35.771834825 18.655761758 34.430116050 31.110532133 21.578875686 18.555270941
[113]  5.991126382  2.521715549 35.925834419 26.210285971 35.640423790 32.739649973 24.932406973
[120] 35.167805874 32.727267335 28.319229137 18.467490047 34.138059602 12.326703625 10.699414782
[127]  9.303661606 30.288455184 20.631158783  8.544125207 13.916537838  8.689844493 29.365899171
[134] 25.188582791 27.621346170 21.877269627 21.768998842  9.785722535 31.309135384 27.949816541
[141] 24.517822637 18.103845514 17.851576329 12.989557533 10.809020768 19.029026223 30.556126021
[148] 23.718628374 15.170646350 12.944020784  9.051908405 32.328095869 31.561949429 31.256885919
[155] 26.720571927 19.898468585 12.453756075 32.395866947 21.581236111 16.495433613 28.847065774
[162] 25.895226317 29.933094354 22.935326193 24.829746588 29.456777893 19.861948232  9.953042700
[169] 31.403073081 28.080057101 22.317249197 31.338547244 31.316978111 16.630331930 13.212469463
[176]  7.683441611  7.518613758  7.286359362 28.586973957 30.315356553 27.316723857 20.167497080
[183]  9.087333252  8.871155703  5.621480673 29.466671142 27.853857456 25.362540565 15.969341583
[190] 14.685363929 29.505279163 26.622012120 21.160008696 20.715728488 20.636889457 22.099188071
[197] 19.721555600 19.004427350 27.577518773  1.507415035 26.831555372 18.495975354 10.415843205
[204] 15.307054639 27.898043769 19.447898685 13.073710950  5.684959472 28.196511046 22.698695707
[211]  9.826887931  6.542804497  3.110617678 26.697183914 14.616933320 10.221297139 25.781120822
[218] 22.766442964 21.911540179 14.063651011  9.284886819  8.400385309  4.014388926 11.476004707
[225]  2.630502719 25.722680376 24.857275258 22.829519334 22.038200414 19.296250732 15.463710332
[232] 22.376688652 21.528204114  9.835560790  8.511480981 25.251738676 24.066244355 18.919736106
[239] 16.169168475 13.664783836  9.740395337  8.961092843 24.287244989 22.239265859 20.640562641
[246] 27.659384852 25.168557332 15.895679184  7.648281749  4.389750101 27.099824192 22.705059045
[253] 22.693796813 20.351631793  8.489777805 11.656083040 22.179901385 21.691677395 25.510458095
[260]  2.740128439  0.354910393 23.157923084 18.961721475 17.747168515 11.567674948 15.804577306
[267] 15.663564314 23.274490619 24.229615066 25.053637741 12.715996007 25.033285394 20.942031908
[274] 18.209217280 13.804487307 21.796463176 11.916201907  3.979695086  3.955003699  3.036153657
[281]  1.802990696  1.718063874 20.630288521 12.826177428  7.423790671  6.224622616 21.061582608
[288] 14.597299430  6.945066540  2.266563289 17.725266901 15.033158314 15.806993878  6.911751571
[295] 18.666409013 15.464449768 16.102692961 23.922097728 18.279420713 14.651971704 10.143701311
[302]  3.897129789 22.719615973 19.677371369 19.025389950  7.025169952  6.284696770  4.589381924
[309] 13.476684709 18.435105356 10.187187660 16.710367715  8.978088266 16.366233228  7.444136448
[316]  6.320930955  3.783840782  2.612585510  0.198717947 16.906355142 15.925341227 13.218420550
[323] 21.452138595 19.321707178 14.463078690  7.131374063 19.789706490 18.699582990  7.441785390
[330] 21.384306404 16.908506898  9.387849214 20.818491377 13.253842103 12.295137807 10.362456750
[337] 20.639569023 19.898129878  0.557839881 20.824376929  2.849474259  4.819300112 10.428925873
[344] 16.464281644  2.866432530 16.963276387 11.027412371  7.339513975 19.692002100 11.301064029
[351] 20.474679401 20.339684183 13.629932160  7.566926683  2.999655954  9.980123360 20.197715066
[358] 12.594261774 17.454680290 15.050736820  7.766913177  1.973072371  0.716444270 10.613445313
[365] 11.997529943 11.114494116 15.276333178 14.787932457 19.357866896  9.451687280  4.687517145
[372]  2.120689577 18.096474973 14.120123822  7.787179777  1.159837942  9.806659712  5.391533798
[379]  0.759195778 16.714339220  9.593655955 12.551541233 10.498945124  6.094014442 13.809265583
[386] 11.884938139 11.437381190 15.095862677 13.197116089  8.408970037  5.034560986 10.057053946
[393] 17.946185610  5.192082248  3.880837986  7.844845936 12.987696336  9.829749866  4.712219643
[400] 15.181972145 17.985110332  8.258409046  6.940367171 13.674569403 18.085972618 17.622408059
[407]  7.019097519  2.497539597 12.779480704  9.861782096  7.859661887  1.135883262  0.890806835
[414] 17.898949841  4.862864584  2.529392752  8.261024154 10.195960813 15.805312445 14.354154562
[421] 13.267484923 12.952865102 11.996754349  6.927586405 11.869141230  7.454309173  7.888464034
[428]  6.649448332 15.793406768 15.028944424  9.780002231  1.284912326 11.635158047  2.167381190
[435]  1.788461260 11.711234362  6.943030332  6.530743970 12.625495215 12.350611636  3.290821287
[442] 13.999327225  4.635371929 14.532269452  0.458617732 14.296067764  2.422379691  1.448696173
[449] 15.507933737  2.123362839  5.466537886 13.564867110  0.014691495  7.019962385  4.677128800
[456]  7.461948022  4.853264214  3.098476673  2.772291833  2.060135297 14.686592529  3.344480107
[463]  6.284394636  9.418321524  2.512860546 13.469041970  4.215431989  1.688271577  9.793601137
[470] 11.028847099  4.836669700 12.731996903 10.181658160  7.323962454  3.429533322  3.955514060
[477]  0.272739725 13.790567923 13.348953515  7.309158273 13.604664959  3.728131063  5.257787217
[484]  3.851613690  9.757824226  0.747856345 12.624009364 11.015305665  6.808427227  0.329613016
[491] 10.474222373  4.876242281 11.719266398 10.779673097 10.298310336  8.741798037  7.720769150
[498]  6.757847249  6.284799875  2.893602821  7.717471860  4.366890451 11.435524809  1.584235635
[505]  0.631781399  8.636349321  2.075666252  5.232161920  4.875116710 10.066345211  7.085226223
[512]  2.078236409  9.961043883  3.666162856  8.797305023 10.853020010  9.351599883  1.329722292
[519]  5.926947092  5.132155550  5.782280010  8.793946109  8.208341366  7.419184037  0.201963475
[526] 10.381824840  6.206906484  5.973449480 11.497548289  7.883279272  8.991680768  7.491411067
[533]  6.127069542  4.314357434  6.870012834  3.579852718  3.671616264  3.289621769  4.938425456
[540] 10.740029216  7.692087866  5.150775538  4.101310718  5.920720260  7.674918780  4.029094244
[547]  0.282949393  8.220585410  6.916439639  6.487478376  4.257456328 10.414871267  9.514196275
[554]  5.380743998  4.683441151  1.638186434  9.404750999  4.927728846  2.236950274  0.620414613
[561]  8.339439694  6.462342998  7.418180147  1.680399431  2.279439349  2.195304268  3.941483327
[568]  2.979242104  0.008145595  6.335371458  2.477410237  4.775570526  7.573211439  9.557241870
[575]  0.760421947  0.607727747  3.677430272  4.152903970  3.227289144  5.586261288  4.159831339
[582]  3.935392742  6.325147374  3.686448063  4.928171311  3.749761803  7.576206998  6.061928317
[589]  5.389859201  3.738331628  6.970041183  2.020711846  5.470827772  2.642947961  2.550058248
[596]  8.151324127  7.677487044  2.121847473  5.613108272  0.730628058  2.280842933  7.742638410
[603]  2.356868997  0.959489144  5.837526487  3.246251085  5.916874577  4.621968521  4.333065269
[610]  3.505298938  5.699410687  1.862843723  3.088161089  3.006855064  0.867727842  5.560855502
[617]  4.694614344  3.679947889  0.153942722  5.166579808  3.738551125  6.971524472  7.041717647
[624]  6.244229959  6.790022240  1.317638447  0.916151581  6.935686982  6.310440113  5.612620018
[631]  1.773270169  3.955773631  2.600528219  4.727030070  6.465200590  2.011322646  5.328148846
[638]  3.220039076  6.071009841  5.391732022  4.811616285  0.066543071  4.820829043  4.767943075
[645]  1.474424414  1.701193438  5.484733144  2.813806406  1.730005542  2.320731099  6.122818947
[652]  0.688401660  3.213865712  4.662228640  5.179445137  0.055828933  4.559411513  0.860529403
[659]  0.814709156  5.267582173  3.091187192  4.759135969  3.664120284  4.111944494  4.021979652
[666]  3.074792402  3.932795230  4.644928018  2.103391437  2.694017869  2.229385457  3.367532633
[673]  3.653527051  0.408202748  1.403605659  1.968026132  1.891251212  2.045937015  1.841525737
[680]  2.630950343  3.452699427  0.373922076  2.803389453  1.053187857  0.351852305  2.166133995
[687]  1.501193720  0.836168228  2.650043967  2.410734237  0.297977028  1.362683265  2.454748904
[694]  1.341478584  0.143497821  2.475134851  0.504722969  3.172691690  2.707411593  1.874476406
[701]  2.256327095  1.150131972  0.307748291  1.748544851  1.361700201  1.864464936  1.078236830
[708]  1.105575910  0.786876948  1.621831266  2.046019170  0.117052713  0.401007583  0.718108393
[715]  0.184884484

$PAR
  [1]  NA   1   1   1   1   1   1   1   2   3   4   4   4   4  10  11  11  11  11  11  11   5   5
 [24]   5   5   5   5   5  16  16  16  16  16  16  16  16   9  12  12  29  29   7   7  22  22  22
 [47]  30  30  31  31  37  44  13  13  13  53  47  47  47  47  47  47   8   8   8   8  15  15  15
 [70]  15  56  56  57  57  57  57  48  48  48  48  48  48  77  77  77  77  77  77  71  71  89  89
 [93]  89  89  89  89  89  49  49  49  49  49  49  49  49  49  91  91  38  38  38  38  23  23  90
[116]  50 115  78  78  73 107 107 107 117 117 117 117  74  74  74 120 120  52  52 109 109 109 109
[139] 124 124 124 124 124 124 124  83  75  75  75  75  75 118 118 118 118 121 121  42  42  42 158
[162] 158 152 152  98  63  63  63 153 153 153 169 169 172 172 172 172 172 173 139 139 139 139 139
[185] 139 154 154 154 110 110  32  32  32  32  32 147 147 147  54  54  25  25  25 180  43  14  14
[208]  14 163 163 163 191 191 186 166 166 161 161 161 161 161 161 161 179 179  84  84  84  84  84
[231]  84 122 122 122 122 209 209 209 209 209 209 209 170 140 140 205 205 187 187 187 246 135 199
[254] 251 251 201 155 155 214 214 214 192 192 192 192  79  79  64 217 226 226 259 259 236 134 247
[277] 119 119 119 119 119 119  26  26  26  26 227 227 227 227 165  18 141 141 269 269 237  80  80
[300] 148 148 148 268 268 262 262 262 262 164  27  27 228 228 218 303 303 303 303 303 252 252 252
[323] 253 253 253 253  76  76  76 232 232 232 171 171 171 171 257 257 229 276 276 137  19 233 233
[346] 323 323 323 330 330 340 245 245 245 245 337 129 129 283 351 351 351 351 254 352 352 357 357
[369] 156 156 327 327 304 304 304 304  41 206 206 369 324 230 230 230  85  85  85 146 146 146 146
[392] 305 198 263 263 238 328 108 112 123 310 310 310 299  99  99  99  99 274 274 274 274 274 373
[415] 405 405 100 414 143 143 143 143 143 406 346 380 312 174 160 160  39  39 314 314 314 239 239
[438] 239 297  51  51 189 189 321 293 419 419 429 267 267 449 231 231 204 149 430 430 430 430 430
[461] 368 368 300 215 288 444 444 444 325  86  86 374 220 442 442 131 131 275 478 478  59  59 404
[484] 353 452 479 421 322 322 175 389 389 144 397 397 397 397 422 422 422 284 472 487 358 358 382
[507] 382 157 157  33  33  33 440 440 103 365 365 365 423 423 277 386 386 386 386 425 425 425 493
[530] 256 433 433 433 529 224 224 387 387 503 470 488 488 488 516 145  70  70 540 126 364 383 343
[553] 552 552 552 552 336 495 495 495 216 216 418 311 473 301 510 392 392 356 356 513 410 234 234
[576] 377 469 138 138 431 431 241 381 553 464 464 517 517 221  87 531 531 184 184 184 515 522 390
[599] 222 417 596 396 361 602 497 541 176 176 176 176 597 597 545 249 249 456 426 329 285 563 474
[622] 178 326 326 511 511 511 623 623 454 454 591 591 289 437  34 535 535 625 625 625  61 428 428
[645] 428 212 550 629 499 307 463 463 286  35 651 639 528 544 607 521 185 640 589 637 637 637 508
[668] 655 655 542 520 539 558 415 399 455 250 502 502 534 664 543 665 665 278 476 302 302 577 663
[691] 663  66 610 672 672 462 638 653 280 568 500 459 670 416 416 690 603 671 671 450 669 676 704
[714] 649 707

$EXTANT
  [1] FALSE FALSE FALSE  TRUE  TRUE FALSE FALSE  TRUE FALSE  TRUE FALSE FALSE FALSE FALSE FALSE
 [16]  TRUE FALSE  TRUE FALSE  TRUE  TRUE  TRUE  TRUE  TRUE  TRUE  TRUE  TRUE FALSE FALSE FALSE
 [31] FALSE FALSE  TRUE FALSE  TRUE FALSE FALSE  TRUE  TRUE FALSE  TRUE  TRUE  TRUE FALSE FALSE
 [46]  TRUE  TRUE  TRUE  TRUE FALSE  TRUE FALSE FALSE  TRUE FALSE FALSE FALSE FALSE FALSE  TRUE
 [61]  TRUE  TRUE FALSE  TRUE FALSE  TRUE FALSE FALSE FALSE  TRUE FALSE FALSE  TRUE  TRUE  TRUE
 [76]  TRUE  TRUE FALSE FALSE FALSE FALSE  TRUE FALSE FALSE FALSE  TRUE  TRUE  TRUE  TRUE FALSE
 [91] FALSE FALSE FALSE  TRUE  TRUE  TRUE FALSE FALSE  TRUE FALSE  TRUE FALSE FALSE  TRUE  TRUE
[106]  TRUE  TRUE FALSE FALSE FALSE FALSE  TRUE  TRUE  TRUE FALSE  TRUE FALSE FALSE FALSE  TRUE
[121] FALSE  TRUE FALSE FALSE  TRUE  TRUE FALSE FALSE FALSE FALSE  TRUE  TRUE FALSE FALSE FALSE
[136] FALSE  TRUE  TRUE FALSE FALSE  TRUE  TRUE  TRUE  TRUE  TRUE FALSE FALSE  TRUE FALSE  TRUE
[151]  TRUE  TRUE FALSE FALSE FALSE FALSE  TRUE FALSE FALSE FALSE  TRUE FALSE  TRUE FALSE  TRUE
[166]  TRUE  TRUE FALSE FALSE FALSE  TRUE  TRUE FALSE  TRUE  TRUE  TRUE FALSE FALSE  TRUE FALSE
[181]  TRUE FALSE  TRUE  TRUE  TRUE FALSE FALSE  TRUE  TRUE  TRUE  TRUE  TRUE FALSE FALSE FALSE
[196] FALSE FALSE  TRUE  TRUE  TRUE  TRUE FALSE  TRUE FALSE  TRUE  TRUE  TRUE  TRUE FALSE FALSE
[211]  TRUE  TRUE  TRUE  TRUE  TRUE  TRUE FALSE FALSE FALSE FALSE  TRUE FALSE FALSE  TRUE  TRUE
[226] FALSE  TRUE FALSE  TRUE  TRUE  TRUE  TRUE  TRUE  TRUE  TRUE FALSE FALSE  TRUE  TRUE  TRUE
[241] FALSE  TRUE FALSE FALSE  TRUE FALSE FALSE FALSE  TRUE  TRUE  TRUE  TRUE  TRUE FALSE  TRUE
[256]  TRUE FALSE FALSE  TRUE  TRUE  TRUE  TRUE  TRUE FALSE  TRUE FALSE  TRUE FALSE FALSE FALSE
[271]  TRUE FALSE  TRUE  TRUE  TRUE  TRUE  TRUE  TRUE  TRUE  TRUE  TRUE  TRUE FALSE  TRUE  TRUE
[286]  TRUE  TRUE  TRUE  TRUE  TRUE FALSE FALSE  TRUE  TRUE FALSE  TRUE FALSE FALSE FALSE  TRUE
[301]  TRUE  TRUE  TRUE  TRUE FALSE  TRUE  TRUE  TRUE FALSE  TRUE  TRUE  TRUE FALSE  TRUE  TRUE
[316] FALSE  TRUE  TRUE  TRUE FALSE FALSE  TRUE  TRUE  TRUE  TRUE  TRUE  TRUE FALSE  TRUE FALSE
[331]  TRUE FALSE FALSE FALSE  TRUE  TRUE  TRUE FALSE FALSE FALSE  TRUE  TRUE FALSE  TRUE  TRUE
[346]  TRUE  TRUE  TRUE FALSE FALSE  TRUE  TRUE  TRUE  TRUE  TRUE  TRUE FALSE  TRUE FALSE  TRUE
[361]  TRUE  TRUE  TRUE  TRUE  TRUE  TRUE  TRUE  TRUE FALSE  TRUE  TRUE  TRUE FALSE  TRUE  TRUE
[376]  TRUE  TRUE  TRUE  TRUE FALSE FALSE  TRUE  TRUE FALSE FALSE  TRUE  TRUE FALSE  TRUE  TRUE
[391]  TRUE  TRUE FALSE  TRUE FALSE FALSE  TRUE  TRUE  TRUE  TRUE FALSE  TRUE FALSE FALSE  TRUE
[406] FALSE FALSE  TRUE  TRUE  TRUE  TRUE  TRUE  TRUE  TRUE  TRUE  TRUE  TRUE FALSE  TRUE  TRUE
[421] FALSE FALSE  TRUE  TRUE FALSE  TRUE FALSE  TRUE  TRUE  TRUE FALSE  TRUE  TRUE  TRUE  TRUE
[436]  TRUE  TRUE  TRUE  TRUE  TRUE  TRUE  TRUE  TRUE  TRUE  TRUE  TRUE  TRUE  TRUE FALSE  TRUE
[451]  TRUE  TRUE  TRUE  TRUE  TRUE  TRUE  TRUE  TRUE  TRUE  TRUE  TRUE  TRUE  TRUE  TRUE  TRUE
[466]  TRUE  TRUE  TRUE  TRUE FALSE  TRUE FALSE  TRUE  TRUE  TRUE  TRUE  TRUE  TRUE  TRUE  TRUE
[481] FALSE  TRUE  TRUE  TRUE  TRUE  TRUE  TRUE  TRUE FALSE  TRUE FALSE FALSE  TRUE  TRUE  TRUE
[496]  TRUE FALSE FALSE  TRUE  TRUE FALSE  TRUE FALSE  TRUE  TRUE FALSE  TRUE  TRUE  TRUE  TRUE
[511]  TRUE  TRUE  TRUE  TRUE FALSE  TRUE  TRUE  TRUE  TRUE  TRUE  TRUE FALSE  TRUE  TRUE  TRUE
[526]  TRUE  TRUE  TRUE  TRUE FALSE  TRUE  TRUE  TRUE  TRUE  TRUE  TRUE FALSE  TRUE  TRUE  TRUE
[541]  TRUE  TRUE  TRUE  TRUE  TRUE FALSE  TRUE FALSE  TRUE  TRUE  TRUE  TRUE  TRUE  TRUE FALSE
[556]  TRUE  TRUE  TRUE  TRUE  TRUE  TRUE  TRUE  TRUE  TRUE  TRUE FALSE  TRUE  TRUE  TRUE  TRUE
[571]  TRUE FALSE  TRUE  TRUE  TRUE  TRUE  TRUE  TRUE  TRUE  TRUE  TRUE  TRUE  TRUE  TRUE  TRUE
[586]  TRUE FALSE FALSE  TRUE  TRUE  TRUE  TRUE FALSE  TRUE  TRUE  TRUE  TRUE  TRUE  TRUE  TRUE
[601]  TRUE  TRUE  TRUE  TRUE  TRUE  TRUE  TRUE  TRUE FALSE  TRUE  TRUE  TRUE  TRUE  TRUE  TRUE
[616]  TRUE FALSE  TRUE  TRUE  TRUE  TRUE  TRUE  TRUE FALSE  TRUE  TRUE  TRUE  TRUE  TRUE  TRUE
[631]  TRUE  TRUE  TRUE  TRUE FALSE  TRUE  TRUE FALSE  TRUE  TRUE  TRUE  TRUE  TRUE  TRUE  TRUE
[646]  TRUE FALSE  TRUE  TRUE  TRUE FALSE  TRUE  TRUE FALSE  TRUE  TRUE  TRUE  TRUE  TRUE  TRUE
[661]  TRUE  TRUE  TRUE FALSE  TRUE  TRUE FALSE  TRUE  TRUE  TRUE  TRUE  TRUE  TRUE  TRUE  TRUE
[676]  TRUE  TRUE  TRUE  TRUE FALSE  TRUE  TRUE  TRUE  TRUE  TRUE  TRUE  TRUE  TRUE  TRUE  TRUE
[691]  TRUE FALSE  TRUE  TRUE  TRUE  TRUE  TRUE  TRUE  TRUE  TRUE  TRUE  TRUE  TRUE  TRUE  TRUE
[706]  TRUE  TRUE  TRUE  TRUE  TRUE  TRUE  TRUE  TRUE  TRUE  TRUE

