
Birth-death simulation object with 709 species and 500 extant species

Details for some species:

Extinction times (NA means extant)
[1] 38.95629 83.47915 66.13734 46.34476 13.83098 54.77178


Speciation times 
[1] 111.54577  86.23979  73.26828  56.47418  67.87750  67.50419


Species parents (NA for initial)
[1] NA  1  1  1  3  5


Species status (extinct or extant)
[1] "extinct" "extinct" "extinct" "extinct" "extinct" "extinct"


For more details on vector y, try sim$y, with y one of
TE TS PAR EXTANT



$TE
  [1] 38.95629086 83.47915238 66.13733910 46.34476307 13.83098355 54.77177899          NA
  [8] 39.42024923          NA 20.17519315          NA          NA  3.35318338 29.61772202
 [15]  9.82434567  6.07190320          NA 22.00278305          NA 47.62345515 32.20629989
 [22] 28.49034955 58.81048179 48.78218515 43.65972637 34.73565289 31.50217364 29.41776424
 [29] 18.11376769 26.67960274          NA          NA          NA          NA 36.70549605
 [36] 19.42222599 40.48266398 25.87386886          NA          NA          NA  7.37294555
 [43] 19.43546887 12.93357950          NA  9.94108351          NA          NA          NA
 [50]          NA 18.04860864 20.03009943          NA 18.94547598          NA 18.96369322
 [57] 28.97571908 25.66839623 31.39171237 25.24074818 19.87369024          NA          NA
 [64]          NA          NA          NA 32.49179432 33.42226776  9.94894932          NA
 [71]          NA          NA  9.23308349 23.92818982          NA          NA          NA
 [78] 15.15633929 20.70755589          NA          NA          NA          NA 21.78079197
 [85]          NA 36.76939715 12.13955309          NA          NA 16.53138065  3.05903752
 [92] 31.19102429 34.35818579 28.65032927          NA 34.97166268  5.94086901          NA
 [99]          NA 23.71888524 20.50282552          NA 10.78284829  1.26789101          NA
[106]  0.54996898 30.59428298 17.90805725          NA 30.14341957          NA          NA
[113]          NA          NA          NA 38.22089031          NA          NA          NA
[120]  0.38140504          NA          NA 20.93885766          NA          NA  7.35537529
[127] 29.82590467 25.62975004  1.03678005          NA          NA 23.36589759          NA
[134] 20.51960480          NA          NA          NA          NA 11.55098943          NA
[141]  1.18490215          NA          NA          NA  5.82762471 23.77812533          NA
[148]          NA          NA  2.94250709          NA 27.02508885          NA 12.96747044
[155] 20.89045661 29.04872148 18.38871141          NA          NA          NA          NA
[162]  5.42291118          NA 15.81988356          NA  1.35854531          NA          NA
[169]          NA          NA 21.86281917          NA          NA  8.91350940          NA
[176] 17.65598321          NA          NA          NA 25.85698044 12.60466911          NA
[183] 14.15835577          NA          NA          NA 28.43561945          NA          NA
[190]          NA          NA          NA 11.07131039 10.13679154 22.35137652 26.69306301
[197] 27.24784465          NA 17.39040286 18.56728884 20.39295812 24.11557292 12.23118598
[204] 14.95765505          NA          NA          NA 14.64550473          NA          NA
[211]  8.55151419          NA 19.09322991          NA          NA          NA 23.66153751
[218]  2.49676556          NA  2.53906615          NA  6.18878369          NA          NA
[225]          NA          NA          NA 12.10945993          NA          NA          NA
[232]          NA          NA          NA          NA          NA          NA 29.20108188
[239] 13.42652421 22.82235422          NA          NA          NA  8.99580328  1.32064084
[246]          NA          NA  2.48608872          NA          NA          NA          NA
[253]          NA 10.69957067          NA          NA          NA  0.17125923          NA
[260] 25.69249911 26.86997311          NA          NA          NA          NA          NA
[267]          NA          NA          NA          NA          NA          NA  9.74936464
[274] 13.33634092  5.02306594          NA          NA 15.40683180          NA 11.25181301
[281] 10.93016652 12.33764910  9.47252415 14.03392247          NA  4.47836725          NA
[288]          NA  9.62522661          NA          NA 24.23361457          NA          NA
[295]  4.34442218  4.12242475          NA          NA          NA          NA          NA
[302] 17.18089079          NA          NA          NA 16.07610239          NA 12.93966905
[309]  4.32812684  8.50791396          NA  5.35522410          NA          NA          NA
[316]          NA  7.63561673 11.17999026          NA  7.97576976 12.52568908          NA
[323]          NA          NA          NA          NA  0.77060025 17.70568643          NA
[330]  1.98145750          NA  0.51852721 15.85665258          NA          NA          NA
[337]          NA          NA          NA          NA          NA 13.91844945          NA
[344]          NA          NA          NA          NA          NA          NA          NA
[351]          NA  3.72994138  6.07327228          NA          NA          NA          NA
[358] 10.82003842          NA          NA 12.08049424          NA 11.16061284  9.02650082
[365]          NA          NA          NA          NA          NA  7.25186324          NA
[372]          NA 13.04391890          NA          NA          NA          NA          NA
[379]          NA          NA          NA          NA  5.79678963  5.57813893          NA
[386] 13.82186738  9.63758481          NA          NA 14.44641569          NA          NA
[393]          NA 10.31929745 13.46972147          NA          NA 10.35589904          NA
[400]          NA          NA          NA          NA          NA          NA  3.27463541
[407]          NA          NA          NA          NA  9.08699884          NA          NA
[414]          NA          NA          NA          NA          NA  6.95249237          NA
[421]          NA          NA          NA          NA          NA          NA  9.06658871
[428]          NA          NA          NA          NA          NA          NA          NA
[435]          NA 10.55554492  0.69395212          NA          NA          NA          NA
[442]          NA          NA          NA  1.60209348          NA          NA          NA
[449]  1.80593808  0.01918158          NA          NA          NA          NA          NA
[456] 10.23695673          NA          NA          NA          NA          NA  7.79587682
[463]          NA          NA          NA          NA          NA          NA          NA
[470]          NA          NA          NA          NA          NA          NA          NA
[477]          NA          NA          NA 12.50047672          NA  3.37835554          NA
[484]          NA          NA          NA          NA          NA          NA          NA
[491]          NA          NA          NA          NA          NA          NA          NA
[498]          NA          NA          NA          NA  1.70607843          NA          NA
[505]          NA          NA          NA 10.93175120          NA          NA  3.10940358
[512]          NA          NA          NA          NA          NA          NA          NA
[519]          NA          NA  2.09284350          NA          NA          NA          NA
[526]          NA  1.49763718  6.89669372          NA          NA          NA          NA
[533]          NA          NA          NA          NA          NA          NA          NA
[540]          NA          NA          NA          NA          NA  7.68091557          NA
[547]          NA          NA          NA          NA          NA  5.68553090  2.41441374
[554]          NA  4.16238813          NA          NA          NA          NA          NA
[561]          NA          NA          NA          NA  2.80737667          NA          NA
[568]          NA  1.06139614          NA          NA  6.43941764          NA          NA
[575]          NA          NA          NA          NA          NA          NA          NA
[582]  5.12905726          NA  8.51374060          NA          NA          NA          NA
[589]          NA          NA  1.68432740  3.80528996          NA  3.24465408          NA
[596]          NA          NA          NA          NA          NA          NA          NA
[603]          NA          NA          NA          NA          NA          NA          NA
[610]          NA          NA          NA          NA          NA          NA          NA
[617]          NA          NA  0.63819944          NA          NA          NA          NA
[624]          NA          NA          NA          NA          NA          NA  1.48006354
[631]          NA          NA          NA  1.45342278          NA          NA          NA
[638]          NA          NA          NA          NA          NA          NA          NA
[645]          NA          NA          NA          NA          NA          NA          NA
[652]          NA          NA  2.57650508          NA          NA          NA  2.09790109
[659]          NA          NA          NA          NA          NA  0.40603756          NA
[666]          NA          NA          NA          NA  2.63100312          NA          NA
[673]          NA  3.58709156          NA          NA          NA          NA          NA
[680]          NA          NA          NA          NA          NA          NA          NA
[687]          NA          NA          NA          NA          NA          NA          NA
[694]          NA          NA          NA          NA          NA          NA          NA
[701]          NA          NA          NA          NA          NA          NA          NA
[708]          NA          NA

$TS
  [1] 111.54577254  86.23979404  73.26828114  56.47417597  67.87750252  67.50419172  67.45294070
  [8]  65.57520871  54.20613009  49.98542560  49.34005560  29.38125930  15.70076243  67.05620058
 [15]  25.46188622  18.99598981  14.91198580  55.21806833  54.31530219  52.82826557  37.80901487
 [22]  30.63530401  63.89497028  56.37947290  45.35068246  52.76334955  54.61854730  51.95194247
 [29]  50.44389624  45.24318705  45.21918525  34.36045089  27.43418535  24.73729006  41.42592367
 [36]  32.17404331  49.23572341  43.22337752  36.65957356  29.22424431  28.93050504  42.00824958
 [43]  40.80367161  32.41830099  20.67689510  10.41584389   4.41883422   1.72833808  49.07346690
 [50]  41.38955781  48.93696143  45.22987995  23.18439353  36.65987437  38.55105293  36.48408164
 [57]  33.21083707  44.92960880  41.03459349  26.02120997  23.69607506  22.38486256  22.09573393
 [64]  14.70957841   8.32268465  46.94299601  35.27543499  34.11743728  32.48544994  28.29605734
 [71]  24.18519473  44.27557902  32.51958158  28.41261471  11.61729901   1.09255496  44.13496723
 [78]  41.25394580  33.82272149  38.63788548  29.52866183  22.02271113  43.80372863  29.90640529
 [85]   5.06074949  41.74818020  39.14105809  34.49810730  43.58784973  26.91783374  26.38133282
 [92]  43.37261828  42.15022878  38.39889871  37.59771734  36.06005393  20.91227181  12.79050068
 [99]   4.03456612  43.27999661  39.58567875  32.11974141  31.44868707  15.83900396  11.62194264
[106]   4.75335801  41.03374448  24.24744570  33.87967805  36.06766231  29.17321314  27.13286546
[113]  21.97047768  17.09513958   7.54836828  40.36880066  40.78637450  32.74502332  17.20304014
[120]   0.68974758   0.45436740  39.51976883  25.68744172  32.08158816  29.68204381  24.72537503
[127]  39.49891734  35.40472708   8.88749016   7.85157976   2.65121091  31.29884489  20.70359075
[134]  36.60116833  34.46600033  27.63694583   5.96427725  32.00188313  17.00877332  13.18967600
[141]   1.95109710  35.75933361   0.98904047  30.40594509  32.12268581  26.65922374  23.36485327
[148]  17.88724981  16.54445014  14.13705916   7.18625061  32.80929132  25.13512432  20.50640061
[155]  35.51155240  34.91777662  27.36319689  17.29245466  15.83802132  14.69173380   3.61467603
[162]  24.64473065  20.82123573  35.64397134  34.68306596  19.39601537  24.09529739  20.07979594
[169]  28.77218209  26.53681416  22.19371631   9.67825100  34.40027125  32.60421285  31.29903836
[176]  27.14724642  24.36278966   0.72036120  30.19672309  26.97106821  19.52078493  18.15932455
[183]  17.10515198  26.06858541   9.16052627   6.45891678  28.83358431  14.34461039   9.74429972
[190]   3.25710111   1.40629956   0.40006461  26.83350851  25.21861169  25.68514853  31.74435614
[197]  31.20819499  22.49716478  22.29333621  30.61045339  26.50305254  24.25554578  22.71509145
[204]  17.68188555  24.23309986  22.23837806  16.55028992  26.91105772  23.75094692  18.36445754
[211]  16.45994453   9.81236649  23.33461714  19.43219853  13.19218500  12.39500849  25.60837124
[218]  18.30828488  17.61248113  11.83517666  10.25016000  10.03515960   3.67974302  21.89381217
[225]   6.46727000   3.25288865   1.81339422  31.30556180  28.09107389  15.18255061   9.36550769
[232]   1.93574145  29.11946504  23.31537602  13.15017238   9.87009492   0.83412760  29.44855068
[239]  26.87648199  28.51552440  28.27557727  23.02528440  14.17502949  15.91046227   6.07743799
[246]  12.88564073   9.68097598   3.26999058  12.93302610  12.12657851  18.09789994  15.71274181
[253]  13.93697240  19.19825060  18.58510043  27.46242806  16.29113405   6.23956313   3.03141354
[260]  27.72656950  27.20261058   7.42330177   2.78534940   1.75761695   0.57521621   0.26912831
[267]  23.10850049  18.87780302   3.09106896   1.77800437  20.07439086   4.72587989  19.20267173
[274]  13.88904449   8.45803277   2.74933648  22.24469515  26.20723573  26.92272357  25.31189217
[281]  15.39008274  21.37320702  18.25992216  21.88349648  16.51270660  16.28887655  19.29706772
[288]  17.74964083  15.33671254  14.54083942   5.03452650  24.79677057   9.06798871   8.37935390
[295]  20.39884133  13.71281835   3.78912403  15.20833540  10.48680261  13.09524381  11.28304521
[302]  19.24074611  21.02181535  14.63475661   8.79600827  23.74679711  21.88681707  21.82835533
[309]  20.45787032  13.71877954  13.45708815  14.06099216   8.81727111   7.16520597   3.95750464
[316]   1.33324172  15.31552006  17.91810804  13.18130975  12.81492647  16.37062521   8.35206701
[323]   2.19214108   8.88569739   8.49054488   4.64439541  22.80373703  20.92001773  20.71213921
[330]  20.79352672  13.70940334   1.55868594  19.89084734  16.51922205   4.03354738   3.05750884
[337]   1.53220863  11.73968257  18.13462947   8.39394870   0.94714078  20.34595101   6.09142969
[344]  20.89958163  16.36220617   7.95731453   2.51011862  18.26708004  14.99786448  12.47294269
[351]  18.27496898  11.16562136   9.79762164   6.41906442   4.51000577  21.16316448  15.23813966
[358]  20.30446807  17.14460259  16.62235725  14.93216411  14.38492779  11.52458236  11.48229009
[365]   8.55643066  11.89875013   3.33193585   0.88926762   0.49668980   7.46231864   0.52846437
[372]  16.39754678  19.64875763  10.94816137  12.43729911  11.31518065   0.96069210  11.00933250
[379]  11.43816248  17.90992356  16.75695781  19.55412612  13.74064057  11.62458286  15.33472066
[386]  13.88821033  12.00250802   3.23638025  16.41459529  16.66725844   9.81445424   7.21918385
[393]  16.19103831  18.21188194  16.12726808  14.04041511  18.06337850  10.98783302  17.86176964
[400]  16.37176510  11.78025760  10.05467874  18.45354184  12.24579575   9.35192401   7.80601098
[407]   7.60130804   6.14439621  15.39055573  15.35753439  10.73265299  10.60158601   8.69667415
[414]   4.57013338   5.62377215  10.65474720   8.99490678   7.98814164   7.29091467   6.92100535
[421]  12.63504650   8.44977169   6.10738304  16.23460044   2.85230836   7.07791985  13.34717702
[428]   5.27048796   4.31470233  16.18841229   7.76407802   8.67640891   3.52353486  12.51836875
[435]   1.14748859  11.88311570  12.44599534  12.90933628  14.47320536   8.81216855   8.25118336
[442]  16.02534686   8.92270663   5.39086213   3.80736100   1.07783737   1.31990069  16.24973200
[449]  15.21549647  14.17189498  16.01479777  15.34594585  12.54177304   4.58536039  11.54140808
[456]  11.15406130   2.21542170   0.44977615   7.66503906  14.15547307   3.52664902  14.61904112
[463]   2.21541060   6.29348241   5.90701877   5.06383909   5.46714927   9.71715835   3.80326630
[470]  14.48110306   5.47567064   1.29618207   5.71123506   5.33860325  13.87524470   9.63853861
[477]  11.60348435  15.00764008   2.66140024  14.26255738   9.40792798  14.51626215  10.73050874
[484]   5.43841619   7.33046774   3.38524552   3.64537524   5.51817645   1.55954224   6.09020353
[491]   1.80908594  14.71166888  11.76652490  10.89877474   9.37301462   7.03071104   8.68700342
[498]   6.78144813   1.16960049   1.01319199   6.55002824   7.75683592   9.76032579   6.29029313
[505]   1.69398925   7.16656014   2.27993888  13.54483514   0.65615546   9.11161971   3.21643690
[512]   0.31194547  11.65993272  11.32780880  13.23372986  10.21563549   8.46834476   1.61807615
[519]   4.59710018   9.16435664   3.68735093  10.77430872   7.68097382   1.37765791   7.72390116
[526]   7.07275391   1.69834843   7.79249865  11.47146294   5.31599044   3.88739166   3.71249271
[533]   2.46086474   3.18291171   3.26968076   0.02792268   3.55791251   6.84310449   0.04268546
[540]   3.70122970   0.06894740  10.76755887   7.03320466   1.97736040  10.84896752   6.23234591
[547]   7.27725105   2.93965979   7.17215938   2.76062024  11.32707743   7.91744540   6.64038602
[554]   4.53975473   8.17755004   6.48137055   3.25385946   9.29569401   5.33952186   2.63446581
[561]   2.64398754   0.20296705   0.72838950   9.86625290   8.56705798   8.09143223   1.95627779
[568]   1.59999471   7.17720603   4.48287866   0.85780568   7.15547605   5.96531112   8.19614649
[575]   3.43888986   1.68616670   2.83333828   2.71393718   6.21142560   1.66820020   1.22871606
[582]  10.46989448  10.37366876  10.35794707  10.29219663   7.57929640   0.46993042   9.47927940
[589]   7.16021404   1.28844957   4.69724461   4.60007739   4.95226359   8.65701977   4.52702287
[596]   2.80283647   8.36349632   7.37956236   5.90206607   3.70970496   2.66129934   6.33610379
[603]   8.48503846   6.80789591   7.02995484   2.24208319   5.24412450   3.20892556   2.72382871
[610]   8.78061251   0.40670590   0.45260266   8.62241617   2.08341503   7.36813955   1.75132156
[617]   3.71879530   6.61501206   6.54122630   3.28706395   2.20467574   5.85416801   4.63047406
[624]   1.14271789   5.74466164   0.19009565   7.28257344   6.45755802   7.49672484   5.64569129
[631]   5.05016919   7.29466679   7.61289922   6.78172942   0.76929595   4.68642232   3.91075143
[638]   5.79467339   3.16240664   2.09133482   3.73961772   3.71428870   3.96680171   6.79255929
[645]   1.59571687   0.80633436   2.41948104   3.24605790   3.94445132   2.97407545   4.76143099
[652]   3.18560722   1.63498002   3.31052295   2.75985271   0.66747280   4.65329911   5.78135334
[659]   5.01991680   3.29401996   4.25914355   3.96249816   4.29184583   5.70436891   5.04496958
[666]   5.05558034   2.60053993   4.66308376   1.92985692   2.87992348   0.66740897   3.42782513
[673]   1.07630803   4.02755177   0.71433845   1.56100131   1.24401681   3.16567650   1.00559927
[680]   1.59463611   2.55236477   2.50623912   0.41422239   4.02265247   2.49943611   1.18122177
[687]   1.64142861   1.99335364   3.07488036   2.77006964   0.91620075   3.16672648   1.68344408
[694]   0.96404391   2.85109700   1.67548497   2.33349267   1.28591646   0.61777586   1.28433895
[701]   1.97657448   1.54486596   0.45690334   0.70407905   0.27510851   1.18531380   0.76928645
[708]   0.63532997   0.52918213

$PAR
  [1]  NA   1   1   1   3   5   5   5   5   5   5   5   5   7   7   7   7  14  14  14  14  14   8
 [24]   8   8   4  24  24  18  18  18  18  18  18  27  27  19  19  19  19  19   9   9   9   9   9
 [47]   9   9  26  26  28  29  29  10  11  11  11  37  49  49  49  49  49  49  49  51  51  51  51
 [70]  51  51  66  66  66  66  66  25  30  30  52  52  52  31  31  31  58  58  58  72  72  72  77
 [93]  77  77  77  77  77  77  77  83  83  83  83  83  83  83  89 100  38  42  42  42  42  42  42
[116]  35  50  50  50  50  50  78  78  59  43  43 117 117 117 117 117 101 101 122 122 122 122 127
[139]  87  80  80  55  55  94  95  95  95  95  95  95  95  54  54  54  39  39  39  39  39  39  39
[162]  56  56 110 142 142 164 164 165 165 165 165  88  88  88  88  88  88 135 135 135 135 135 173
[185]  32  32 109 109 109 109 109 109  79  79 118 174 174 174 174  73  73  73  69  69  44  44  44
[208]  36 145 145 145 145 102 102 102 102 124 124 124 124 124 124 124 138 138 138 138 196 196 175
[231] 175 175 197 200 144 144 144 179 179 125 125 125 125  81  81  12  12  12  40  40 111 233 233
[254]  41 169  74  70  70  70 241 241 241 241 241 241 241 229 229 229 229 136 136 256 256 256 256
[277] 157 176 112 112 112 208 208 239 239 239 193 193 193 193 170  91  91  91 278 184 184  15  15
[300] 280 280 194 153 153 126 162 162 162 162 162 162 177 177 177 205 205  71 167 167 167 209 209
[323] 209 147 147 147 234 234 234  53  53 267 242 242 242 242 242 327 203 198 198  62  62 199 277
[346] 206 206  63  63  82 113 113 113 224 224 282 282 356 303  97  97  97  97  97  97 344 344 344
[369] 344 163 163 330 329 329 133 133 133 309 295 342 342 358 358 358 168 168 271 271 373 214 166
[392] 166 287 302 273 273 254 254  16 268 268 268 255 403 403 403 403 403 210 210 210 218 351 351
[415] 348 182 182 182 182 182 339 251 380 148 148 399 288 288 288 219 219 158 158 359 359 114 139
[438] 381 390 360 360 207 207 207 207 207 334 285 285 285 389 389 389 389 372 400 400 345 286 448
[461] 448 430 430 442 442 442 451 244 104 159 159 252  13  13 409 409 452 385 385 317 317 357 357
[484] 357 449 449 298 230 230 478 349 361  17  17  17  17  64  64  64  64 160 290 482 482 470 188
[507] 188 480 243 460 396 396 253 383 508 311 311 311 515 215 215 140 140 140 319 319 319 235 300
[530] 300 300 300 249 438  98  98 421 453 453 434 434 350 350 375 404 404 250 366 220 220 401 401
[553] 401 401 338 338 513 384 105 105  75  75 477 455 455 455 455 529 379 551 551 352 352 378 378
[576] 378 374 374 494 542 483 416 412 412 583 583 583 584 221 221 516 402 564 391 391 212 353 476
[599] 588 481 481 231 405 558 520 520 185 417 417 443 443 324 497 497 432 613 365 325 422 422 422
[622] 340  65  65 441 441 574 574 566 346 346 552 431 525 525 523 459 407 262 615 547 547 569 589
[645] 589 543 496 498 501 556 225 225 225 464 464 464 423 343 343 343 490 490 245 599 622 638 625
[668] 664 664 415 415 471 484 474  85 665 291 593 593 668 454 595 595 429 663 662 531 600 540 540
[691] 223 672 367 620 648 648 534 678 548 695 550 655 561 697 457 581 341 571 699

$EXTANT
  [1] FALSE FALSE FALSE FALSE FALSE FALSE  TRUE FALSE  TRUE FALSE  TRUE  TRUE FALSE FALSE FALSE
 [16] FALSE  TRUE FALSE  TRUE FALSE FALSE FALSE FALSE FALSE FALSE FALSE FALSE FALSE FALSE FALSE
 [31]  TRUE  TRUE  TRUE  TRUE FALSE FALSE FALSE FALSE  TRUE  TRUE  TRUE FALSE FALSE FALSE  TRUE
 [46] FALSE  TRUE  TRUE  TRUE  TRUE FALSE FALSE  TRUE FALSE  TRUE FALSE FALSE FALSE FALSE FALSE
 [61] FALSE  TRUE  TRUE  TRUE  TRUE  TRUE FALSE FALSE FALSE  TRUE  TRUE  TRUE FALSE FALSE  TRUE
 [76]  TRUE  TRUE FALSE FALSE  TRUE  TRUE  TRUE  TRUE FALSE  TRUE FALSE FALSE  TRUE  TRUE FALSE
 [91] FALSE FALSE FALSE FALSE  TRUE FALSE FALSE  TRUE  TRUE FALSE FALSE  TRUE FALSE FALSE  TRUE
[106] FALSE FALSE FALSE  TRUE FALSE  TRUE  TRUE  TRUE  TRUE  TRUE FALSE  TRUE  TRUE  TRUE FALSE
[121]  TRUE  TRUE FALSE  TRUE  TRUE FALSE FALSE FALSE FALSE  TRUE  TRUE FALSE  TRUE FALSE  TRUE
[136]  TRUE  TRUE  TRUE FALSE  TRUE FALSE  TRUE  TRUE  TRUE FALSE FALSE  TRUE  TRUE  TRUE FALSE
[151]  TRUE FALSE  TRUE FALSE FALSE FALSE FALSE  TRUE  TRUE  TRUE  TRUE FALSE  TRUE FALSE  TRUE
[166] FALSE  TRUE  TRUE  TRUE  TRUE FALSE  TRUE  TRUE FALSE  TRUE FALSE  TRUE  TRUE  TRUE FALSE
[181] FALSE  TRUE FALSE  TRUE  TRUE  TRUE FALSE  TRUE  TRUE  TRUE  TRUE  TRUE FALSE FALSE FALSE
[196] FALSE FALSE  TRUE FALSE FALSE FALSE FALSE FALSE FALSE  TRUE  TRUE  TRUE FALSE  TRUE  TRUE
[211] FALSE  TRUE FALSE  TRUE  TRUE  TRUE FALSE FALSE  TRUE FALSE  TRUE FALSE  TRUE  TRUE  TRUE
[226]  TRUE  TRUE FALSE  TRUE  TRUE  TRUE  TRUE  TRUE  TRUE  TRUE  TRUE  TRUE FALSE FALSE FALSE
[241]  TRUE  TRUE  TRUE FALSE FALSE  TRUE  TRUE FALSE  TRUE  TRUE  TRUE  TRUE  TRUE FALSE  TRUE
[256]  TRUE  TRUE FALSE  TRUE FALSE FALSE  TRUE  TRUE  TRUE  TRUE  TRUE  TRUE  TRUE  TRUE  TRUE
[271]  TRUE  TRUE FALSE FALSE FALSE  TRUE  TRUE FALSE  TRUE FALSE FALSE FALSE FALSE FALSE  TRUE
[286] FALSE  TRUE  TRUE FALSE  TRUE  TRUE FALSE  TRUE  TRUE FALSE FALSE  TRUE  TRUE  TRUE  TRUE
[301]  TRUE FALSE  TRUE  TRUE  TRUE FALSE  TRUE FALSE FALSE FALSE  TRUE FALSE  TRUE  TRUE  TRUE
[316]  TRUE FALSE FALSE  TRUE FALSE FALSE  TRUE  TRUE  TRUE  TRUE  TRUE FALSE FALSE  TRUE FALSE
[331]  TRUE FALSE FALSE  TRUE  TRUE  TRUE  TRUE  TRUE  TRUE  TRUE  TRUE FALSE  TRUE  TRUE  TRUE
[346]  TRUE  TRUE  TRUE  TRUE  TRUE  TRUE FALSE FALSE  TRUE  TRUE  TRUE  TRUE FALSE  TRUE  TRUE
[361] FALSE  TRUE FALSE FALSE  TRUE  TRUE  TRUE  TRUE  TRUE FALSE  TRUE  TRUE FALSE  TRUE  TRUE
[376]  TRUE  TRUE  TRUE  TRUE  TRUE  TRUE  TRUE FALSE FALSE  TRUE FALSE FALSE  TRUE  TRUE FALSE
[391]  TRUE  TRUE  TRUE FALSE FALSE  TRUE  TRUE FALSE  TRUE  TRUE  TRUE  TRUE  TRUE  TRUE  TRUE
[406] FALSE  TRUE  TRUE  TRUE  TRUE FALSE  TRUE  TRUE  TRUE  TRUE  TRUE  TRUE  TRUE FALSE  TRUE
[421]  TRUE  TRUE  TRUE  TRUE  TRUE  TRUE FALSE  TRUE  TRUE  TRUE  TRUE  TRUE  TRUE  TRUE  TRUE
[436] FALSE FALSE  TRUE  TRUE  TRUE  TRUE  TRUE  TRUE  TRUE FALSE  TRUE  TRUE  TRUE FALSE FALSE
[451]  TRUE  TRUE  TRUE  TRUE  TRUE FALSE  TRUE  TRUE  TRUE  TRUE  TRUE FALSE  TRUE  TRUE  TRUE
[466]  TRUE  TRUE  TRUE  TRUE  TRUE  TRUE  TRUE  TRUE  TRUE  TRUE  TRUE  TRUE  TRUE  TRUE FALSE
[481]  TRUE FALSE  TRUE  TRUE  TRUE  TRUE  TRUE  TRUE  TRUE  TRUE  TRUE  TRUE  TRUE  TRUE  TRUE
[496]  TRUE  TRUE  TRUE  TRUE  TRUE  TRUE FALSE  TRUE  TRUE  TRUE  TRUE  TRUE FALSE  TRUE  TRUE
[511] FALSE  TRUE  TRUE  TRUE  TRUE  TRUE  TRUE  TRUE  TRUE  TRUE FALSE  TRUE  TRUE  TRUE  TRUE
[526]  TRUE FALSE FALSE  TRUE  TRUE  TRUE  TRUE  TRUE  TRUE  TRUE  TRUE  TRUE  TRUE  TRUE  TRUE
[541]  TRUE  TRUE  TRUE  TRUE FALSE  TRUE  TRUE  TRUE  TRUE  TRUE  TRUE FALSE FALSE  TRUE FALSE
[556]  TRUE  TRUE  TRUE  TRUE  TRUE  TRUE  TRUE  TRUE  TRUE FALSE  TRUE  TRUE  TRUE FALSE  TRUE
[571]  TRUE FALSE  TRUE  TRUE  TRUE  TRUE  TRUE  TRUE  TRUE  TRUE  TRUE FALSE  TRUE FALSE  TRUE
[586]  TRUE  TRUE  TRUE  TRUE  TRUE FALSE FALSE  TRUE FALSE  TRUE  TRUE  TRUE  TRUE  TRUE  TRUE
[601]  TRUE  TRUE  TRUE  TRUE  TRUE  TRUE  TRUE  TRUE  TRUE  TRUE  TRUE  TRUE  TRUE  TRUE  TRUE
[616]  TRUE  TRUE  TRUE FALSE  TRUE  TRUE  TRUE  TRUE  TRUE  TRUE  TRUE  TRUE  TRUE  TRUE FALSE
[631]  TRUE  TRUE  TRUE FALSE  TRUE  TRUE  TRUE  TRUE  TRUE  TRUE  TRUE  TRUE  TRUE  TRUE  TRUE
[646]  TRUE  TRUE  TRUE  TRUE  TRUE  TRUE  TRUE  TRUE FALSE  TRUE  TRUE  TRUE FALSE  TRUE  TRUE
[661]  TRUE  TRUE  TRUE FALSE  TRUE  TRUE  TRUE  TRUE  TRUE FALSE  TRUE  TRUE  TRUE FALSE  TRUE
[676]  TRUE  TRUE  TRUE  TRUE  TRUE  TRUE  TRUE  TRUE  TRUE  TRUE  TRUE  TRUE  TRUE  TRUE  TRUE
[691]  TRUE  TRUE  TRUE  TRUE  TRUE  TRUE  TRUE  TRUE  TRUE  TRUE  TRUE  TRUE  TRUE  TRUE  TRUE
[706]  TRUE  TRUE  TRUE  TRUE

