
Birth-death simulation object with 689 species and 500 extant species

Details for some species:

Extinction times (NA means extant)
[1] 51.93605       NA 57.69729 58.43644 21.64544 39.49718


Speciation times 
[1] 87.50261 63.54874 62.39537 58.62460 54.73682 53.27201


Species parents (NA for initial)
[1] NA  1  1  1  1  1


Species status (extinct or extant)
[1] "extinct" "extant"  "extinct" "extinct" "extinct" "extinct"


For more details on vector y, try sim$y, with y one of
TE TS PAR EXTANT



$TE
  [1] 5.193605e+01           NA 5.769729e+01 5.843644e+01 2.164544e+01 3.949718e+01 3.207225e+01
  [8] 8.281240e+00 4.345557e+01           NA           NA 4.414072e+01 4.099234e+01           NA
 [15]           NA 4.425057e+01           NA 1.516053e+01 8.214818e+00 3.931619e+01 3.392426e+01
 [22] 8.970075e-04 4.444591e+01 3.695888e+01           NA           NA 2.967588e+01 5.588897e+00
 [29] 1.135735e+01           NA           NA 3.383847e+01 1.826891e+01           NA           NA
 [36]           NA 3.489076e+01 2.524668e+00 2.443950e+01 3.057529e+00           NA 4.196500e+01
 [43]           NA           NA           NA           NA 3.084614e+01 5.223095e-01 3.887557e+01
 [50] 3.081011e+01 9.915768e+00 1.565117e+01 4.231433e+00 9.175206e-01           NA 2.266874e+01
 [57] 6.114386e+00 3.370950e+01           NA 2.128456e+01 1.390978e+00           NA 7.869661e+00
 [64] 6.937110e+00           NA           NA 2.782471e+00 4.398106e+01 3.725249e+01           NA
 [71]           NA           NA           NA 6.054669e+00           NA           NA           NA
 [78] 8.894690e+00 2.177097e+00           NA           NA           NA           NA           NA
 [85] 9.776883e+00           NA           NA           NA 1.696942e+01 3.699294e+01 2.670237e+01
 [92] 1.995930e+01           NA 6.574090e+00 1.375527e+00           NA 2.302321e+01 2.385414e+01
 [99] 1.723354e+01           NA           NA           NA           NA 1.401548e+00 3.395670e+01
[106] 3.054490e+01 2.348591e+01 1.141467e+01           NA           NA 1.983851e+01 2.866491e+00
[113]           NA 1.999459e+01           NA           NA 1.010149e+01           NA           NA
[120]           NA 4.283083e+00           NA           NA 2.206500e+01 9.798053e-01 6.376737e+00
[127]           NA           NA           NA           NA           NA           NA 1.546742e+01
[134] 1.655303e+00 1.322931e+01           NA 2.542563e+01 3.142889e+01           NA 5.976051e+00
[141] 7.313161e+00           NA 1.460284e+01 2.188519e+01 5.804707e+00           NA 6.075878e+00
[148]           NA 1.274690e+01           NA           NA 3.181496e+01 1.595023e+01           NA
[155] 1.875023e+00           NA           NA           NA           NA 2.204457e+01           NA
[162] 1.353666e+01 4.568440e+00           NA 1.613008e+01 2.836196e+01           NA 2.682988e+01
[169] 5.108526e+00           NA           NA 2.352515e+01 1.792044e+01           NA 1.602769e+01
[176]           NA 1.170652e+01           NA           NA           NA 4.149008e+00 3.382922e+00
[183]           NA 1.754140e+01           NA           NA           NA           NA           NA
[190]           NA 2.118866e+01           NA           NA           NA 9.378134e+00 3.525963e+00
[197]           NA           NA           NA           NA           NA 2.048737e+01           NA
[204] 1.937746e+01           NA           NA           NA           NA 1.539874e+01           NA
[211] 6.754811e+00           NA           NA           NA 6.538153e+00           NA           NA
[218]           NA           NA 2.800743e+00 1.925256e+01           NA 2.506458e+00           NA
[225]           NA 2.318100e+01 1.059915e+00 1.873246e+01           NA           NA           NA
[232]           NA           NA           NA           NA           NA 1.385642e+01           NA
[239]           NA 2.118061e+01           NA           NA           NA 2.122525e+01 8.452633e+00
[246] 9.670506e+00           NA           NA           NA 1.351797e+01           NA 1.978999e+00
[253]           NA 1.465308e+01           NA           NA           NA           NA           NA
[260]           NA           NA           NA           NA           NA 8.850825e+00 1.024765e+01
[267]           NA 5.584467e+00 1.009124e+01 2.485981e+00 2.944042e+00           NA           NA
[274]           NA           NA           NA           NA           NA           NA           NA
[281] 8.121135e+00           NA           NA           NA           NA           NA           NA
[288] 3.910612e+00           NA           NA 1.750256e+01 1.209180e+01           NA           NA
[295]           NA 2.898055e+00           NA           NA 2.248427e+01           NA           NA
[302]           NA           NA           NA           NA           NA 2.075341e-01           NA
[309]           NA 3.604617e+00 1.188112e+01           NA           NA           NA           NA
[316]           NA 8.678393e+00           NA 9.075900e+00 2.670355e+00           NA 7.366553e+00
[323]           NA           NA 6.003298e+00           NA           NA           NA           NA
[330]           NA           NA           NA 1.569296e+00           NA           NA           NA
[337]           NA 3.585306e+00           NA           NA           NA           NA           NA
[344] 1.226624e+01           NA 4.910614e+00           NA 1.422833e+01           NA 5.874414e-01
[351]           NA           NA           NA           NA           NA 1.284170e+00           NA
[358] 8.802842e+00 9.256871e+00           NA           NA 5.603995e+00 1.526053e+01           NA
[365]           NA           NA           NA 1.140151e+01           NA 1.086363e+01           NA
[372]           NA           NA 1.334189e+01           NA           NA           NA           NA
[379]           NA           NA           NA           NA           NA           NA 1.218290e+01
[386]           NA           NA           NA           NA 8.323108e+00           NA           NA
[393]           NA           NA           NA 1.031603e+01 6.274489e+00           NA           NA
[400]           NA           NA           NA           NA 1.122308e+01           NA           NA
[407]           NA           NA 3.660707e+00           NA           NA           NA 1.210748e+01
[414] 1.005779e+01           NA           NA           NA           NA           NA 7.534433e+00
[421]           NA 7.823470e-01 1.984912e+00           NA           NA           NA           NA
[428]           NA           NA           NA           NA           NA           NA           NA
[435]           NA           NA           NA           NA 1.122809e+01           NA           NA
[442] 7.335077e-01           NA           NA 7.376322e-02           NA           NA           NA
[449]           NA 5.539334e+00           NA           NA           NA           NA           NA
[456]           NA           NA           NA           NA           NA           NA           NA
[463]           NA           NA 6.166728e+00           NA           NA           NA           NA
[470]           NA 2.372124e+00           NA           NA           NA           NA           NA
[477]           NA           NA           NA           NA           NA           NA           NA
[484] 3.415313e+00 4.604519e+00           NA           NA           NA           NA           NA
[491]           NA           NA           NA           NA           NA           NA           NA
[498]           NA           NA           NA           NA           NA           NA           NA
[505] 6.933527e+00           NA           NA           NA           NA           NA           NA
[512] 4.294185e+00           NA           NA           NA           NA           NA           NA
[519]           NA           NA           NA           NA           NA           NA           NA
[526]           NA           NA           NA           NA           NA 1.973945e+00 8.653125e+00
[533]           NA           NA           NA           NA           NA           NA           NA
[540]           NA           NA           NA           NA           NA 3.602032e+00           NA
[547]           NA           NA           NA           NA           NA           NA           NA
[554]           NA           NA           NA           NA           NA           NA           NA
[561]           NA           NA           NA           NA           NA           NA           NA
[568]           NA           NA           NA 1.241402e-01           NA           NA           NA
[575]           NA           NA 1.208819e+00           NA           NA           NA           NA
[582]           NA           NA           NA           NA           NA 2.143432e+00           NA
[589]           NA           NA           NA           NA           NA           NA           NA
[596]           NA           NA           NA           NA           NA           NA           NA
[603]           NA           NA           NA 6.254301e+00           NA           NA           NA
[610] 1.131201e+00           NA           NA           NA           NA           NA           NA
[617]           NA           NA           NA           NA           NA           NA           NA
[624]           NA           NA           NA           NA 4.507914e+00           NA           NA
[631]           NA           NA           NA           NA           NA           NA           NA
[638]           NA           NA           NA           NA           NA           NA 2.051297e+00
[645]           NA           NA           NA 3.427113e+00           NA           NA           NA
[652]           NA           NA           NA           NA           NA           NA           NA
[659]           NA           NA           NA           NA           NA           NA           NA
[666]           NA           NA           NA           NA           NA           NA           NA
[673]           NA           NA           NA           NA           NA           NA           NA
[680]           NA           NA           NA           NA           NA           NA           NA
[687]           NA           NA           NA

$TS
  [1] 87.502611117 63.548735051 62.395367922 58.624600723 54.736818314 53.272014354 62.840613406
  [8] 50.350781959 45.262368764 35.310638677 17.220663503 57.579178423 56.018484668 39.956985438
 [15] 59.171563068 45.812111356 44.966858597 27.383895992 10.270020605 53.277955851 50.854272358
 [22] 49.634245986 47.187869435 46.720784896 53.982447702 36.562333198 36.284848645 26.689214050
 [29] 51.507005323 45.527828688 44.547034249 42.517117274 37.185952075 13.593331380 10.425095273
 [36] 51.855632962 41.485548766 41.315269090 28.348626152 15.638705625  7.414627944 43.168630539
 [43] 21.760382498 18.518261978 12.086618169 45.783066703 44.513802741 47.923683417 44.495565053
 [50] 34.909830718 26.344985143 21.736757686 18.094912587 10.872878010 46.132593976 41.859184780
 [57] 39.080922978 38.649870187 30.318863785 25.308193441 11.015731514 24.801513361 24.431123365
 [64] 17.424319667 16.538853772 11.552815414  2.816497676 46.676458417 37.430917390 37.379081013
 [71] 32.925161571 11.421280971  0.790770159 36.372490050  5.845468211 41.723824039 39.458771393
 [78] 25.365494759  8.934240425  5.180665949 41.973597882 38.771406058 27.154168794 26.447679521
 [85] 25.838952659 19.116167169 16.628299860  8.661357288 43.853241022 37.788638355 36.621122051
 [92] 31.708232214 20.864372805 19.418930273  1.803887946 42.766935288 31.517273815 24.939517522
 [99] 17.942771990 36.590297039 17.008343902 35.398258729  3.369825754  2.262914122 40.977744318
[106] 34.530599334 33.405582440 39.944441792 30.496585554  3.254105803 40.446782287 26.576769662
[113] 12.504315684 25.877992060 22.476915746  7.519225543 31.706893483 27.709931603 20.433816605
[120] 19.325610650  6.859478224  6.387057432  2.578012596 28.355726807 26.156807796 12.517850327
[127] 24.066061285 14.128705189 36.338602772 29.198912509 29.058880433 27.706852918 19.186285370
[134] 27.930293380 24.739518211 24.266244903 35.407901065 35.997848090 35.930933155 34.242967422
[141] 15.261090019  4.811131110 25.837405741 25.716337305 19.384127576  0.705102925 23.295149116
[148] 22.871200016 20.196878497  8.668236404 32.028319038 33.767846696 21.966138588 20.061994060
[155] 18.792456533 16.782638268 16.235490081 32.963036526 10.931800822 30.220681531 28.386217002
[162] 21.457564943 15.418176304 12.303554804 33.120659185 31.612497121 31.145024849 27.972817615
[169] 20.122094048 11.493536849  8.995229407 28.118846818 27.114508033 26.959560634 29.789987365
[176] 16.085447338 30.667870297 18.811541117 16.562264791  9.138523290  8.666642509 24.870998240
[183]  0.455607210 29.415741999 28.701256414 22.121910668 18.062210889 15.858018380  9.830657435
[190]  7.551386004 29.617184900 26.008999097 18.668976585 16.819834542 18.871905254 15.631549949
[197]  2.976326919 28.712086102 17.281659211  7.230727051  0.855139566 25.032677162 27.613241946
[204] 27.112295331 25.054606957  8.112052988 25.941667093 23.853054859 15.904875834 15.134252848
[211] 26.408860372 19.525965834 18.442801228 13.320087970  9.587236254  8.410107342  6.360107579
[218] 11.230874073  7.510828713  6.118958027 22.152682406  1.982219611 14.415296077  6.526811983
[225] 19.660692545 23.353191932 13.056510283 26.735531718 26.215674635 23.810371099 17.021993351
[232]  4.647864764 20.290455664 13.996263942  5.647773039 20.263820505 19.183862441 18.913935017
[239]  6.855839290 23.541568154 12.362455884  7.143936740  2.354106060 24.784293210 17.543770369
[246] 23.640109101 18.986926364 13.690055037 16.857005545 16.337507861 11.746141241  6.905284706
[253]  1.522633574 15.971421742 16.493925090 22.514364288  6.579009777  3.690575629  2.143544678
[260] 25.428889605 22.452251861 20.525606516 18.289731041 11.261392887 10.895207286 22.900175800
[267] 20.439595473 22.815979235 24.578036420 10.181895436  5.580165230  0.458004654 24.226803623
[274] 16.348707511  7.262242674  0.345647559 23.448660389 19.877096801 13.956440804 23.737265792
[281] 23.372189198 19.613948450 15.281649753 21.274752921  8.597863128 22.523494799 16.031549175
[288] 12.066320640  6.782160926  5.326337403 20.661967592 17.610292118  5.851768954 23.473815508
[295] 13.327597332 14.702043349 23.546258075  7.515991208 22.631028943 13.994949506  3.453681962
[302]  2.333770278  0.268253710 10.026013671 22.027113842 12.579246937  4.364764225  8.875693288
[309]  7.598988505 20.416111463 11.938455982  5.509967116 22.642318988 16.114300690 15.966920488
[316] 13.000742573 10.929676205  9.461939013  9.278421974 15.810664809 14.922565311  9.227145196
[323] 20.927717502 15.789866795 15.089048448 11.518895988  7.344324778  6.314038908  9.103391720
[330] 21.883422554 16.518926884  0.880126342  1.746541520 10.087962841  4.002669302 11.663133648
[337]  1.186053974 14.139528359 12.780716723  6.021631467  4.409132539 15.521901948 18.640476584
[344] 17.380062735  2.540003735 16.923462286  2.318639889 14.861434183  8.559705212  0.983904933
[351] 16.248236581  0.704175221 16.784911016 14.013279116 10.397818089  4.743102529  3.487441147
[358] 16.313276196 19.831080928 19.796964153 12.360630177  9.704809345 19.480040859 17.153475506
[365]  1.515936106 12.689526607  5.646894160 19.113997520 17.408116422 17.341610154 13.814155145
[372]  7.860197227  0.470578976 18.544453127 11.300732253 10.038793902  9.848197004 11.034113962
[379]  6.684992657 18.517767104  6.159618773  0.152742795 16.328312074 11.245091860 12.410744667
[386] 16.246361906  6.428481179 10.322495479 10.281039097 16.670149581 15.580822339  3.543055745
[393] 13.121183214  3.960255904  3.821428495 14.321448528  8.483566117  4.728686475  6.414524111
[400] 11.055615181  4.739516066 16.707511316 16.393111413 17.516889593  1.915159393 10.862088965
[407] 10.837946970  4.322907583  3.786259185  3.146906280  6.810710727  1.997729059 13.061329396
[414] 12.363476829  1.272570549  0.689583059 13.075198017  9.331356185  8.156201146 15.777006352
[421] 13.661844341 12.445088798  8.067194140 16.133309574 10.726819620  7.704167063  3.189062890
[428] 13.907028069  6.173251062 12.047316032  0.891867970  6.934113151 15.983233518  2.702204787
[435]  4.699317529  1.640967392  1.886280115  0.758249488 11.936526343 10.899218308  7.375338859
[442]  8.719369745 10.564530605  9.530573824  9.142969711  5.590891228  2.143380684 14.141861037
[449]  1.268333490  7.715351596  9.192585830 12.605948843  9.023277276  0.009039980 13.276374741
[456]  0.975029940  7.774415977  7.391314835  4.002045949  9.685509263  0.767146482  1.481078650
[463] 14.690203345  2.738603144 10.551632175  4.819038897 10.128696899  7.423964529  9.044733891
[470]  1.390211416  9.079815486  0.337347402  3.564428552  9.858604777  8.113508623  1.619362227
[477]  7.382497676  5.263259774 12.713067584  6.570391344  3.619846002  5.215034657  3.434235857
[484]  8.634338674  7.179043284 12.905930578  5.439621406  4.661186985  2.576512449  1.463793383
[491]  0.970206024  6.384958480  6.787511202 10.675527219  7.241560452  7.998058171  5.105346496
[498]  0.187904620  8.644225092  8.588575574 11.192822756 11.429088833  7.072490890  1.561193390
[505]  8.252051618  8.253665281  7.058053216  2.469309018  9.217513963  1.649769470  2.564203963
[512]  5.268271558  1.782203850  6.710121137  4.556142105  9.414842844  1.749281317  5.221176963
[519]  4.826281472  3.152419187  1.820890566  3.789278212  9.258808953  8.958581506  6.636566200
[526]  6.740908183  2.268493272  9.048917919  7.202019047  8.275034231  5.960783975  9.757205070
[533]  7.153588220  6.872451718  7.318147143  8.455825550  5.174703365  2.179870675  0.665274947
[540]  0.373313883  6.827763971  3.569714945  0.905598959  0.154440351  4.732995401  3.902370948
[547]  1.124291023  8.909399180  7.769292123  5.505919131  1.421847502  0.118013630  0.708678017
[554]  5.995371052  3.226960898  2.152094923  6.859189858  5.365073161  3.800207628  6.894704011
[561]  5.922589796  3.488318256  4.800252640  2.356361527  6.629412723  7.391580913  3.479366321
[568]  5.684074659  4.721433068  0.195776577  7.339007842  7.843169551  3.249907720  5.738620018
[575]  6.948734486  6.204763890  3.929081934  3.177555960  5.743709444  3.209139160  7.458238189
[582]  6.499685912  5.384236726  1.652594397  3.726850045  1.148627887  6.848259956  5.950225081
[589]  3.466949850  3.202205265  7.216966946  2.180010157  5.028904885  2.206392223  1.389632234
[596]  0.804745530  5.993006534  4.205932208  3.213939668  1.846162149  5.893638224  0.953325004
[603]  0.632581632  4.886156629  1.510774194  6.743654599  5.363321331  6.148267439  6.455788201
[610]  5.642057615  3.486321056  0.597000413  0.578544847  4.601347729  6.340887894  5.108549983
[617]  5.042455948  0.616880691  3.721621939  5.430073417  0.700045603  4.040307858  0.323239787
[624]  5.567784818  3.562299448  0.636870353  0.820981107  4.513125234  5.196483089  4.906529583
[631]  3.201010701  0.321149635  5.530508548  0.228896306  0.121072078  4.993228526  4.429911086
[638]  5.173759286  4.612323740  3.634014508  1.869719405  1.717004175  4.544100598  3.123487623
[645]  4.819840865  2.344504630  3.482238120  4.133760985  1.939183558  4.051299321  3.831628512
[652]  0.918387555  3.684204740  3.367176605  0.366374584  4.315808798  1.094141362  1.682012477
[659]  0.848412937  2.279859762  1.050500488  2.624709297  3.440831084  1.381433498  3.922603636
[666]  1.391490106  3.802730387  1.821741431  1.461596607  1.910183183  0.503499570  2.023165446
[673]  2.020358513  0.966542317  2.159608193  1.544480177  1.874920882  1.064540919  2.473087180
[680]  2.366798692  1.518273225  1.806151653  0.959892343  1.035983622  0.486960181  0.346094055
[687]  0.270930640  0.006205822  0.017191540

$PAR
  [1]  NA   1   1   1   1   1   2   2   2   2   2   7   7   7   3  15  15  15  15  12  12  12  12
 [24]  12  13   5   5   5  25  25  25  25  25  25  25  20  36  36  36  36  36  29  29  29  29  21
 [47]  21   8   8   8   8   8   8   8  22  22  22  22  22  22  22  48  48  48  48  48  48  23  55
 [70]  55  55  55  55  46  46  30  30  30  30  30  17  17  17  17  17  17  17  17  31  31  31  31
 [93]  31  31  31  89  89  89  89  96  96  32  81  81  56  56  56  76  76  76  37  38  38 111 111
[116]  14 108 108 108  77  77  77  77  57  57  57  82  82  58  70  70  70  70  33  33  33  91 100
[139] 100 100 100 100  26  26  26  26 129 129 129 129 138 139 139 139 139 139 139 102 102  10  10
[162]  10  10  10  50 106 106 140 140 140 140 107 107 107 165 158  71  71  71  71  71 151 151  92
[185] 166 167 167 167 167 167 177 177 177 177 109 109 109  59  59  59  59 160 184 130 131 131 198
[208] 198 198 198 185 185 185 185 185 185 185 161 161 161 124 134 118 118 132 203  83 173 174 174
[231] 174 174  28  28  28 112 112 112 112  84  84  84  84 211 211  51  51  51 229 229 229 229 229
[254] 125 192 207 207 207 207 114 114  85  85  85  85 143 143 144 260 260 260 260  78  78 205 205
[277] 202 182 182 244 244 135 135  63  63 136 136 136 136 136 273 273 273 127 127 208 230 230 280
[300] 280 280 280 280 246 297 297 297 294 294 277 277 277 281 281 281 281 281 281 281 147 147 147
[323] 266 266 266 266 148 148 268 313 286 286 256 115 115 261 261 186 186 305  43 162 284 284 284
[346] 323 323  93  93  93 262 262 267 267 267 267 267 119 233 233 233 236 154 154 154 278 278 359
[369] 360 360 360 360 360 212 212 212 212  94 145 120 120 120 237  86 368 247 247 238 178 193 193
[392] 193 343 343 343 374 380 213  53 187 187 292 292 245 369 199 199 199 199 199 364 364 231 231
[415] 231 231 101 346 346 249 249 194 194 353 353 353 353 156 156 402 402  87 179  65 331 331 403
[438] 403 274 274 383 351 386 386 157 314 314 176 176 287 433 315 315 315 188 188 320 196 196 391
[461] 391 342 283 283 210 463 223 448 338 128 354 354 234 428 371 371 421 421  34  34 295 214 214
[484] 417 417 316 316 316 479 479 479 366 452 126 126 113 113 113 361 361 164 430 430 430 251 336
[507] 336 336 326 326 502  72 375 264 264 218 501 400 400 378 378  61 317  54  54 407 425 443  35
[530] 388 467 376 376 376 304 474 474 377 377 377 460 444 516 516 418 418 523 322 509 509 509 509
[553] 451 445 180 180 329 471 171  79  79 548 308 308 442 499 285 500 500 500 349 536 216 423 372
[576] 372 457 457 549 549 450 426 426 190 116 219  41  41 566 566 458 458 571 275 275 495 200 591
[599] 591 533 575 432 432 252 534 557 411 493 514 379 379 379 565 257 480 582 582 609 399 492 217
[622] 328 328 576 381 608 588 561 293  75  75 579 574 568 568 446 446 271 624 312 312 487 620 583
[645] 558 290 478 518  80 638 616 593 636 604 604 519 645 563 232 614 341 408 622 622 394 394 665
[668] 665 640 481 567 301 483 483 555 580 631 631 410 197 564 412 412 649 668 521 642 436 449

$EXTANT
  [1] FALSE  TRUE FALSE FALSE FALSE FALSE FALSE FALSE FALSE  TRUE  TRUE FALSE FALSE  TRUE  TRUE
 [16] FALSE  TRUE FALSE FALSE FALSE FALSE FALSE FALSE FALSE  TRUE  TRUE FALSE FALSE FALSE  TRUE
 [31]  TRUE FALSE FALSE  TRUE  TRUE  TRUE FALSE FALSE FALSE FALSE  TRUE FALSE  TRUE  TRUE  TRUE
 [46]  TRUE FALSE FALSE FALSE FALSE FALSE FALSE FALSE FALSE  TRUE FALSE FALSE FALSE  TRUE FALSE
 [61] FALSE  TRUE FALSE FALSE  TRUE  TRUE FALSE FALSE FALSE  TRUE  TRUE  TRUE  TRUE FALSE  TRUE
 [76]  TRUE  TRUE FALSE FALSE  TRUE  TRUE  TRUE  TRUE  TRUE FALSE  TRUE  TRUE  TRUE FALSE FALSE
 [91] FALSE FALSE  TRUE FALSE FALSE  TRUE FALSE FALSE FALSE  TRUE  TRUE  TRUE  TRUE FALSE FALSE
[106] FALSE FALSE FALSE  TRUE  TRUE FALSE FALSE  TRUE FALSE  TRUE  TRUE FALSE  TRUE  TRUE  TRUE
[121] FALSE  TRUE  TRUE FALSE FALSE FALSE  TRUE  TRUE  TRUE  TRUE  TRUE  TRUE FALSE FALSE FALSE
[136]  TRUE FALSE FALSE  TRUE FALSE FALSE  TRUE FALSE FALSE FALSE  TRUE FALSE  TRUE FALSE  TRUE
[151]  TRUE FALSE FALSE  TRUE FALSE  TRUE  TRUE  TRUE  TRUE FALSE  TRUE FALSE FALSE  TRUE FALSE
[166] FALSE  TRUE FALSE FALSE  TRUE  TRUE FALSE FALSE  TRUE FALSE  TRUE FALSE  TRUE  TRUE  TRUE
[181] FALSE FALSE  TRUE FALSE  TRUE  TRUE  TRUE  TRUE  TRUE  TRUE FALSE  TRUE  TRUE  TRUE FALSE
[196] FALSE  TRUE  TRUE  TRUE  TRUE  TRUE FALSE  TRUE FALSE  TRUE  TRUE  TRUE  TRUE FALSE  TRUE
[211] FALSE  TRUE  TRUE  TRUE FALSE  TRUE  TRUE  TRUE  TRUE FALSE FALSE  TRUE FALSE  TRUE  TRUE
[226] FALSE FALSE FALSE  TRUE  TRUE  TRUE  TRUE  TRUE  TRUE  TRUE  TRUE FALSE  TRUE  TRUE FALSE
[241]  TRUE  TRUE  TRUE FALSE FALSE FALSE  TRUE  TRUE  TRUE FALSE  TRUE FALSE  TRUE FALSE  TRUE
[256]  TRUE  TRUE  TRUE  TRUE  TRUE  TRUE  TRUE  TRUE  TRUE FALSE FALSE  TRUE FALSE FALSE FALSE
[271] FALSE  TRUE  TRUE  TRUE  TRUE  TRUE  TRUE  TRUE  TRUE  TRUE FALSE  TRUE  TRUE  TRUE  TRUE
[286]  TRUE  TRUE FALSE  TRUE  TRUE FALSE FALSE  TRUE  TRUE  TRUE FALSE  TRUE  TRUE FALSE  TRUE
[301]  TRUE  TRUE  TRUE  TRUE  TRUE  TRUE FALSE  TRUE  TRUE FALSE FALSE  TRUE  TRUE  TRUE  TRUE
[316]  TRUE FALSE  TRUE FALSE FALSE  TRUE FALSE  TRUE  TRUE FALSE  TRUE  TRUE  TRUE  TRUE  TRUE
[331]  TRUE  TRUE FALSE  TRUE  TRUE  TRUE  TRUE FALSE  TRUE  TRUE  TRUE  TRUE  TRUE FALSE  TRUE
[346] FALSE  TRUE FALSE  TRUE FALSE  TRUE  TRUE  TRUE  TRUE  TRUE FALSE  TRUE FALSE FALSE  TRUE
[361]  TRUE FALSE FALSE  TRUE  TRUE  TRUE  TRUE FALSE  TRUE FALSE  TRUE  TRUE  TRUE FALSE  TRUE
[376]  TRUE  TRUE  TRUE  TRUE  TRUE  TRUE  TRUE  TRUE  TRUE FALSE  TRUE  TRUE  TRUE  TRUE FALSE
[391]  TRUE  TRUE  TRUE  TRUE  TRUE FALSE FALSE  TRUE  TRUE  TRUE  TRUE  TRUE  TRUE FALSE  TRUE
[406]  TRUE  TRUE  TRUE FALSE  TRUE  TRUE  TRUE FALSE FALSE  TRUE  TRUE  TRUE  TRUE  TRUE FALSE
[421]  TRUE FALSE FALSE  TRUE  TRUE  TRUE  TRUE  TRUE  TRUE  TRUE  TRUE  TRUE  TRUE  TRUE  TRUE
[436]  TRUE  TRUE  TRUE FALSE  TRUE  TRUE FALSE  TRUE  TRUE FALSE  TRUE  TRUE  TRUE  TRUE FALSE
[451]  TRUE  TRUE  TRUE  TRUE  TRUE  TRUE  TRUE  TRUE  TRUE  TRUE  TRUE  TRUE  TRUE  TRUE FALSE
[466]  TRUE  TRUE  TRUE  TRUE  TRUE FALSE  TRUE  TRUE  TRUE  TRUE  TRUE  TRUE  TRUE  TRUE  TRUE
[481]  TRUE  TRUE  TRUE FALSE FALSE  TRUE  TRUE  TRUE  TRUE  TRUE  TRUE  TRUE  TRUE  TRUE  TRUE
[496]  TRUE  TRUE  TRUE  TRUE  TRUE  TRUE  TRUE  TRUE  TRUE FALSE  TRUE  TRUE  TRUE  TRUE  TRUE
[511]  TRUE FALSE  TRUE  TRUE  TRUE  TRUE  TRUE  TRUE  TRUE  TRUE  TRUE  TRUE  TRUE  TRUE  TRUE
[526]  TRUE  TRUE  TRUE  TRUE  TRUE FALSE FALSE  TRUE  TRUE  TRUE  TRUE  TRUE  TRUE  TRUE  TRUE
[541]  TRUE  TRUE  TRUE  TRUE FALSE  TRUE  TRUE  TRUE  TRUE  TRUE  TRUE  TRUE  TRUE  TRUE  TRUE
[556]  TRUE  TRUE  TRUE  TRUE  TRUE  TRUE  TRUE  TRUE  TRUE  TRUE  TRUE  TRUE  TRUE  TRUE  TRUE
[571] FALSE  TRUE  TRUE  TRUE  TRUE  TRUE FALSE  TRUE  TRUE  TRUE  TRUE  TRUE  TRUE  TRUE  TRUE
[586]  TRUE FALSE  TRUE  TRUE  TRUE  TRUE  TRUE  TRUE  TRUE  TRUE  TRUE  TRUE  TRUE  TRUE  TRUE
[601]  TRUE  TRUE  TRUE  TRUE  TRUE FALSE  TRUE  TRUE  TRUE FALSE  TRUE  TRUE  TRUE  TRUE  TRUE
[616]  TRUE  TRUE  TRUE  TRUE  TRUE  TRUE  TRUE  TRUE  TRUE  TRUE  TRUE  TRUE FALSE  TRUE  TRUE
[631]  TRUE  TRUE  TRUE  TRUE  TRUE  TRUE  TRUE  TRUE  TRUE  TRUE  TRUE  TRUE  TRUE FALSE  TRUE
[646]  TRUE  TRUE FALSE  TRUE  TRUE  TRUE  TRUE  TRUE  TRUE  TRUE  TRUE  TRUE  TRUE  TRUE  TRUE
[661]  TRUE  TRUE  TRUE  TRUE  TRUE  TRUE  TRUE  TRUE  TRUE  TRUE  TRUE  TRUE  TRUE  TRUE  TRUE
[676]  TRUE  TRUE  TRUE  TRUE  TRUE  TRUE  TRUE  TRUE  TRUE  TRUE  TRUE  TRUE  TRUE  TRUE

