
Birth-death simulation object with 708 species and 500 extant species

Details for some species:

Extinction times (NA means extant)
[1] 49.09899 45.69088 61.83955       NA 22.77838 49.20727


Speciation times 
[1] 64.98928 63.23635 63.19758 63.09545 61.68286 59.50621


Species parents (NA for initial)
[1] NA  1  1  1  1  1


Species status (extinct or extant)
[1] "extinct" "extinct" "extinct" "extant"  "extinct" "extinct"


For more details on vector y, try sim$y, with y one of
TE TS PAR EXTANT



$TE
  [1] 49.09899002 45.69088321 61.83955040          NA 22.77838257 49.20726959 36.40703467
  [8] 36.51660459 19.84457225          NA          NA 18.43545524          NA 11.83286909
 [15]          NA          NA 29.86846727 37.69939375 34.81084976 18.57672272 26.77721086
 [22] 51.09720008 41.87608683 28.13664456 32.23818636          NA 56.58981159  0.19710257
 [29] 44.64974758          NA 30.97210822          NA 17.70688964          NA 29.15477900
 [36] 34.49141560          NA          NA          NA 30.27005659          NA  3.37459471
 [43] 12.83279075          NA          NA          NA          NA          NA 21.67407516
 [50] 36.03383233          NA          NA  9.64027886          NA          NA          NA
 [57]  7.94936241          NA          NA 22.41868006          NA 26.03651232          NA
 [64] 27.72755789          NA 27.74693607          NA  0.38609309          NA          NA
 [71]  4.01800334 17.14192331 22.13048140 14.02468126          NA  5.65883805          NA
 [78]  6.48248325          NA 10.45521112  9.25326947 17.72359922 36.82593164 31.93829300
 [85]          NA  8.54174868 14.94144014 34.88887432 26.37968623          NA 26.25675313
 [92]  5.17087352          NA          NA 30.54387581          NA  6.38980843          NA
 [99] 28.78009775 21.12035710          NA          NA 25.02571038          NA  7.81723632
[106]  0.04317629          NA          NA 10.34517390  4.49677887          NA          NA
[113] 35.00054874          NA          NA          NA          NA 11.17812563          NA
[120]          NA  8.93767646 12.30313416          NA          NA          NA          NA
[127] 28.16374699          NA          NA          NA          NA          NA  0.52497034
[134] 21.91068129 19.16478655 18.34542631 16.77518060          NA          NA          NA
[141]          NA          NA  6.25292244          NA          NA 24.86728473  8.32441662
[148] 12.76476508          NA          NA 22.24194238  6.67343318          NA          NA
[155]          NA 26.70291759          NA          NA          NA          NA 19.40369855
[162]          NA          NA          NA          NA          NA          NA 23.86851599
[169]          NA          NA 16.08054646 25.95077810  5.47341568          NA          NA
[176]  5.44966880          NA          NA  7.51132154          NA          NA 23.30438411
[183]  4.67557849 29.18108116  0.31148121          NA          NA  6.86641008          NA
[190]  6.82752304 26.06190474          NA          NA  3.42642125          NA 20.11849725
[197]  4.15718270          NA          NA          NA          NA          NA          NA
[204]          NA          NA          NA 12.93618401          NA          NA  7.78988674
[211]          NA 13.56525992 29.90985466          NA          NA          NA 15.45637120
[218]          NA          NA          NA          NA          NA          NA          NA
[225]  9.06716101          NA          NA 19.17463075          NA          NA          NA
[232]          NA          NA          NA          NA          NA          NA          NA
[239] 22.06799503          NA 14.49957285  9.55709065 14.63460239 10.57435041          NA
[246] 14.08461755 10.01917958          NA  2.71385773          NA          NA          NA
[253]          NA          NA          NA  3.11848342  2.03763902          NA          NA
[260]          NA          NA          NA 22.11444504 19.50828677  7.11930604 17.99645349
[267]          NA          NA          NA          NA          NA          NA          NA
[274]          NA 15.05504060  1.03380101          NA          NA  0.69192435          NA
[281]          NA          NA          NA  5.23817652  6.10537491          NA  9.67688928
[288]          NA          NA  6.99230548  1.12467498          NA          NA          NA
[295] 20.90004714 15.07886736  6.69496800  8.73547197  0.75017870          NA          NA
[302]          NA          NA          NA          NA 15.53317823          NA          NA
[309]          NA  1.22644525          NA          NA          NA  5.06640243 10.81387588
[316]          NA          NA          NA          NA          NA          NA  8.57818460
[323]  5.01644823          NA          NA          NA  7.65635309          NA          NA
[330]          NA          NA          NA          NA          NA          NA          NA
[337]          NA          NA          NA          NA          NA          NA          NA
[344]          NA          NA          NA          NA          NA  7.02865441          NA
[351]          NA 15.59248700          NA 16.33715820 11.16278703          NA  7.64134911
[358]          NA          NA          NA          NA          NA          NA 13.93647812
[365]  7.21806263          NA          NA          NA          NA  3.83166648  9.68564098
[372]          NA          NA          NA          NA          NA  7.45392371 12.74686546
[379] 16.29890711          NA  5.57788666  0.32979113          NA          NA          NA
[386] 17.06820865          NA          NA          NA 10.79640144  4.21305865          NA
[393]          NA          NA          NA          NA          NA 10.83693216          NA
[400]          NA          NA          NA  8.97691885          NA          NA 15.01617245
[407]  3.97186094          NA          NA          NA          NA          NA          NA
[414]  0.89825678  4.42501476          NA  0.27283419          NA          NA  9.13070729
[421]          NA          NA          NA          NA          NA          NA          NA
[428]          NA          NA          NA          NA          NA  2.28662475          NA
[435]  6.73852889 13.43610197  6.88327649          NA          NA          NA  4.37419208
[442]  1.91331117          NA  2.73161401          NA          NA 14.66323243          NA
[449]  8.40409358          NA  8.61838273          NA          NA          NA          NA
[456]          NA  3.58221071          NA          NA  1.69364254          NA          NA
[463]          NA          NA          NA          NA          NA          NA          NA
[470]          NA          NA          NA          NA          NA          NA          NA
[477]  2.21273646          NA          NA          NA          NA          NA          NA
[484]          NA  1.20477988  7.47386692          NA          NA  7.08241515          NA
[491]          NA          NA          NA          NA          NA          NA          NA
[498]          NA          NA          NA  0.43144055          NA          NA          NA
[505]          NA          NA 10.64734106          NA          NA          NA          NA
[512]          NA          NA          NA  0.06859095          NA          NA          NA
[519]          NA  0.51977198  0.77047329          NA          NA          NA          NA
[526]          NA          NA  0.83047987  4.24249454          NA  1.81875934          NA
[533]          NA          NA  1.02664474  4.93237103          NA          NA          NA
[540]          NA          NA          NA          NA 10.17390174          NA          NA
[547]          NA          NA          NA          NA          NA  4.36248575          NA
[554]          NA          NA          NA          NA          NA          NA          NA
[561]          NA          NA          NA          NA          NA          NA          NA
[568]          NA          NA          NA          NA          NA  1.17485707          NA
[575]          NA          NA          NA          NA          NA          NA          NA
[582]  0.44746697          NA          NA          NA          NA          NA          NA
[589]          NA          NA          NA          NA          NA          NA          NA
[596]  2.51377071          NA          NA          NA          NA          NA  4.97569162
[603]          NA          NA          NA          NA          NA  4.26249318          NA
[610]          NA          NA  1.10265711          NA          NA          NA          NA
[617]          NA          NA          NA          NA          NA          NA          NA
[624]          NA          NA          NA          NA  3.26873788          NA          NA
[631]          NA          NA  1.50142832          NA          NA          NA          NA
[638]          NA          NA          NA          NA  0.83243089          NA          NA
[645]          NA          NA          NA          NA  2.48170220          NA          NA
[652]  0.91734345  0.38444071          NA          NA          NA          NA          NA
[659]          NA          NA          NA          NA  0.51823770          NA          NA
[666]          NA          NA          NA          NA          NA          NA          NA
[673]          NA  1.34776902          NA          NA  1.43274421          NA          NA
[680]          NA          NA          NA          NA          NA          NA          NA
[687]          NA          NA          NA          NA          NA          NA          NA
[694]          NA          NA          NA          NA          NA  0.38930533          NA
[701]          NA          NA          NA          NA          NA          NA          NA
[708]          NA

$TS
  [1] 64.989276529 63.236350465 63.197575668 63.095454299 61.682856318 59.506206021 60.814921006
  [8] 58.593836583 53.088040028 52.293605499 37.793489626 31.478002967 22.378585061 17.378371377
 [15] 15.816976505  5.818333042 57.669252150 39.647093316 39.501020695 36.528074111 34.616203991
 [22] 58.848356705 57.158164170 49.558090095 46.652181812 48.759978043 56.699643714 51.873964884
 [29] 46.887494039 10.764725464 50.812577354 19.938493643 18.960631967  6.126194757 45.395419905
 [36] 41.659150599 40.650782255 46.804514423 46.652347513 46.309060862 31.447039976 18.766693039
 [43] 17.586638810 16.802013427  9.753517056  6.326714397  4.322474820 46.561296229 44.672659702
 [50] 43.861099982 40.153571812 23.598050815 13.384095426 11.170048332  2.109380207  1.713308480
 [57] 25.863455901 14.184691072  4.166407617 44.452385141 40.551182281 27.724814693 16.074677742
 [64] 43.987762334 45.269262409 43.583875918 30.293970821 44.768066574 32.810454043 24.596443755
 [71] 17.993233387 42.721600147 27.400625809 26.452848631 25.480671844 10.374446326  9.067721401
 [78]  8.428000754 37.594456236 37.349271032 33.003284496 40.209148333 38.833393708 34.515717685
 [85] 30.422348211 38.137622365 38.007390548 37.646495692 37.341469305 35.291070584 29.505111412
 [92] 28.579017683 24.472592529 19.901498734 41.029740320 36.597562580 34.814760392 34.694018597
 [99] 34.451584910 23.841982329 15.551628176  8.963977302 32.178986845 25.783376568 19.068425106
[106] 14.502327432  9.428542819 36.144966854 34.770785009 27.597145967 23.469171236 33.364633478
[113] 38.439743224 36.560569258 36.408709945 30.630255268 18.939891039 35.435477707 34.180999929
[120] 24.646939689 37.254397605 28.895568845  7.951929661  3.489765556  0.906973881 36.416739245
[127] 33.918615874 28.601835495 21.767511526 14.321932538  4.886310759 20.076048043 12.705853919
[134] 33.347383054 20.024030811 30.281037650 17.767903411  4.964043151  3.328342770 26.258752900
[141] 24.711290724 19.947861950 16.029532557  9.367784588  2.926682048 28.082344919 23.244990010
[148] 13.021649707 11.761510427 33.132369799 33.106510948 27.648623498  7.064741801  3.826426641
[155]  1.870276104 33.223049410 25.790345281 24.595533249  3.707709047 32.696000662 24.171640695
[162] 23.697522183 33.188863290  8.904994427  3.266529942  3.062815296 28.265612941 25.241278681
[169]  7.115442354 30.737719953 17.516001460 28.724584399 28.607919855 21.978310152 17.372664412
[176] 16.678729468 12.711471264 11.242240948  7.969838386  3.099486884  3.054159592 33.698745138
[183] 32.619384652 29.328143474 30.511963341 30.033287254 11.313764368  9.412248600 32.367617848
[190] 28.625544538 29.522101025 15.502388443 11.909558701 24.736656030  9.342559385 23.297854123
[197] 15.679282542 15.105960210 13.884314079  7.946869106 31.536586423 24.150659425  8.516954589
[204] 16.255277402 12.133012295  9.021042544 30.735732885 26.222243751 23.521096712 11.842164626
[211]  3.273033543 18.798376184 30.582095714 18.085125921  1.965274604  0.826884198 22.571430995
[218] 15.960345717  3.668000951  2.069799914  1.039634172  0.815955481 28.144293182 25.617662381
[225] 24.630679321  3.367488805  1.722405176 23.707479016 14.805281443 19.669256758  9.891098513
[232]  3.737153507 23.419032878 17.023822206  6.104731689  4.833945225  0.002316952 23.907999165
[239] 22.723246715 16.695423955 27.630350614 24.546567346 15.440983209 27.653736206  5.596740181
[246] 15.405577081 14.308159714 11.125914505 10.739181998  3.927142729  1.787378060 27.082114257
[253] 14.184176625  6.101095985 24.170601642  8.197866100  6.207081391  5.073783585  2.310998203
[260]  0.513676056 14.643584654 26.117305862 24.630259996 26.908477728 22.570049792 19.755870429
[267] 12.236407352 18.002550108  4.050581657 20.878904187 12.453660448 12.314696104  0.674935912
[274]  0.399436346 19.761728304 12.439890144  5.210587666 22.844242256 20.704692987 11.923483045
[281] 22.521963552 17.265122963  7.789892873 24.423528073 12.819015954  4.958393325 23.281860089
[288] 19.931967823 23.917046108  7.570440726 21.120944694 23.067712965 15.507405197 12.634855762
[295] 21.927207522 19.044022350 11.705238535 19.378615725 12.833879968 11.450241362  9.517631376
[302] 15.952200892 20.268336589 12.970699821 19.208273480 18.111147834 22.902042753 21.659744497
[309] 20.392295584 18.921923350 12.893954735 12.108196748 11.369150413 10.164929663 19.721338744
[316] 11.859651754 12.126326250  3.425348761 22.079988360 21.140550329 20.027432274 21.527226292
[323]  8.071417580 14.156040728 10.156769528 21.077014144 22.045266783 18.856152096 14.131947593
[330] 10.091520864 21.540132544  2.202871860  7.739735242  3.702472747  0.907380050  0.657446437
[337] 14.778645292 10.389404829  7.652876593 17.787524704  2.295225500 15.162668581 17.432152898
[344] 15.929841375 10.124907567  0.110905077 15.506510433 17.564059105 14.306965694 14.042283278
[351]  6.147662933 18.360166528  6.420422408 20.670796243 15.966977893 15.576224873 14.192015339
[358] 13.327835073 19.753082660 14.514965988  8.744541276  5.669657644 17.647724253 19.273026806
[365] 18.156140733 13.789034395 12.193311599  1.105703234 14.149783094  5.930334707 16.196442879
[372]  9.219425132  1.443851669 15.234156180  8.367582940 16.769771263 13.339642753 18.310341122
[379] 18.353557730 12.203175235 15.778322564 17.325449007  1.538507062 18.567411840 15.043394267
[386] 18.485274811 18.462922202 13.937293581 13.313492904 17.795537655 16.953916466 14.106820710
[393]  7.171909120 18.104425446  8.509505013  7.445896528  1.857505387 16.427460747 17.578096938
[400] 10.404236827 12.668312677  0.970215054 11.843467290 11.759238047  3.653860819 15.319411898
[407]  9.014980680  0.178656801 14.310179672  8.624200377 14.162293901  7.920069793  5.688706143
[414] 16.922241095  6.727864523  4.595656565  6.336858383  4.848983002  1.037265219 14.904469014
[421]  3.458106821 14.054198170  0.013376697  8.154649977  5.061690915 15.943195672 10.578016653
[428]  6.449803381  7.235597235 11.999861546 13.722081201  8.043662745  6.977195257 15.396555979
[435] 15.311600287 13.898080480 12.373190660 14.247785841 12.586746829 14.249299768 10.901556829
[442]  9.758741972 11.575851747 14.967809601 11.293375788  2.458896455 15.914426560 15.738394327
[449] 12.117965791 11.621011377  9.141646164  8.723644257  3.617813873  7.325440978  6.665989271
[456]  3.423925453 10.296369851 14.576243451 13.223188510  7.826522047  0.142921991 10.850070187
[463]  3.919872537  2.096787340 12.758609209 11.937399366 10.702769933 10.597241162  8.812310281
[470] 13.971642953  6.151882546  7.347306144  7.019379527 12.671298634 13.939357346  8.328345937
[477]  7.657281414  6.798255045 13.492376155  5.713609078  6.397910128  1.074856133  6.981870091
[484]  4.727303869  3.228749856  9.365950870  5.399197045  2.261346092 11.632954618 11.473706867
[491] 13.271458409 10.059958924  4.373176558 12.564818599  4.291070524  2.594075446  0.211848357
[498]  8.878529827 12.419149477  7.255193039  8.700904570 12.701666578  1.264153049 12.557829940
[505] 12.918750071  7.150127045 13.255552047  8.141460220  8.206246808 10.904681752  5.403964669
[512]  4.233361626  8.743512620  4.345011218  7.906231198  1.605211335  5.811869077  1.803327915
[519]  9.830825446  6.595470005  2.561417746  9.568473298  6.690655297  1.870697348 11.971084424
[526] 11.149569130  3.015655768 10.417431504  4.770303001 10.479289665 12.331344162  8.381746507
[533]  7.954388170  5.632359929  4.993954800  6.590103308  4.764708844  2.087909134  1.093269057
[540]  5.941618988  0.144641007  7.031982297  1.539946876 10.367791563  1.232252810  6.029170826
[547] 10.354953233  3.030423878  3.800281333  7.477383804 10.329728590  8.813854309  6.537807805
[554]  6.108676946  9.778894721  6.115543357 10.229071192  8.952087181  9.884258230  2.680627696
[561]  7.345720293  4.912755150  9.724855767  6.020094862  1.412198695  3.815421651  3.771650989
[568]  5.748605491  7.870089581  6.009372411  7.858844572  2.021012082  5.681666532  5.492358710
[575]  8.722193121  6.853149874  4.257897391  4.082768816  9.584547130  0.609110173  1.105736437
[582]  7.983194149  2.054494931  0.864822046  6.788298372  5.598839821  1.817830272  4.182321082
[589]  6.652588676  8.374619724  7.169211130  1.698713848  7.714126151  3.837884058  3.454001791
[596]  3.326691541  0.028256477  5.109815256  7.419590703  1.584732584  4.175558979  7.934068236
[603]  6.676121037  0.072909752  6.416821757  1.229869817  0.483836250  5.862884352  2.255958778
[610]  5.676739013  4.503868485  7.763978895  1.007271439  6.247568719  6.770039181  1.319237835
[617]  6.513266208  1.804395924  1.348628540  6.182184924  3.135098491  4.047738088  3.175775169
[624]  6.798974066  2.725811873  4.900910758  4.448697362  3.405735433  6.023947474  5.743910948
[631]  5.079398508  6.425366749  2.296559496  1.566299138  3.033222703  3.435595364  4.897194572
[638]  3.628272202  3.516528069  1.818241313  3.348256914  4.539553999  2.081276753  0.260705701
[645]  0.874577573  4.092374559  0.490587455  1.909370068  4.685029508  5.296400813  3.818438717
[652]  2.241057032  5.329241621  5.035155574  3.198984782  4.151785467  1.502547386  0.022460864
[659]  2.417258321  3.645704268  0.845803949  2.515208272  4.611432264  4.034328741  4.656479019
[666]  0.601631445  2.598374700  3.717062307  2.795042240  4.488670833  1.686650896  1.772093380
[673]  3.668346032  1.962341993  1.053867564  1.751654075  1.666604125  0.650886561  0.979101075
[680]  1.877802987  0.610905380  3.507015277  1.929317786  0.638729055  2.102122536  1.642626642
[687]  2.625927807  0.412484538  2.199718632  0.839144070  0.473127725  2.603119125  1.827003596
[694]  0.237153331  2.182965904  0.837473040  0.224504346  1.817245210  1.381119094  0.461201835
[701]  0.797454243  1.632693270  1.235730809  0.508067206  0.618148939  0.572225551  0.416131971
[708]  0.169976314

$PAR
  [1]  NA   1   1   1   1   1   2   2   2   2   4   4   4   4   4   4   5   5   5   5   5   7   7
 [24]   7   7   8  17   9  10  10  28  28  28  28  31  31  31  24  24  24  26  26  26  26  26  26
 [47]  26  29  29  38  38  38  38  38  38  38  39  39  39  25  48  48  48  40  35  35  35  65  65
 [70]  65  65  68  68  68  68  68  68  68  49  49  64  50  50  66  66  72  72  72  72  72  72  72
 [93]  72  72  36  95  37  37  37  37  37  37  61  61  61  61  61  82  82  82  82  51  19  86  86
[116]  86  86  87  87  87  11  11  11  11  11  79  79  79  79  79  79  80  80 121 121  96  96  96
[139]  96 114 114 114 114 114 114  20 126 126 126 115 115 115 115 115 115 108 108 108 108 118 118
[162] 118  90  90  90  90  97  97  97 109 109  98  98  98  98  98  98  98  98  98  98  99 119 119
[185] 127 127 112 112 134 134 163 163 150 151  81  69  69  69  69  69 160 160 183 189 189 189 103
[208] 103 201 201 201  12  41  41  41  41 170 170 170 170 170 170 207 116 116 116 116 185 185  85
[231]  85  67 136 186 186 186 186 122 122 122 172 190 190 173 173 128 128 128 128 128 128  92  92
[254]  92 167 167 167 167 167 167 223 244 244 152 152 110 110  74 140 208 208 208 208 208 262 262
[277] 262 157 157 157 104 224 224  75  75  75 194 141 120 120 225 263  70  70 242 242 242  93  93
[300]  93  93 284 161 255 289 289 162 162 162 162 162 162 162 162  52  52 209 209 111 111 111 233
[323] 233 147 278 217 265 281 281 281  13  13 319 319 319 319 327 327 174 129 129 308 331 331 331
[346] 331 322 320 320 320 320 291 291 326 326 326 326 326 270 270 270 270 279 309 309 309 309 309
[369] 303 303 132 132 132 142 142 288 288 275 266 359 315 230 230 298 105  33 117 117 117 310 328
[392] 328 328 212  42  42 387 379 378 365 394 394 268 340 340 363 363 363 399 399 348 348 348 343
[415] 175 175 382 382 382 282 282 234 234 391 391 414 414 414  44 376 240 240 240 398 398 398 398
[438] 204 204 371 371 371  63 302 302 302 426 426 426  15 448 448 448 356 356 356 101 293 293 293
[461] 293 347 347 347 192 192 434 434 434 374 374 385 385 444 229 229 337 337 261 261 458 458 360
[484] 360 106 130 409 409 247 440 357 357  58 253 253 253 253 411 324 324 369 329 329 392 350 350
[507] 470 475 388 479 479 479 491 459 505 311 465 465 177 177 133 502 502 502 474 474 474 439 439
[530] 504 271 276 499 267 367 317 317 312 312 525 525 193 316 210 149 404 443 300 313 187 445 445
[553] 445 178 526 526 510 462 468 468 427 427 528 528 528 400 400  76 547 457 557 325 330 492 559
[576] 519 519 519 555 555 579 522 107 144  77  77  77 206 102 164 498 361 513 513 452 452 575 410
[599] 203 203 395 476 476 476 509 424 508 432 200 515 515 571 283 339 550 550 396 561 561 454 454
[622] 500 429 506 473 483 415 589 520 536 536 553 632 632 353 605 417  46 351 556 554 254 254 546
[645] 629 570 570 540 568 413 610 362 534 245 511 653 653 650 277 258 654 138 562 562 529 537 649
[668] 665 416 611 627 514 495 577 664 250 567 232 668 673 219 405 405 660 453 453 124 421 318 318
[691] 456 211 165 655 621 669 496 572 155 518 251 592 634 619 221 216 701 705

$EXTANT
  [1] FALSE FALSE FALSE  TRUE FALSE FALSE FALSE FALSE FALSE  TRUE  TRUE FALSE  TRUE FALSE  TRUE
 [16]  TRUE FALSE FALSE FALSE FALSE FALSE FALSE FALSE FALSE FALSE  TRUE FALSE FALSE FALSE  TRUE
 [31] FALSE  TRUE FALSE  TRUE FALSE FALSE  TRUE  TRUE  TRUE FALSE  TRUE FALSE FALSE  TRUE  TRUE
 [46]  TRUE  TRUE  TRUE FALSE FALSE  TRUE  TRUE FALSE  TRUE  TRUE  TRUE FALSE  TRUE  TRUE FALSE
 [61]  TRUE FALSE  TRUE FALSE  TRUE FALSE  TRUE FALSE  TRUE  TRUE FALSE FALSE FALSE FALSE  TRUE
 [76] FALSE  TRUE FALSE  TRUE FALSE FALSE FALSE FALSE FALSE  TRUE FALSE FALSE FALSE FALSE  TRUE
 [91] FALSE FALSE  TRUE  TRUE FALSE  TRUE FALSE  TRUE FALSE FALSE  TRUE  TRUE FALSE  TRUE FALSE
[106] FALSE  TRUE  TRUE FALSE FALSE  TRUE  TRUE FALSE  TRUE  TRUE  TRUE  TRUE FALSE  TRUE  TRUE
[121] FALSE FALSE  TRUE  TRUE  TRUE  TRUE FALSE  TRUE  TRUE  TRUE  TRUE  TRUE FALSE FALSE FALSE
[136] FALSE FALSE  TRUE  TRUE  TRUE  TRUE  TRUE FALSE  TRUE  TRUE FALSE FALSE FALSE  TRUE  TRUE
[151] FALSE FALSE  TRUE  TRUE  TRUE FALSE  TRUE  TRUE  TRUE  TRUE FALSE  TRUE  TRUE  TRUE  TRUE
[166]  TRUE  TRUE FALSE  TRUE  TRUE FALSE FALSE FALSE  TRUE  TRUE FALSE  TRUE  TRUE FALSE  TRUE
[181]  TRUE FALSE FALSE FALSE FALSE  TRUE  TRUE FALSE  TRUE FALSE FALSE  TRUE  TRUE FALSE  TRUE
[196] FALSE FALSE  TRUE  TRUE  TRUE  TRUE  TRUE  TRUE  TRUE  TRUE  TRUE FALSE  TRUE  TRUE FALSE
[211]  TRUE FALSE FALSE  TRUE  TRUE  TRUE FALSE  TRUE  TRUE  TRUE  TRUE  TRUE  TRUE  TRUE FALSE
[226]  TRUE  TRUE FALSE  TRUE  TRUE  TRUE  TRUE  TRUE  TRUE  TRUE  TRUE  TRUE  TRUE FALSE  TRUE
[241] FALSE FALSE FALSE FALSE  TRUE FALSE FALSE  TRUE FALSE  TRUE  TRUE  TRUE  TRUE  TRUE  TRUE
[256] FALSE FALSE  TRUE  TRUE  TRUE  TRUE  TRUE FALSE FALSE FALSE FALSE  TRUE  TRUE  TRUE  TRUE
[271]  TRUE  TRUE  TRUE  TRUE FALSE FALSE  TRUE  TRUE FALSE  TRUE  TRUE  TRUE  TRUE FALSE FALSE
[286]  TRUE FALSE  TRUE  TRUE FALSE FALSE  TRUE  TRUE  TRUE FALSE FALSE FALSE FALSE FALSE  TRUE
[301]  TRUE  TRUE  TRUE  TRUE  TRUE FALSE  TRUE  TRUE  TRUE FALSE  TRUE  TRUE  TRUE FALSE FALSE
[316]  TRUE  TRUE  TRUE  TRUE  TRUE  TRUE FALSE FALSE  TRUE  TRUE  TRUE FALSE  TRUE  TRUE  TRUE
[331]  TRUE  TRUE  TRUE  TRUE  TRUE  TRUE  TRUE  TRUE  TRUE  TRUE  TRUE  TRUE  TRUE  TRUE  TRUE
[346]  TRUE  TRUE  TRUE FALSE  TRUE  TRUE FALSE  TRUE FALSE FALSE  TRUE FALSE  TRUE  TRUE  TRUE
[361]  TRUE  TRUE  TRUE FALSE FALSE  TRUE  TRUE  TRUE  TRUE FALSE FALSE  TRUE  TRUE  TRUE  TRUE
[376]  TRUE FALSE FALSE FALSE  TRUE FALSE FALSE  TRUE  TRUE  TRUE FALSE  TRUE  TRUE  TRUE FALSE
[391] FALSE  TRUE  TRUE  TRUE  TRUE  TRUE  TRUE FALSE  TRUE  TRUE  TRUE  TRUE FALSE  TRUE  TRUE
[406] FALSE FALSE  TRUE  TRUE  TRUE  TRUE  TRUE  TRUE FALSE FALSE  TRUE FALSE  TRUE  TRUE FALSE
[421]  TRUE  TRUE  TRUE  TRUE  TRUE  TRUE  TRUE  TRUE  TRUE  TRUE  TRUE  TRUE FALSE  TRUE FALSE
[436] FALSE FALSE  TRUE  TRUE  TRUE FALSE FALSE  TRUE FALSE  TRUE  TRUE FALSE  TRUE FALSE  TRUE
[451] FALSE  TRUE  TRUE  TRUE  TRUE  TRUE FALSE  TRUE  TRUE FALSE  TRUE  TRUE  TRUE  TRUE  TRUE
[466]  TRUE  TRUE  TRUE  TRUE  TRUE  TRUE  TRUE  TRUE  TRUE  TRUE  TRUE FALSE  TRUE  TRUE  TRUE
[481]  TRUE  TRUE  TRUE  TRUE FALSE FALSE  TRUE  TRUE FALSE  TRUE  TRUE  TRUE  TRUE  TRUE  TRUE
[496]  TRUE  TRUE  TRUE  TRUE  TRUE FALSE  TRUE  TRUE  TRUE  TRUE  TRUE FALSE  TRUE  TRUE  TRUE
[511]  TRUE  TRUE  TRUE  TRUE FALSE  TRUE  TRUE  TRUE  TRUE FALSE FALSE  TRUE  TRUE  TRUE  TRUE
[526]  TRUE  TRUE FALSE FALSE  TRUE FALSE  TRUE  TRUE  TRUE FALSE FALSE  TRUE  TRUE  TRUE  TRUE
[541]  TRUE  TRUE  TRUE FALSE  TRUE  TRUE  TRUE  TRUE  TRUE  TRUE  TRUE FALSE  TRUE  TRUE  TRUE
[556]  TRUE  TRUE  TRUE  TRUE  TRUE  TRUE  TRUE  TRUE  TRUE  TRUE  TRUE  TRUE  TRUE  TRUE  TRUE
[571]  TRUE  TRUE FALSE  TRUE  TRUE  TRUE  TRUE  TRUE  TRUE  TRUE  TRUE FALSE  TRUE  TRUE  TRUE
[586]  TRUE  TRUE  TRUE  TRUE  TRUE  TRUE  TRUE  TRUE  TRUE  TRUE FALSE  TRUE  TRUE  TRUE  TRUE
[601]  TRUE FALSE  TRUE  TRUE  TRUE  TRUE  TRUE FALSE  TRUE  TRUE  TRUE FALSE  TRUE  TRUE  TRUE
[616]  TRUE  TRUE  TRUE  TRUE  TRUE  TRUE  TRUE  TRUE  TRUE  TRUE  TRUE  TRUE FALSE  TRUE  TRUE
[631]  TRUE  TRUE FALSE  TRUE  TRUE  TRUE  TRUE  TRUE  TRUE  TRUE  TRUE FALSE  TRUE  TRUE  TRUE
[646]  TRUE  TRUE  TRUE FALSE  TRUE  TRUE FALSE FALSE  TRUE  TRUE  TRUE  TRUE  TRUE  TRUE  TRUE
[661]  TRUE  TRUE FALSE  TRUE  TRUE  TRUE  TRUE  TRUE  TRUE  TRUE  TRUE  TRUE  TRUE FALSE  TRUE
[676]  TRUE FALSE  TRUE  TRUE  TRUE  TRUE  TRUE  TRUE  TRUE  TRUE  TRUE  TRUE  TRUE  TRUE  TRUE
[691]  TRUE  TRUE  TRUE  TRUE  TRUE  TRUE  TRUE  TRUE FALSE  TRUE  TRUE  TRUE  TRUE  TRUE  TRUE
[706]  TRUE  TRUE  TRUE

