
Birth-death simulation object with 714 species and 500 extant species

Details for some species:

Extinction times (NA means extant)
[1] 51.13654 10.03102 43.37105 27.74070       NA       NA


Speciation times 
[1] 88.66052 67.84528 53.81861 67.02800 66.85522 20.61787


Species parents (NA for initial)
[1] NA  1  1  2  2  2


Species status (extinct or extant)
[1] "extinct" "extinct" "extinct" "extinct" "extant"  "extant" 


For more details on vector y, try sim$y, with y one of
TE TS PAR EXTANT



$TE
  [1] 51.1365400 10.0310221 43.3710463 27.7407036         NA         NA 40.6132500 46.3434865
  [9]  3.0966055 10.4952467 15.9377422 54.4461222 43.7600651 15.0729853 11.1660024  8.2766441
 [17]         NA 32.0490230 33.8393559 29.7344592         NA 40.0225514  8.2256080         NA
 [25] 36.0368665         NA         NA  0.4963955         NA 19.7011701         NA 22.0198865
 [33]  0.5812209  5.8127411 35.0133070  1.3528721         NA         NA         NA         NA
 [41]         NA 26.9328115  9.0508479 21.1667031         NA 27.0195845         NA 14.5305095
 [49]         NA 17.1660585         NA         NA  7.4445458  5.3306088  1.0831454  4.0837207
 [57]         NA 21.1070606         NA         NA         NA         NA         NA 20.8217151
 [65]  7.8796799         NA 14.8845935         NA 21.7246008         NA  5.5537923         NA
 [73]         NA         NA 14.3047406 10.2446096         NA         NA 14.5245634         NA
 [81] 18.1132157         NA 32.6934316 17.7229351 18.6368641         NA         NA         NA
 [89] 14.3623731 26.6513289         NA         NA         NA 16.4931834         NA 17.8651743
 [97]  2.8254791  6.8922369 28.9524203         NA 23.4287865 10.0184505         NA  7.9271150
[105]         NA         NA         NA 20.2537134         NA 15.1983785  2.6096766 22.8934851
[113] 34.1248418  6.1733793 14.4885243 30.6779184  6.5874646 17.0168241         NA         NA
[121]         NA 12.9049648 27.9418790         NA         NA 20.4033918 29.9060439         NA
[129] 17.1391867  7.7254106         NA 18.3873503  0.7952789  5.0381364  1.8025851         NA
[137]         NA         NA         NA         NA         NA 15.5176501         NA  1.4054476
[145]         NA 17.7313385         NA 10.7365947 11.7959321  0.5957514 30.3453232         NA
[153]         NA         NA 27.5404253         NA         NA         NA 30.7814126         NA
[161]  0.2160264  2.4615521         NA 23.6564028         NA         NA 13.7336455         NA
[169] 22.1037749         NA         NA 16.4511583 10.4067230 14.2810175  2.6932492 15.3275097
[177]         NA 18.1704099 10.5870326  1.0581048         NA         NA         NA         NA
[185]         NA         NA  4.0786152         NA         NA         NA         NA  1.5417100
[193]  4.3935169         NA  0.1172062         NA         NA  7.5832517  6.0418883         NA
[201]  4.5028878 15.2123401         NA 19.3165643         NA         NA 15.1982308         NA
[209]         NA  4.2527763         NA         NA         NA  4.2096334         NA         NA
[217]         NA  5.1793910         NA         NA         NA 12.1481402 18.0261401 16.2269627
[225]         NA         NA         NA         NA         NA 12.0305407         NA         NA
[233]         NA 19.1636258 18.0407812         NA  2.1178892  4.8941813         NA  7.9914574
[241]         NA         NA         NA  5.9471030         NA         NA         NA 18.1934162
[249]         NA 12.6629414         NA  4.5507266  2.8118704  8.9053536         NA         NA
[257] 14.5563884         NA         NA  3.3942999         NA         NA 14.4856345         NA
[265] 12.2340286         NA         NA  3.9836904         NA  1.8662659         NA         NA
[273]         NA  1.6037547  9.2195509         NA         NA         NA         NA         NA
[281]         NA         NA         NA         NA         NA         NA 13.1713871 10.4753232
[289]         NA         NA         NA         NA 12.5531931  4.2937361  9.8089123         NA
[297]         NA         NA         NA  7.1769255         NA         NA         NA  3.2411202
[305] 10.5490152         NA         NA         NA         NA 15.5383943         NA         NA
[313] 13.0394769         NA 15.0183832         NA         NA 18.3699945         NA  3.5956975
[321]         NA 13.6860444         NA         NA         NA         NA         NA 14.0194885
[329] 15.7720913         NA         NA         NA         NA         NA         NA         NA
[337]         NA         NA 12.1099751         NA         NA         NA         NA         NA
[345]         NA         NA         NA         NA 10.4980601 12.3707044         NA         NA
[353]         NA  6.4798546         NA         NA         NA         NA 12.9406516 11.7015259
[361]  7.0370693         NA  1.7298521         NA         NA         NA         NA         NA
[369] 11.4334495  3.0966191         NA         NA 11.7523715         NA         NA         NA
[377]         NA         NA  8.3614868         NA         NA         NA         NA         NA
[385]         NA  6.6849067         NA         NA         NA         NA         NA         NA
[393]         NA         NA         NA         NA         NA         NA         NA         NA
[401]         NA         NA         NA         NA         NA  6.5659332         NA         NA
[409]         NA         NA 11.3198070         NA         NA         NA         NA         NA
[417]         NA         NA         NA         NA         NA  4.5702956         NA         NA
[425]  6.1912327  4.3025629         NA  4.2320377 11.0534316  3.2381613         NA  2.7270905
[433] 10.3208206         NA         NA  6.7973608         NA         NA         NA         NA
[441]         NA         NA         NA  7.6800774         NA         NA         NA 12.7464263
[449]         NA         NA         NA         NA  2.1861443         NA  3.0518447         NA
[457]         NA         NA         NA         NA         NA         NA         NA 11.4356465
[465]  7.4564314         NA         NA         NA         NA         NA  3.6032796         NA
[473]         NA         NA         NA         NA         NA         NA         NA         NA
[481]         NA         NA         NA         NA         NA         NA         NA         NA
[489]         NA         NA         NA         NA         NA  3.5670646         NA  5.2880586
[497]  2.0822382         NA         NA         NA         NA 10.2617120         NA         NA
[505]         NA         NA         NA         NA         NA         NA         NA         NA
[513]         NA         NA         NA  3.5195376  4.0521958  2.8311550  8.0059138         NA
[521]         NA         NA  6.2603906         NA         NA         NA         NA         NA
[529]  2.8095689         NA         NA         NA         NA         NA         NA         NA
[537]  3.9637161         NA         NA         NA         NA  3.7402602         NA  5.2212973
[545]         NA         NA         NA         NA         NA         NA         NA         NA
[553]         NA         NA         NA         NA         NA         NA         NA         NA
[561]  8.8527780         NA         NA         NA         NA         NA         NA         NA
[569]         NA         NA         NA  2.6708425         NA         NA         NA         NA
[577]         NA         NA         NA  0.3663039         NA  1.0361652         NA         NA
[585]         NA  4.5474390         NA         NA  3.0661391         NA         NA         NA
[593]         NA         NA         NA         NA  4.2726307         NA         NA         NA
[601]         NA         NA         NA         NA         NA         NA         NA         NA
[609]         NA         NA         NA         NA  0.2103345         NA         NA         NA
[617]         NA         NA         NA  4.3626848         NA         NA         NA         NA
[625]         NA  4.0867140         NA         NA         NA         NA         NA         NA
[633]         NA         NA         NA         NA         NA  0.4874702         NA         NA
[641]         NA         NA  4.2370945         NA         NA  2.6877701         NA         NA
[649]         NA         NA         NA         NA         NA         NA         NA         NA
[657]  0.2364867         NA         NA         NA         NA         NA         NA         NA
[665]         NA         NA         NA         NA         NA         NA         NA         NA
[673]         NA         NA         NA         NA         NA         NA         NA         NA
[681]         NA         NA  1.5896523  1.8380001         NA         NA         NA         NA
[689]         NA         NA         NA         NA         NA         NA         NA         NA
[697]         NA         NA         NA         NA         NA         NA         NA         NA
[705]         NA         NA         NA         NA         NA         NA         NA         NA
[713]         NA         NA

$TS
  [1] 8.866052e+01 6.784528e+01 5.381861e+01 6.702800e+01 6.685522e+01 2.061787e+01 5.447135e+01
  [8] 4.967925e+01 4.863523e+01 4.282953e+01 2.863099e+01 6.062982e+01 5.635935e+01 5.000504e+01
 [15] 4.783300e+01 3.706572e+01 4.591580e+00 4.929121e+01 4.474146e+01 4.806553e+01 4.173023e+01
 [22] 4.164542e+01 5.083677e+01 4.752079e+01 4.231396e+01 2.781828e+01 2.382459e+01 1.933299e+01
 [29] 1.521815e+01 4.920449e+01 4.434402e+01 4.078858e+01 4.762091e+01 4.604320e+01 4.414566e+01
 [36] 2.964089e+01 2.772665e+01 4.342679e+01 2.711782e+01 1.328827e+01 3.170047e+01 3.227227e+01
 [43] 3.041986e+01 2.657580e+01 1.409559e+01 4.103009e+01 3.852686e+01 2.317406e+01 2.202586e+01
 [50] 2.025944e+01 1.248800e+01 3.079465e+00 4.680096e+01 2.962946e+01 2.749097e+01 2.746483e+01
 [57] 2.605152e+01 2.255545e+01 1.575348e+01 6.573692e+00 6.558057e+00 1.531421e+00 3.551954e+01
 [64] 3.229900e+01 3.010294e+01 2.363357e+01 1.959450e+01 8.394859e+00 4.429245e+01 3.469191e+01
 [71] 2.684962e+01 1.292120e+01 1.115043e+01 3.622577e+01 4.113534e+01 1.784787e+01 4.346799e+01
 [78] 3.336998e+01 3.203796e+01 2.322795e+01 3.226219e+01 1.695676e+01 3.766499e+01 2.136228e+01
 [85] 3.855894e+01 1.647285e+01 1.579232e+01 4.023305e+01 3.799225e+01 3.234896e+01 1.944501e+01
 [92] 1.402146e+01 6.172013e+00 3.646918e+01 3.634887e+01 2.254833e+01 2.983991e+01 3.770809e+01
 [99] 3.288511e+01 3.769931e+01 2.377486e+01 1.475230e+01 1.104555e+01 7.947238e+00 3.549498e+00
[106] 6.826115e-02 3.652374e+01 3.463077e+01 3.283807e+01 2.675176e+01 2.040739e+01 3.722691e+01
[113] 3.600634e+01 2.867853e+01 1.992527e+01 3.193509e+01 3.155828e+01 1.869898e+01 1.759654e+01
[120] 2.835617e+01 2.008026e+01 1.464953e+01 3.679230e+01 2.967946e+01 1.633357e+01 3.592045e+01
[127] 3.223767e+01 3.218580e+01 3.014147e+01 3.294744e+01 3.573630e+01 1.875396e+01 1.081729e+01
[134] 1.024789e+01 2.358995e+00 5.280250e-01 1.853060e+01 9.495175e+00 5.436771e-02 1.020794e+01
[141] 9.189887e+00 1.707846e+01 1.224814e+01 5.302358e+00 3.132147e+01 2.641739e+01 1.632947e+01
[148] 2.319479e+01 1.473010e+01 1.150503e+01 3.153435e+01 2.909426e+01 2.466208e+01 9.083188e+00
[155] 2.831713e+01 3.032200e+01 2.540862e+00 3.470170e-01 3.159762e+01 2.264133e+01 3.662709e+00
[162] 3.117306e+01 9.094904e+00 2.798115e+01 9.295466e+00 2.568403e+01 2.210986e+01 2.874270e+01
[169] 2.509193e+01 1.880941e+01 1.247202e+01 2.174558e+01 2.124820e+01 2.656575e+01 2.277475e+01
[176] 2.184062e+01 2.112720e+01 2.110890e+01 1.559961e+01 1.360265e+01 2.717610e+01 1.537987e+01
[183] 1.223326e+01 2.165340e+01 1.665476e+01 1.605640e+01 8.013132e+00 1.262874e+01 8.723267e+00
[190] 6.327629e+00 2.862835e+01 1.869244e+01 1.507119e+01 2.305163e+01 2.236156e+01 2.462056e+01
[197] 1.891492e+01 9.805237e+00 9.263559e+00 1.858474e+01 2.100003e+01 1.582296e+01 1.578716e+00
[204] 2.324712e+01 1.147209e+01 6.281354e+00 2.094207e+01 1.908788e+01 9.121180e+00 5.113509e+00
[211] 1.368063e+01 3.895529e+00 1.494924e-01 2.605058e+01 1.533209e+01 1.265773e+01 5.859662e+00
[218] 2.318969e+01 2.537069e+01 2.487107e+01 1.613479e+01 2.195802e+01 1.969433e+01 1.917800e+01
[225] 1.580514e+01 5.949750e+00 1.666814e+01 7.250418e+00 2.443750e+01 1.610667e+01 6.667495e+00
[232] 1.942935e+01 2.656589e+00 2.369076e+01 2.267250e+01 1.982405e+01 1.880649e+01 1.474544e+01
[239] 2.024705e+01 8.500676e+00 8.075019e+00 3.775174e+00 1.153442e+01 1.042902e+01 2.430166e+00
[246] 2.259644e+01 2.299030e+01 2.265156e+01 1.826424e+01 1.277181e+01 9.564118e+00 4.989683e+00
[253] 2.302856e+01 1.070397e+01 6.789567e+00 2.061956e+01 1.641246e+01 1.242236e+01 8.129213e-01
[260] 1.812913e+01 1.813553e+01 2.315802e+01 2.208188e+01 2.193410e+01 1.390057e+01 1.036602e+01
[267] 9.620872e+00 9.272906e+00 7.640536e-01 2.233822e+01 1.542153e+01 1.675673e+01 1.451369e+01
[274] 1.735140e+01 1.728674e+01 1.023003e+01 7.643921e+00 3.418509e+00 1.447112e+01 8.763430e+00
[281] 7.493458e+00 4.788114e+00 3.896453e+00 3.089967e+00 2.657572e+00 2.181980e+01 1.879704e+01
[288] 1.822348e+01 1.322212e+01 1.290786e+01 5.811581e+00 3.463283e+00 1.754728e+01 5.072330e+00
[295] 1.542183e+01 1.526563e+01 1.059962e+00 2.148272e+01 6.978109e-01 1.867961e+01 1.966246e+01
[302] 1.813100e+01 1.454402e+01 1.956789e+01 1.748455e+01 7.614798e+00 1.114347e+01 1.587122e+01
[309] 1.877504e+00 2.036868e+01 1.886597e+01 1.619597e+01 1.579297e+01 1.049306e+01 1.662534e+01
[316] 1.582339e+01 1.854853e+01 1.854312e+01 1.069963e+01 3.774500e+00 1.926739e+01 1.634344e+01
[323] 1.807624e+01 1.625348e+01 8.445856e+00 7.603790e+00 5.534736e+00 1.938768e+01 1.619185e+01
[330] 2.447391e+00 1.684257e+01 7.705882e+00 9.796000e-01 1.965344e+01 1.819711e+01 1.792559e+01
[337] 1.585356e+01 1.341755e+01 1.789023e+01 7.011504e+00 4.723442e+00 3.866925e+00 2.154000e+00
[344] 6.872215e+00 5.788512e+00 4.832515e+00 1.815459e+01 9.943568e+00 1.770123e+01 1.698182e+01
[351] 1.815152e+00 1.090459e+00 8.147040e+00 1.416837e+01 7.715889e+00 1.574449e+01 1.017852e+01
[358] 6.825984e+00 1.597699e+01 1.869121e+01 1.839574e+01 6.898819e+00 5.553778e+00 1.840407e+01
[365] 1.701866e+01 1.676319e+01 1.778694e+01 6.732613e+00 1.447001e+01 1.088940e+01 8.263717e+00
[372] 1.650348e+01 1.563598e+01 1.048590e+01 6.474940e+00 1.621206e-02 1.581161e+01 1.536332e+01
[379] 1.613625e+01 1.249509e+00 9.978693e+00 1.322532e+01 1.205687e+01 2.000030e+00 1.439371e+01
[386] 1.406674e+01 4.759784e+00 1.487517e+00 1.449947e+00 1.206408e-01 6.414218e+00 3.440257e+00
[393] 1.673971e+01 5.756554e+00 5.052540e+00 2.187779e+00 1.316936e+01 3.845167e+00 5.165211e+00
[400] 1.343603e+01 5.573845e-01 7.565604e+00 1.120649e+01 1.043576e+01 1.235118e+01 1.565479e+01
[407] 3.173500e+00 1.458981e+01 5.416423e+00 3.993806e+00 1.602828e+01 9.998932e+00 8.054102e+00
[414] 7.541321e+00 1.315154e+01 1.147995e+01 4.226855e+00 1.251441e+00 1.081692e+01 1.228261e-01
[421] 1.471601e+01 1.344168e+01 1.324022e+01 1.056161e+01 1.420956e+01 6.401929e+00 9.039153e+00
[428] 1.420862e+01 1.154244e+01 1.522186e+01 1.238904e+01 1.182479e+01 1.037530e+01 1.386930e+01
[435] 9.479974e+00 9.020531e+00 6.040652e+00 5.030827e+00 3.070911e+00 1.152221e+01 7.465151e+00
[442] 6.716157e-01 1.424050e+01 1.296625e+01 1.097541e+01 2.389610e+00 1.143519e+00 1.304897e+01
[449] 7.017488e+00 7.694252e+00 1.066139e+01 6.702506e-01 1.168466e+01 1.255639e+01 1.025111e+01
[456] 1.138111e+01 1.122204e+01 1.011097e+01 6.843868e+00 1.252749e+01 4.249693e+00 5.673679e-01
[463] 1.266052e+01 1.257721e+01 8.884168e+00 6.093552e+00 3.577598e+00 1.229846e+00 1.309318e+01
[470] 7.544617e+00 1.188981e+01 1.152813e+01 7.022470e-01 1.182405e+01 1.003555e+01 9.267601e+00
[477] 4.009981e+00 1.041737e+01 2.323816e+00 9.287410e-01 9.828052e+00 1.109106e+01 5.803514e+00
[484] 3.994833e-01 9.307676e+00 6.063530e+00 6.763567e+00 1.075031e+01 1.066493e+01 1.301152e+00
[491] 7.013587e+00 3.165033e-01 6.344586e+00 4.309083e+00 8.579414e+00 9.472250e+00 6.333465e+00
[498] 1.049095e+01 8.324278e+00 5.088359e+00 9.113735e-01 1.202008e+01 9.415915e+00 7.825231e+00
[505] 5.274321e+00 1.918046e+00 4.243402e+00 4.910881e+00 1.028962e+01 1.002129e+01 8.450124e+00
[512] 8.006574e+00 3.086668e+00 7.239371e+00 2.042473e+00 9.916192e+00 7.049995e+00 1.091360e+01
[519] 8.081244e+00 4.578544e-01 1.048355e+01 6.603408e+00 8.135004e+00 7.462463e+00 5.286241e+00
[526] 5.113220e+00 2.791281e+00 1.186554e+00 3.253672e+00 6.864337e+00 3.894791e+00 4.971207e+00
[533] 3.331973e+00 2.886025e+00 4.184842e+00 1.801611e+00 4.195623e+00 8.128765e+00 1.000723e+01
[540] 7.624937e+00 5.796217e+00 4.090751e+00 2.341789e+00 7.987149e+00 9.578438e+00 9.334722e+00
[547] 7.955838e+00 1.538822e+00 5.158640e+00 6.744560e+00 4.521668e+00 6.757319e+00 8.069920e+00
[554] 1.569465e+00 5.866332e+00 4.603904e+00 2.328775e+00 4.836208e+00 4.172704e+00 3.149566e+00
[561] 9.190428e+00 1.853768e+00 6.993656e+00 5.840432e+00 5.436407e+00 2.087123e+00 9.445340e+00
[568] 1.550044e+00 1.441121e+00 9.261056e-01 1.918095e+00 8.745533e+00 7.650561e+00 9.051111e+00
[575] 6.263766e+00 1.954324e+00 2.849247e+00 6.863627e+00 6.800825e+00 1.008806e+00 9.728415e-01
[582] 8.476823e+00 2.282520e+00 3.309001e+00 3.551830e+00 8.269618e+00 5.257699e+00 8.247287e+00
[589] 6.763552e+00 2.247099e+00 3.834142e+00 7.527890e-01 8.110036e+00 8.871668e-01 5.533518e+00
[596] 2.947066e+00 5.493663e+00 5.014895e+00 4.550425e+00 1.482535e+00 6.678488e+00 8.052317e+00
[603] 4.045004e+00 2.566156e-01 1.546546e+00 3.656652e+00 8.006744e+00 1.841778e+00 5.074137e+00
[610] 4.739079e+00 1.818127e+00 3.509203e+00 1.431984e+00 3.378320e+00 4.615304e+00 4.432793e+00
[617] 3.510774e+00 6.467677e+00 6.074652e+00 6.424633e+00 9.946425e-01 4.665952e+00 5.022035e+00
[624] 3.759746e+00 2.919626e+00 5.701344e+00 4.100402e+00 4.481218e+00 6.117845e+00 4.907390e+00
[631] 5.871398e+00 4.911166e+00 1.228874e+00 5.497965e+00 2.553010e+00 4.250977e+00 3.683842e+00
[638] 3.726058e+00 3.274733e+00 4.951128e+00 5.906817e+00 1.010131e+00 5.641977e+00 4.090582e+00
[645] 3.243198e+00 2.872981e+00 1.833317e+00 2.304352e+00 2.539335e+00 2.950423e+00 2.631402e+00
[652] 3.665138e-01 1.023029e+00 2.801924e+00 9.221439e-05 5.332536e+00 5.791301e-01 4.122898e+00
[659] 2.294913e-01 5.247810e+00 5.130546e-01 3.971631e+00 2.974320e+00 5.035653e+00 4.416324e+00
[666] 1.055647e+00 2.782787e+00 7.612693e-02 1.626323e+00 1.267007e+00 3.403333e+00 3.804437e+00
[673] 3.163989e+00 1.198086e+00 2.930788e-01 3.582013e+00 1.956871e+00 1.515351e+00 2.272442e+00
[680] 1.255803e+00 3.915514e+00 3.777155e+00 3.980305e+00 3.783196e+00 2.425156e+00 3.678482e+00
[687] 5.781105e-01 1.416635e+00 2.471339e+00 9.530539e-01 3.669459e-01 2.156785e+00 1.822574e+00
[694] 2.944485e+00 5.007499e-01 6.686125e-01 9.555080e-01 2.162254e+00 2.240091e+00 4.074048e-01
[701] 1.815395e-02 6.447588e-01 9.705725e-01 2.701347e-01 7.481579e-01 1.693748e+00 1.024628e-01
[708] 4.768454e-01 6.594663e-01 1.074899e+00 1.368564e-03 3.612811e-01 1.779579e-01 1.033088e-01

$PAR
  [1]  NA   1   1   2   2   2   4   4   4   4   4   5   5   5   5   5   5  13  13   7   7   7   3
 [24]  23  23  23  23  23  23   8  18  18  30  30  30  30  30   9   9   9  20  15  15  15  15  33
 [47]  33  33  33  33  33  33  24  24  24  24  24  24  24  24  24  24  53  53  53  53  53  53  34
 [70]  34  34  34  34  19  31  31  69  69  69  69  77  77  38  38  10  10  10  25  25  21  21  21
 [93]  21  75  75  75  46  32  32  88  88  88  88  88  88  88  85  85  85  85  85  47  47  47  47
[116]  89  89  89  89  98  98  98 100 100 100  16  16  16 123 107  95  95  95  95  95  95  74  74
[139]  74 131 131  63  63  63  70  70  70 108  78 130 109 109 109 109  42  81 128 128  41  41  41
[162] 159 117 145 145 162 162  43  43  43  43 156 156  65  97  97 124 124 124 124  36  36  36  54
[185]  54  54  54 152 152 168 114 114 114  11  11 191 191 191 191 120  26  37  37  55  56  56 181
[208] 181 181 181  39  39  39  71  71  71  71  44 174 174 174 146  57  57  57  57 214 214 166 166
[231] 166 219 219 169 169 220 220 220 153 153 153 153 196 196 196 229  27  27  27  27  27  27  66
[254]  66  66  80  80  80  80 148 218  48 262 262 262 262 262 262 262 253 247 175 175 160 160 160
[277] 160 160 246 246 246 246 246 246 246  58  96 195 195 195 195 195 270 270 167 263  49 222 264
[300] 286 184 184 184 298 298 298 173 177 177 178 201 201 201 201 207 207 256 256 256 256   6   6
[323] 111 111 111 111 111 239 239 239 115 236 236 223 301 301 301 334  67 304  91  91  91 232 232
[346] 232 328  28 321 321 321 321 208 197 311 170 170 170 287 132 118 192 192 360 300 300 200 137
[369] 364 364 364 361 361 249 249 249 288 288 347 347 261 302 260 323 336 367 367 367 367 367 119
[392] 119 293 274 274 274 275 365 331 366 366 272 393 227 372  86  86 257 147 147 324 221 186 186
[415] 411 308 308 316 377 225  87  87  87  87  59  59 406 179 179 271 271 271 271 182 378 378 215
[438] 296 296 430  29  29 193 193 102 421 421 122 303 273 443 443 425 428 354  45  45 386 386  92
[461]  92  92 434 434 422 400 400 400 338 338  40 423 423 382 382 382 382 289 289 289 397 415 415
[484] 469  72  72 463 216 216 216 454 454  51  51 171 258 258 431 431 431 431 405 405 405 405 405
[507] 183 471 432 432 432 453 453 243 150 416 456 457 457 457 482 482 103 103 103 103 103 445 518
[530] 370 370 133 133 133 419 419 488 451 374 374 374 374 374 521 404 404 404 478 266 509 509 455
[553] 276 276 140 140 140 357 357 539 381 348 481 481 481 481 267 267 267 267 545 251 138 435 503
[576] 503 485 165 165 165 165 268 209 163 154 189 495 582 582 511 325 325 499 499 371 588 353 353
[599] 353 353 523 593 593 593 241 413 602 512 547 504 504 355 355 450 573 306 402 414 414 524 228
[622] 340 563 563 563 362 578 459 487 550 368 368 601 522 522  60  60  61  61 618 426 493 206 206
[645] 206  93 629 619 437 641 631 631 555 217 564 291 483 345 394 643 595 634 634 525 660 609 395
[668] 438 623 598 508 630 387 599 628 665 636 461 658 627 644 603 410 410 410 681 681 212 342 342
[691] 637 686 676 617 407  52 650 596 534 654 654 651 157 649 679 692 506 388 389 674 690 570 661
[714] 484

$EXTANT
  [1] FALSE FALSE FALSE FALSE  TRUE  TRUE FALSE FALSE FALSE FALSE FALSE FALSE FALSE FALSE FALSE
 [16] FALSE  TRUE FALSE FALSE FALSE  TRUE FALSE FALSE  TRUE FALSE  TRUE  TRUE FALSE  TRUE FALSE
 [31]  TRUE FALSE FALSE FALSE FALSE FALSE  TRUE  TRUE  TRUE  TRUE  TRUE FALSE FALSE FALSE  TRUE
 [46] FALSE  TRUE FALSE  TRUE FALSE  TRUE  TRUE FALSE FALSE FALSE FALSE  TRUE FALSE  TRUE  TRUE
 [61]  TRUE  TRUE  TRUE FALSE FALSE  TRUE FALSE  TRUE FALSE  TRUE FALSE  TRUE  TRUE  TRUE FALSE
 [76] FALSE  TRUE  TRUE FALSE  TRUE FALSE  TRUE FALSE FALSE FALSE  TRUE  TRUE  TRUE FALSE FALSE
 [91]  TRUE  TRUE  TRUE FALSE  TRUE FALSE FALSE FALSE FALSE  TRUE FALSE FALSE  TRUE FALSE  TRUE
[106]  TRUE  TRUE FALSE  TRUE FALSE FALSE FALSE FALSE FALSE FALSE FALSE FALSE FALSE  TRUE  TRUE
[121]  TRUE FALSE FALSE  TRUE  TRUE FALSE FALSE  TRUE FALSE FALSE  TRUE FALSE FALSE FALSE FALSE
[136]  TRUE  TRUE  TRUE  TRUE  TRUE  TRUE FALSE  TRUE FALSE  TRUE FALSE  TRUE FALSE FALSE FALSE
[151] FALSE  TRUE  TRUE  TRUE FALSE  TRUE  TRUE  TRUE FALSE  TRUE FALSE FALSE  TRUE FALSE  TRUE
[166]  TRUE FALSE  TRUE FALSE  TRUE  TRUE FALSE FALSE FALSE FALSE FALSE  TRUE FALSE FALSE FALSE
[181]  TRUE  TRUE  TRUE  TRUE  TRUE  TRUE FALSE  TRUE  TRUE  TRUE  TRUE FALSE FALSE  TRUE FALSE
[196]  TRUE  TRUE FALSE FALSE  TRUE FALSE FALSE  TRUE FALSE  TRUE  TRUE FALSE  TRUE  TRUE FALSE
[211]  TRUE  TRUE  TRUE FALSE  TRUE  TRUE  TRUE FALSE  TRUE  TRUE  TRUE FALSE FALSE FALSE  TRUE
[226]  TRUE  TRUE  TRUE  TRUE FALSE  TRUE  TRUE  TRUE FALSE FALSE  TRUE FALSE FALSE  TRUE FALSE
[241]  TRUE  TRUE  TRUE FALSE  TRUE  TRUE  TRUE FALSE  TRUE FALSE  TRUE FALSE FALSE FALSE  TRUE
[256]  TRUE FALSE  TRUE  TRUE FALSE  TRUE  TRUE FALSE  TRUE FALSE  TRUE  TRUE FALSE  TRUE FALSE
[271]  TRUE  TRUE  TRUE FALSE FALSE  TRUE  TRUE  TRUE  TRUE  TRUE  TRUE  TRUE  TRUE  TRUE  TRUE
[286]  TRUE FALSE FALSE  TRUE  TRUE  TRUE  TRUE FALSE FALSE FALSE  TRUE  TRUE  TRUE  TRUE FALSE
[301]  TRUE  TRUE  TRUE FALSE FALSE  TRUE  TRUE  TRUE  TRUE FALSE  TRUE  TRUE FALSE  TRUE FALSE
[316]  TRUE  TRUE FALSE  TRUE FALSE  TRUE FALSE  TRUE  TRUE  TRUE  TRUE  TRUE FALSE FALSE  TRUE
[331]  TRUE  TRUE  TRUE  TRUE  TRUE  TRUE  TRUE  TRUE FALSE  TRUE  TRUE  TRUE  TRUE  TRUE  TRUE
[346]  TRUE  TRUE  TRUE FALSE FALSE  TRUE  TRUE  TRUE FALSE  TRUE  TRUE  TRUE  TRUE FALSE FALSE
[361] FALSE  TRUE FALSE  TRUE  TRUE  TRUE  TRUE  TRUE FALSE FALSE  TRUE  TRUE FALSE  TRUE  TRUE
[376]  TRUE  TRUE  TRUE FALSE  TRUE  TRUE  TRUE  TRUE  TRUE  TRUE FALSE  TRUE  TRUE  TRUE  TRUE
[391]  TRUE  TRUE  TRUE  TRUE  TRUE  TRUE  TRUE  TRUE  TRUE  TRUE  TRUE  TRUE  TRUE  TRUE  TRUE
[406] FALSE  TRUE  TRUE  TRUE  TRUE FALSE  TRUE  TRUE  TRUE  TRUE  TRUE  TRUE  TRUE  TRUE  TRUE
[421]  TRUE FALSE  TRUE  TRUE FALSE FALSE  TRUE FALSE FALSE FALSE  TRUE FALSE FALSE  TRUE  TRUE
[436] FALSE  TRUE  TRUE  TRUE  TRUE  TRUE  TRUE  TRUE FALSE  TRUE  TRUE  TRUE FALSE  TRUE  TRUE
[451]  TRUE  TRUE FALSE  TRUE FALSE  TRUE  TRUE  TRUE  TRUE  TRUE  TRUE  TRUE  TRUE FALSE FALSE
[466]  TRUE  TRUE  TRUE  TRUE  TRUE FALSE  TRUE  TRUE  TRUE  TRUE  TRUE  TRUE  TRUE  TRUE  TRUE
[481]  TRUE  TRUE  TRUE  TRUE  TRUE  TRUE  TRUE  TRUE  TRUE  TRUE  TRUE  TRUE  TRUE FALSE  TRUE
[496] FALSE FALSE  TRUE  TRUE  TRUE  TRUE FALSE  TRUE  TRUE  TRUE  TRUE  TRUE  TRUE  TRUE  TRUE
[511]  TRUE  TRUE  TRUE  TRUE  TRUE FALSE FALSE FALSE FALSE  TRUE  TRUE  TRUE FALSE  TRUE  TRUE
[526]  TRUE  TRUE  TRUE FALSE  TRUE  TRUE  TRUE  TRUE  TRUE  TRUE  TRUE FALSE  TRUE  TRUE  TRUE
[541]  TRUE FALSE  TRUE FALSE  TRUE  TRUE  TRUE  TRUE  TRUE  TRUE  TRUE  TRUE  TRUE  TRUE  TRUE
[556]  TRUE  TRUE  TRUE  TRUE  TRUE FALSE  TRUE  TRUE  TRUE  TRUE  TRUE  TRUE  TRUE  TRUE  TRUE
[571]  TRUE FALSE  TRUE  TRUE  TRUE  TRUE  TRUE  TRUE  TRUE FALSE  TRUE FALSE  TRUE  TRUE  TRUE
[586] FALSE  TRUE  TRUE FALSE  TRUE  TRUE  TRUE  TRUE  TRUE  TRUE  TRUE FALSE  TRUE  TRUE  TRUE
[601]  TRUE  TRUE  TRUE  TRUE  TRUE  TRUE  TRUE  TRUE  TRUE  TRUE  TRUE  TRUE FALSE  TRUE  TRUE
[616]  TRUE  TRUE  TRUE  TRUE FALSE  TRUE  TRUE  TRUE  TRUE  TRUE FALSE  TRUE  TRUE  TRUE  TRUE
[631]  TRUE  TRUE  TRUE  TRUE  TRUE  TRUE  TRUE FALSE  TRUE  TRUE  TRUE  TRUE FALSE  TRUE  TRUE
[646] FALSE  TRUE  TRUE  TRUE  TRUE  TRUE  TRUE  TRUE  TRUE  TRUE  TRUE FALSE  TRUE  TRUE  TRUE
[661]  TRUE  TRUE  TRUE  TRUE  TRUE  TRUE  TRUE  TRUE  TRUE  TRUE  TRUE  TRUE  TRUE  TRUE  TRUE
[676]  TRUE  TRUE  TRUE  TRUE  TRUE  TRUE  TRUE FALSE FALSE  TRUE  TRUE  TRUE  TRUE  TRUE  TRUE
[691]  TRUE  TRUE  TRUE  TRUE  TRUE  TRUE  TRUE  TRUE  TRUE  TRUE  TRUE  TRUE  TRUE  TRUE  TRUE
[706]  TRUE  TRUE  TRUE  TRUE  TRUE  TRUE  TRUE  TRUE  TRUE

