
Birth-death simulation object with 666 species and 500 extant species

Details for some species:

Extinction times (NA means extant)
[1] 60.58075 86.05966 61.61364 59.78932 48.77929 14.10014


Speciation times 
[1] 94.60626 88.53862 82.92515 61.39626 60.93039 80.90519


Species parents (NA for initial)
[1] NA  1  1  1  1  3


Species status (extinct or extant)
[1] "extinct" "extinct" "extinct" "extinct" "extinct" "extinct"


For more details on vector y, try sim$y, with y one of
TE TS PAR EXTANT



$TE
  [1] 60.5807532 86.0596632 61.6136356 59.7893190 48.7792874 14.1001442 61.7534786  7.8506434
  [9]         NA 67.5430005 49.1210666 34.7843310 23.5866112 36.2533929 19.1579671 34.8915268
 [17]         NA         NA 22.8534920 46.6446265 20.4104349 31.7233289  8.9394459  5.4783954
 [25]         NA 31.6263714  4.6098302         NA         NA         NA         NA         NA
 [33] 18.9809706         NA         NA         NA 37.9174270 16.0708320 20.2505474 11.6038312
 [41]  3.0555053 23.0610994         NA 23.1553603         NA 23.8511293         NA 35.3137914
 [49]         NA         NA         NA         NA  0.6569276         NA  7.8288540 26.4717297
 [57] 26.4405750         NA 36.7167670 12.6160906         NA         NA 28.8562384 13.4693646
 [65] 16.0307605 31.7020154 20.5892777         NA         NA         NA 22.9821492         NA
 [73]         NA         NA 11.9720740         NA  3.9712505 18.4357478         NA         NA
 [81]         NA         NA         NA         NA  4.6845792 34.8560696         NA         NA
 [89] 28.9619140 15.4246164         NA         NA         NA 17.0153749  2.6971365  7.7193463
 [97]         NA         NA 30.8154343 15.4864855         NA 17.8099720 20.5915055         NA
[105] 18.5763216         NA         NA         NA 22.5164567         NA 14.6105791         NA
[113] 15.3411407         NA  0.2440772         NA 24.2044643 19.6264691         NA         NA
[121] 24.1296771         NA         NA  7.3022450         NA         NA 24.8457391         NA
[129]         NA         NA         NA  6.2872709 21.2840626 11.6698108 13.3046334         NA
[137]         NA         NA 12.0643239         NA         NA         NA 26.1583108 28.4208342
[145] 18.4535643 22.6369108         NA         NA  1.4245035         NA 20.5173462         NA
[153]         NA         NA         NA         NA         NA         NA         NA         NA
[161]  8.0853171         NA         NA         NA         NA 17.1517824 11.6334941         NA
[169]         NA  5.4624662         NA         NA         NA         NA 19.4307690         NA
[177]         NA         NA  3.6544370 11.9089921         NA         NA  5.4118564  4.4288586
[185]         NA 14.3110920         NA         NA         NA  2.1696670         NA         NA
[193] 12.4930638 16.5987564         NA         NA         NA         NA         NA         NA
[201]         NA         NA         NA         NA         NA         NA         NA         NA
[209]         NA         NA         NA         NA         NA 17.9792782  5.1581955  6.2805712
[217]         NA         NA         NA         NA         NA         NA         NA         NA
[225]         NA         NA         NA         NA         NA 11.8097557         NA         NA
[233]         NA         NA         NA         NA         NA         NA  7.0274090         NA
[241]         NA 13.3980194  2.7347405         NA  4.4006631 19.2603291         NA         NA
[249]         NA  0.4155268         NA  7.2776691         NA         NA         NA         NA
[257] 11.0771904         NA         NA         NA 13.1182624         NA         NA         NA
[265] 15.1259547         NA  3.4751561         NA         NA         NA  0.5259667         NA
[273]         NA  4.9790481         NA         NA         NA         NA         NA 13.2147367
[281]         NA  4.7014778         NA         NA 20.1858121         NA  4.0152393         NA
[289]         NA         NA         NA         NA         NA         NA         NA         NA
[297]  4.8697440 12.5438631  9.8224455         NA         NA         NA  3.5153587         NA
[305]  8.3682013         NA         NA         NA         NA  9.4423073         NA         NA
[313]         NA         NA 13.0851471         NA         NA  2.2445489  6.2012339         NA
[321]         NA         NA         NA         NA         NA         NA         NA         NA
[329]         NA         NA         NA         NA         NA         NA         NA         NA
[337]         NA         NA         NA         NA         NA         NA         NA 12.7019574
[345]         NA  0.3508038         NA         NA         NA         NA         NA         NA
[353]         NA         NA         NA         NA         NA         NA 13.2254864 11.9098548
[361]         NA  1.4378769  0.1547087         NA         NA         NA         NA         NA
[369]         NA         NA         NA         NA         NA  9.3706785  6.5854791  4.4741799
[377]         NA         NA         NA         NA         NA         NA         NA  4.6804873
[385]         NA         NA         NA  8.8214150         NA         NA         NA         NA
[393]         NA         NA         NA         NA         NA  7.5309342         NA         NA
[401]         NA         NA         NA         NA  1.0287085         NA         NA         NA
[409]         NA         NA         NA  2.5512736         NA         NA         NA         NA
[417]         NA         NA  2.2297607         NA         NA 11.4022005         NA         NA
[425]         NA         NA         NA         NA         NA         NA         NA         NA
[433]         NA         NA         NA  6.1221894         NA         NA         NA         NA
[441]         NA         NA         NA         NA         NA  2.1302292         NA         NA
[449]         NA         NA  8.5823098         NA         NA  5.6160661         NA         NA
[457]         NA         NA         NA         NA         NA         NA         NA         NA
[465]         NA         NA         NA         NA         NA         NA         NA         NA
[473]         NA         NA         NA  3.3685143         NA         NA         NA         NA
[481]         NA         NA  4.4623791  1.1283245  0.7187117         NA         NA         NA
[489]         NA  4.1094682         NA         NA         NA         NA         NA         NA
[497]         NA         NA         NA         NA         NA         NA         NA         NA
[505]         NA         NA         NA         NA         NA         NA         NA  2.5531459
[513]         NA         NA         NA         NA         NA         NA         NA         NA
[521]  4.5996147         NA         NA         NA         NA         NA         NA         NA
[529]         NA         NA         NA         NA         NA         NA         NA         NA
[537]  1.9526277  4.1608639  2.1524372         NA         NA         NA         NA         NA
[545]  1.7163418  2.8278617         NA         NA         NA         NA         NA         NA
[553]         NA         NA         NA         NA         NA         NA         NA         NA
[561]         NA         NA         NA         NA  0.8283611         NA         NA         NA
[569]         NA         NA         NA  1.2505329         NA  1.9206961  3.5474742         NA
[577]  0.8866622  3.6800773         NA         NA         NA         NA         NA         NA
[585]         NA         NA         NA         NA         NA         NA         NA         NA
[593]         NA         NA         NA         NA         NA         NA         NA  0.7038114
[601]         NA  4.3262568         NA  2.2274629         NA         NA         NA         NA
[609]         NA         NA         NA         NA         NA         NA         NA         NA
[617]         NA         NA  0.7657859         NA         NA         NA         NA         NA
[625]         NA         NA         NA         NA         NA         NA         NA         NA
[633]         NA         NA         NA         NA         NA         NA         NA         NA
[641]         NA         NA         NA         NA         NA         NA         NA         NA
[649]         NA         NA         NA         NA         NA         NA         NA         NA
[657]         NA         NA  1.4058577         NA         NA         NA         NA         NA
[665]         NA         NA

$TS
  [1] 94.60626016 88.53861548 82.92514783 61.39626439 60.93038869 80.90518656 72.93468326
  [8] 68.55858324 68.83905782 68.72275415 58.75315312 48.19043792 44.85797716 40.74420829
 [15] 39.09358883 37.12249102 34.18081874 71.66498616 54.00801159 53.05286650 52.55400596
 [22] 36.92560546 17.72277057 45.11929679 40.29380459 37.90887943 31.19170948 22.61563929
 [29] 20.91510316  8.83022976  1.88466911 57.63815062 35.05855866 33.95483730 21.65808861
 [36] 10.01244063 43.89398125 35.47103637 27.74400190 50.59659142 45.11296702 38.47320737
 [43] 36.60309337 30.26594468 31.14378689 28.58552767 24.12572917 40.46066984 38.33430895
 [50] 15.06544943 35.13197837 20.98438236 20.55144650 19.35731752 16.39610308 38.15529567
 [57] 38.59652907 37.01996271 37.32655281 27.61492684 13.90087227 37.92767051 36.80400898
 [64] 29.63390687 20.25948262 35.13427477 31.93099979 33.40207467 27.81934272 36.42326865
 [71] 29.50238313 21.47163029 13.87418364 29.56797687 36.56041994 36.30481681 35.67650033
 [78] 23.64606435 21.67364323 18.96764136 17.15210146 15.23073552  4.89515734  0.18557560
 [85] 37.10158832 36.81333848 10.69579215  5.12711573 33.93997140 30.33999377 15.57732963
 [92]  6.03214962 35.24671436 30.77031099 25.22808315 22.61371012 12.45580957  1.85192329
 [99] 30.88430754 25.04873248 24.44286271 22.40223980 21.51525831 31.91402624 28.89485760
[106] 25.17365962 23.10419243  7.04917613 31.40892894 31.18095208 29.33535506 28.30732993
[113] 28.12631210 19.56237174 34.63761581 32.98488854 26.83442283 22.93752885 13.78142419
[120]  6.08057414 31.74127978 30.83340850 22.28419217 11.56666782 10.38918835 26.98362777
[127] 26.90304292 23.62945153 17.08658121 11.03528221  0.67957827 21.88916688 29.95616067
[134] 23.85426252 20.09612985 16.68129928 13.89761111  4.59602903 22.11313467 13.50324936
[141] 11.16260343  5.68988610 31.87723190 29.85036414 32.22220860 24.08025144 18.98143753
[148] 12.71426324  9.85421539  6.64330902 21.74202146 21.06368103 31.35295417 31.09598933
[155] 10.78542473 12.54846543  8.60246919  5.19809594  6.52496287 26.59245335  9.88599556
[162]  8.31983221  0.25446983  2.87722512  2.04691387 23.43832390 22.76533219 22.07600656
[169] 14.29883590  9.59285121  3.93326888 23.49400225  8.15236877  2.10345814 29.49796429
[176] 27.56935683 26.74858017 22.68210165 26.46496188 23.35543645  4.55047263  3.33981530
[183] 26.49352581 20.85358245 13.04690753 26.76576549 15.40650278 14.92206648 12.94927450
[190] 10.93575416 10.00747917 13.34800869 22.92348430 22.50290338 14.10436637  8.65625871
[197] 26.72210297 25.44837715 25.47143992 25.01154204 19.90658625 24.98017935  9.83197874
[204] 22.56911683 11.86027689 19.45359399  8.76303710 21.19551797 20.23760801 11.31858333
[211]  9.50458259  7.92446264  7.13812611 23.56838615 15.47193504  9.85755151  5.00470306
[218]  0.34955027 12.86577659 10.77847482  6.52453444 19.55624594 17.13973750 14.35674616
[225] 18.66742258 22.23676685 23.81555138 19.96308273 17.87878158 17.75659876 10.61419685
[232]  0.91471594 22.49012337 16.58173699 15.31745627  9.18448033  4.07071708 15.59410082
[239] 22.99985953 20.05589916 19.23049559 19.55336218  3.29739315  2.52281008 22.35971727
[246] 19.32737555  9.49012326  8.80524560  4.90247028 18.44747864 19.12132225 22.62062435
[253] 16.43275277  9.55350041 21.29957993 16.89456290 15.78565562  8.07269064 12.85112897
[260] 20.09738935 15.29820738  7.93317891  7.77681154 13.17666054 20.98101310 19.43218503
[267] 11.75075313  6.03850910 16.22899108  9.42179350  6.64486129  6.30744352 10.15196968
[274] 20.34129079 16.30049386 13.66694540  4.24885909 16.05418895 15.04463134 14.96502999
[281] 14.88317792 10.56731674  0.82452949  6.62807551 20.47850691  8.56761366  7.63643491
[288]  2.85774263  0.22350465 18.60631888 11.96900280  4.93869276 16.10313497 11.91626158
[295]  1.45449195  0.17729937 20.39944180 12.74020187 11.74399282  9.58673503 12.47804507
[302] 10.58080540 17.50345894 16.69612276 17.11156399 14.75912190 13.63505510 16.04809395
[309] 10.82690070 17.17753244 12.06371064 13.77949132  8.21659474 17.53001010 15.74713722
[316]  9.46005199 11.20604189 17.12759935 14.91905053  5.44263928 13.51048049 10.62027917
[323]  6.32905898 15.99456246 11.51321037  3.34158094  2.46784373 18.08882731 14.05893754
[330]  6.34425779  7.41711659 10.40239620  8.46149692  3.97421112 15.21239588 14.89452472
[337]  2.20604249 15.83853787  8.36165969  2.86982380  1.68620656  1.56346209 14.49087079
[344] 13.31552849 11.06072196 16.24996729 14.42410234 13.95539309  9.99143285  9.98454257
[351]  7.07632525 16.59495729 11.84512767  8.83383799  4.99467196  3.44232724 16.53251120
[358]  2.52080735 15.71028186 16.43775126 11.67635089 10.42735838  8.19163380  1.87456286
[365]  1.63035135 16.56845102 15.01258124  7.09467671  5.32161700  8.78389447  5.36290836
[372] 12.59184361  2.44599461 14.14666701 12.05562332 12.93073761 14.76098148 14.96602725
[379]  0.30644078  3.05228305 16.14483978 12.10122062  8.38872063 13.31591343  6.40408841
[386] 10.88139995  9.91209517 11.91390757  2.93072344  1.07562783  5.61827247 10.54807786
[393]  2.59678442  9.06805931 14.93631561  4.47244695  8.85220602 14.12822608  3.37555221
[400] 14.76815946 13.52666414 12.47021012  9.63376724  8.34863120  7.83779970  2.25811215
[407]  6.24520774 12.07359388  2.01926999 13.33734735  8.57880584  5.79369937  4.78055787
[414]  6.58422138  5.97929136  5.35516600  3.80009026  3.51441807  8.07466104  8.10538970
[421]  1.77188197 12.28854187  8.04921947 13.68531159 11.84272467 11.55935913  4.75346628
[428]  5.64968007  9.83193371  9.06464198  7.50294729  5.60524814  4.44878290 11.75638212
[435] 10.31508528 12.07096849  6.74106755  3.56110057  8.27401615  2.12007667  7.54429528
[442]  7.45990678  6.54205157 11.72068702 12.11565088 12.29252502  4.57108062  3.97744407
[449] 10.64934458  8.64275960 10.92404022 12.66908599  8.71135483  7.12518385  3.99729916
[456]  3.09472754  8.58658288  5.72181146 11.64774547 10.51790102 11.70280383  1.84064281
[463]  9.90372646  7.17592341  8.57184395  8.23716961  9.02897230  8.71277702  7.85857771
[470]  2.18534930  5.91332527  3.97574487  0.91387791  2.64226342  0.85547851 11.28321378
[477]  6.95414411  6.42508714  9.97572694  0.67836910 11.25310463 10.97259310 10.26590624
[484]  5.72024460  6.89236525  8.32308020  5.34734630  5.00566095  9.17482139  8.05576438
[491]  3.24303481  3.06723774  0.12076909  4.56755456  7.04691719  2.14481235  8.87451159
[498]  2.79041255  9.99795865  4.08771423  3.62636635  1.63210208  7.05209588  3.59429722
[505]  0.31131498  4.83186079  2.54147144  4.56067432  9.61371614  1.29105960  0.38385874
[512]  2.83822615  8.14237919  3.14724269  0.97595745  8.87693952  5.45683291  3.17006691
[519]  2.57104184  2.39306663  6.47793082  6.43154951  2.71815431  1.43856923  7.99324246
[526]  4.03387648  1.13745853  6.32527077  0.68697913  7.82699135  2.92306779  0.68529273
[533]  1.03533588  6.66204945  5.45296819  7.04355260  6.09360957  5.87806813  8.22451989
[540]  6.70552469  1.60114105  0.37201418  5.10866964  7.25756917  7.25079592  4.13192262
[547]  0.53543196  5.60071176  6.65660806  4.67914691  2.36035718  5.71929236  7.44290248
[554]  6.92469622  3.71836953  4.88135670  6.16795717  6.62551363  4.95803063  3.99170603
[561]  4.06118879  3.19063879  5.60270928  4.22243112  1.03055793  0.91136501  1.59637543
[568]  4.59117348  0.06545401  1.31990374  2.76259493  5.75960044  1.13714762  6.42759656
[575]  5.32435129  4.42366626  3.16991725  4.98966962  4.94317383  3.89426487  3.56012368
[582]  5.15199426  3.50139957  5.19470097  5.10804919  5.64645893  3.19253060  3.94643841
[589]  2.74744449  2.93566552  1.89331476  4.08759093  4.65760207  3.93577955  4.01655062
[596]  4.61409979  2.10419168  0.05194558  5.36504514  1.76342338  3.32105727  4.83649420
[603]  2.79551536  5.20283339  4.16650970  2.84045103  2.76618635  3.09100029  0.40625467
[610]  4.33618181  2.59160073  0.53833648  1.37100031  4.55410875  2.21568579  1.77183225
[617]  3.02379277  3.75962515  1.53328975  2.07550040  0.37780829  3.79714425  3.16999273
[624]  2.21007444  2.12909731  1.30306276  3.97478389  3.69049154  1.49254293  2.37418650
[631]  1.93429654  0.66307586  0.55688476  1.38193638  3.22483117  3.39209955  1.76289851
[638]  3.18480647  0.20175773  0.02291512  1.65774760  2.52197452  2.00656971  0.93926769
[645]  2.87683121  1.26306958  1.65124575  2.11011064  0.13619376  0.13025015  2.40984181
[652]  2.16423467  0.17341250  1.05437909  0.92761017  1.62777253  1.82555825  1.13856977
[659]  1.83051036  1.84564972  0.88202879  0.19539722  1.27084751  0.73756962  0.54802809
[666]  0.19566884

$PAR
  [1]  NA   1   1   1   1   3   3   3   6   6   6   6   6   6   6   6   6   7  18  18  18  18  18
 [24]   9   9   9   9   9   9   9   9   8   8   8   8   8  32  32  32  19  19  19  19  19  21  21
 [47]  21  40  40  40  12  41  41  41  41  13  14  14  48  25  25  15  15  15  15  57  57  42  42
 [70]  49  49  49  49  56  62  62  62  62  62  62  62  62  62  62  26  16  85  85  58  58  58  58
 [93]  86  63  43  43  43  43  75  75  75  75  75  70  70  70  70  70  76  76  76  76  76  76  77
[116]  77  77  77  77  77  38  93  93  93  93  51  51  51  51  51  51 115  17  17  17  17  17  17
[139]  34  34  34  34  89  89  68  68  68  68 116 116  67  67 104 104 104 153 153 153  27 110 110
[162] 110 110  45  45 154 154 154 154 154 154 122 122 122  94  94  94  94  74  74  74  74 112 112
[185] 112  69  69  69  69  69  69  60 176 176 126 126 127 117 186 186 177 197 197 160 160 183 183
[208] 179 179 179 179 179 179 199 199 199 199 199 198 198 198  95  95  95 106 100 200 200 200 200
[231] 200 200 202 202 202 202 202 101 134 134 134 227 227 227  78 128 128 128 128 214 180 107 107
[254] 239 118 178 178 178 252  28  96  96  96 204 194 102 245 245 123 123 123 123 226 139 139 168
[277] 168 132 132 132 132 132  79  35  72  72  72  72  72 255 208 208 152 152 152 152 184 184 184
[300]  53 297 297  65  65 209 209 135 240 240 228 228 201 201 114 114 114 222 242 206 206 266 266
[323] 266  54  54 251 251 147 147 147  80 225 225 225 290 250 250 328 328 328 328 328 229 229 229
[346] 230 230 230  23 314 314 310 310  81  81  81 223 223 318 305 129 129 129 129 129 256 256 256
[369] 256 304 136 352 234 366 366 357 253 275 275 346 269 269 269 381 381 278 278 308 308 308 324
[392] 338 238 215 187 187 235 335 367 378 378 378 378 378 378 188 319 336 336 281 281 400 400 377
[415] 343 343 343 343 347 224 224 169 195 329 329 348 348  61 119 119 424 424 424 276 276 307 307
[438] 307 321 321 140 140 140 192 410 264 185 185 189 376 259 148 452 452 452 452 156 156 301 301
[461] 402 382 408 408 436 436 311 311 311 311 294 205 205 353 434 299 444 444 461 461 361 124 325
[484] 476 481 141 141 141 130 130 130 130 130 482 231 392 460 460 362 332 125 125 273 273 273  36
[507]  36 499 349 349 349 479 161 149 203 509 300 300 300 300 211 211 247 247 316 316 516 397 397
[530] 354 354 354  30 248 248 370 207 207 453 453 157 157 411 286 286 339 404 486 439 439 439 539
[553] 363 363 173 469 530 263 441 441 431 442 331 545 464 213 351 536 536 485 540 549 549 271 284
[576] 558 414 521 574 574 385 330 323 407 407 557 557 537 537 268 268  92 471 471 572 484 142 391
[599] 563 548 517 535 535 320 599 371 487 582 217 355 249 249 556 602 506 427 550 593 593 508 576
[622] 277 277 605 592 237 595 595 448 472 472 472 171 618 581 418 418 583 583 601 491 587 577 456
[645] 380 606 603 498 571 474 611 507 244 358 373 651 551 337 496 625 648 421 647 656 283 289

$EXTANT
  [1] FALSE FALSE FALSE FALSE FALSE FALSE FALSE FALSE  TRUE FALSE FALSE FALSE FALSE FALSE FALSE
 [16] FALSE  TRUE  TRUE FALSE FALSE FALSE FALSE FALSE FALSE  TRUE FALSE FALSE  TRUE  TRUE  TRUE
 [31]  TRUE  TRUE FALSE  TRUE  TRUE  TRUE FALSE FALSE FALSE FALSE FALSE FALSE  TRUE FALSE  TRUE
 [46] FALSE  TRUE FALSE  TRUE  TRUE  TRUE  TRUE FALSE  TRUE FALSE FALSE FALSE  TRUE FALSE FALSE
 [61]  TRUE  TRUE FALSE FALSE FALSE FALSE FALSE  TRUE  TRUE  TRUE FALSE  TRUE  TRUE  TRUE FALSE
 [76]  TRUE FALSE FALSE  TRUE  TRUE  TRUE  TRUE  TRUE  TRUE FALSE FALSE  TRUE  TRUE FALSE FALSE
 [91]  TRUE  TRUE  TRUE FALSE FALSE FALSE  TRUE  TRUE FALSE FALSE  TRUE FALSE FALSE  TRUE FALSE
[106]  TRUE  TRUE  TRUE FALSE  TRUE FALSE  TRUE FALSE  TRUE FALSE  TRUE FALSE FALSE  TRUE  TRUE
[121] FALSE  TRUE  TRUE FALSE  TRUE  TRUE FALSE  TRUE  TRUE  TRUE  TRUE FALSE FALSE FALSE FALSE
[136]  TRUE  TRUE  TRUE FALSE  TRUE  TRUE  TRUE FALSE FALSE FALSE FALSE  TRUE  TRUE FALSE  TRUE
[151] FALSE  TRUE  TRUE  TRUE  TRUE  TRUE  TRUE  TRUE  TRUE  TRUE FALSE  TRUE  TRUE  TRUE  TRUE
[166] FALSE FALSE  TRUE  TRUE FALSE  TRUE  TRUE  TRUE  TRUE FALSE  TRUE  TRUE  TRUE FALSE FALSE
[181]  TRUE  TRUE FALSE FALSE  TRUE FALSE  TRUE  TRUE  TRUE FALSE  TRUE  TRUE FALSE FALSE  TRUE
[196]  TRUE  TRUE  TRUE  TRUE  TRUE  TRUE  TRUE  TRUE  TRUE  TRUE  TRUE  TRUE  TRUE  TRUE  TRUE
[211]  TRUE  TRUE  TRUE FALSE FALSE FALSE  TRUE  TRUE  TRUE  TRUE  TRUE  TRUE  TRUE  TRUE  TRUE
[226]  TRUE  TRUE  TRUE  TRUE FALSE  TRUE  TRUE  TRUE  TRUE  TRUE  TRUE  TRUE  TRUE FALSE  TRUE
[241]  TRUE FALSE FALSE  TRUE FALSE FALSE  TRUE  TRUE  TRUE FALSE  TRUE FALSE  TRUE  TRUE  TRUE
[256]  TRUE FALSE  TRUE  TRUE  TRUE FALSE  TRUE  TRUE  TRUE FALSE  TRUE FALSE  TRUE  TRUE  TRUE
[271] FALSE  TRUE  TRUE FALSE  TRUE  TRUE  TRUE  TRUE  TRUE FALSE  TRUE FALSE  TRUE  TRUE FALSE
[286]  TRUE FALSE  TRUE  TRUE  TRUE  TRUE  TRUE  TRUE  TRUE  TRUE  TRUE FALSE FALSE FALSE  TRUE
[301]  TRUE  TRUE FALSE  TRUE FALSE  TRUE  TRUE  TRUE  TRUE FALSE  TRUE  TRUE  TRUE  TRUE FALSE
[316]  TRUE  TRUE FALSE FALSE  TRUE  TRUE  TRUE  TRUE  TRUE  TRUE  TRUE  TRUE  TRUE  TRUE  TRUE
[331]  TRUE  TRUE  TRUE  TRUE  TRUE  TRUE  TRUE  TRUE  TRUE  TRUE  TRUE  TRUE  TRUE FALSE  TRUE
[346] FALSE  TRUE  TRUE  TRUE  TRUE  TRUE  TRUE  TRUE  TRUE  TRUE  TRUE  TRUE  TRUE FALSE FALSE
[361]  TRUE FALSE FALSE  TRUE  TRUE  TRUE  TRUE  TRUE  TRUE  TRUE  TRUE  TRUE  TRUE FALSE FALSE
[376] FALSE  TRUE  TRUE  TRUE  TRUE  TRUE  TRUE  TRUE FALSE  TRUE  TRUE  TRUE FALSE  TRUE  TRUE
[391]  TRUE  TRUE  TRUE  TRUE  TRUE  TRUE  TRUE FALSE  TRUE  TRUE  TRUE  TRUE  TRUE  TRUE FALSE
[406]  TRUE  TRUE  TRUE  TRUE  TRUE  TRUE FALSE  TRUE  TRUE  TRUE  TRUE  TRUE  TRUE FALSE  TRUE
[421]  TRUE FALSE  TRUE  TRUE  TRUE  TRUE  TRUE  TRUE  TRUE  TRUE  TRUE  TRUE  TRUE  TRUE  TRUE
[436] FALSE  TRUE  TRUE  TRUE  TRUE  TRUE  TRUE  TRUE  TRUE  TRUE FALSE  TRUE  TRUE  TRUE  TRUE
[451] FALSE  TRUE  TRUE FALSE  TRUE  TRUE  TRUE  TRUE  TRUE  TRUE  TRUE  TRUE  TRUE  TRUE  TRUE
[466]  TRUE  TRUE  TRUE  TRUE  TRUE  TRUE  TRUE  TRUE  TRUE  TRUE FALSE  TRUE  TRUE  TRUE  TRUE
[481]  TRUE  TRUE FALSE FALSE FALSE  TRUE  TRUE  TRUE  TRUE FALSE  TRUE  TRUE  TRUE  TRUE  TRUE
[496]  TRUE  TRUE  TRUE  TRUE  TRUE  TRUE  TRUE  TRUE  TRUE  TRUE  TRUE  TRUE  TRUE  TRUE  TRUE
[511]  TRUE FALSE  TRUE  TRUE  TRUE  TRUE  TRUE  TRUE  TRUE  TRUE FALSE  TRUE  TRUE  TRUE  TRUE
[526]  TRUE  TRUE  TRUE  TRUE  TRUE  TRUE  TRUE  TRUE  TRUE  TRUE  TRUE FALSE FALSE FALSE  TRUE
[541]  TRUE  TRUE  TRUE  TRUE FALSE FALSE  TRUE  TRUE  TRUE  TRUE  TRUE  TRUE  TRUE  TRUE  TRUE
[556]  TRUE  TRUE  TRUE  TRUE  TRUE  TRUE  TRUE  TRUE  TRUE FALSE  TRUE  TRUE  TRUE  TRUE  TRUE
[571]  TRUE FALSE  TRUE FALSE FALSE  TRUE FALSE FALSE  TRUE  TRUE  TRUE  TRUE  TRUE  TRUE  TRUE
[586]  TRUE  TRUE  TRUE  TRUE  TRUE  TRUE  TRUE  TRUE  TRUE  TRUE  TRUE  TRUE  TRUE  TRUE FALSE
[601]  TRUE FALSE  TRUE FALSE  TRUE  TRUE  TRUE  TRUE  TRUE  TRUE  TRUE  TRUE  TRUE  TRUE  TRUE
[616]  TRUE  TRUE  TRUE FALSE  TRUE  TRUE  TRUE  TRUE  TRUE  TRUE  TRUE  TRUE  TRUE  TRUE  TRUE
[631]  TRUE  TRUE  TRUE  TRUE  TRUE  TRUE  TRUE  TRUE  TRUE  TRUE  TRUE  TRUE  TRUE  TRUE  TRUE
[646]  TRUE  TRUE  TRUE  TRUE  TRUE  TRUE  TRUE  TRUE  TRUE  TRUE  TRUE  TRUE  TRUE FALSE  TRUE
[661]  TRUE  TRUE  TRUE  TRUE  TRUE  TRUE

