
Birth-death simulation object with 764 species and 500 extant species

Details for some species:

Extinction times (NA means extant)
[1] 100.15337  98.17977 108.00382  88.76268 108.41834 115.87320


Speciation times 
[1] 157.8435 133.4646 115.5271 100.1707 122.0256 120.0100


Species parents (NA for initial)
[1] NA  1  1  1  2  2


Species status (extinct or extant)
[1] "extinct" "extinct" "extinct" "extinct" "extinct" "extinct"


For more details on vector y, try sim$y, with y one of
TE TS PAR EXTANT



$TE
  [1] 100.1533684  98.1797723 108.0038157  88.7626769 108.4183379 115.8731980 105.0560657
  [8] 102.6860936          NA  74.5291703  95.1431744  81.5888984  53.5899067  69.7921962
 [15]  36.2338097  25.7997566  19.9259812   3.5429852          NA          NA          NA
 [22]  68.9309328  14.9317324  12.5711305  49.3707977  43.2279176  65.2614046  68.5215323
 [29]  40.5871596  53.6239437  28.5777977  40.3736408  16.7367657  36.9004286   8.1396635
 [36]  61.9998188  33.0303038  46.5706714  23.2425653  65.9519985  63.8723870  50.6958500
 [43]          NA  23.2021774          NA  43.4787897  52.8131617  44.6770467  45.2550092
 [50]  46.7512891  58.0089891  65.4600081  45.4960148  62.9410438  15.6863100  41.0262036
 [57]          NA   3.4320691  30.2529103  36.0201741   8.0441889   2.4292131   8.4839250
 [64]  62.2974342          NA  24.1056751  46.3338163  20.5932190  51.5117022  16.5578063
 [71]  31.5960636          NA          NA  41.5172022  33.2471731          NA   6.9408891
 [78]  36.9310949          NA          NA  31.7818812  19.5907662          NA          NA
 [85]  44.3984444  30.9236554          NA          NA          NA          NA  39.5386686
 [92]          NA  31.6505377          NA  11.9538557  12.9701867  30.4435077  28.4471702
 [99]  26.1071973  29.2516258  12.8917782          NA   5.9162608  11.8721144          NA
[106]          NA          NA  17.5834840  13.6653370  38.5203597          NA          NA
[113]   1.4605477  28.0004882          NA   7.6411114          NA          NA  13.4212832
[120]  35.5209057  29.2287998          NA          NA   9.8519683  12.6666980          NA
[127]   9.9683366          NA   6.1926879  30.0712121   9.8156112  28.8337526          NA
[134]  16.2836415          NA  17.4143035          NA          NA   2.5276885          NA
[141]   4.1772827  21.4733776          NA          NA          NA          NA   9.8252240
[148]          NA  32.9927515          NA  10.7385022          NA  13.9536994  14.9399583
[155]          NA          NA          NA  36.4768335          NA          NA  26.4301703
[162]          NA          NA          NA          NA  26.2986270          NA          NA
[169]          NA  17.3946496          NA          NA   3.1203951          NA  28.3750155
[176]          NA  21.7175201          NA   9.8382302          NA          NA  29.5613795
[183]          NA   5.5706658  28.1468288   5.4675248          NA          NA          NA
[190]          NA   4.4964196  12.2698872          NA  12.7530374   6.6305690          NA
[197]          NA   6.2219448          NA  16.2619642          NA          NA   2.3031645
[204]  27.1806772          NA  12.3346817          NA   8.9579940   7.9360189   3.9274601
[211]   8.8323310          NA          NA  24.2986527   0.3053911          NA          NA
[218]          NA  23.2321935          NA   6.7414457          NA          NA  11.7643324
[225]          NA          NA   0.7443882          NA   1.5032939          NA  24.3672668
[232]   7.7393904          NA          NA          NA  22.2466916   4.7794786  21.7501423
[239]          NA          NA   9.9538306  12.3981798          NA   9.2158981          NA
[246]          NA   1.6955493          NA   0.6783957          NA          NA          NA
[253]  11.5309730          NA          NA  23.4980025  21.3303819  15.1346168          NA
[260]   9.8058258   6.8316062          NA  17.7506607          NA  14.4905235  20.7805295
[267]  10.9113971          NA   1.0044854   7.8822173          NA  17.0232427   4.3380089
[274]          NA  19.8319671   1.1854910          NA   4.3208000  14.5893011          NA
[281]  11.5635807   8.5358184          NA  11.1050257          NA          NA          NA
[288]   6.7345688  26.7398493          NA   3.0640132          NA          NA  23.0100842
[295]          NA   6.4895413          NA          NA  20.0802590   6.3203482   0.2685999
[302]  20.8520223          NA   5.6584860          NA          NA          NA          NA
[309]          NA          NA  18.4053414   5.2984587          NA          NA          NA
[316]          NA          NA          NA          NA          NA          NA          NA
[323]          NA  13.2569162  19.8215425   7.1702903          NA          NA   5.1796421
[330]   7.5011944  22.7105595          NA          NA   6.1241747   2.6409907   6.4588592
[337]   0.9506527          NA          NA          NA          NA          NA   1.8892376
[344]          NA   2.9618614   9.1705583          NA          NA  19.9347670          NA
[351]          NA   4.5748427          NA          NA          NA          NA  16.1939949
[358]          NA          NA          NA          NA          NA          NA   7.8522792
[365]          NA          NA   2.3991376          NA          NA          NA          NA
[372]   3.3342988   7.6974397          NA          NA          NA          NA          NA
[379]          NA          NA          NA          NA   4.6635115          NA          NA
[386]   2.7500817          NA          NA          NA          NA   3.7174534          NA
[393]          NA          NA          NA          NA          NA   6.2267995          NA
[400]          NA   4.2181101          NA          NA          NA          NA          NA
[407]          NA          NA          NA  11.7279261  11.1373551   2.5260994          NA
[414]          NA          NA   4.2566679          NA   9.2128726          NA          NA
[421]          NA          NA          NA          NA          NA  11.7408773          NA
[428]          NA   2.9226538          NA  11.7625748          NA          NA          NA
[435]          NA   6.2462801          NA          NA          NA          NA          NA
[442]          NA          NA          NA   0.9823655          NA   7.5490464          NA
[449]          NA          NA          NA          NA          NA          NA          NA
[456]          NA          NA          NA          NA          NA          NA  11.2076634
[463]          NA          NA          NA          NA          NA   0.7306032   7.1209052
[470]          NA  13.2352661   7.6921904          NA          NA          NA          NA
[477]   9.4632866          NA   7.8747217          NA          NA          NA          NA
[484]  10.8003204   1.2099039          NA          NA   5.3906087          NA          NA
[491]          NA          NA   8.6806568          NA          NA          NA          NA
[498]          NA          NA          NA          NA          NA          NA          NA
[505]          NA          NA          NA  11.2954550          NA          NA          NA
[512]          NA   9.4952116          NA          NA          NA          NA          NA
[519]          NA          NA   2.0510441          NA          NA   8.6918989          NA
[526]          NA          NA          NA   7.3138620          NA          NA   2.2077383
[533]   5.1614700   2.0131251          NA   0.3625826          NA          NA          NA
[540]          NA          NA          NA   1.2086870          NA          NA          NA
[547]          NA          NA          NA          NA          NA          NA          NA
[554]          NA          NA          NA          NA   6.4893059          NA          NA
[561]          NA          NA   0.5282110          NA   0.5803721   2.2630815          NA
[568]          NA          NA          NA          NA          NA          NA   4.7136461
[575]          NA   0.3643735          NA          NA          NA          NA          NA
[582]          NA   0.6234965          NA          NA          NA          NA          NA
[589]          NA          NA          NA          NA          NA          NA          NA
[596]          NA          NA          NA          NA          NA   0.8249257          NA
[603]   8.9585362          NA          NA          NA          NA          NA   2.6146742
[610]          NA          NA          NA          NA          NA          NA          NA
[617]          NA          NA          NA          NA          NA          NA          NA
[624]          NA   0.6591670          NA   0.4536282          NA   4.4876490          NA
[631]          NA          NA          NA          NA   1.2954875   5.2033539          NA
[638]          NA          NA          NA          NA          NA          NA          NA
[645]   4.5638245          NA          NA   0.2717172          NA          NA          NA
[652]          NA          NA   1.0627647          NA          NA          NA          NA
[659]          NA          NA          NA          NA          NA          NA          NA
[666]   1.8813623          NA          NA          NA          NA          NA          NA
[673]          NA          NA          NA          NA          NA          NA   0.9579164
[680]          NA          NA          NA          NA          NA          NA          NA
[687]          NA          NA          NA          NA          NA          NA   1.9984869
[694]          NA          NA          NA          NA          NA          NA          NA
[701]          NA          NA          NA          NA          NA   1.2314220          NA
[708]          NA          NA          NA          NA          NA          NA          NA
[715]          NA          NA          NA          NA          NA          NA          NA
[722]          NA          NA   1.8305869          NA          NA          NA          NA
[729]          NA          NA          NA          NA          NA          NA          NA
[736]          NA          NA          NA          NA          NA   0.4741524          NA
[743]          NA          NA          NA          NA          NA          NA          NA
[750]          NA          NA          NA          NA          NA          NA          NA
[757]          NA          NA          NA          NA          NA          NA          NA
[764]          NA

$TS
  [1] 157.84350749 133.46461351 115.52713724 100.17073148 122.02556437 120.00995945 119.97188627
  [8] 116.84870750  98.94688555 114.94875569 103.71731193  87.82713826  85.65458257  81.29576028
 [15]  69.03953044  42.89228444  29.75375799  25.81458714  20.48135646  17.97101762   0.33542225
 [22]  78.73320645  78.13800425  65.24133543  63.29159500  60.43997102  77.44190276  74.44533934
 [29]  75.15131415  70.13687995  48.17259191  42.94262733  39.94032366  39.77741912  29.57469556
 [36]  73.13929427  47.09128039  69.99444325  72.08129869  66.92678932  64.13385030  66.68317497
 [43]  33.65189918  28.95068300  25.05779899  55.48364075  54.49848457  46.83475853  68.98748418
 [50]  65.03870928  59.40593390  66.69572696  66.04676815  65.61858320  46.26691742  55.70784748
 [57]  46.57771043  44.31461454  43.40726427  42.95990989  36.74919616  17.05598550  16.82578129
 [64]  62.89498059  55.84528950  55.60553954  47.21364212  53.70075597  53.29704549  44.26207622
 [71]  35.51024090   8.47302439   6.61609598  47.92587389  40.80969929  35.88833095  48.87075848
 [78]  45.68503043  20.70844628  52.96869963  32.74751200  28.09123105  22.76025017  19.35596036
 [85]  47.24216913  38.08063604  30.98334854  24.02153631  20.98535866  20.11036384  40.69899994
 [92]  34.10614753  32.61405639  46.26126472  43.98677640  45.13955734  41.98536533  37.13849413
 [99]  42.24432317  32.41114566  15.42909125   4.02718137  21.05021639  18.80546906  16.62124466
[106]   0.22890639  42.05215367  21.80084736  20.27625250  43.43282176  35.67689906  30.25137168
[113]  20.18621614  38.35884453  38.30719785  27.03087311  23.59402367  22.73237833  41.81641071
[120]  41.92411785  35.98921844  29.52965471  28.71769724  41.76855166  36.55597045  24.01860668
[127]  19.41255480   8.87324332  41.17385612  41.19403525  35.01959628  30.31780242  23.23201208
[134]  28.38566762  28.13786229  22.79423848  16.80629950  16.57904292  40.48667834  28.90122174
[141]  22.33002941  40.67023660  37.26691992  32.96265040  20.13674316  19.19621716  18.03178695
[148]  12.28303825  34.15884655  21.94519590  38.61948640  38.19228874  29.94512749  26.77598334
[155]  21.35023839  14.07327489  36.90722170  36.53970978  35.72752252  35.69763821  34.38407633
[162]  24.23491267  18.13179520  12.99064739   7.14367676  36.54290334  14.42457493   7.51540971
[169]  35.49838800  32.04606250  11.80273751  11.08051870   9.15958861   6.11186612  31.62871912
[176]  30.00279587  29.64859154  22.57870047  19.31845002  13.13789697   9.71561455  34.05687608
[183]  25.09082102  25.05938595  29.39715853  32.93437280  29.32414431  14.07088145   0.13002177
[190]  14.12898457  24.07197098  23.18673775  19.98380517  16.75546315   7.05770274   6.33727416
[197]  32.47486906  20.31202527  19.07581223  17.71608866  11.06520510   4.80133564   2.86878084
[204]  27.18690813  23.71848428  12.88397290   3.64874359  23.28466291  22.59790789  15.56246740
[211]  15.21519634  13.20709046  31.96396525  33.42179770  29.31126014  17.44371603  11.07514065
[218]   8.95931614  29.82378981  23.58185432  15.22988176   3.92694717   3.68331075  31.09593096
[225]  22.46917335   6.27711915   2.21014916  30.09089675  15.61075036  14.39492884  29.33601351
[232]  30.48986516  15.99021188  15.50057984  30.05939539  26.21266484  23.54264455  22.05346133
[239]  12.78193836  16.94162556  15.72293803  26.00789757  22.17130387  21.44493032  17.85731254
[246]  12.83891599  12.64719555   3.76998105   1.18806852  25.05390973  10.22618469   3.97643059
[253]  26.62532559  18.60134763  24.17590644  26.41088423  22.83949392  21.00413594  16.64067981
[260]  14.38376295  10.26895777   2.55082155  28.28561371  25.11261204  16.09127566  28.39989246
[267]  17.90982886  14.25787034  13.41315214  10.09337455  26.30962772  25.66911566   6.26515542
[274]  21.87203443  20.18144241   4.91033236   2.05533868  26.08160057  28.03793288  20.79087868
[281]  25.21953803  20.39103154  21.26316802  17.01171333  12.89762966  11.23643352   8.47867240
[288]   6.84686799  27.56458701  12.99361137  17.74617498  14.57556903  10.54847381  24.37198010
[295]  13.26667793   7.77795763   5.68393329   4.46824809  25.97372686  23.39366167  12.98442526
[302]  21.67663425  23.23061715  16.94563889   7.14038841   6.06348658   5.19736584   2.37410819
[309]  14.19240985   8.46101273  23.82325579   7.13668131  21.17089708  17.20966052   7.19226810
[316]  12.06497545  18.88549453   7.42729117   4.53427967  13.34720797  17.38657225  11.97378030
[323]  10.16962027  17.13150501  20.91337057  18.90393540  17.14797958  20.39592348  14.05946656
[330]   9.68526532  22.75484647  21.99046658  13.38725751  22.73972700   8.83038116  14.09561994
[337]   8.96493396   0.29703481   0.11670972  19.57460829  14.04190006  21.33448359  18.93360473
[344]  10.43491600   5.49772661   9.48564480  18.38432719  13.34740512  22.32283886  17.21570487
[351]  22.55826676   9.72109635   3.58769380  20.08102748   1.80719733   0.48811708  17.26320655
[358]  16.29201714  21.53845198  16.48816456  14.16760666   8.38126137   3.82976759  11.73099445
[365]   3.30417456   2.52479214   9.26226426  15.05505110  14.34666248   3.34963904   0.82144918
[372]  19.55560117  15.78921087  13.70421249   3.70939536   0.71354683   8.38273580   7.50740070
[379]  16.06143319  13.72750963   4.08773423  19.64291025  18.02034215   8.57553949   0.05979909
[386]  18.12726544  13.12017450   3.16105106   2.01854486  16.26931722  15.92950407   0.49567539
[393]  19.10207788   0.65099562  18.99437641  17.91524093  15.44444835   7.37432543   1.55155697
[400]   9.99018172   8.75418229   1.82226408  15.09879997  14.29058780  16.03770047  11.37786788
[407]  12.51332612  10.84705593   2.33963449  17.61481192  12.78743428   5.32191579  17.07661760
[414]   0.71183706  14.03328079  12.52887527   8.21357212  17.38085871  14.87956367   7.94009897
[421]   8.14442964   2.47569015   2.01607140   2.08253432   0.96916466  12.31774876   5.97726164
[428]  18.01648998  11.91663908  13.71205373  17.36001316   8.89631285   7.78799911   6.36312691
[435]  12.30374905   9.20369781   8.25102268   4.31704954   1.31762631  17.74367352  12.54695684
[442]   2.25706975   2.08541175  16.17548233  17.03595770  15.53728786  13.30721570  12.72775029
[449]   8.10441043   7.98889761   6.22255148   3.63869599   2.15718582  17.37977673  13.75383755
[456]   3.48492160   1.50750631  15.48917432  10.79914084   5.36395732   0.78831617  12.33672017
[463]   5.97222046   2.83133479   1.65571842  14.17939489   4.90513970   2.53615929   9.84430020
[470]   1.82676814  15.63090937  16.20212860   0.59103779  13.24163904   3.97834938  16.11482541
[477]  15.58311962   8.13838456   9.11512128   5.61408966   1.03863750  11.22824930   5.51513319
[484]  15.02389811   6.78016745  13.93997305   9.27220048  13.37826340  12.33072928   3.33982716
[491]   3.30543080  13.44130709  12.58584889   5.87709327   3.19394586  13.34217269  11.44180590
[498]   1.58428988   8.27517156   0.23352736  15.05085279  13.26238489   9.30222051  11.68975402
[505]  10.00464082   0.84583311   8.27178359  13.59173439   7.22558092   4.55178047  11.95956370
[512]   2.41296060  11.57228627   0.30167165   8.78251557  12.24568718   8.83358248   8.27841865
[519]  12.70347115   4.52510942  11.68773379  10.21349847  11.88031567   8.86251892   7.00682020
[526]   2.50297903   1.87988047  11.56382784   9.02706367  11.66503634  10.66387169  12.00490930
[533]  10.34123275   2.40393630   5.84493881   0.60208249  12.99230863   4.69402730  12.51351436
[540]   3.38223357   8.43918970   6.09634535   8.35608403   5.73562605   0.50730512   1.88329579
[547]   5.59395178   8.77612472   1.65935829   6.00304984   2.10273724   8.14644636   6.65218682
[554]   7.34636693  10.72244269   0.66108122  11.35700787  11.42048993  10.14765926   8.04659501
[561]   6.96127900   8.48952142   5.90413440   8.10477848   6.21285131   9.79948809   0.67503943
[568]   0.25224825   5.08578643   3.37992739   2.76988984   5.18100357   1.33965308   7.33955628
[575]   6.64968711  10.60469466   9.50103916   3.38694753   3.99308079   6.16319892  10.11721814
[582]   0.88052588   8.37237642   9.27787327   2.24932970   7.37504103   3.70149276   8.73781133
[589]   3.99036660   1.40139227   3.13374385   9.15502623   8.47351873   2.95598392   1.12890139
[596]   4.86483444   4.66629701   1.91727501   8.50542153   9.03987888   7.94676385   9.98574693
[603]   9.29081046   8.28732105   8.07152744   8.91370314   5.22174152   1.11942748   3.14400529
[610]   3.05982213   1.11067579   6.96048423   1.68874531   4.50278522   8.25012965   6.34351284
[617]   7.87185080   0.04546729   6.11375918   2.52433721   5.84040119   6.53658464   8.06645267
[624]   7.49361151   4.00247933   5.49288813   5.27042879   8.67442962   7.72306336   5.17152832
[631]   1.20082215   1.90122968   8.55454446   1.90911083   4.61343113   7.54033368   0.55522522
[638]   2.27327570   0.78549086   5.63431194   0.44796287   0.30344651   6.00996694   2.44068824
[645]   5.11971597   4.94024502   1.79603647   1.18963182   7.89660236   6.71196887   6.31175672
[652]   1.45487105   1.37246565   3.09380929   2.29716140   6.15348145   5.03856565   7.83867973
[659]   1.58835647   7.33786478   4.17647612   1.22867053   6.84517005   0.76605186   4.92632001
[666]   4.50007751   1.78854654   1.47252832   6.03428779   3.13454758   6.56673715   5.17415436
[673]   2.74277810   0.82055473   4.27606293   3.61015207   6.37012941   0.01827670   6.63962848
[680]   6.08363286   5.71412891   2.12602091   5.48602666   0.13828405   1.33678957   4.45349590
[687]   3.98031217   2.30422094   5.08521242   1.69304339   1.88195258   1.36620683   4.60731481
[694]   2.68224261   1.31615192   6.06045119   0.63226754   0.77131562   2.01175165   5.45672282
[701]   0.57389063   2.63075337   4.21820627   2.93815124   2.99855993   4.31309816   2.32769504
[708]   4.36137021   3.27900339   3.95280494   2.57872077   4.13557349   0.29342861   4.25583136
[715]   1.74135651   4.01027463   3.66049063   0.44334804   1.51258086   1.40679951   0.32140019
[722]   3.12413456   2.21211347   2.69468490   2.41739415   1.97043867   3.39126129   1.95671291
[729]   0.81726146   2.68134087   3.02305233   1.83469701   1.15761967   0.23069271   3.46292498
[736]   2.71053129   2.04241833   3.06632608   1.49490859   2.57773609   2.83660977   2.03057628
[743]   0.91595004   1.54282491   1.72518903   2.65935444   1.91735289   2.24547823   1.72836242
[750]   0.56548535   0.06912498   1.42976709   0.85491393   0.11338763   0.51481942   0.68632975
[757]   0.96816729   0.61135878   1.10266716   0.93934091   1.33956585   0.18518906   0.79320830
[764]   0.01142601

$PAR
  [1]  NA   1   1   1   2   2   2   2   2   7   8  10  10   9   9   9   9   9   9   9   9  13  13
 [24]  13  13  13  22  22  23  23  23  23  23  23  23  29  29  28  36  36  36  39  39  39  39  30
 [47]  38  38  15  15  49  40  42  42  53  24  24  24  24  24  24  24  24  50  50  50  50  25  26
 [70]  26  65  65  65  56  66  66  68  68  68  69  80  80  80  80  77  77  77  77  77  77  31  31
 [93]  31  74  74  37  37  37  57  57  57  57  94  94  94  94  78  96  96  58  70  70  70  95  95
[116]  95  95  95 110  59  16  16  16  99  99 107 107 107  97 119 119 119 119 124 124 124 124 124
[139] 130 129 129  91 142 142 139 139 139 139  33  33  34  34 151 151 151 151 115 115 115 115 115
[162] 115 115 115 115 152 152 152 143 143 143 143 143 143  98  98 157 157 157 157 157  61  61  61
[185] 125 166 121  76  76 159 160 160 160 160 160 160 111 111 111 111 111 111 111 169 169 169 169
[208] 131 131 131 131 131 161 149  92  92  92  92  43  43  43  43  43 214 144 144 144 186 186 186
[231] 197 170 213 213 224 224 224 224 224  87 232 112 228 228 228 228 228 228 228 235 176 176 153
[254] 153 219  17  35  35 122 122 122 122 231 231 187 215 215 215 215 215  44 140 140 123 123 123
[277] 123 266 134 134 263 263 135 135 135 135 135 135  82 116 253 271 271 236 278 278 278 278 242
[300] 299  18 272 264 264 264 264 264 264 184 184  45  45 250 250 250 162 255 255 255 191  88  88
[323]  88 126 311 311 205 117 117 237 300 300 300 208 133 303 303 303 303 192 192 257 136  83  83
[346] 334 118 118 209 209 178 351 351 225 225 225 141 141 243 332 150 150 150 274 274 274 359 244
[369] 244 155 155 342 342 283 283 283 313 313 103 103  89 280 280  19 328 282 282 145 145  90  90
[392]  90 354 354 193 193 193 193 193 382 382 382 372 372 127 127  84  84  84 146 146 146 393 199
[415] 395 395 343 326 326 326 317 317 317 254 254 163 163 147 147 383 428 428 428 428  20  20  20
[438]  20  20 396 396 396 396 267 245 245 291 440 440 440 440 440 440 216 216 216 321 418 418 454
[461] 454 350 350 350 350 314 314 314 327 327 324 304 240 259 259 138 360 360 390 476 476 405 233
[484] 391 391 373 373 241 241 229 229 477 210 446 446 234 234 234 458 458 397 397 397 221 368 368
[507] 501 484 292 292 167 167 230 230 369 404 404 404 268 466 361 190 329 341 341 486 486 455 455
[530] 430 430 508 492 333 488 348 320 320 447 295 502 502 474 474 474 212 180 387 387 290 290 164
[553] 164 301 285 285 411 239 448 448 448 519 519 247 247 441 441 441 416 539 435 316 316 523 523
[576] 171 171 171 504 521 497 497 558 406 406 557 557 286 482 482 172 201 459 459 459 531 531 576
[599] 293 344 344 533 323 559 559 400 602 602 566 566 181 577 584 487 436 173 600 600 606 128 517
[622] 335 548 548 548 401 401 588 588 588 588 628 384 633 562 593  72 377 377 362 362 362 583 583
[645] 543 543 604 604 518 518 518 499 552 421 564 605 605 623 560 450 420 617 658 658 433 168 318
[668] 318 586 660 525 525 525 561 612 612 663 663 485 485 485 485 650 650 671 677 677 616 196 226
[691] 451 451 656 619 619 174 542 680 696 550 550 427 463 463 494 681 297 483 345 607 607 672 569
[714] 276 467 319 520 520 614 614 614 666 438 714 714 703 102 716 625 579 589 252 363 587 717 717
[737] 717 353 365 709 654 610 594 571 673 730 746 366 366 748 748 443 424 424 742 423 546 355 647
[760] 647 498 761 685 757

$EXTANT
  [1] FALSE FALSE FALSE FALSE FALSE FALSE FALSE FALSE  TRUE FALSE FALSE FALSE FALSE FALSE FALSE
 [16] FALSE FALSE FALSE  TRUE  TRUE  TRUE FALSE FALSE FALSE FALSE FALSE FALSE FALSE FALSE FALSE
 [31] FALSE FALSE FALSE FALSE FALSE FALSE FALSE FALSE FALSE FALSE FALSE FALSE  TRUE FALSE  TRUE
 [46] FALSE FALSE FALSE FALSE FALSE FALSE FALSE FALSE FALSE FALSE FALSE  TRUE FALSE FALSE FALSE
 [61] FALSE FALSE FALSE FALSE  TRUE FALSE FALSE FALSE FALSE FALSE FALSE  TRUE  TRUE FALSE FALSE
 [76]  TRUE FALSE FALSE  TRUE  TRUE FALSE FALSE  TRUE  TRUE FALSE FALSE  TRUE  TRUE  TRUE  TRUE
 [91] FALSE  TRUE FALSE  TRUE FALSE FALSE FALSE FALSE FALSE FALSE FALSE  TRUE FALSE FALSE  TRUE
[106]  TRUE  TRUE FALSE FALSE FALSE  TRUE  TRUE FALSE FALSE  TRUE FALSE  TRUE  TRUE FALSE FALSE
[121] FALSE  TRUE  TRUE FALSE FALSE  TRUE FALSE  TRUE FALSE FALSE FALSE FALSE  TRUE FALSE  TRUE
[136] FALSE  TRUE  TRUE FALSE  TRUE FALSE FALSE  TRUE  TRUE  TRUE  TRUE FALSE  TRUE FALSE  TRUE
[151] FALSE  TRUE FALSE FALSE  TRUE  TRUE  TRUE FALSE  TRUE  TRUE FALSE  TRUE  TRUE  TRUE  TRUE
[166] FALSE  TRUE  TRUE  TRUE FALSE  TRUE  TRUE FALSE  TRUE FALSE  TRUE FALSE  TRUE FALSE  TRUE
[181]  TRUE FALSE  TRUE FALSE FALSE FALSE  TRUE  TRUE  TRUE  TRUE FALSE FALSE  TRUE FALSE FALSE
[196]  TRUE  TRUE FALSE  TRUE FALSE  TRUE  TRUE FALSE FALSE  TRUE FALSE  TRUE FALSE FALSE FALSE
[211] FALSE  TRUE  TRUE FALSE FALSE  TRUE  TRUE  TRUE FALSE  TRUE FALSE  TRUE  TRUE FALSE  TRUE
[226]  TRUE FALSE  TRUE FALSE  TRUE FALSE FALSE  TRUE  TRUE  TRUE FALSE FALSE FALSE  TRUE  TRUE
[241] FALSE FALSE  TRUE FALSE  TRUE  TRUE FALSE  TRUE FALSE  TRUE  TRUE  TRUE FALSE  TRUE  TRUE
[256] FALSE FALSE FALSE  TRUE FALSE FALSE  TRUE FALSE  TRUE FALSE FALSE FALSE  TRUE FALSE FALSE
[271]  TRUE FALSE FALSE  TRUE FALSE FALSE  TRUE FALSE FALSE  TRUE FALSE FALSE  TRUE FALSE  TRUE
[286]  TRUE  TRUE FALSE FALSE  TRUE FALSE  TRUE  TRUE FALSE  TRUE FALSE  TRUE  TRUE FALSE FALSE
[301] FALSE FALSE  TRUE FALSE  TRUE  TRUE  TRUE  TRUE  TRUE  TRUE FALSE FALSE  TRUE  TRUE  TRUE
[316]  TRUE  TRUE  TRUE  TRUE  TRUE  TRUE  TRUE  TRUE FALSE FALSE FALSE  TRUE  TRUE FALSE FALSE
[331] FALSE  TRUE  TRUE FALSE FALSE FALSE FALSE  TRUE  TRUE  TRUE  TRUE  TRUE FALSE  TRUE FALSE
[346] FALSE  TRUE  TRUE FALSE  TRUE  TRUE FALSE  TRUE  TRUE  TRUE  TRUE FALSE  TRUE  TRUE  TRUE
[361]  TRUE  TRUE  TRUE FALSE  TRUE  TRUE FALSE  TRUE  TRUE  TRUE  TRUE FALSE FALSE  TRUE  TRUE
[376]  TRUE  TRUE  TRUE  TRUE  TRUE  TRUE  TRUE FALSE  TRUE  TRUE FALSE  TRUE  TRUE  TRUE  TRUE
[391] FALSE  TRUE  TRUE  TRUE  TRUE  TRUE  TRUE FALSE  TRUE  TRUE FALSE  TRUE  TRUE  TRUE  TRUE
[406]  TRUE  TRUE  TRUE  TRUE FALSE FALSE FALSE  TRUE  TRUE  TRUE FALSE  TRUE FALSE  TRUE  TRUE
[421]  TRUE  TRUE  TRUE  TRUE  TRUE FALSE  TRUE  TRUE FALSE  TRUE FALSE  TRUE  TRUE  TRUE  TRUE
[436] FALSE  TRUE  TRUE  TRUE  TRUE  TRUE  TRUE  TRUE  TRUE FALSE  TRUE FALSE  TRUE  TRUE  TRUE
[451]  TRUE  TRUE  TRUE  TRUE  TRUE  TRUE  TRUE  TRUE  TRUE  TRUE  TRUE FALSE  TRUE  TRUE  TRUE
[466]  TRUE  TRUE FALSE FALSE  TRUE FALSE FALSE  TRUE  TRUE  TRUE  TRUE FALSE  TRUE FALSE  TRUE
[481]  TRUE  TRUE  TRUE FALSE FALSE  TRUE  TRUE FALSE  TRUE  TRUE  TRUE  TRUE FALSE  TRUE  TRUE
[496]  TRUE  TRUE  TRUE  TRUE  TRUE  TRUE  TRUE  TRUE  TRUE  TRUE  TRUE  TRUE FALSE  TRUE  TRUE
[511]  TRUE  TRUE FALSE  TRUE  TRUE  TRUE  TRUE  TRUE  TRUE  TRUE FALSE  TRUE  TRUE FALSE  TRUE
[526]  TRUE  TRUE  TRUE FALSE  TRUE  TRUE FALSE FALSE FALSE  TRUE FALSE  TRUE  TRUE  TRUE  TRUE
[541]  TRUE  TRUE FALSE  TRUE  TRUE  TRUE  TRUE  TRUE  TRUE  TRUE  TRUE  TRUE  TRUE  TRUE  TRUE
[556]  TRUE  TRUE FALSE  TRUE  TRUE  TRUE  TRUE FALSE  TRUE FALSE FALSE  TRUE  TRUE  TRUE  TRUE
[571]  TRUE  TRUE  TRUE FALSE  TRUE FALSE  TRUE  TRUE  TRUE  TRUE  TRUE  TRUE FALSE  TRUE  TRUE
[586]  TRUE  TRUE  TRUE  TRUE  TRUE  TRUE  TRUE  TRUE  TRUE  TRUE  TRUE  TRUE  TRUE  TRUE  TRUE
[601] FALSE  TRUE FALSE  TRUE  TRUE  TRUE  TRUE  TRUE FALSE  TRUE  TRUE  TRUE  TRUE  TRUE  TRUE
[616]  TRUE  TRUE  TRUE  TRUE  TRUE  TRUE  TRUE  TRUE  TRUE FALSE  TRUE FALSE  TRUE FALSE  TRUE
[631]  TRUE  TRUE  TRUE  TRUE FALSE FALSE  TRUE  TRUE  TRUE  TRUE  TRUE  TRUE  TRUE  TRUE FALSE
[646]  TRUE  TRUE FALSE  TRUE  TRUE  TRUE  TRUE  TRUE FALSE  TRUE  TRUE  TRUE  TRUE  TRUE  TRUE
[661]  TRUE  TRUE  TRUE  TRUE  TRUE FALSE  TRUE  TRUE  TRUE  TRUE  TRUE  TRUE  TRUE  TRUE  TRUE
[676]  TRUE  TRUE  TRUE FALSE  TRUE  TRUE  TRUE  TRUE  TRUE  TRUE  TRUE  TRUE  TRUE  TRUE  TRUE
[691]  TRUE  TRUE FALSE  TRUE  TRUE  TRUE  TRUE  TRUE  TRUE  TRUE  TRUE  TRUE  TRUE  TRUE  TRUE
[706] FALSE  TRUE  TRUE  TRUE  TRUE  TRUE  TRUE  TRUE  TRUE  TRUE  TRUE  TRUE  TRUE  TRUE  TRUE
[721]  TRUE  TRUE  TRUE FALSE  TRUE  TRUE  TRUE  TRUE  TRUE  TRUE  TRUE  TRUE  TRUE  TRUE  TRUE
[736]  TRUE  TRUE  TRUE  TRUE  TRUE FALSE  TRUE  TRUE  TRUE  TRUE  TRUE  TRUE  TRUE  TRUE  TRUE
[751]  TRUE  TRUE  TRUE  TRUE  TRUE  TRUE  TRUE  TRUE  TRUE  TRUE  TRUE  TRUE  TRUE  TRUE

