
Birth-death simulation object with 731 species and 500 extant species

Details for some species:

Extinction times (NA means extant)
[1]        NA 45.780996 58.777010 36.092551  7.481662 34.496417


Speciation times 
[1] 84.89199 84.38228 75.42528 75.34785 60.19330 58.89429


Species parents (NA for initial)
[1] NA  1  1  1  1  1


Species status (extinct or extant)
[1] "extant"  "extinct" "extinct" "extinct" "extinct" "extinct"


For more details on vector y, try sim$y, with y one of
TE TS PAR EXTANT



$TE
  [1]          NA 45.78099572 58.77701015 36.09255056  7.48166178 34.49641731  9.08899556
  [8]          NA          NA          NA 72.94858293 43.42118242          NA 72.71722582
 [15] 55.08035500 73.85971097 50.99322314          NA          NA  2.60458285          NA
 [22] 34.33668250 48.70573773          NA 30.53032465 34.76900990  1.21538783 38.22377083
 [29] 41.10721891          NA          NA          NA          NA 38.12697217          NA
 [36]          NA 44.80824183 16.56142601 21.06112462 55.17239873 28.38364395 42.12856576
 [43] 32.53578412          NA          NA          NA 11.97427725          NA          NA
 [50]  8.10717180 43.20891606 35.33441665 15.81378661 41.63924023          NA 19.39746527
 [57]  1.07165163 51.36190271          NA 29.12896642 42.37409402 34.43602462 38.19709389
 [64] 16.17209635  9.64166078 18.35135700 20.20660544 34.18363669 12.70651434 20.09039908
 [71] 11.18267196 11.03276885          NA 12.63507149          NA          NA  0.35262540
 [78] 20.31871233 34.92499394          NA          NA 11.54105189 38.73066084 39.16662948
 [85] 24.71938771 33.88208890 30.02978980 35.73856409          NA          NA          NA
 [92] 10.07594254  5.82372725          NA 27.02304092 43.06379617 33.31145763          NA
 [99]          NA          NA          NA          NA          NA 28.65443251 26.45478491
[106]          NA          NA          NA          NA 19.54682942 26.29518763 39.64493294
[113]          NA          NA          NA 32.24441273  5.11504145          NA          NA
[120]          NA          NA 31.07742781          NA          NA 11.86764190 23.20939143
[127]          NA  1.51692387  3.37257153          NA          NA          NA          NA
[134] 20.69184533 22.59990788  3.56104852          NA          NA          NA          NA
[141]          NA  0.26624098          NA  8.67630184          NA          NA          NA
[148] 20.55987341 18.54688792 15.90015142 32.55759073 16.99149857 12.07410738  2.99378147
[155]          NA          NA          NA 13.59115446 28.26626341          NA 27.72854820
[162]          NA          NA          NA          NA  0.72278232          NA 17.19676004
[169] 20.85041275 12.50044300          NA          NA          NA          NA          NA
[176]  6.56709698          NA 20.37776682          NA          NA  9.56458371 25.95670496
[183]          NA          NA          NA 11.11452368          NA          NA  2.19639863
[190]  7.39795385          NA          NA  3.96646994          NA 15.53878520          NA
[197]          NA 14.90800860          NA          NA          NA          NA          NA
[204]  3.83725727          NA  1.81005215  3.81012681          NA          NA 10.26235807
[211]  8.21996447          NA 18.21987020  9.82043817 19.14841234          NA          NA
[218]          NA 10.08586252  8.59883271          NA 25.35037698 16.56745069 24.12364265
[225]          NA          NA          NA 13.38862642  1.47588514          NA 20.82885481
[232]          NA          NA  0.70560588  2.15104021  0.35518714          NA 19.88292991
[239] 23.10554860          NA          NA          NA          NA          NA          NA
[246]  9.51570548 13.07225032 21.50130736          NA 15.51181137  5.68460973          NA
[253]          NA          NA          NA          NA          NA          NA          NA
[260]  5.67159088          NA          NA          NA  5.06288461          NA          NA
[267]          NA 21.91370863          NA          NA          NA          NA          NA
[274]          NA          NA          NA          NA 17.32461847          NA  8.39165434
[281]          NA  9.74029952          NA          NA 23.46454886          NA  9.95347256
[288]          NA 13.16020253          NA  3.84440533 15.24380586          NA          NA
[295] 22.03488826          NA 10.88793626  8.30335504          NA          NA 18.25653359
[302]          NA          NA  8.83075439          NA          NA 20.48391541          NA
[309]          NA          NA          NA  5.59639812          NA          NA          NA
[316]          NA          NA  0.23239704          NA          NA          NA          NA
[323]          NA 16.80534556          NA          NA 19.77167917  6.84427220 20.84636842
[330]          NA  1.73372221          NA          NA  5.40214405          NA          NA
[337]          NA          NA  0.19721452 16.09314293          NA          NA          NA
[344]          NA  6.31177151          NA  3.43896933          NA          NA          NA
[351]          NA          NA          NA          NA          NA          NA          NA
[358]          NA          NA          NA          NA          NA          NA  4.73913898
[365]          NA  3.72884086  2.64336366 15.24977626  4.60182864          NA  7.07184950
[372]          NA          NA          NA          NA          NA  3.18100819  0.15609096
[379]          NA          NA          NA          NA          NA          NA          NA
[386]          NA  3.27132665  3.12319460          NA          NA 11.60249873  4.60447012
[393]          NA          NA          NA          NA          NA          NA          NA
[400]          NA          NA  1.61248652          NA          NA          NA          NA
[407]          NA          NA          NA          NA          NA          NA          NA
[414]          NA          NA  8.02820391  1.32123607          NA 17.50080013          NA
[421]          NA          NA          NA  5.16067503          NA          NA          NA
[428]          NA  7.48394305          NA          NA          NA          NA          NA
[435]          NA  9.40155059  3.37094516          NA          NA          NA          NA
[442]          NA  1.78983915          NA          NA  8.01896419  3.50869874          NA
[449]          NA          NA          NA          NA          NA          NA          NA
[456]          NA 15.12417052          NA          NA          NA          NA 12.22899690
[463]  6.27800741          NA          NA          NA          NA          NA          NA
[470]          NA          NA          NA          NA          NA  7.55738118 10.47477410
[477]          NA          NA          NA          NA  0.59175691          NA  9.74347493
[484]          NA          NA          NA          NA          NA          NA          NA
[491]  6.82473700          NA          NA          NA          NA          NA          NA
[498]          NA  9.32944962          NA          NA          NA          NA  1.92433299
[505]  9.70052579          NA          NA          NA          NA          NA          NA
[512]          NA          NA          NA  1.64203987  2.43267280          NA          NA
[519]          NA          NA  1.22447952 11.43892644  3.17658892          NA          NA
[526]  3.83046306  0.85269987  0.22932155          NA          NA          NA          NA
[533]  0.28184601          NA          NA  5.73667583  6.57699756          NA  5.81996380
[540]          NA          NA          NA          NA          NA  7.15190999          NA
[547]          NA          NA          NA          NA          NA          NA          NA
[554]          NA          NA          NA          NA          NA 10.68560311  6.92591533
[561]  3.97046972          NA          NA          NA          NA          NA  3.33563600
[568]  3.53338588          NA          NA          NA          NA          NA          NA
[575]          NA  5.96474188          NA          NA          NA          NA          NA
[582]          NA  9.54511769          NA          NA          NA          NA  4.31988541
[589]          NA          NA          NA          NA          NA          NA          NA
[596]          NA          NA  7.10584765          NA          NA          NA  3.60506097
[603]          NA          NA          NA          NA  6.01807244          NA  4.65691509
[610]          NA          NA          NA          NA          NA          NA          NA
[617]  3.01119608          NA          NA          NA  0.34983687  5.39048800          NA
[624]          NA          NA  3.58939970          NA          NA          NA  2.43849872
[631]          NA          NA          NA          NA          NA  3.68274605  1.42655821
[638]          NA          NA          NA          NA          NA          NA          NA
[645]          NA          NA          NA          NA          NA          NA          NA
[652]          NA          NA          NA          NA          NA          NA          NA
[659]          NA          NA          NA          NA          NA  3.80078100          NA
[666]  0.06349595          NA          NA          NA          NA          NA          NA
[673]          NA          NA          NA          NA          NA          NA          NA
[680]          NA          NA          NA          NA          NA  0.09524595          NA
[687]          NA          NA          NA          NA          NA          NA          NA
[694]          NA          NA          NA          NA          NA          NA          NA
[701]          NA          NA          NA          NA          NA          NA          NA
[708]          NA          NA          NA          NA          NA          NA          NA
[715]          NA          NA          NA          NA          NA          NA          NA
[722]          NA          NA          NA          NA          NA          NA          NA
[729]          NA          NA          NA

$TS
  [1] 84.891986541 84.382284411 75.425282733 75.347854007 60.193296482 58.894288453 41.696819726
  [8] 26.243668002 18.664478370 12.033271170 83.297176819 80.173947393 77.133786795 73.425975170
 [15] 64.773725825 74.435579707 62.407982682 35.100599433 20.854066182 16.830437525  9.706739034
 [22] 59.480473734 56.355021090 56.108625901 47.773622389 58.786104400 55.924264248 47.798250241
 [29] 41.107812950 21.418865210 21.159541866 17.836814796 53.879915140 52.614972121 37.680038610
 [36] 36.067662729 56.580825415 39.290080336 52.704958580 55.395443530 54.498766798 51.464426529
 [43] 50.582844127 46.948848567 43.004714409 26.503076970 20.831962398  4.710458651  1.282445694
 [50] 28.648654372 52.561415592 38.296423788 50.437002329 48.609371918 29.802821491 23.159435199
 [57] 13.797621656 51.845931541 42.787930146 34.803766003 49.042845303 47.552644882 50.188289899
 [64] 48.457729779 43.330733478 43.235079788 49.252161841 43.698024052 44.677638679 37.237987572
 [71] 20.697891562 15.954024395 40.572097193 33.131636655 31.708640669 27.765842675 46.449797820
 [78] 44.017254902 41.934960412 30.821488835 23.693492619 23.222797604 42.796267083 46.408041988
 [85] 40.016473255 47.269820577 41.282268932 38.440033940 36.227459936 36.454849198 31.215983682
 [92] 28.534388636 26.982991137  3.168060986 43.863279150 43.645884456 35.144209300 27.486646872
 [99] 15.643169087  8.498209900  1.047677136 43.035610405 42.377279834 41.518197295 34.275041117
[106] 27.252291634 42.159363759 32.507406773 31.618979104 23.997999654 40.258988936 40.023741734
[113] 11.149205877  1.063373801  0.884720123 35.435453477 25.674367556 20.297951004 12.402900518
[120]  2.003730158 42.389112327 39.040882808 39.766060160 31.059160643 30.638466276 29.791759192
[127] 18.145304104 15.961281927 13.045765734  2.980946493 14.990616859 12.957947092 41.894213807
[134] 34.683562180 32.124646495 18.837101276 13.447415282 11.584222484  5.587039482 29.513659671
[141] 20.580652849 20.525733683 18.273955856 13.476568258 12.166976880 22.005753432 35.627136013
[148] 31.520678496 30.906211640 37.621168782 34.297559507 33.799787514 30.308145034 28.733618538
[155] 10.960237757 27.064803814 32.027005124 16.556070838 31.309966900 27.278796056 35.836307482
[162] 37.679647419 36.179150200 35.458723447 18.681810542  7.529764992  6.786231537 35.603007013
[169] 31.199996406 26.165459463 19.897903386 15.624075681 11.494218033  6.616182083 23.629419422
[176] 22.977309306 25.269713708 30.866186099 29.596903302 15.867067508 34.369353965 30.442742343
[183] 28.991854705 26.881616556 24.167631452 12.427287798  1.242438097 29.351768430 19.853606999
[190] 17.425463164 10.874067379 32.624144140 32.039186866 24.194786628 23.222055500  2.157589320
[197]  1.954521755 28.007127512 32.667538686 19.964160523 19.700232404 15.942322332 17.489337902
[204] 28.094749377 20.312258006 32.635939926 32.013196552 20.759345477 28.335161823 18.907700647
[211] 15.640846806  5.844582839 24.688306287 23.240602603 22.486760835 12.272871848 17.080029586
[218] 17.064975904 22.798282869 10.763937563  4.494009509 31.623374543 25.925059457 30.533566475
[225]  7.872231138  4.495971679  0.833989625 14.370728096  6.069474499  8.269360555 25.184163322
[232] 22.213103983 18.081690147 17.838945760 10.040130289  6.094459011 22.576479806 25.305086366
[239] 27.694763014  9.693926519  1.328361888 29.714595544 28.266360137 17.451238056 15.018481594
[246] 29.391699557 25.794230446 25.135915059 24.091578785 17.794482036 28.372095159 26.031074354
[253]  2.163794784 20.151940284 26.061819953 22.782842565 13.885517625 17.928530800  1.317999534
[260] 18.080493747 12.586139296  4.097801048 14.205594763 12.734411136 20.764304083 16.283035993
[267] 24.929945122 26.598039478  1.479517021 17.262428474 21.367544672 14.271779583 19.468758686
[274] 18.724226168  9.973877584  5.871575758  0.491166268 23.375118816 13.148976157  9.312684435
[281]  5.581975948 13.693995948 10.640463664  2.285624876 27.001129718 25.994918915 16.764249308
[288] 24.782775326 20.915955047 20.361089974 20.787975911 18.993315410 11.560151077  2.294340360
[295] 24.914670916 13.260655730 22.068552368  9.315508356 18.410252470  0.853121046 22.734011203
[302] 12.506221743  5.012046310 20.784453483  3.858079715  1.630799919 23.609430530 12.605284326
[309]  9.131464659  5.464430711 10.943884722 19.240148905 18.669386664 22.983603492 18.403007356
[316]  8.972196854 16.441708456  6.919414036  1.463242106  7.661687344  1.454709525  0.707401851
[323]  0.430166450 18.178070283 16.199193355  8.191793459 20.182844519 19.113748406 20.899463040
[330] 21.542285793 20.818699413  9.195461330 13.983308482  8.719993104 19.931703407  5.738023755
[337]  8.287468460  6.001241553  4.560540088 20.184051729 17.821618186 15.687930584 14.152414810
[344] 18.337475200 16.787991638 13.939776179 13.557863422 11.387544786  8.068978399 16.987650120
[351]  0.821530427 18.159876466 18.132269867 15.775551996 12.964164266 16.065389338  9.370624131
[358] 10.713240599 10.661262159 10.278180848  2.708977649  0.151715108 20.289854592 12.562442224
[365] 11.440625783 17.605255360 16.839447229 16.284909497 16.222845090  5.738422803 13.554349889
[372]  6.523416418  3.315724449 13.450030316 13.250476261  5.148489531 18.803491166  5.848914769
[379] 16.190643152  5.212529892  8.486026092  2.677845475  7.775085617  4.589016276  7.122087388
[386] 18.450776085  6.429832808  5.811890855  4.547517484  1.837782676 14.757569104 11.610592196
[393]  7.947910179  6.621619992  9.874673821  9.647691956  8.698397235  6.489041681 13.629762030
[400]  6.589650492 13.497302972 15.954741481  1.953456698 17.922924009  8.357890227  8.518015928
[407]  4.724238906  4.123360116  2.609493204  6.445929396  2.864102089 17.415542330 13.784624068
[414]  9.030784367  2.758897141 13.515165765  6.310131245  0.808247838 18.283638334  8.077900005
[421]  7.340133291  3.345928102  8.061185640  5.724484318 15.714707030  7.636805438  7.024372672
[428] 17.416620957 13.041246822 10.323599479  7.979263016 16.188415598 13.551859107  8.322663555
[435]  3.864092606 13.009853590  3.644640095  2.598628302  2.357903046  5.757003443  5.718868596
[442]  4.238186481  2.894785077 10.339364347  6.844450442 14.419391597 14.393614747 12.638343608
[449]  4.243799487  9.449356875 15.212336336  2.277062413 17.133172694 13.920725858  4.884889475
[456]  1.881463531 16.608271044 15.990520185  0.727803587 16.767647634 12.846972272 14.523676842
[463] 13.969974982 12.963357908 12.561115643  2.078216441  1.952306727  8.864328929  5.653275534
[470] 15.730024993  4.893537222  4.413537092  3.314228223  9.180757863 16.160647641 12.103359321
[477]  2.686601118  2.572475306  6.610596970  8.557408439  5.941619780  3.872884136 16.043113178
[484]  6.218688823 11.117710937 15.910760649 11.390748151  7.053686168  6.879042194 11.734507155
[491] 10.069861539  4.701144407  3.822615514  5.413045510  6.487934726  0.746604462  6.976666443
[498]  4.238195063 11.426109727  7.408827254 12.305998078 11.348065522  6.871858305 12.826455720
[505] 11.236922092  8.250557667 11.924448482 11.918220126  4.983432256  8.035737593 14.235284896
[512]  0.877488190 10.692735843  1.201598711  2.124091712 10.261208836  8.742088923  7.456789104
[519]  4.812795996  4.169811675  3.215939886 13.454347130  8.733178224  7.397424325  6.660970288
[526] 12.190311723 12.107583612  8.681085084 11.398137495  5.698300376  5.460585117  0.006016645
[533]  1.328727439 11.374271959  2.255788791 11.033867547 10.240283569  3.180206947 12.704225112
[540]  3.415329154 12.525343885 10.377807878  7.492436372  6.792997877  8.778824773  0.770296316
[547]  6.291598631  3.926859894 11.638210269  9.896867380  8.323783360 11.416349568  4.265678611
[554] 11.533441164 11.360540154  8.745287204 11.936262517  8.881332110 10.738379657  8.972427472
[561] 10.681699467  3.456123232  4.739362599  0.533229921  5.651060489  5.673345553  4.691450689
[568]  3.770283842 10.058881033  5.048563614  1.515582597  6.204129052  6.012824798  4.543677953
[575]  3.029141575  9.498526163  9.190208775  6.927890318  9.871447609 11.063590801  4.350942482
[582] 10.566052892 10.299863494  6.092686471  2.207081257  6.378191585  7.668192296  5.318901742
[589]  5.032400452  8.691285734  1.475691639  7.159338532  2.072900350  3.084231769  2.969549144
[596]  8.697396477  8.010551618  7.664431270  4.538537538  1.150330827  4.479302830  8.686370774
[603]  4.439797861  3.721907191  8.190465724  8.898334655  8.135625730  0.108859224  5.402053164
[610]  2.803728085  7.763889655  4.830297325  2.401000882  6.740974588  5.544303408  0.507137639
[617]  4.230392631  4.868970538  3.754494550  2.638381724  1.004323308  6.866807256  3.974751444
[624]  5.053330419  6.812170051  6.464543156  0.672224736  7.116996200  6.053326129  7.553528234
[631]  4.776346533  5.069507635  1.449073705  1.173955306  0.333667697  5.995299608  4.924577875
[638]  3.596682348  5.260631339  5.012716223  0.059441151  5.837900505  7.134457549  6.623770637
[645]  5.223152759  4.257364746  1.165847906  0.727215115  3.758937879  6.161428882  4.053000300
[652]  0.979994741  6.545363623  5.395244850  3.557466530  4.229371020  1.635842846  3.104749486
[659]  3.533561072  2.367215036  2.006893968  5.339902479  5.035256692  4.076054892  4.937699042
[666]  2.955783850  5.004642226  2.409774395  5.025554987  3.809622697  0.095787485  3.593645897
[673]  2.056604772  3.183254166  4.644732492  5.745132048  2.196494279  1.872811149  3.244902723
[680]  3.720081232  4.287348336  4.680644783  1.315145454  0.417619099  4.205023133  4.294203732
[687]  3.932944734  1.535589676  2.485581866  1.012930655  0.477673038  2.871962423  1.226006881
[694]  2.479444963  2.273843726  4.304194658  1.342757496  3.016309911  2.555973081  3.717982698
[701]  1.959772444  4.226834909  0.539222611  3.736657047  2.262437409  2.818956295  0.701381103
[708]  0.259631390  3.131104505  0.453585196  1.664717724  1.615783449  2.572054329  0.290269565
[715]  2.347688173  1.371294314  2.199585817  1.481026241  2.206452489  1.956679560  1.545756977
[722]  0.360338976  0.970266558  1.403834887  1.217809009  0.829169558  0.834126020  0.741679703
[729]  0.335921500  0.223572535  0.249563955

$PAR
  [1]  NA   1   1   1   1   1   1   1   1   1   2  11  11  11  12  13  13  13  13  13  13   3   4
 [24]   4   4  15  15   5   5   5   5   5  22  22  22  22  26  26  37  23  23  24  24  24  24  24
 [47]  24  24  24  27  41  41  33  33  33  33  33  39  39  39  34  34  51  51  51  42  43  43  53
 [70]  53  53  53  67  67  67  67  61  61  54  64  64  64  28  25  25  62  62  62  62  44  44  44
 [93]  44  44  77  77  77  77  77  77  77  84  84  69  78  78  95  95  95  65  66  66 102 102 102
[116]  45  45  45  45  45  83  83  59  59  59  59  59  59  59  59 121 121 103 103 103 107 107 107
[139] 107 133 133 133 133 133 133   7  87  87  87  73  73  73  73  73  73 111 123 123  38  38 122
[162]  88  88  52  35  35  35 162 162 162 162 162 162 162 150 150  70  90  90  90  89  89  89  89
[185]  89  89  89 163 163 163 163  36  36  36  36  36  36 147 164 164 164 164  18 152 152  74  74
[208]  74 199 199 199 199 206 206 206 206 192 192 108 108 108 135 135 193 193 193 157 207 207  75
[231] 109  91  91  91  91  91 169 124 149  80  80 125 125 153 153  55  55  55  55  55 242 242 179
[254] 140 246 188 188 183 183 154 154 154  50  50  92  92 251 209 209 243 204 204 198  76  76  76
[277]  76 239  98  98  98 106 106 106 156  93  93 184 184 184  46  46  46  46   8 170 255 255 252
[300] 252 286 286 286 117 177 177 267 267 267 267 288 213 213 194 194 194 185 185 185 249 249 249
[323] 249  81 175 175 195 195  56 314 314 314 176 176 219 256 237 237 237 215 232 232 232 146 146
[346] 146 146  30  30 271  31 289  19  19  47 331 331 291 291 265 265 265 208 141 141 142 142 142
[369] 142 142 290 290 290 118 118 118 363 363 340 254 200 200 335 335 171 189 189 189 201 201 273
[392] 273 273 273 312 312 312 312 328 136 377 274 274 165 165 313 313 313 313   9   9 386 386 299
[415] 299 315 315 315 344 344 344 344 143 143 352 353 353 260 260 260 260 404 404 404 404  32  32
[438]  32  32 341 341 341 341 366 366 203 203 203 244 190 428 412 270 270 270 270 453 453 453 217
[461] 217 218 218 218 218 218 218 367 367  20  20  20  20 345 457 317 317 266 369 325 379 379 432
[484] 432 475 356 356 356 356 483 483 458 458 128 202 202 486 180 354 354 470 470 425 342  99  99
[507] 211 211 172 245 131 131 447 272 511 343 333 333 346  57  57 282 347 347 433 416 401 144 374
[530] 374 374 374 137 296 296 375 279 279 129 129 429 464 132 132 461 461 504 504 539 539 539 308
[553] 261 364 465 465 541 119 526 526 145 527  10 508 490 549 138 138 293 554 554 365 365 365 552
[576] 529 529 529 487 555 555 505 485 485 485 580 536 311 311 191 358 561 283 582 582 444 360 491
[599] 275 395 579 240 240 450 357 298 577 474 414 414 606 606 606 558 556 556 517 596 590 590 528
[622] 406 100 551 337 230 230 605 605 349 423 431 393 225 383 611 611 611 320 426 426 166 543 543
[645] 543 518 524 592 643 628 628 488 427 503 544 614 614 394 174 174 174 479 400 400 653 495 410
[668] 410 387 387 586 547 229 629 378 440 676 676 370 336 441 281 531 531 654 662 662 632 624 663
[691] 669 640 455 618 612 221 221 601 472 581 686 449 449 656 702 520 408 482 680 655 540 415 409
[714] 478 713 699 668 668 613 613 535 717 673 306 697 533 725 634 101 728 710

$EXTANT
  [1]  TRUE FALSE FALSE FALSE FALSE FALSE FALSE  TRUE  TRUE  TRUE FALSE FALSE  TRUE FALSE FALSE
 [16] FALSE FALSE  TRUE  TRUE FALSE  TRUE FALSE FALSE  TRUE FALSE FALSE FALSE FALSE FALSE  TRUE
 [31]  TRUE  TRUE  TRUE FALSE  TRUE  TRUE FALSE FALSE FALSE FALSE FALSE FALSE FALSE  TRUE  TRUE
 [46]  TRUE FALSE  TRUE  TRUE FALSE FALSE FALSE FALSE FALSE  TRUE FALSE FALSE FALSE  TRUE FALSE
 [61] FALSE FALSE FALSE FALSE FALSE FALSE FALSE FALSE FALSE FALSE FALSE FALSE  TRUE FALSE  TRUE
 [76]  TRUE FALSE FALSE FALSE  TRUE  TRUE FALSE FALSE FALSE FALSE FALSE FALSE FALSE  TRUE  TRUE
 [91]  TRUE FALSE FALSE  TRUE FALSE FALSE FALSE  TRUE  TRUE  TRUE  TRUE  TRUE  TRUE FALSE FALSE
[106]  TRUE  TRUE  TRUE  TRUE FALSE FALSE FALSE  TRUE  TRUE  TRUE FALSE FALSE  TRUE  TRUE  TRUE
[121]  TRUE FALSE  TRUE  TRUE FALSE FALSE  TRUE FALSE FALSE  TRUE  TRUE  TRUE  TRUE FALSE FALSE
[136] FALSE  TRUE  TRUE  TRUE  TRUE  TRUE FALSE  TRUE FALSE  TRUE  TRUE  TRUE FALSE FALSE FALSE
[151] FALSE FALSE FALSE FALSE  TRUE  TRUE  TRUE FALSE FALSE  TRUE FALSE  TRUE  TRUE  TRUE  TRUE
[166] FALSE  TRUE FALSE FALSE FALSE  TRUE  TRUE  TRUE  TRUE  TRUE FALSE  TRUE FALSE  TRUE  TRUE
[181] FALSE FALSE  TRUE  TRUE  TRUE FALSE  TRUE  TRUE FALSE FALSE  TRUE  TRUE FALSE  TRUE FALSE
[196]  TRUE  TRUE FALSE  TRUE  TRUE  TRUE  TRUE  TRUE FALSE  TRUE FALSE FALSE  TRUE  TRUE FALSE
[211] FALSE  TRUE FALSE FALSE FALSE  TRUE  TRUE  TRUE FALSE FALSE  TRUE FALSE FALSE FALSE  TRUE
[226]  TRUE  TRUE FALSE FALSE  TRUE FALSE  TRUE  TRUE FALSE FALSE FALSE  TRUE FALSE FALSE  TRUE
[241]  TRUE  TRUE  TRUE  TRUE  TRUE FALSE FALSE FALSE  TRUE FALSE FALSE  TRUE  TRUE  TRUE  TRUE
[256]  TRUE  TRUE  TRUE  TRUE FALSE  TRUE  TRUE  TRUE FALSE  TRUE  TRUE  TRUE FALSE  TRUE  TRUE
[271]  TRUE  TRUE  TRUE  TRUE  TRUE  TRUE  TRUE FALSE  TRUE FALSE  TRUE FALSE  TRUE  TRUE FALSE
[286]  TRUE FALSE  TRUE FALSE  TRUE FALSE FALSE  TRUE  TRUE FALSE  TRUE FALSE FALSE  TRUE  TRUE
[301] FALSE  TRUE  TRUE FALSE  TRUE  TRUE FALSE  TRUE  TRUE  TRUE  TRUE FALSE  TRUE  TRUE  TRUE
[316]  TRUE  TRUE FALSE  TRUE  TRUE  TRUE  TRUE  TRUE FALSE  TRUE  TRUE FALSE FALSE FALSE  TRUE
[331] FALSE  TRUE  TRUE FALSE  TRUE  TRUE  TRUE  TRUE FALSE FALSE  TRUE  TRUE  TRUE  TRUE FALSE
[346]  TRUE FALSE  TRUE  TRUE  TRUE  TRUE  TRUE  TRUE  TRUE  TRUE  TRUE  TRUE  TRUE  TRUE  TRUE
[361]  TRUE  TRUE  TRUE FALSE  TRUE FALSE FALSE FALSE FALSE  TRUE FALSE  TRUE  TRUE  TRUE  TRUE
[376]  TRUE FALSE FALSE  TRUE  TRUE  TRUE  TRUE  TRUE  TRUE  TRUE  TRUE FALSE FALSE  TRUE  TRUE
[391] FALSE FALSE  TRUE  TRUE  TRUE  TRUE  TRUE  TRUE  TRUE  TRUE  TRUE FALSE  TRUE  TRUE  TRUE
[406]  TRUE  TRUE  TRUE  TRUE  TRUE  TRUE  TRUE  TRUE  TRUE  TRUE FALSE FALSE  TRUE FALSE  TRUE
[421]  TRUE  TRUE  TRUE FALSE  TRUE  TRUE  TRUE  TRUE FALSE  TRUE  TRUE  TRUE  TRUE  TRUE  TRUE
[436] FALSE FALSE  TRUE  TRUE  TRUE  TRUE  TRUE FALSE  TRUE  TRUE FALSE FALSE  TRUE  TRUE  TRUE
[451]  TRUE  TRUE  TRUE  TRUE  TRUE  TRUE FALSE  TRUE  TRUE  TRUE  TRUE FALSE FALSE  TRUE  TRUE
[466]  TRUE  TRUE  TRUE  TRUE  TRUE  TRUE  TRUE  TRUE  TRUE FALSE FALSE  TRUE  TRUE  TRUE  TRUE
[481] FALSE  TRUE FALSE  TRUE  TRUE  TRUE  TRUE  TRUE  TRUE  TRUE FALSE  TRUE  TRUE  TRUE  TRUE
[496]  TRUE  TRUE  TRUE FALSE  TRUE  TRUE  TRUE  TRUE FALSE FALSE  TRUE  TRUE  TRUE  TRUE  TRUE
[511]  TRUE  TRUE  TRUE  TRUE FALSE FALSE  TRUE  TRUE  TRUE  TRUE FALSE FALSE FALSE  TRUE  TRUE
[526] FALSE FALSE FALSE  TRUE  TRUE  TRUE  TRUE FALSE  TRUE  TRUE FALSE FALSE  TRUE FALSE  TRUE
[541]  TRUE  TRUE  TRUE  TRUE FALSE  TRUE  TRUE  TRUE  TRUE  TRUE  TRUE  TRUE  TRUE  TRUE  TRUE
[556]  TRUE  TRUE  TRUE FALSE FALSE FALSE  TRUE  TRUE  TRUE  TRUE  TRUE FALSE FALSE  TRUE  TRUE
[571]  TRUE  TRUE  TRUE  TRUE  TRUE FALSE  TRUE  TRUE  TRUE  TRUE  TRUE  TRUE FALSE  TRUE  TRUE
[586]  TRUE  TRUE FALSE  TRUE  TRUE  TRUE  TRUE  TRUE  TRUE  TRUE  TRUE  TRUE FALSE  TRUE  TRUE
[601]  TRUE FALSE  TRUE  TRUE  TRUE  TRUE FALSE  TRUE FALSE  TRUE  TRUE  TRUE  TRUE  TRUE  TRUE
[616]  TRUE FALSE  TRUE  TRUE  TRUE FALSE FALSE  TRUE  TRUE  TRUE FALSE  TRUE  TRUE  TRUE FALSE
[631]  TRUE  TRUE  TRUE  TRUE  TRUE FALSE FALSE  TRUE  TRUE  TRUE  TRUE  TRUE  TRUE  TRUE  TRUE
[646]  TRUE  TRUE  TRUE  TRUE  TRUE  TRUE  TRUE  TRUE  TRUE  TRUE  TRUE  TRUE  TRUE  TRUE  TRUE
[661]  TRUE  TRUE  TRUE FALSE  TRUE FALSE  TRUE  TRUE  TRUE  TRUE  TRUE  TRUE  TRUE  TRUE  TRUE
[676]  TRUE  TRUE  TRUE  TRUE  TRUE  TRUE  TRUE  TRUE  TRUE FALSE  TRUE  TRUE  TRUE  TRUE  TRUE
[691]  TRUE  TRUE  TRUE  TRUE  TRUE  TRUE  TRUE  TRUE  TRUE  TRUE  TRUE  TRUE  TRUE  TRUE  TRUE
[706]  TRUE  TRUE  TRUE  TRUE  TRUE  TRUE  TRUE  TRUE  TRUE  TRUE  TRUE  TRUE  TRUE  TRUE  TRUE
[721]  TRUE  TRUE  TRUE  TRUE  TRUE  TRUE  TRUE  TRUE  TRUE  TRUE  TRUE

