
Birth-death simulation object with 716 species and 500 extant species

Details for some species:

Extinction times (NA means extant)
[1] 42.19915 46.19377 12.74770       NA       NA 57.51353


Speciation times 
[1] 91.59813 74.38485 70.78142 60.57419 58.05871 57.96349


Species parents (NA for initial)
[1] NA  1  1  1  1  1


Species status (extinct or extant)
[1] "extinct" "extinct" "extinct" "extant"  "extant"  "extinct"


For more details on vector y, try sim$y, with y one of
TE TS PAR EXTANT



$TE
  [1] 42.19915105 46.19376996 12.74769829          NA          NA 57.51352790          NA
  [8]          NA 52.43862610 46.60604190 63.12928638 28.00195976 39.08277177 21.06392952
 [15] 23.48977371 10.86081134          NA 42.64333382 18.37938312  7.82856584  6.56163855
 [22]  1.57426272          NA          NA 13.14803001          NA 14.54749357          NA
 [29]          NA 23.56901542          NA 25.67208729  5.26092624 26.04727143          NA
 [36]  0.29803404          NA          NA 23.78556239          NA 26.77578193          NA
 [43]  4.76091196          NA          NA          NA 22.12997220          NA          NA
 [50] 28.05917721          NA          NA          NA 20.90195712 43.76627768          NA
 [57]          NA 26.48994319 12.24477021 28.42143283          NA          NA  7.04993878
 [64]          NA  3.33164333          NA          NA          NA 41.27316401 13.29224733
 [71]          NA          NA          NA 33.46182273          NA  0.32991823          NA
 [78]          NA  4.31434635 24.96516039          NA 19.15109550          NA          NA
 [85]          NA 28.04320837 21.38392005 12.85428758 11.11613425 13.74801966 16.15108706
 [92]          NA 19.25836838          NA  9.26118160 30.57316829 25.04984197          NA
 [99]          NA 16.92289537          NA 34.41638205          NA          NA  0.48481004
[106] 12.30428740          NA          NA 22.52849630          NA          NA          NA
[113] 21.23475759          NA  7.44426986  9.86657957  9.19454165 33.26401894          NA
[120] 25.28054796  2.04714581          NA          NA          NA          NA 27.44550851
[127]          NA 10.76622364          NA 19.47167712          NA  7.76731477          NA
[134]          NA          NA 15.00112082  2.03450560 16.38675656 24.87164024 26.33841286
[141]          NA 11.16655282 10.56428385          NA 17.97384830          NA          NA
[148]  3.67805488 24.15303807          NA  8.50874861  5.00717770 11.83865736 23.94983916
[155] 25.44324808          NA  0.76075898  4.58317707          NA 16.98681765          NA
[162]          NA  7.65683105          NA 17.94725917          NA          NA          NA
[169]          NA 19.23868130 23.40054356  0.36330731  1.19882452          NA          NA
[176]          NA          NA  8.77092299  1.20839664 10.45718395          NA          NA
[183]          NA          NA          NA  3.18106448  1.49773383  0.95932787 21.78897842
[190] 18.96525077          NA  4.08136736          NA          NA          NA 19.42439861
[197]          NA 21.24712186          NA          NA  0.52342389  2.83480195 20.87965483
[204]          NA  9.84475843          NA          NA 24.45664232 21.53064726          NA
[211] 21.25433482  9.10122177 11.25032037          NA  6.34874588 14.16145354          NA
[218]  0.47171734          NA          NA          NA          NA          NA          NA
[225]  4.58319226          NA          NA          NA          NA 20.31915665          NA
[232]          NA          NA  8.43588266          NA          NA          NA          NA
[239]  8.10258408          NA          NA 21.40975768          NA  2.19734984          NA
[246] 12.52630040 19.95392652          NA          NA          NA          NA          NA
[253]  4.21277497 14.79964928          NA          NA          NA          NA  7.64602438
[260]          NA          NA          NA 24.45627499          NA          NA          NA
[267]          NA          NA 13.95461165          NA          NA          NA 18.51670606
[274]          NA          NA          NA  9.31099897  0.38984777          NA          NA
[281]  7.49234875          NA          NA  8.05601559          NA          NA  7.15867091
[288]  4.02215599  5.52504832  0.65368114  2.70117468          NA          NA          NA
[295]  2.72788234  2.95333754          NA          NA          NA          NA          NA
[302] 17.00971707          NA          NA          NA          NA  2.61559219          NA
[309]          NA          NA          NA          NA          NA  8.42052521          NA
[316]          NA          NA          NA          NA 11.32863308          NA          NA
[323] 11.91077418          NA          NA          NA          NA          NA          NA
[330]          NA  0.72489790 16.59085613          NA          NA          NA  7.37430704
[337]          NA          NA          NA          NA          NA          NA          NA
[344]          NA          NA          NA          NA          NA          NA          NA
[351]          NA          NA  3.60394166  0.04981907          NA          NA          NA
[358]          NA          NA          NA          NA          NA          NA  7.34306898
[365]  3.86815558          NA 16.45087731          NA  0.61075703 17.15108200  7.83599338
[372]          NA 14.46010779          NA  2.48185399          NA 13.52556703          NA
[379]          NA          NA  5.06782779  1.13886119          NA          NA  7.57065101
[386]          NA          NA          NA  2.61298388          NA          NA          NA
[393]          NA  3.59568090  2.40096657          NA          NA          NA 11.92564504
[400]          NA          NA          NA          NA          NA          NA          NA
[407] 10.35236546          NA  2.67116258          NA          NA          NA          NA
[414]          NA          NA          NA          NA          NA          NA  4.34633475
[421]          NA          NA  2.89763191          NA          NA          NA  0.17419407
[428]          NA          NA          NA          NA  3.18516097  7.17518875          NA
[435]  2.15019940          NA  1.50008524          NA  5.70759723          NA          NA
[442]  7.90072177          NA          NA          NA          NA          NA          NA
[449]          NA          NA  4.51412703          NA          NA  7.98388627          NA
[456]  7.11164027          NA          NA          NA          NA          NA 13.53184319
[463]          NA          NA 11.29899049          NA  0.11837993          NA          NA
[470]          NA          NA          NA          NA 11.70208239  1.55747503  3.27742861
[477]          NA          NA          NA          NA  1.87060747          NA          NA
[484]          NA          NA          NA          NA  4.65832744          NA          NA
[491]          NA          NA          NA          NA          NA          NA          NA
[498]          NA          NA          NA          NA          NA  1.54865623          NA
[505]          NA  0.05937132  8.01559724          NA          NA          NA          NA
[512]          NA          NA  6.06180207          NA          NA          NA          NA
[519]          NA          NA          NA          NA          NA  6.35222967          NA
[526]          NA          NA  2.95584482          NA          NA          NA          NA
[533]          NA          NA          NA          NA          NA          NA          NA
[540]          NA  3.19817968          NA  6.19961196          NA          NA          NA
[547]          NA          NA          NA          NA  8.75026944          NA          NA
[554]          NA          NA          NA          NA          NA          NA          NA
[561]  4.08188975          NA          NA          NA          NA  0.61368898          NA
[568]          NA  2.95857836          NA          NA  6.91147159          NA          NA
[575]          NA  5.50548927          NA          NA          NA          NA  2.59182070
[582]          NA  0.46190133          NA          NA          NA          NA          NA
[589]          NA          NA          NA          NA          NA  5.53816670          NA
[596]          NA          NA          NA          NA          NA          NA  7.65311928
[603]          NA          NA          NA  0.10886955          NA          NA          NA
[610]          NA          NA          NA          NA          NA          NA          NA
[617]          NA          NA          NA  3.12314314          NA          NA          NA
[624]          NA          NA          NA          NA          NA  0.97670065          NA
[631]          NA          NA          NA          NA          NA          NA          NA
[638]          NA          NA          NA          NA          NA          NA          NA
[645]          NA          NA          NA          NA          NA          NA          NA
[652]          NA          NA  0.16174173          NA          NA          NA          NA
[659]          NA  1.77464210          NA          NA          NA          NA          NA
[666]  1.11555852          NA          NA          NA          NA          NA          NA
[673]          NA          NA          NA          NA          NA          NA          NA
[680]          NA          NA  3.93134787          NA  3.11429779          NA          NA
[687]          NA          NA          NA          NA          NA  3.31027714          NA
[694]          NA          NA          NA          NA          NA          NA          NA
[701]          NA          NA          NA          NA          NA          NA          NA
[708]          NA          NA          NA          NA          NA          NA          NA
[715]          NA          NA

$TS
  [1] 91.598126679 74.384849794 70.781422165 60.574192974 58.058705364 57.963486423 54.861661989
  [8] 49.607750752 65.019910770 47.166721455 69.541236950 59.787350964 58.802779370 54.632660751
 [15] 27.728588047 24.004230925 13.161826088 53.558947910 26.613696342 15.938289178 13.201140402
 [22] 11.402088989  7.409869436  1.023093703 56.750441334 51.907562666 51.490885840 39.049807183
 [29] 36.534644325 34.811967988 48.759040160 48.398880305 43.587143626 36.187583637 27.554753600
 [36]  7.212008546 25.402572312 13.928490569 31.165076264 30.321195864 27.395988682 26.755081735
 [43] 24.233752667 13.034064963 10.767530545 50.356658339 37.616199875 33.143417291 31.876100084
 [50] 47.627668507 38.651904172 29.695121773 25.917984444 24.394144557 51.054412132 40.962623189
 [57] 39.978965505 27.625934746 38.420211427 33.277987079 26.486849413 26.094388207 22.108778967
 [64] 18.267329129 14.981184782  8.391883521  4.232214907 48.442025779 48.383679174 20.328912384
 [71]  7.498869443  6.181900767  1.402171818 38.987700006 36.189629899 32.209619743 13.585822148
 [78] 11.808874820  5.185168212 40.382585787 29.545120479 20.031172072 13.814644984  6.006267617
 [85] 40.658175246 31.411349931 43.280919132 43.849745039 39.066242361 32.845525337 17.925053873
 [92] 35.603951229 22.170486445 21.262078618 10.163426185 39.050885247 29.322737773 28.844790641
 [99] 26.019947743 17.699366532 37.679275874 37.059389272 34.620652075 13.218191236 36.372208270
[106] 35.780583285 34.432350170 33.461065058 36.259566427 33.971922134 15.717156107  8.567679373
[113] 33.453968180 19.663807670 15.829093283 13.314708922 32.050042342 37.456173623 34.765595970
[120] 25.918516601 11.466558833 10.191514520  4.836512097  3.893223894 38.307870783 29.921892450
[127] 24.901247483 13.470911507 23.274327998 20.316961353 30.814642057 19.383733765 27.076410131
[134] 26.246488180 19.791058238 15.610995331  3.879910427 36.563299774 33.964066539 33.105404238
[141] 28.966538008 27.499568226 26.186804930 21.047808482 19.356518311 18.634713170  6.512977465
[148] 30.776107861 25.670332551 20.123177055 16.001575129 15.703248204 32.171716991 27.415204158
[155] 29.052195448 23.911482121 10.620148962  6.497988475 32.680092151 28.585561206 23.249245063
[162] 33.166343213 10.651820374 33.907663253 33.097987217 12.394372268  2.115874026 24.099010580
[169] 16.282224360 30.474073924 26.880572396  7.447084818  5.619006908 25.255672035  9.878732398
[176] 32.313136890 24.698433954 29.456752942 29.254635767 21.305566001 30.414343365 15.997655687
[183] 11.501919704  7.349320098  2.794519088 30.287912712 21.960204206  1.471050289 31.951513463
[190] 29.340331101 25.862383473 23.234143531 22.324391852 15.012185486 29.729950232 20.374010963
[197] 27.724858460 24.724282602 25.561287826 24.896235500 16.336062551 13.304887046 25.038247383
[204] 19.121433484 11.771047028  4.250930087  2.595080590 28.565236673 27.389244368 19.661541114
[211] 29.447568567 21.427684487 12.198150533 20.393542545 19.348503864 17.561173753  1.472300765
[218] 19.867821488 11.777568511  2.994635711 28.704258756 17.816993328 17.684186616 15.553965246
[225] 12.486711786  2.430681865  1.334289174  9.317993759 23.405736792 27.391188040 21.402244024
[232]  6.218020094  5.863786891 16.371655088  4.498686201  3.198701422 18.694960220 17.601852595
[239] 17.219268826  1.505369766 25.802313185 23.511218789 14.582102163  7.884818399  0.281967968
[246] 25.024995477 26.604076921 22.077494592 22.000924875  8.185557282 17.764119260 17.425483261
[253] 27.203819233 23.411501456  8.322956715 25.220232465 18.396324817  1.906694849 21.373907959
[260] 18.840026458 10.761137701  0.580793707 24.654342172 19.670039772  2.517639680  0.156043076
[267]  2.465755002  0.179465375 23.613957967 22.917309579  7.093149446 24.991547726 23.576251855
[274]  7.123553803  6.531336617  2.933884806 18.078960817  8.832348598  6.403970890  2.523811054
[281] 12.710288999  3.253438751 22.462894056 20.241468326 14.579382395  1.583291810 13.040449300
[288] 10.073338847  7.370139297  1.994116522 25.052113732 17.591683290 15.544803225  2.086216992
[295] 17.362248315  4.153741444 22.516828247 21.549548487 23.706782706 19.426293568 22.019300928
[302] 18.312625174 15.365166779 13.078854757 23.458238082 13.201998976 16.606191273 15.689921307
[309]  6.678759425 20.616971334 16.257148949 11.969177234 10.122444234 22.414730518 20.461718907
[316] 20.214839877 16.958887280 20.887240212 19.374422150 19.261696309 17.543649032 21.795593557
[323] 16.525706964 21.359862434 13.985416091  9.923139413  0.625899897  9.366128722 19.173643672
[330] 10.762381355 16.537014990 20.704187322 15.262501615  2.730856475  8.894088386 22.227596721
[337] 20.567893759  9.426886353 21.731995025  2.943824236 13.924900512 18.885940457 12.510024062
[344]  4.963239157  2.870941354  8.750505980  8.096299099  8.313579276  5.111494290 10.739302337
[351] 10.756609646  6.653029710  4.480997930  3.582482963 14.167174769  2.820682105  1.464322387
[358] 10.829022219 15.553263743  9.752225318 15.774935438  1.288542498 17.058984098 16.196074819
[365] 13.956379325  2.141386972 19.613082212 16.479305512 20.164797119 17.717424104  9.253718699
[372] 14.055624142 20.302238253 18.985403542  3.723926255 20.258424114 18.639035199 11.326794536
[379]  9.655834777 17.404767267 14.789434681  2.762474111 12.990359269  4.479163276 16.550409398
[386] 19.966125026  5.063567478  4.486323109 16.987789805 14.387311699  7.826556439  0.416526534
[393]  0.143681811 18.981687211 17.539188661  3.523860311 12.105689914  3.064134430 15.400843253
[400] 11.633423440  2.239297157 13.289458890  3.945914891 16.408154721  6.322456605  3.160737890
[407] 18.258114805  8.477539852 16.817937977  6.617309837  3.551137316  6.316549750  5.796628527
[414] 10.587711667  9.858871315  2.310922704  0.953801013  0.396269103  5.846317289 10.744816301
[421]  3.747344403  2.802190319 13.579541920 10.940063890 16.973260909  0.042399512 18.301731431
[428] 14.463766388 17.729314886 17.801374475 12.731033839 12.623306503 12.494764169  8.419966446
[435]  2.491827635 12.879128902 13.233843920 16.737785650  7.641980449  9.790410357  1.534852669
[442] 12.341192170  8.413338241 17.554817890  6.678851269 11.141398299  6.577963290  2.527583709
[449]  2.354385780  6.974606345  6.902095616 16.090086575 15.346967130 14.159843394  0.237412889
[456] 13.644464515 10.777933352  9.109191355  5.189153048  2.921792463  8.314112582 15.882320818
[463]  8.614337728  7.418747829 13.308459021  9.380957344 12.601600674 11.908514961  9.123136023
[470]  1.856936053  7.131313184 11.596603405  6.604334449 15.248098920 14.594772986 14.324755142
[477]  6.299870788  9.710398057  9.221842174  0.219709414 10.047653396  7.421896574  1.899371577
[484]  5.947621799  3.838017021 14.378115422  9.187322979  5.582586641  2.545127716  9.311511043
[491]  7.848910043  6.857593502 10.934751201  6.584142032  6.078988686  3.667187048  9.876106483
[498]  8.393775782 11.751379483  9.173845897  5.615456571  7.631206548  7.611212920  2.004260755
[505]  0.325765179 13.699807877  9.703670571  4.918073591 12.198786683 12.032638642  9.264161418
[512]  1.279347047 10.498960408  7.650802248  5.182301217  3.644562402 11.450811890  9.487683463
[519]  5.740923469  4.295438004  4.223145784  2.038163423  0.296198534  9.426067761 11.424645794
[526] 10.133511394  7.497481213  8.618818095 11.127363688  4.981056310 12.857738156  0.072723664
[533]  7.461788995  4.121357606 11.817110981  1.622898458  8.732596497  4.610150852  1.285710875
[540] 11.882279453  9.124756124  1.787611949 11.761688304 10.358688471  4.823496838  0.106432158
[547] 10.713554001  3.574221754 10.954192965  5.934083459 10.304802127  7.421256212  4.344026611
[554]  8.675078934  8.161107328  7.095475975  6.522676728  4.474282877  3.465280689  9.933431914
[561] 10.927596313 10.621555186  6.720961366  4.436188760  6.811190536  3.518640624  1.900470357
[568]  0.600788535  8.274774490  9.947856227  5.148812388 10.441831990  0.410992864  9.476711329
[575]  2.453700527 10.113842562  5.327314329  9.075506408  3.655102783  2.333726573  4.422570997
[582]  4.820370365  4.959880357  9.644703402  5.612695834  3.985149746  8.981207572  5.181833077
[589]  6.465993261  8.407411594  3.793474309  3.883730591  3.322719155  6.945120989  7.413712136
[596]  0.073301682  1.858083562  1.986970628  0.131930622  3.672893820  6.307169623  8.185886220
[603]  7.552305452  6.080238279  6.029030122  5.527557740  7.343992517  0.890339315  4.456781963
[610]  0.158475916  7.519170600  2.456616414  1.109004323  7.058322403  5.006549807  4.755730720
[617]  6.396903745  0.729008238  6.583047526  7.231940168  5.632071937  5.007033092  4.272594013
[624]  2.771267785  6.822290386  6.473582905  6.337598829  2.398718755  1.754025944  0.600552257
[631]  2.400404712  6.497121104  1.037808761  3.940580334  6.734612674  1.588977767  1.662880707
[638]  0.159145155  5.769522746  3.177418099  6.081198501  5.273486780  6.697114097  4.074155940
[645]  6.777856783  6.671984746  4.492507703  4.146667715  6.038833385  5.820314785  2.204282463
[652]  2.013566361  1.047070653  4.605660974  3.505367601  3.894449580  4.241802995  1.007057573
[659]  2.234791285  3.343223689  4.686660855  0.196259422  2.524693044  3.755705305  4.517886412
[666]  2.090338144  4.643259466  5.066157215  4.340717098  0.364211765  0.299528315  1.447407588
[673]  0.141953920  2.800962204  2.824975753  0.966062289  1.733685192  3.424756414  2.775116956
[680]  0.005573245  0.782304646  4.422118930  2.181787432  4.092356805  1.045106747  4.195577975
[687]  3.059099766  0.568581670  0.324348893  3.897962239  0.580125590  3.801020663  2.058371065
[694]  0.393610673  2.930169860  3.502722559  1.586501170  0.928327068  0.603713444  1.107470648
[701]  0.360642912  1.828792930  3.090629546  1.108843693  1.699340771  0.549856143  2.069361791
[708]  1.398040185  0.932666881  1.177761952  0.497556120  0.720183152  0.213438651  0.429565950
[715]  0.240614567  0.005599722

$PAR
  [1]  NA   1   1   1   1   1   1   1   2   2   3   3   3   3   3   3   3   9   4   4   4   4   4
 [24]   4  12  12  12  12  12  12  13  13   5   5   5   5  25  25   7   7   7   7   7   7   7  14
 [47]  14  14  14  18  26  26  26  26  27  27  27  27  46  46  46  46  46  46  46  46  46   8   8
 [70]   8   8   8   8  31  31  31  31  31  31  68  68  68  68  68  32  32  69  50  50  50  88  33
 [93]  33  33  33  87  87  87  56  56  85  85  85  85  80  80  80  80  57  57  57  57  89  89  89
[116]  89  96  28  28  28  28  28  28  28  74  51  51  51  59  59 125 125 101 101 101 101 101  47
[139] 118 138 138 138 138 138  29  29  29 105 105 105 105 105 109 109  75  75  75  75  34  34 106
[162]  92  92 119 119 119 119 103 103 110 110 110 110 139 164 108 108 113 113 113  60 162 162 162
[185] 162  48  48  48 165 165 165 165 165  90 159 176  76  76 117 117 117 117 189  49  49  49  49
[208]  39  39 131 148 148 148 170 181 181 181  40 186 195  81  81  81  81  81  81  81 178 211 190
[231] 179 179 179 141 141 141  98  98  98  98 221 221 221 221 221 160 208 197  35  35 142 142 230
[254] 209 253 133 133 133  42  42  42  42  19  19  61  61 134 134  62  62  62  99  99  99  53  53
[277] 191 191 191 191 241 241 199 199 199 199  37  37  37  37 256 256 256 256 291 291 203 246 272
[300] 272 127 127 127 127 177  43 156 156 156 299 299 299 299 269 269 269 269 305 305 305 305 254
[323] 254 229 229 229 229 129 192 192 270 297 297 297 283 314 314 314 193 193  63 248 248 248 248
[346] 301 301 249 249 187 322 322 322 322 339 339 339 298 212 212 231 231 324 324 324 324 180 180
[369]  94  94  94 144 318 318 318 332 310 310 310 337 337 337 315 315 214 373 376 376 284 316 316
[392] 316 316 369 369 369 150 150 386 386 386 218 135 264 264 114 210 210 300 300 319 329 329 374
[415] 374 374 374 374 394 260 260 260 237 237 377 146 257 257 427  64  64  64  64  64  64 407 277
[438] 430 251 429 429 223 223 238 292 321 321 321 252 380 380 239 239 363 363 389 317 317 409 409
[461] 307 385 385 331 323 368 404 201 169 169 311 452 182 115 115 361 361 111 111 111 152 152 359
[484] 293 293 303 453 333 194  65 381 381 243 243 243 243 428 428 390 390 390 486 486 486 355 372
[507] 365 365  38  83 506 506  77  77  77 423 202 104 104 104 104 306 306  17 304 304 304 287  44
[530]  44 383 436 531 467 343 343 442 509 397 510 468 468 540 540 540  78 543 499 400 472 121 121
[553] 121 525 525 525  22  22  22 446 529 529 529 529 493 493 457 330 261 351 351 157 414 544 544
[576] 313 570 326 326 326 175 415 440 507 518 518 338 466 328 228 490 487 500 469 458 578 587 335
[599] 335 278 537 554 463 463 463 463 112 112 408 408 434 434 434  66  66 461 491 491 391 514 603
[622] 611  71  71 527 533 533 533 533 464  23 289 184 607  36 471 271 271 614 450 451 492 625 625
[645] 565 563 563 563 643 646 473 275 275 632 626 617 412 601 477 232 604 604 650 621 501 501 642
[668]  79  79 588 622 344 123 616 661 538 654 665 647 647 388 564 669 206 657  67 686 686 686 296
[691] 534 684 586 403 690 692 496 496 496 579 354 548 655 678 398 675 334 334 659 683 598 357 357
[714] 227 691 713

$EXTANT
  [1] FALSE FALSE FALSE  TRUE  TRUE FALSE  TRUE  TRUE FALSE FALSE FALSE FALSE FALSE FALSE FALSE
 [16] FALSE  TRUE FALSE FALSE FALSE FALSE FALSE  TRUE  TRUE FALSE  TRUE FALSE  TRUE  TRUE FALSE
 [31]  TRUE FALSE FALSE FALSE  TRUE FALSE  TRUE  TRUE FALSE  TRUE FALSE  TRUE FALSE  TRUE  TRUE
 [46]  TRUE FALSE  TRUE  TRUE FALSE  TRUE  TRUE  TRUE FALSE FALSE  TRUE  TRUE FALSE FALSE FALSE
 [61]  TRUE  TRUE FALSE  TRUE FALSE  TRUE  TRUE  TRUE FALSE FALSE  TRUE  TRUE  TRUE FALSE  TRUE
 [76] FALSE  TRUE  TRUE FALSE FALSE  TRUE FALSE  TRUE  TRUE  TRUE FALSE FALSE FALSE FALSE FALSE
 [91] FALSE  TRUE FALSE  TRUE FALSE FALSE FALSE  TRUE  TRUE FALSE  TRUE FALSE  TRUE  TRUE FALSE
[106] FALSE  TRUE  TRUE FALSE  TRUE  TRUE  TRUE FALSE  TRUE FALSE FALSE FALSE FALSE  TRUE FALSE
[121] FALSE  TRUE  TRUE  TRUE  TRUE FALSE  TRUE FALSE  TRUE FALSE  TRUE FALSE  TRUE  TRUE  TRUE
[136] FALSE FALSE FALSE FALSE FALSE  TRUE FALSE FALSE  TRUE FALSE  TRUE  TRUE FALSE FALSE  TRUE
[151] FALSE FALSE FALSE FALSE FALSE  TRUE FALSE FALSE  TRUE FALSE  TRUE  TRUE FALSE  TRUE FALSE
[166]  TRUE  TRUE  TRUE  TRUE FALSE FALSE FALSE FALSE  TRUE  TRUE  TRUE  TRUE FALSE FALSE FALSE
[181]  TRUE  TRUE  TRUE  TRUE  TRUE FALSE FALSE FALSE FALSE FALSE  TRUE FALSE  TRUE  TRUE  TRUE
[196] FALSE  TRUE FALSE  TRUE  TRUE FALSE FALSE FALSE  TRUE FALSE  TRUE  TRUE FALSE FALSE  TRUE
[211] FALSE FALSE FALSE  TRUE FALSE FALSE  TRUE FALSE  TRUE  TRUE  TRUE  TRUE  TRUE  TRUE FALSE
[226]  TRUE  TRUE  TRUE  TRUE FALSE  TRUE  TRUE  TRUE FALSE  TRUE  TRUE  TRUE  TRUE FALSE  TRUE
[241]  TRUE FALSE  TRUE FALSE  TRUE FALSE FALSE  TRUE  TRUE  TRUE  TRUE  TRUE FALSE FALSE  TRUE
[256]  TRUE  TRUE  TRUE FALSE  TRUE  TRUE  TRUE FALSE  TRUE  TRUE  TRUE  TRUE  TRUE FALSE  TRUE
[271]  TRUE  TRUE FALSE  TRUE  TRUE  TRUE FALSE FALSE  TRUE  TRUE FALSE  TRUE  TRUE FALSE  TRUE
[286]  TRUE FALSE FALSE FALSE FALSE FALSE  TRUE  TRUE  TRUE FALSE FALSE  TRUE  TRUE  TRUE  TRUE
[301]  TRUE FALSE  TRUE  TRUE  TRUE  TRUE FALSE  TRUE  TRUE  TRUE  TRUE  TRUE  TRUE FALSE  TRUE
[316]  TRUE  TRUE  TRUE  TRUE FALSE  TRUE  TRUE FALSE  TRUE  TRUE  TRUE  TRUE  TRUE  TRUE  TRUE
[331] FALSE FALSE  TRUE  TRUE  TRUE FALSE  TRUE  TRUE  TRUE  TRUE  TRUE  TRUE  TRUE  TRUE  TRUE
[346]  TRUE  TRUE  TRUE  TRUE  TRUE  TRUE  TRUE FALSE FALSE  TRUE  TRUE  TRUE  TRUE  TRUE  TRUE
[361]  TRUE  TRUE  TRUE FALSE FALSE  TRUE FALSE  TRUE FALSE FALSE FALSE  TRUE FALSE  TRUE FALSE
[376]  TRUE FALSE  TRUE  TRUE  TRUE FALSE FALSE  TRUE  TRUE FALSE  TRUE  TRUE  TRUE FALSE  TRUE
[391]  TRUE  TRUE  TRUE FALSE FALSE  TRUE  TRUE  TRUE FALSE  TRUE  TRUE  TRUE  TRUE  TRUE  TRUE
[406]  TRUE FALSE  TRUE FALSE  TRUE  TRUE  TRUE  TRUE  TRUE  TRUE  TRUE  TRUE  TRUE  TRUE FALSE
[421]  TRUE  TRUE FALSE  TRUE  TRUE  TRUE FALSE  TRUE  TRUE  TRUE  TRUE FALSE FALSE  TRUE FALSE
[436]  TRUE FALSE  TRUE FALSE  TRUE  TRUE FALSE  TRUE  TRUE  TRUE  TRUE  TRUE  TRUE  TRUE  TRUE
[451] FALSE  TRUE  TRUE FALSE  TRUE FALSE  TRUE  TRUE  TRUE  TRUE  TRUE FALSE  TRUE  TRUE FALSE
[466]  TRUE FALSE  TRUE  TRUE  TRUE  TRUE  TRUE  TRUE FALSE FALSE FALSE  TRUE  TRUE  TRUE  TRUE
[481] FALSE  TRUE  TRUE  TRUE  TRUE  TRUE  TRUE FALSE  TRUE  TRUE  TRUE  TRUE  TRUE  TRUE  TRUE
[496]  TRUE  TRUE  TRUE  TRUE  TRUE  TRUE  TRUE FALSE  TRUE  TRUE FALSE FALSE  TRUE  TRUE  TRUE
[511]  TRUE  TRUE  TRUE FALSE  TRUE  TRUE  TRUE  TRUE  TRUE  TRUE  TRUE  TRUE  TRUE FALSE  TRUE
[526]  TRUE  TRUE FALSE  TRUE  TRUE  TRUE  TRUE  TRUE  TRUE  TRUE  TRUE  TRUE  TRUE  TRUE  TRUE
[541] FALSE  TRUE FALSE  TRUE  TRUE  TRUE  TRUE  TRUE  TRUE  TRUE FALSE  TRUE  TRUE  TRUE  TRUE
[556]  TRUE  TRUE  TRUE  TRUE  TRUE FALSE  TRUE  TRUE  TRUE  TRUE FALSE  TRUE  TRUE FALSE  TRUE
[571]  TRUE FALSE  TRUE  TRUE  TRUE FALSE  TRUE  TRUE  TRUE  TRUE FALSE  TRUE FALSE  TRUE  TRUE
[586]  TRUE  TRUE  TRUE  TRUE  TRUE  TRUE  TRUE  TRUE FALSE  TRUE  TRUE  TRUE  TRUE  TRUE  TRUE
[601]  TRUE FALSE  TRUE  TRUE  TRUE FALSE  TRUE  TRUE  TRUE  TRUE  TRUE  TRUE  TRUE  TRUE  TRUE
[616]  TRUE  TRUE  TRUE  TRUE FALSE  TRUE  TRUE  TRUE  TRUE  TRUE  TRUE  TRUE  TRUE FALSE  TRUE
[631]  TRUE  TRUE  TRUE  TRUE  TRUE  TRUE  TRUE  TRUE  TRUE  TRUE  TRUE  TRUE  TRUE  TRUE  TRUE
[646]  TRUE  TRUE  TRUE  TRUE  TRUE  TRUE  TRUE  TRUE FALSE  TRUE  TRUE  TRUE  TRUE  TRUE FALSE
[661]  TRUE  TRUE  TRUE  TRUE  TRUE FALSE  TRUE  TRUE  TRUE  TRUE  TRUE  TRUE  TRUE  TRUE  TRUE
[676]  TRUE  TRUE  TRUE  TRUE  TRUE  TRUE FALSE  TRUE FALSE  TRUE  TRUE  TRUE  TRUE  TRUE  TRUE
[691]  TRUE FALSE  TRUE  TRUE  TRUE  TRUE  TRUE  TRUE  TRUE  TRUE  TRUE  TRUE  TRUE  TRUE  TRUE
[706]  TRUE  TRUE  TRUE  TRUE  TRUE  TRUE  TRUE  TRUE  TRUE  TRUE  TRUE

