
Birth-death simulation object with 705 species and 500 extant species

Details for some species:

Extinction times (NA means extant)
[1] 18.87046 41.31208 36.97710 29.10466 29.37611 22.83568


Speciation times 
[1] 106.21768  82.75478  56.30097  45.31939  40.68922  26.23049


Species parents (NA for initial)
[1] NA  1  1  1  1  1


Species status (extinct or extant)
[1] "extinct" "extinct" "extinct" "extinct" "extinct" "extinct"


For more details on vector y, try sim$y, with y one of
TE TS PAR EXTANT



$TE
  [1] 18.8704582 41.3120786 36.9771003 29.1046593 29.3761102 22.8356833         NA 40.7060930
  [9] 47.1043640 30.2130428         NA 29.6648152 39.2218874 56.2533275 46.5593717 51.2681108
 [17]  2.8528422 36.4607074 26.8015058 46.2541982 27.8895042         NA         NA         NA
 [25]         NA 31.3309309 30.6238853         NA 46.3336634 35.8394384 41.5896454         NA
 [33] 16.5472472         NA         NA         NA         NA         NA 42.5075861         NA
 [41] 47.1011497 42.9607511 21.2024410 24.1091822  6.1900474  4.3553681 32.1060158         NA
 [49] 10.3882252 25.6741726         NA         NA         NA 24.6441431         NA         NA
 [57] 22.7238424         NA         NA         NA  8.4006547         NA         NA         NA
 [65]         NA         NA 23.2116381         NA         NA         NA 33.5237148 16.9580555
 [73]         NA         NA  0.2654201         NA         NA 40.9393821 21.3287354 21.7355662
 [81]         NA         NA 10.7269644         NA 19.9866972         NA  8.1894468 12.5711685
 [89]         NA  6.5548444 17.5566682  4.4670427 11.6075737         NA 11.8574998 30.5017667
 [97] 24.4787980 19.6833749         NA  3.8950745         NA  5.0776103  5.0420177         NA
[105]         NA         NA         NA         NA         NA 28.4658275         NA  6.0713078
[113] 12.8035867         NA  6.8689643         NA         NA         NA         NA         NA
[121] 19.7841516 20.0685992         NA         NA 15.6363696  7.8584885 29.1569498 29.2232669
[129]         NA         NA         NA 21.1468158         NA 10.8179289         NA 36.2022567
[137]         NA         NA 11.5197538         NA         NA 30.2014186  1.5920078         NA
[145]         NA  9.9197477 25.9218837 11.8047138         NA         NA         NA         NA
[153]         NA         NA         NA         NA         NA         NA         NA 18.6554355
[161] 17.0329964         NA 16.3148411         NA         NA 23.1688735         NA 19.9135251
[169]  6.5594378         NA 16.7726556         NA         NA         NA         NA         NA
[177]         NA         NA         NA         NA 16.2623949         NA         NA  1.8932504
[185]  4.0372323         NA         NA         NA 11.3344837         NA 22.7955435 12.8275096
[193]         NA         NA 30.8288422 12.3642924         NA         NA         NA         NA
[201] 23.7955690         NA  4.6531148         NA         NA 21.6013164  7.7727665         NA
[209]         NA         NA         NA         NA  0.4276564         NA 15.6147559 16.4436362
[217]         NA  6.1159678 18.1952595  3.5992451         NA 19.4435338 22.2890205 14.7386036
[225] 17.6001723         NA         NA         NA         NA         NA         NA         NA
[233]         NA 13.3961300  0.8481170         NA         NA         NA  8.4464174         NA
[241]  5.6780754         NA         NA         NA         NA         NA 17.3020963 10.8170266
[249]  9.6987263         NA         NA         NA         NA         NA 14.2733355         NA
[257]         NA 19.6324182         NA         NA         NA  4.1779930         NA         NA
[265] 11.9614636         NA         NA         NA         NA         NA         NA         NA
[273]         NA         NA 14.3883979 16.7840647         NA         NA         NA         NA
[281]         NA         NA         NA  5.7774563         NA         NA         NA         NA
[289]         NA         NA         NA  2.3917505         NA         NA         NA         NA
[297]         NA  0.2226375         NA 16.0609362  5.0261564  4.5406331         NA         NA
[305]         NA         NA         NA         NA         NA  6.4207319  2.5845480         NA
[313]         NA         NA         NA  9.2862723  2.0583802         NA         NA         NA
[321]  0.7277182  4.0680546         NA         NA 12.5111017  0.4787185         NA         NA
[329]         NA         NA  3.6719505 15.3216150         NA         NA         NA  4.6557807
[337]         NA  0.5749399         NA         NA         NA  4.8963742  5.7276244         NA
[345]         NA         NA 12.7196443         NA         NA  9.5957799         NA 10.5062229
[353]         NA         NA  6.9427322 11.6335157         NA         NA         NA         NA
[361]         NA         NA         NA  6.1323090         NA         NA         NA         NA
[369]         NA         NA         NA         NA         NA         NA 11.5632301         NA
[377]  8.2878536  0.9852009         NA         NA         NA         NA         NA         NA
[385]         NA  5.4659891         NA         NA         NA  4.7655281         NA         NA
[393]         NA  6.8834218         NA  4.8029040  5.8754055         NA         NA         NA
[401]         NA         NA         NA 10.0446459         NA         NA         NA         NA
[409]         NA  6.5498889         NA         NA  2.5345524         NA         NA         NA
[417]         NA 13.4679793         NA         NA 13.4979957  7.3832672         NA         NA
[425]         NA         NA         NA  4.4752973  5.2779494         NA         NA  2.6159599
[433]         NA         NA         NA         NA         NA         NA         NA         NA
[441]  3.4489598         NA         NA         NA  2.4046203         NA  1.5993146         NA
[449]         NA         NA         NA  8.0218200  2.9607966         NA  1.3852769         NA
[457]         NA         NA         NA         NA         NA         NA  1.7769930         NA
[465]         NA         NA         NA  0.7993114         NA  3.3317173  1.5633088  2.8099075
[473]         NA         NA         NA         NA  6.6975963  6.1409427         NA         NA
[481]         NA         NA         NA         NA         NA         NA         NA         NA
[489]         NA         NA         NA         NA         NA         NA         NA  2.8606836
[497]  5.3618981         NA         NA         NA         NA         NA         NA         NA
[505]         NA         NA         NA         NA         NA         NA  0.8941181         NA
[513]         NA         NA         NA         NA         NA         NA  7.0366716         NA
[521]         NA         NA         NA         NA  0.7366472         NA         NA  7.0521409
[529]         NA         NA  7.6317760         NA         NA         NA         NA         NA
[537]         NA         NA         NA         NA         NA         NA  4.0495443         NA
[545]         NA  5.1664087         NA         NA  1.7191340         NA         NA  7.6873611
[553]         NA  7.6835620         NA         NA         NA         NA         NA  0.4818043
[561]         NA         NA  3.5729283         NA         NA         NA         NA  0.1842512
[569]         NA         NA         NA         NA  0.1979633         NA         NA         NA
[577]  1.8323481         NA         NA         NA         NA  3.5398918         NA         NA
[585]         NA  2.9870041         NA         NA  7.7535382         NA         NA         NA
[593]  4.9366488  2.7863200         NA         NA         NA         NA  5.4339802         NA
[601]         NA         NA         NA         NA         NA         NA  1.6464259         NA
[609]         NA         NA         NA         NA         NA         NA         NA         NA
[617]         NA         NA  1.3205506         NA         NA         NA         NA         NA
[625]         NA         NA         NA         NA         NA         NA  3.1267076         NA
[633]         NA         NA         NA         NA         NA         NA         NA         NA
[641]         NA         NA         NA         NA         NA         NA         NA         NA
[649]         NA         NA         NA  3.3022548         NA         NA         NA         NA
[657]         NA         NA         NA         NA         NA         NA         NA         NA
[665]         NA         NA         NA         NA         NA         NA         NA         NA
[673]         NA         NA         NA         NA         NA         NA         NA         NA
[681]         NA         NA         NA         NA         NA         NA         NA         NA
[689]         NA         NA  1.1456985         NA         NA         NA         NA         NA
[697]         NA         NA         NA         NA         NA         NA         NA         NA
[705]         NA

$TS
  [1] 1.062177e+02 8.275478e+01 5.630097e+01 4.531939e+01 4.068922e+01 2.623049e+01 2.211218e+01
  [8] 6.940027e+01 6.752315e+01 5.315127e+01 5.208181e+01 6.218116e+01 5.845487e+01 5.734767e+01
 [15] 6.177613e+01 5.306108e+01 5.003680e+01 4.011459e+01 3.176978e+01 5.467177e+01 5.397755e+01
 [22] 5.069874e+01 4.843880e+01 4.447916e+01 3.985377e+01 5.432622e+01 5.320427e+01 4.371260e+01
 [29] 5.326905e+01 5.188881e+01 4.964590e+01 3.331949e+01 3.286251e+01 3.044314e+01 3.603316e+01
 [36] 3.516241e+01 3.364144e+01 3.165041e+01 5.227255e+01 4.160191e+01 4.928862e+01 4.412305e+01
 [43] 4.039462e+01 2.829062e+01 1.926307e+01 4.732411e+01 4.230387e+01 4.429616e+01 3.938964e+01
 [50] 3.889540e+01 4.084784e+00 3.065560e+00 4.571475e+01 4.059187e+01 1.051973e+01 8.421187e+00
 [57] 3.086558e+01 1.626691e+01 7.185150e+00 3.403259e+01 1.701978e+01 1.481367e+01 1.427727e+01
 [64] 1.182598e+01 1.101494e+01 3.418630e+01 2.868558e+01 7.067699e+00 3.907834e+00 4.218182e+01
 [71] 3.782025e+01 3.243014e+01 1.874074e+01 1.267030e+01 7.743823e+00 4.292687e+00 4.340588e+01
 [78] 4.337828e+01 3.951717e+01 2.971009e+01 2.651091e+01 2.092406e+01 1.566975e+01 6.307893e+00
 [85] 2.889000e+01 2.256577e+01 2.255818e+01 1.650177e+01 8.642598e+00 8.293831e+00 3.762392e+01
 [92] 2.216843e+01 1.293929e+01 9.259888e-01 3.956312e+01 3.887979e+01 2.696430e+01 2.298335e+01
 [99] 1.012864e+01 9.800091e+00 9.788768e-01 3.794003e+01 3.597861e+01 3.539284e+01 6.959358e+00
[106] 4.056537e+01 3.362879e+01 3.988994e+01 2.617934e+01 3.283103e+01 1.599869e+01 9.647711e+00
[113] 3.558374e+01 2.811595e+01 2.639949e+01 3.115407e+01 2.741613e+01 2.275094e+01 2.270206e-02
[120] 3.082520e+01 3.234203e+01 3.834048e+01 2.613166e+01 2.080285e+01 3.817530e+01 3.788685e+01
[127] 3.129190e+01 3.590636e+01 3.568310e+01 3.238132e+01 2.347448e+01 2.785119e+01 2.206885e+01
[134] 3.612392e+01 1.899061e+01 3.717479e+01 2.170986e+01 1.392855e+01 1.264754e+01 2.235395e+01
[141] 2.048547e+01 3.392401e+01 2.209111e+01 2.082402e+01 1.766283e+01 1.718947e+01 3.082481e+01
[148] 2.655443e+01 1.943825e+01 1.707191e+01 1.226382e+01 9.555611e+00 1.374881e+00 3.136236e+01
[155] 2.597092e+01 2.580771e+01 2.468583e+01 1.926703e+01 1.036277e+01 3.260208e+01 3.007183e+01
[162] 3.006351e+01 2.215611e+01 2.909249e+00 2.954627e-01 2.499751e+01 2.057046e+01 2.614992e+01
[169] 2.566140e+01 9.464736e+00 2.830776e+01 1.903996e+01 1.107249e+01 7.635877e+00 4.856964e+00
[176] 1.298692e+01 8.033609e+00 8.505061e+00 4.274133e+00 3.679484e+00 3.122255e+01 1.182435e+01
[183] 2.629307e+01 2.454241e+01 1.169030e+01 4.683569e+00 1.125749e+01 3.039237e+01 3.206574e+01
[190] 2.702117e+01 3.114268e+01 2.078407e+01 3.648591e+00 3.123561e+00 3.118265e+01 1.667162e+01
[197] 1.366632e+01 1.465469e+01 4.827490e+00 2.120269e+00 2.446724e+01 1.200921e+01 1.608605e+01
[204] 4.664468e+00 1.873965e+00 3.041064e+01 2.963141e+01 2.435838e+01 2.340374e+01 2.312083e+01
[211] 2.629787e+00 1.395729e+01 2.863456e+01 2.326394e+01 2.869424e+01 2.770097e+01 2.634383e+01
[218] 2.786015e+01 2.263297e+01 1.435016e+01 2.909968e+00 2.736615e+01 2.805532e+01 2.811075e+01
[225] 2.672686e+01 9.319704e+00 2.379323e+01 1.747931e+01 2.413991e+01 1.878998e+01 1.193383e+01
[232] 3.264348e+00 2.188693e+01 1.635457e+01 1.779019e+01 1.147585e+01 1.045473e+01 8.692595e+00
[239] 2.566608e+01 2.509066e+01 2.323718e+01 5.401516e+00 8.169261e-01 1.661794e+01 1.093695e+01
[246] 1.797424e+01 2.074352e+01 1.638759e+01 2.513951e+01 1.938449e+01 1.930492e+01 1.045087e+01
[253] 5.250896e+00 2.400111e+01 2.006212e+01 1.636328e+01 2.521122e+01 2.437429e+01 1.702012e+01
[260] 7.888902e+00 3.725552e+00 2.461806e+01 2.539651e+01 1.697253e+01 2.239805e+01 1.795050e+01
[267] 7.353913e+00 2.204201e+01 1.787345e+01 3.210004e+00 1.394042e+01 1.255528e+01 1.081920e+01
[274] 6.391010e-01 2.006760e+01 2.148644e+01 5.255403e+00 4.717931e+00 1.251336e+01 1.527287e+01
[281] 5.320125e+00 1.360860e+01 1.273357e+01 2.187785e+01 2.115729e+01 1.708252e+01 1.508565e+01
[288] 1.173800e+01 3.329009e+00 2.179638e+01 2.317815e+01 9.953169e+00 9.974968e+00 2.660136e+00
[295] 2.238313e+01 1.521773e+01 8.634040e+00 8.174112e+00 2.779113e+00 1.680581e+01 7.016128e+00
[302] 1.624736e+01 1.049472e+01 4.082878e+00 2.299209e+00 9.224951e+00 1.244253e+01 7.947149e+00
[309] 1.337342e+00 1.234685e+01 1.153558e+01 6.349869e+00 1.983357e+01 2.112642e+01 4.662049e+00
[316] 2.197573e+01 1.972110e+01 1.962970e+01 1.652939e+01 1.115307e+01 5.240865e+00 2.007802e+01
[323] 1.024007e+01 8.261707e+00 1.956479e+01 5.551373e+00 1.795693e+00 7.489814e-01 1.429720e+01
[330] 8.568088e+00 2.018658e+01 2.102846e+01 1.557083e+01 1.168173e+01 1.066711e+01 7.290850e+00
[337] 1.197059e+01 1.156576e+01 1.118313e+01 1.606796e+01 1.875124e+01 1.006624e+01 1.754342e+01
[344] 1.624930e+01 1.169010e+01 1.779978e+01 1.582832e+01 1.235581e+01 1.982610e+00 1.644712e+01
[351] 1.516594e+01 1.308285e+01 1.966804e+01 1.802377e+01 1.073674e+01 1.924734e+01 1.338108e+01
[358] 1.938633e+01 1.757567e+01 1.684809e+01 1.168314e+01 3.304386e+00 1.349728e+01 8.046002e+00
[365] 1.846126e+01 1.024787e+01 8.539280e+00 4.695583e+00 1.446068e+01 3.051812e+00 1.038268e+01
[372] 7.615432e+00 3.437684e+00 1.329405e+01 1.726338e+01 6.213518e+00 1.492800e+01 1.465392e+01
[379] 1.235124e+01 1.364665e+01 1.137852e+00 5.333786e-01 1.849719e+01 1.706513e+01 1.663237e+01
[386] 1.284906e+01 3.768997e+00 2.933728e+00 2.079852e+00 6.856934e+00 3.474956e-01 1.825997e+01
[393] 1.324484e+01 1.174854e+01 6.247429e+00 4.851822e+00 1.576740e+01 6.615044e+00 1.192512e+01
[400] 3.690277e+00 1.841635e+00 5.445881e-01 4.854996e+00 1.324260e+01 1.128425e+01 6.208722e+00
[407] 2.673454e+00 8.911490e-01 6.437186e-01 9.001355e+00 5.765465e+00 1.612103e+01 1.332433e+01
[414] 1.234477e+01 8.021300e+00 6.883418e+00 1.598689e+01 1.595669e+01 1.006060e+01 3.077413e+00
[421] 1.598053e+01 1.066779e+01 6.513134e+00 7.432838e-01 1.688131e+01 5.898254e+00 2.809187e+00
[428] 1.178151e+01 1.043469e+01 9.815553e+00 4.967265e+00 1.106108e+01 8.579132e+00 6.165467e+00
[435] 1.028277e+01 1.105452e+01 4.936393e+00 8.308157e+00 1.080450e+01 2.666023e+00 1.035880e+01
[442] 9.983366e+00 9.391513e+00 5.626296e+00 6.286130e+00 2.021949e+00 7.844505e+00 1.349427e+01
[449] 2.184390e+00 1.137502e+01 2.194897e+00 1.367425e+01 6.101794e+00 1.154222e+00 1.230609e+01
[456] 1.325355e+01 1.047608e+01 6.982164e+00 1.690119e+00 6.672793e-01 1.299904e+01 8.962718e+00
[463] 1.391412e+01 6.609118e+00 1.327935e+00 1.384379e+01 2.374441e+00 6.882755e+00 4.051376e+00
[470] 7.300191e+00 1.210420e+01 4.861248e+00 4.492549e+00 1.449961e+00 6.664460e-01 1.261058e+01
[477] 7.896124e+00 6.961063e+00 1.167293e+01 6.139404e+00 5.268049e+00 9.049409e+00 4.145983e+00
[484] 5.756410e+00 4.512770e+00 1.037035e+01 9.097768e+00 9.650151e+00 9.164386e+00 6.129288e+00
[491] 9.080150e+00 1.992649e+00 2.274664e-01 8.407038e+00 1.060346e+01 1.083077e+01 6.285407e+00
[498] 6.114816e+00 4.549872e+00 8.714174e+00 2.705781e+00 5.631770e-01 1.233875e-01 1.168916e-01
[505] 7.846227e+00 9.191084e+00 4.817983e+00 2.772947e+00 1.668532e+00 1.058718e+00 1.720478e+00
[512] 1.193096e+01 5.698576e+00 4.178116e+00 1.106405e+01 6.405002e+00 2.004929e+00 1.216577e+00
[519] 1.101255e+01 3.641232e+00 7.113395e+00 1.089045e+01 9.743985e+00 6.658179e+00 2.615381e+00
[526] 7.436177e+00 4.617520e+00 8.556090e+00 4.525435e+00 1.272625e+00 9.230946e+00 6.061148e+00
[533] 5.111182e+00 1.502502e-01 1.546738e-02 1.044329e+01 6.777894e+00 3.654472e+00 6.434567e+00
[540] 3.691738e+00 9.439392e+00 3.250624e+00 6.885621e+00 6.617045e+00 1.021805e+01 6.777334e+00
[547] 8.163118e+00 2.039882e+00 2.907779e+00 9.182639e+00 4.477849e+00 1.022912e+01 6.076632e+00
[554] 9.421652e+00 3.924937e+00 7.825226e+00 6.815965e+00 4.841560e+00 4.063947e+00 7.771069e+00
[561] 9.546212e+00 1.289407e+00 9.830312e+00 7.949959e+00 8.207926e+00 5.277518e+00 5.505915e+00
[568] 4.359463e-01 8.586409e+00 4.270551e+00 7.495966e+00 6.824635e+00 5.166794e+00 4.033149e+00
[575] 8.640119e+00 6.062636e+00 2.726042e+00 2.359437e+00 8.341775e+00 8.023608e+00 2.645374e+00
[582] 8.461587e+00 5.541599e+00 2.494058e+00 6.712676e+00 3.189416e+00 2.018644e+00 1.424372e+00
[589] 7.821975e+00 4.782397e-01 4.408063e-01 7.211508e+00 7.953003e+00 8.279785e+00 3.015224e+00
[596] 1.951869e+00 6.753357e+00 6.149528e+00 6.039218e+00 5.981848e+00 7.813098e+00 6.685791e+00
[603] 3.825502e+00 3.367835e+00 2.075635e+00 6.943907e+00 4.752977e+00 7.591125e+00 6.981369e+00
[610] 2.783360e+00 5.370759e+00 3.736973e+00 4.688754e+00 5.482810e+00 7.162368e+00 5.232389e+00
[617] 7.206166e+00 3.884699e+00 4.513860e+00 3.847744e+00 3.630169e+00 6.389193e+00 6.305252e+00
[624] 6.482917e-01 1.304870e+00 1.067146e+00 5.977566e+00 7.320094e-03 1.134397e+00 1.490293e+00
[631] 3.786545e+00 6.679014e+00 3.473578e+00 2.736944e+00 4.002257e+00 4.851910e+00 2.301387e+00
[638] 1.650157e+00 3.403529e+00 5.418882e+00 2.403451e+00 8.887344e-01 5.344975e+00 4.447503e-01
[645] 4.021314e-01 4.697828e+00 6.080239e+00 5.568286e+00 3.353258e+00 2.943538e+00 2.244990e+00
[652] 5.084325e+00 4.147998e+00 2.502855e+00 3.447630e+00 5.818761e+00 1.509824e+00 2.707869e+00
[659] 2.301384e+00 3.040331e+00 1.940242e+00 4.295056e+00 7.440871e-01 4.980666e+00 3.185387e+00
[666] 1.617582e+00 3.864347e+00 2.124940e+00 1.996145e+00 2.233258e+00 3.812399e+00 3.685216e+00
[673] 2.670968e+00 4.462959e+00 3.606296e+00 2.281386e+00 2.828383e+00 4.046355e+00 3.468797e+00
[680] 3.928506e+00 2.018082e+00 3.487618e+00 1.649655e+00 2.653281e+00 3.333170e+00 2.073692e+00
[687] 2.000781e+00 4.426994e-01 1.827097e+00 5.056057e-01 2.014392e+00 2.218587e+00 5.303576e-01
[694] 5.510706e-01 1.620427e+00 1.391627e+00 8.090682e-01 1.621601e+00 2.538858e-02 5.546238e-01
[701] 4.377506e-01 3.154066e-01 2.656005e-01 3.322609e-01 7.746680e-02

$PAR
  [1]  NA   1   1   1   1   1   1   2   8   8   8   9   9   9  12  12  12  12  12  15  15  13  13
 [24]  13  13   3   3   3  21  21  21  21  21  21  27  27  27  27  10  10  11  11  11  11  11  30
 [47]  30  22  22  22  22  22  17  17  17  17  23  23  23  46  46  46  46  46  46  53  53  53  53
 [70]  24  24  24  24  24  24  24  48  48  48  48  48  48  48  48  28  28  28  28  28  28  77  77
 [93]  77  77  70  70  70  70  70  70  70  40  40  40  40   5   5  54  54 106 106 106  43 108 108
[116]  25  25  25  25  95  79  49  49  49  50  96  96 122 122 122 122 125 125 102 102 126 126 126
[139] 126  91  91 134 134 134 134 134  35  35  35  35  35  35  35 103 103 103 103 103 103 128 128
[162] 129 129 129 129 113 113 104 104 104  36  36  36  36  36  66  66  60  60  60 142  37 107 107
[185] 107 107  32  33 160 160 130 130 130 130 121 189 189  38  38  38 154 154 116 116 116 191 191
[208]  57  57  57 120  34 206 206 161 161 161 162 162 162 162 207  67 213 213 213 171 171 114 114
[231] 114 114 224 224 218 218 218 218 132 216 216 117 117 190 190 225 148 148  81  81  81  81  81
[254] 115 115 115 217 217 217 183 183   6 109 109 123 123 123 155 155 155 156 156 156 156 239 169
[277] 263 263 257 240 240 157 157 184 184 184 184 184 184 258 208 208 254 254 227 227 227 227 227
[300] 131 131 209 209 209 209 214 241 291 291 210 210 210 219  86  86 265 265 265 295 295 295 140
[323] 140  92 163   7   7   7 143 133 268 316 316 316 316 290 285 285 285 332  82  82 144 144 144
[346] 124 124 124 124 192 192 192 167 167 167 331 331 322 275 275 317 318 149 149 358 358 358 358
[369] 250 250 251 251 251 158  45  45 356 356 172 135 135 135 230 230 230 230 230  73  73 383 383
[392] 365 365 365 392 392 354 354 246 246 246 246 266 269 269 346 346 346 346 235 235 145 145 359
[415] 359 359 343 343 343 228 146 146 286 286 150 150 150  61 264 264 425 360 244 244 350 248 256
[438]  58 344 344 302 302 412 412 340 340 111 417 417 333 333 280 296 296 351 377  62  62  62  62
[461] 198 198 378 378 369 329 329  63 466 197 380 380 380 380 363 448 448 448 357 413 413 456 456
[484] 393 393 404 176 283 283 283  74  74 476 272 279 379 379 379 379 455 151 151 151 151 471 202
[507] 202 202 202 202 337 231 231 231 512 512  64  64 182 182 428 394 185 185 345 361 361 334 334
[530] 479 311 311 311 450 405 187 187 339 173 173 432 432 436 436 439 439 335 495 303 457 237 252
[553] 536 429 371 159 159 159 441 435 323 323 552 552 545 545  99  99 419 293 563 430 100 100 523
[576] 523 523 523 152 541 541 443 306 487 491 491 500 500 238 575 575 433 330 367 367 178 438 438
[599] 438 438 324 324 298 298 580 564 564 505 601 601 560 560 174 608 571 571 267 267 470 470 470
[622]  59  59 615  68  68 609 609 606 416 468 390 572 572 557 537 537 597 602 539 622 312 623 623
[645] 623 376 406 598 598 598 598 480 480 480 647 553 532 614 643 321 321 616 616 573 533 403 607
[668] 646 204 315 499 485 473 551 514 514 483 304 678 635 620 603 671 387 261 261 672 180 193 682
[691] 650 388 164 584 578 451 596 661 666 696 629 697 328 274 591

$EXTANT
  [1] FALSE FALSE FALSE FALSE FALSE FALSE  TRUE FALSE FALSE FALSE  TRUE FALSE FALSE FALSE FALSE
 [16] FALSE FALSE FALSE FALSE FALSE FALSE  TRUE  TRUE  TRUE  TRUE FALSE FALSE  TRUE FALSE FALSE
 [31] FALSE  TRUE FALSE  TRUE  TRUE  TRUE  TRUE  TRUE FALSE  TRUE FALSE FALSE FALSE FALSE FALSE
 [46] FALSE FALSE  TRUE FALSE FALSE  TRUE  TRUE  TRUE FALSE  TRUE  TRUE FALSE  TRUE  TRUE  TRUE
 [61] FALSE  TRUE  TRUE  TRUE  TRUE  TRUE FALSE  TRUE  TRUE  TRUE FALSE FALSE  TRUE  TRUE FALSE
 [76]  TRUE  TRUE FALSE FALSE FALSE  TRUE  TRUE FALSE  TRUE FALSE  TRUE FALSE FALSE  TRUE FALSE
 [91] FALSE FALSE FALSE  TRUE FALSE FALSE FALSE FALSE  TRUE FALSE  TRUE FALSE FALSE  TRUE  TRUE
[106]  TRUE  TRUE  TRUE  TRUE FALSE  TRUE FALSE FALSE  TRUE FALSE  TRUE  TRUE  TRUE  TRUE  TRUE
[121] FALSE FALSE  TRUE  TRUE FALSE FALSE FALSE FALSE  TRUE  TRUE  TRUE FALSE  TRUE FALSE  TRUE
[136] FALSE  TRUE  TRUE FALSE  TRUE  TRUE FALSE FALSE  TRUE  TRUE FALSE FALSE FALSE  TRUE  TRUE
[151]  TRUE  TRUE  TRUE  TRUE  TRUE  TRUE  TRUE  TRUE  TRUE FALSE FALSE  TRUE FALSE  TRUE  TRUE
[166] FALSE  TRUE FALSE FALSE  TRUE FALSE  TRUE  TRUE  TRUE  TRUE  TRUE  TRUE  TRUE  TRUE  TRUE
[181] FALSE  TRUE  TRUE FALSE FALSE  TRUE  TRUE  TRUE FALSE  TRUE FALSE FALSE  TRUE  TRUE FALSE
[196] FALSE  TRUE  TRUE  TRUE  TRUE FALSE  TRUE FALSE  TRUE  TRUE FALSE FALSE  TRUE  TRUE  TRUE
[211]  TRUE  TRUE FALSE  TRUE FALSE FALSE  TRUE FALSE FALSE FALSE  TRUE FALSE FALSE FALSE FALSE
[226]  TRUE  TRUE  TRUE  TRUE  TRUE  TRUE  TRUE  TRUE FALSE FALSE  TRUE  TRUE  TRUE FALSE  TRUE
[241] FALSE  TRUE  TRUE  TRUE  TRUE  TRUE FALSE FALSE FALSE  TRUE  TRUE  TRUE  TRUE  TRUE FALSE
[256]  TRUE  TRUE FALSE  TRUE  TRUE  TRUE FALSE  TRUE  TRUE FALSE  TRUE  TRUE  TRUE  TRUE  TRUE
[271]  TRUE  TRUE  TRUE  TRUE FALSE FALSE  TRUE  TRUE  TRUE  TRUE  TRUE  TRUE  TRUE FALSE  TRUE
[286]  TRUE  TRUE  TRUE  TRUE  TRUE  TRUE FALSE  TRUE  TRUE  TRUE  TRUE  TRUE FALSE  TRUE FALSE
[301] FALSE FALSE  TRUE  TRUE  TRUE  TRUE  TRUE  TRUE  TRUE FALSE FALSE  TRUE  TRUE  TRUE  TRUE
[316] FALSE FALSE  TRUE  TRUE  TRUE FALSE FALSE  TRUE  TRUE FALSE FALSE  TRUE  TRUE  TRUE  TRUE
[331] FALSE FALSE  TRUE  TRUE  TRUE FALSE  TRUE FALSE  TRUE  TRUE  TRUE FALSE FALSE  TRUE  TRUE
[346]  TRUE FALSE  TRUE  TRUE FALSE  TRUE FALSE  TRUE  TRUE FALSE FALSE  TRUE  TRUE  TRUE  TRUE
[361]  TRUE  TRUE  TRUE FALSE  TRUE  TRUE  TRUE  TRUE  TRUE  TRUE  TRUE  TRUE  TRUE  TRUE FALSE
[376]  TRUE FALSE FALSE  TRUE  TRUE  TRUE  TRUE  TRUE  TRUE  TRUE FALSE  TRUE  TRUE  TRUE FALSE
[391]  TRUE  TRUE  TRUE FALSE  TRUE FALSE FALSE  TRUE  TRUE  TRUE  TRUE  TRUE  TRUE FALSE  TRUE
[406]  TRUE  TRUE  TRUE  TRUE FALSE  TRUE  TRUE FALSE  TRUE  TRUE  TRUE  TRUE FALSE  TRUE  TRUE
[421] FALSE FALSE  TRUE  TRUE  TRUE  TRUE  TRUE FALSE FALSE  TRUE  TRUE FALSE  TRUE  TRUE  TRUE
[436]  TRUE  TRUE  TRUE  TRUE  TRUE FALSE  TRUE  TRUE  TRUE FALSE  TRUE FALSE  TRUE  TRUE  TRUE
[451]  TRUE FALSE FALSE  TRUE FALSE  TRUE  TRUE  TRUE  TRUE  TRUE  TRUE  TRUE FALSE  TRUE  TRUE
[466]  TRUE  TRUE FALSE  TRUE FALSE FALSE FALSE  TRUE  TRUE  TRUE  TRUE FALSE FALSE  TRUE  TRUE
[481]  TRUE  TRUE  TRUE  TRUE  TRUE  TRUE  TRUE  TRUE  TRUE  TRUE  TRUE  TRUE  TRUE  TRUE  TRUE
[496] FALSE FALSE  TRUE  TRUE  TRUE  TRUE  TRUE  TRUE  TRUE  TRUE  TRUE  TRUE  TRUE  TRUE  TRUE
[511] FALSE  TRUE  TRUE  TRUE  TRUE  TRUE  TRUE  TRUE FALSE  TRUE  TRUE  TRUE  TRUE  TRUE FALSE
[526]  TRUE  TRUE FALSE  TRUE  TRUE FALSE  TRUE  TRUE  TRUE  TRUE  TRUE  TRUE  TRUE  TRUE  TRUE
[541]  TRUE  TRUE FALSE  TRUE  TRUE FALSE  TRUE  TRUE FALSE  TRUE  TRUE FALSE  TRUE FALSE  TRUE
[556]  TRUE  TRUE  TRUE  TRUE FALSE  TRUE  TRUE FALSE  TRUE  TRUE  TRUE  TRUE FALSE  TRUE  TRUE
[571]  TRUE  TRUE FALSE  TRUE  TRUE  TRUE FALSE  TRUE  TRUE  TRUE  TRUE FALSE  TRUE  TRUE  TRUE
[586] FALSE  TRUE  TRUE FALSE  TRUE  TRUE  TRUE FALSE FALSE  TRUE  TRUE  TRUE  TRUE FALSE  TRUE
[601]  TRUE  TRUE  TRUE  TRUE  TRUE  TRUE FALSE  TRUE  TRUE  TRUE  TRUE  TRUE  TRUE  TRUE  TRUE
[616]  TRUE  TRUE  TRUE FALSE  TRUE  TRUE  TRUE  TRUE  TRUE  TRUE  TRUE  TRUE  TRUE  TRUE  TRUE
[631] FALSE  TRUE  TRUE  TRUE  TRUE  TRUE  TRUE  TRUE  TRUE  TRUE  TRUE  TRUE  TRUE  TRUE  TRUE
[646]  TRUE  TRUE  TRUE  TRUE  TRUE  TRUE FALSE  TRUE  TRUE  TRUE  TRUE  TRUE  TRUE  TRUE  TRUE
[661]  TRUE  TRUE  TRUE  TRUE  TRUE  TRUE  TRUE  TRUE  TRUE  TRUE  TRUE  TRUE  TRUE  TRUE  TRUE
[676]  TRUE  TRUE  TRUE  TRUE  TRUE  TRUE  TRUE  TRUE  TRUE  TRUE  TRUE  TRUE  TRUE  TRUE  TRUE
[691] FALSE  TRUE  TRUE  TRUE  TRUE  TRUE  TRUE  TRUE  TRUE  TRUE  TRUE  TRUE  TRUE  TRUE  TRUE

