
Birth-death simulation object with 747 species and 500 extant species

Details for some species:

Extinction times (NA means extant)
[1] 97.295868 89.581407 67.629229  5.874706  8.487175 39.808850


Speciation times 
[1] 100.17339  97.32957  96.05162  90.07836  85.29928  54.98301


Species parents (NA for initial)
[1] NA  1  2  2  4  4


Species status (extinct or extant)
[1] "extinct" "extinct" "extinct" "extinct" "extinct" "extinct"


For more details on vector y, try sim$y, with y one of
TE TS PAR EXTANT



$TE
  [1] 97.2958684 89.5814073 67.6292285  5.8747062  8.4871751 39.8088496 21.8989125  5.0521418
  [9] 28.0777906 14.7985829         NA 46.3603609 58.2288863 40.8516269 39.2825840 47.8806643
 [17] 32.2945357         NA 41.8628737 27.3618389 48.6220592 42.4504871 54.3889225 57.4906685
 [25] 23.6952401 10.7814262 59.8989128 24.4916654         NA         NA 21.4826742         NA
 [33] 37.2661409 30.5353979         NA 45.5895224         NA 24.1598746 12.9869990 29.6184082
 [41] 37.9105138         NA 19.8262554 27.6378331         NA 10.1022945         NA 29.7104198
 [49]         NA         NA  0.4930067         NA 15.0944939  3.8244936         NA  8.0985463
 [57] 21.5004591 24.9785910         NA  8.3584375 21.8083782 34.9872570  7.5450667 13.9463187
 [65]  3.9720256         NA 23.9346263 18.5092235         NA         NA 42.7886421 20.3353802
 [73]         NA 29.6728930  3.9503593  1.3958172         NA  1.3077468         NA         NA
 [81]  6.4908281         NA 22.7826279 41.5741895         NA         NA 28.9818586 21.6587508
 [89]         NA 31.6543213 35.8650834 37.1674554 27.6588886         NA 35.1443480 14.5083552
 [97]         NA         NA 14.3010273         NA         NA         NA 21.9266871 29.6115238
[105] 26.9524422 16.0095494 34.3497578  9.0338658         NA 13.8134055 19.9734576         NA
[113] 26.9535061  7.4709870 12.2881304         NA         NA 23.4951273 17.4090223  9.5988541
[121]         NA 37.6248390 34.2741788         NA         NA         NA 29.7443304 34.2735476
[129]         NA 18.3275832  5.6896589         NA  2.7938073  1.1091120         NA         NA
[137] 29.8343026 23.9987986 23.4212338 10.4073072         NA 10.2169626         NA 18.4545539
[145]         NA         NA  5.8088799  2.3148379  3.7486153 18.3607444 13.6461871         NA
[153]  0.9932841         NA         NA         NA  3.0793281         NA 14.6461555         NA
[161]  9.5869061         NA         NA  5.8084769         NA         NA         NA         NA
[169] 12.1666126         NA         NA 10.8785926         NA         NA         NA         NA
[177] 22.9813217 24.7784866         NA 24.4778389 14.0896497  4.2011636         NA 26.4898379
[185] 14.3108518  9.7580511         NA         NA 23.7863901 15.9186162         NA         NA
[193]         NA         NA         NA         NA         NA         NA         NA         NA
[201] 15.4314527         NA         NA  3.6294717         NA  6.8556382         NA 11.3925403
[209]         NA         NA         NA 27.8327775         NA  3.9401405         NA         NA
[217]         NA         NA         NA 15.5561695  7.0831679 10.6074678         NA 19.9556542
[225]         NA         NA         NA         NA 17.8071006 13.1557404 20.3995705         NA
[233]         NA         NA         NA         NA         NA         NA         NA         NA
[241]         NA  4.4055130 22.6267691 25.2611225  6.3005247         NA  9.8816931         NA
[249]         NA 21.1989794  6.2313373         NA         NA         NA  4.9241564         NA
[257]  3.3708147         NA         NA 11.0833234 12.9027475         NA 10.9968728  3.8304282
[265]         NA         NA         NA         NA  2.8706880         NA         NA  5.1790461
[273]  9.9840456         NA 16.5028287         NA         NA         NA         NA         NA
[281] 21.9633582         NA 12.7031619 13.4394301         NA         NA 16.5031553  2.0778954
[289]         NA         NA         NA         NA         NA  3.4902478         NA  7.8895698
[297]  6.3574834         NA 18.5981226         NA         NA  0.7479809         NA         NA
[305]  1.6152067         NA         NA         NA         NA  9.9225362         NA  2.6634977
[313]         NA         NA  0.1136565 17.9262568 11.8642070         NA         NA  9.9272578
[321]         NA         NA         NA  5.9549025         NA         NA 13.2406961  5.0172349
[329]         NA  1.0105294  1.0823678         NA         NA         NA 19.2709492  4.0817158
[337]         NA         NA         NA         NA         NA 15.4665801 16.2728877  5.4261933
[345]         NA         NA         NA         NA         NA         NA         NA         NA
[353]         NA  1.5350626         NA         NA         NA         NA  4.8212989         NA
[361]         NA         NA         NA         NA         NA         NA         NA         NA
[369]         NA         NA 12.6555561         NA 17.0561129         NA  9.3276959  0.4488942
[377]  2.3753179         NA         NA         NA  8.2073636  4.1794723         NA         NA
[385]         NA  4.1562327         NA         NA 14.4949426         NA         NA         NA
[393] 15.6300278         NA  0.2987818         NA         NA  4.4707094         NA         NA
[401]  2.2653790         NA         NA         NA  5.7853647         NA         NA         NA
[409]         NA  1.9433052         NA  8.3694502         NA         NA         NA  1.0887098
[417]         NA         NA         NA  2.8465990         NA         NA         NA         NA
[425]         NA         NA         NA  2.7536906         NA         NA         NA         NA
[433]         NA  7.0453000         NA         NA         NA         NA         NA         NA
[441]         NA 11.1341110 16.5373380         NA  8.6076760 10.4010502         NA  6.5369084
[449]         NA         NA  1.4858522         NA         NA  4.2031471         NA         NA
[457]         NA  6.8123167  6.6371010         NA  5.6860091         NA         NA         NA
[465]         NA         NA         NA         NA         NA         NA         NA         NA
[473]         NA         NA         NA         NA  6.9561509  1.8308058         NA  4.2321158
[481] 13.0680233         NA         NA  8.3432264         NA         NA         NA  5.4068447
[489]         NA         NA         NA         NA         NA         NA         NA         NA
[497]         NA         NA  2.3382050  0.1979672         NA         NA  8.3308833  5.5919805
[505]         NA         NA         NA         NA         NA         NA         NA         NA
[513]  8.5063056         NA         NA         NA         NA         NA         NA  2.7889555
[521]         NA         NA         NA         NA         NA         NA         NA         NA
[529]         NA  0.8195804         NA         NA         NA         NA         NA         NA
[537]         NA         NA         NA         NA         NA  7.4020921         NA         NA
[545]         NA         NA  3.7856717         NA         NA         NA         NA         NA
[553]         NA         NA         NA         NA         NA         NA         NA         NA
[561]         NA         NA  0.8005729         NA  0.5836275         NA         NA         NA
[569]         NA         NA         NA  2.6102863  6.7874068  4.3437640         NA         NA
[577]         NA         NA         NA         NA         NA         NA  2.6040501         NA
[585]         NA  7.6939047         NA         NA         NA         NA  4.3140192         NA
[593]         NA         NA         NA         NA         NA  2.3152876         NA         NA
[601]         NA  2.2993779         NA         NA         NA         NA         NA  5.5692884
[609]         NA         NA         NA         NA         NA         NA         NA         NA
[617]         NA         NA         NA         NA         NA         NA         NA  0.1720291
[625]         NA         NA         NA         NA         NA         NA         NA         NA
[633]         NA         NA         NA         NA         NA         NA         NA  1.8829520
[641]  0.1861193         NA         NA  4.6062709         NA         NA         NA         NA
[649]         NA         NA  0.2220139         NA         NA         NA         NA  3.9530295
[657]         NA         NA         NA  4.4700982         NA         NA         NA  1.3523750
[665]         NA  2.3634738         NA         NA         NA         NA         NA         NA
[673]         NA         NA         NA         NA         NA         NA         NA         NA
[681]         NA         NA         NA         NA  0.5638009         NA         NA         NA
[689]         NA         NA         NA         NA         NA  0.4546834         NA         NA
[697]         NA         NA         NA         NA         NA         NA         NA         NA
[705]         NA         NA         NA  1.2394130         NA         NA         NA         NA
[713]         NA         NA         NA         NA         NA         NA         NA         NA
[721]         NA         NA         NA         NA         NA         NA         NA         NA
[729]         NA         NA         NA         NA         NA         NA         NA         NA
[737]         NA         NA         NA         NA         NA         NA         NA         NA
[745]         NA         NA         NA

$TS
  [1] 1.001734e+02 9.732957e+01 9.605162e+01 9.007836e+01 8.529928e+01 5.498301e+01 4.522220e+01
  [8] 4.333038e+01 4.085845e+01 2.438168e+01 1.987486e+01 8.050488e+01 6.778500e+01 6.517910e+01
 [15] 5.615692e+01 5.460681e+01 4.799372e+01 2.931048e+01 6.530038e+01 5.250335e+01 4.994226e+01
 [22] 4.716620e+01 6.403520e+01 6.077580e+01 5.452043e+01 5.250579e+01 6.327437e+01 5.240605e+01
 [29] 4.956253e+01 4.947964e+01 4.893641e+01 5.189111e+01 4.496343e+01 5.269283e+01 2.808172e+01
 [36] 4.710900e+01 4.153993e+01 3.504880e+01 4.965959e+01 4.868013e+01 4.677418e+01 3.526479e+01
 [43] 3.443589e+01 3.302370e+01 2.963606e+01 2.651911e+01 2.596254e+01 5.175365e+01 4.765836e+01
 [50] 4.479527e+01 3.779345e+01 2.561610e+01 1.918617e+01 1.387259e+01 7.941812e+00 4.786692e+01
 [57] 4.157887e+01 3.549398e+01 3.458650e+01 4.660116e+01 4.455268e+01 3.857534e+01 2.934264e+01
 [64] 2.466714e+01 3.980367e+01 3.623948e+01 2.990897e+01 2.013414e+01 8.040528e+00 6.646408e+00
 [71] 4.931080e+01 4.281936e+01 4.147089e+01 4.061897e+01 3.641992e+01 2.996201e+01 2.121099e+01
 [78] 1.804208e+01 1.114869e+01 1.131435e-01 4.805549e+01 3.065684e+01 2.480514e+01 4.525436e+01
 [85] 3.604035e+01 4.324604e+01 3.780571e+01 2.787418e+01 1.411101e+01 4.347738e+01 4.693866e+01
 [92] 4.022471e+01 2.780911e+01 2.113492e+01 4.058377e+01 2.730232e+01 2.469854e+01 1.917185e+01
 [99] 1.598479e+01 1.465644e+01 8.139748e+00 5.176244e+00 4.432753e+01 4.214745e+01 4.202432e+01
[106] 3.815426e+01 3.476141e+01 9.599603e+00 2.483685e+01 3.122131e+01 2.212805e+01 1.819779e+00
[113] 3.466783e+01 2.853325e+01 2.820857e+01 2.391414e+01 3.730128e+01 3.120631e+01 2.008846e+01
[120] 1.803495e+01 9.054607e+00 4.103859e+01 3.651827e+01 7.581901e+00 3.857689e+00 1.786852e+00
[127] 4.042694e+01 3.477566e+01 3.357255e+01 2.051585e+01 3.232894e+01 3.794347e+01 3.642495e+01
[134] 3.200452e+01 2.882613e+01 3.860599e+01 3.527183e+01 2.994852e+01 2.980215e+01 3.298519e+01
[141] 2.976407e+01 1.750406e+01 4.311337e+00 2.869939e+01 2.345693e+01 2.342824e+01 1.457464e+01
[148] 1.072919e+01 5.996719e+00 2.460772e+01 2.200791e+01 3.186920e+01 2.449033e+01 2.442163e+00
[155] 2.422136e+01 1.410681e+01 1.017207e+01 9.176397e+00 3.068762e+01 1.772878e+01 2.669926e+01
[162] 2.591110e+01 2.349317e+01 2.190468e+01 1.304645e+01 1.025150e+01 3.144355e+00 8.836455e-01
[169] 3.356977e+01 1.732666e+01 1.503641e+01 1.411554e+01 1.381538e+01 1.280402e+01 1.195039e+01
[176] 1.002436e+01 3.479443e+01 2.988634e+01 3.288708e+01 3.200247e+01 3.071537e+01 2.154719e+01
[183] 2.463570e+01 3.020820e+01 2.202704e+01 1.721459e+01 6.536589e+00 3.384100e+01 3.030191e+01
[190] 2.530854e+01 1.492308e+01 3.222208e+01 2.453597e+01 1.866876e+01 1.388620e+01 5.833531e+00
[197] 4.354388e+00 4.326516e+00 3.169656e+00 2.009818e+01 1.554084e+01 1.301884e+01 2.911581e+01
[204] 1.916133e+01 8.251916e+00 7.301790e+00 2.146091e+01 2.037310e+01 7.361218e+00 1.505150e+01
[211] 1.357954e+01 3.127733e+01 1.934099e+01 1.673630e+01 2.943480e+01 2.306865e+01 2.260982e+01
[218] 1.893416e+01 2.821514e+01 2.523792e+01 2.391074e+01 2.679380e+01 1.406612e+00 2.705169e+01
[225] 2.612878e+01 1.336545e+01 9.676133e+00 2.611023e+00 2.402634e+01 2.754838e+01 2.198612e+01
[232] 1.767045e+01 1.994726e+00 6.940773e-01 1.385289e+01 8.934806e-01 1.143902e+01 8.396908e+00
[239] 2.796340e+01 1.938861e+01 7.883267e+00 2.634386e+01 2.811949e+01 2.703111e+01 2.175097e+01
[246] 1.659923e+01 1.258729e+01 8.387436e+00 2.552888e+01 2.439216e+01 2.789072e+01 1.653822e+01
[253] 1.436702e+01 1.137413e+01 1.073746e+01 1.012513e+01 3.907428e+00 1.951203e+01 1.626362e+01
[260] 2.709060e+01 2.516615e+01 1.735722e+01 1.699815e+01 1.665482e+01 1.250474e+01 1.207318e+01
[267] 1.145517e+01 2.009821e+00 1.045377e+01 9.397229e+00 3.389310e-01 2.576536e+01 1.468730e+01
[274] 1.526806e+01 2.465737e+01 1.750096e+01 2.567446e+01 1.972287e+01 1.283309e+01 9.919886e+00
[281] 2.576415e+01 1.739258e+01 2.461832e+01 1.433837e+01 5.121318e+00 2.247047e+01 2.173765e+01
[288] 1.100276e+01 4.417064e+00 6.624738e-01 1.240125e+01 1.185938e+01 2.394604e+01 2.257751e+01
[295] 1.910259e+01 1.848401e+01 2.394380e+01 7.827720e+00 2.039473e+01 5.032919e+00 3.238229e+00
[302] 1.724931e+01 1.922732e+01 1.924503e+01 1.601414e+01 1.093289e+01 3.235078e+00 4.027663e-01
[309] 2.222067e+01 1.354640e+01 1.152166e+01 1.145551e+01 2.420740e+00 1.688327e+00 2.128797e+01
[316] 2.178978e+01 1.527328e+01 6.907646e+00 1.607806e+01 2.164064e+01 1.793413e+01 1.045914e+01
[323] 2.317882e+01 1.051874e+01 9.832777e+00 3.913044e+00 1.530635e+01 1.657798e+01 1.600540e+01
[330] 9.573105e+00 5.636726e+00 5.338501e+00 1.944843e-01 1.172230e+01 2.013116e+01 8.598460e+00
[337] 2.193745e+01 8.404623e+00 1.608375e+01 1.564795e+01 2.064729e+01 2.040857e+01 1.665524e+01
[344] 9.394815e+00 7.933002e+00 2.763844e+00 7.887544e-01 1.134550e+01 9.224875e+00 6.772084e-01
[351] 8.283400e+00 3.625536e+00 2.088910e+01 8.450099e+00 1.899689e+01 3.174787e+00 3.681821e-01
[358] 7.196987e+00 5.442357e+00 1.067290e+00 1.543855e+01 1.078799e+01 1.009107e+01 9.481086e+00
[365] 2.026933e+01 1.598116e+01 1.927196e+01 2.004528e+01 1.682998e+01 4.770460e+00 1.957600e+01
[372] 1.394473e+01 2.024222e+01 1.697724e+01 1.143593e+01 1.125832e+01 7.398862e+00 1.237284e+01
[379] 1.188319e+01 1.169859e+01 9.917253e+00 5.422797e+00 3.483627e+00 1.646308e+00 1.849357e+01
[386] 7.817068e+00 5.413535e+00 1.102909e+00 1.905888e+01 1.265352e+01 1.252922e+01 9.918590e+00
[393] 1.747594e+01 1.712739e+01 1.516905e+01 4.107472e+00 3.603492e+00 1.039193e+01 2.448497e+00
[400] 1.644434e+01 9.037499e+00 6.297690e+00 1.838897e+01 1.904480e+01 1.080215e+01 8.394887e+00
[407] 4.769399e+00 6.521126e+00 4.280739e+00 4.269566e+00 1.301114e+01 9.397573e+00 2.692962e+00
[414] 3.762791e-01 8.776832e+00 5.739699e+00 1.665380e+01 1.430419e+01 1.553443e+01 1.849537e+01
[421] 3.395997e+00 1.775665e+01 1.161281e+01 4.504732e+00 6.869448e+00 1.581960e+01 6.713235e+00
[428] 5.585619e+00 3.260995e+00 1.178420e-01 1.716036e+01 1.652856e+01 1.064752e+01 8.770442e+00
[435] 1.752444e+00 7.261084e+00 1.243780e+01 1.215233e+01 7.744484e+00 1.647148e+01 2.247400e+00
[442] 1.612967e+01 1.663262e+01 2.913879e+00 1.235185e+01 1.595850e+01 1.651652e+01 1.441988e+01
[449] 3.169948e+00 9.175119e-01 1.417692e+01 1.569458e+01 1.541183e+01 1.183510e+01 1.151717e+01
[456] 9.613468e+00 1.568366e+01 1.555410e+01 1.169542e+01 9.855910e+00 9.645818e+00 9.375468e-01
[463] 4.680326e+00 1.750599e+00 2.435030e-01 7.396643e+00 5.453090e+00 4.162651e+00 3.638556e+00
[470] 7.032569e+00 2.096577e+00 7.810618e+00 9.448022e+00 5.662954e+00 1.084902e+01 9.015239e+00
[477] 7.216126e+00 4.280365e+00 1.593905e-01 6.480466e+00 1.455499e+01 1.223849e+01 1.439961e+01
[484] 1.319569e+01 1.001132e+01 6.311958e+00 1.407408e+01 1.201961e+01 6.759991e+00 1.097080e+01
[491] 6.745601e-01 1.032204e+01 6.361442e+00 3.198748e+00 3.351425e+00 2.709998e+00 1.822700e+00
[498] 1.259585e+00 1.050491e+01 4.945167e+00 3.917913e+00 1.284988e+01 1.207862e+01 1.101711e+01
[505] 9.764412e+00 7.410821e+00 7.446006e+00 6.648108e+00 6.740286e+00 1.107080e+01 8.872727e+00
[512] 6.381006e+00 1.171253e+01 1.000089e+01 1.142164e+01 6.401119e+00 5.056274e+00 1.002807e+01
[519] 8.954907e+00 5.847021e+00 1.244826e+01 1.745262e+00 1.060516e+01 1.053750e+01 8.013378e+00
[526] 4.791948e+00 2.727992e+00 7.075609e+00 5.863215e+00 2.327080e+00 1.334205e+00 1.228340e+01
[533] 1.201563e+01 3.900319e+00 6.016415e+00 5.112065e+00 3.328156e+00 8.440133e+00 4.075114e+00
[540] 8.678530e+00 3.079748e+00 1.034855e+01 3.992976e+00 1.109442e+00 1.084870e+01 6.220847e+00
[547] 6.424537e+00 6.152043e+00 8.988459e+00 2.765372e+00 1.107575e+01 2.579976e-01 9.192481e+00
[554] 7.812367e+00 8.398249e+00 7.457572e+00 3.529662e+00 1.031843e+01 1.003153e+01 1.633573e-01
[561] 5.940774e+00 9.370537e-01 4.203308e+00 9.260936e+00 5.706572e+00 3.811768e+00 7.309059e+00
[568] 6.487921e+00 5.794799e+00 5.006305e+00 4.192481e-03 3.422645e+00 7.309260e+00 6.856951e+00
[575] 4.856746e+00 4.486254e+00 6.946292e+00 5.027132e+00 1.054230e+01 5.536837e+00 9.173878e-01
[582] 6.519163e-01 1.028090e+01 9.071174e+00 9.352514e+00 8.159518e+00 3.992137e+00 9.373729e+00
[589] 3.684077e+00 1.031257e+01 9.006558e+00 6.609389e+00 1.018631e+01 2.375743e+00 5.027348e-01
[596] 5.963288e+00 4.894074e+00 3.459204e+00 6.279839e+00 1.117645e+00 4.080629e+00 2.991195e+00
[603] 5.286789e+00 3.044609e+00 2.761382e+00 1.719830e+00 1.705660e+00 6.045420e+00 2.348975e+00
[610] 4.947052e+00 8.299335e+00 2.379922e+00 7.705658e+00 5.401268e+00 3.469019e+00 1.073139e+00
[617] 1.701554e+00 3.936337e+00 6.068907e+00 4.112874e+00 3.078730e+00 2.042822e+00 6.339325e-01
[624] 8.078691e+00 7.144729e+00 8.615912e+00 2.305721e+00 7.168918e+00 7.015902e+00 3.502035e+00
[631] 2.562423e+00 1.051334e+00 7.697154e+00 7.837275e-01 7.358363e+00 3.650472e+00 9.778787e-01
[638] 2.041066e+00 9.437460e-01 2.026127e+00 6.622891e+00 1.264996e+00 7.258473e+00 6.478968e+00
[645] 3.267474e+00 3.466766e+00 2.620844e+00 5.464750e+00 5.547208e+00 2.832978e+00 7.931781e+00
[652] 9.125249e-01 4.185760e-01 5.991339e+00 6.827917e+00 4.390282e+00 2.064211e+00 2.055569e+00
[659] 5.385113e-01 4.988279e+00 9.993331e-01 3.805593e+00 6.358679e-01 6.696222e+00 3.486248e+00
[666] 2.927350e+00 4.739677e+00 3.375630e+00 6.080736e+00 5.297594e+00 2.227479e+00 2.216939e+00
[673] 4.157273e+00 4.793307e-02 2.689872e+00 2.202960e+00 5.113051e+00 5.007513e+00 4.188695e+00
[680] 5.787903e+00 2.523433e+00 5.489245e+00 4.738699e+00 6.098716e+00 1.942673e+00 6.170941e-01
[687] 4.216628e+00 2.843980e+00 2.690500e+00 2.300365e-01 5.177698e+00 1.034680e-02 3.828735e+00
[694] 2.937747e+00 4.629024e+00 1.466856e+00 8.684046e-01 2.669339e+00 5.088512e+00 3.939886e+00
[701] 1.224438e+00 4.765509e+00 4.411011e+00 3.364052e+00 3.888192e+00 4.563999e-01 2.813176e+00
[708] 3.664730e+00 3.609748e+00 4.707829e-01 7.554383e-01 2.987085e+00 2.136660e+00 1.552586e+00
[715] 3.186353e+00 1.044090e+00 1.883245e+00 2.912130e+00 8.448837e-02 9.022308e-01 8.793540e-01
[722] 2.565352e+00 3.573866e-01 2.336158e+00 1.267310e+00 1.334704e+00 5.621957e-01 1.566487e-01
[729] 5.344351e-02 2.164422e+00 2.491550e+00 1.418330e+00 4.593563e-01 1.236879e+00 1.716362e+00
[736] 1.969587e-01 1.268164e+00 1.389375e+00 1.597481e+00 1.402410e+00 1.153617e+00 6.505297e-03
[743] 1.169753e+00 7.562494e-01 1.677775e-01 5.622724e-01 6.004371e-01

$PAR
  [1]  NA   1   2   2   4   4   4   4   4   4   4   5   5   5   5   5   5   5  12  12  12  19  14
 [24]  14  14  14  23  15  15  15  15   6   6  25  25  34  34  34  26  26  26  28  28  28  28  28
 [47]  28  32  32  32  32  32  32  32  32  48  48  48  48  39  39  39  39  39  29  29  29  29  29
 [70]  29  30  30  30  30  30  30  30  30  30  30  71  31  31  40  40  81  81  81  81  17  56  56
 [93]  56  56  49  49  49  49  49  49  49  49  41  41  41  60  60  60   7  50  50  50 103 103 103
[116] 103   8   8   8   8   8  86  86  86  86  86  72  72  72  72  57   9   9   9   9  74  74 127
[139] 127  65  65  65  65 136 136 136 136 136 136 106 106 132  51  51 133 133 133 133  75  75  66
[162]  66  66  66  66  66  66  66  85  85  85  85  85  85  85  85 137 137  42  42  42  42  38 113
[185]  59  59  59  43 188 188 188 129 129 129 129 129 129 129 129 140 140 140 179 179 179 179 131
[208] 131 131 192 192 134 134 134 180 110 110 110 118 181 159  82  82  76  76  76  76  76  67 141
[231] 141 141 141 141  45  45 215 215  63  63  63  18 203 135 135 135 135 135 144 144 114 114 114
[254] 114 114 114 219 115 115  35  35  35  35  35  35  35  35  35 239 239 239 251 251 230  96  96
[277] 244 222 222 161  46  46 242 242 242 225 225 225 225 225  47 162 272 272 272 272 277 277  52
[300]  52  52 190 220 261 109 109 109 109  97  97  97  97  97  97  64 275 183 183 283 150 193 193
[323] 153 153 153 153  10 155 155 155 155 155 155 293 297 297 116 163 145 145 146 146 323 323 323
[346] 323 323 216 216 216 217 217 294 294 286 286 286 309 309 309 337 164 164 164 245 245 287 320
[369] 320 182 207 207 315  77  77  77  77  94  94 353 353 353 353 341 342 365 365 365 200 200 200
[392] 200 368 368  11  11  11 278 278 371 258 258 240 213 213 213 213 367 304 304 303 303 303 303
[415] 204 204 404 404 355 194 420 385 385 385 403  78  78 321 321 321 142 393 170 170 170 302 186
[438] 431 431 394 394 263 374 374 369 264 417 417 417 417 246 328 252 432 432 432 440 440 440 440
[461] 440 440 400 400 400 259 259 329 426 452 452 458 419 419 361 361 361 361 361 453 327 274 171
[484] 171 171 171 191 100 147 483 253 418 418  89 156 156 156 156 487 487 372 195 195 195 195 195
[507]  54 235 211 226 226 226 202 202 411 411 411 502 502 502 279 174 390 391 391 391 391 521 521
[530] 521 437 445 532 532 482 482 482 438 438 503 266 488 175 175 379 379 292 454 380 380 423 423
[553] 311 455 267 267 267 237 254 254  79  79 551 510 504 288 490 490 490 490 490 306 475 475 475
[576] 545 362 362 148 148 433 523 524 524 324 499 322 269 269 398 398 398 558 590 590 593 593 157
[599] 559 518 176 176 485 514 514 514 514 280 280 392 381 460 227 227 456 364 473 585 564 349 349
[622] 349 349 553 553 121 121 476 476 476 476 519 415 415 434 540 626 354 538 338 555 238 406 248
[645] 248 205 205 101  69 525  55  55  55 345 651 651 651 241 298 439 613 124 124 556 556 556 507
[668] 635 643 358 628 625 629 629 318 318 425 655 489 509 664 508 187 408 568 512 402 548 548 548
[691] 684 561 569 680 416 565 649 682 648 691 102 517 517 517 678 289 197 687 468 673 326 534 534
[714] 693 469 469 352 383 615 301 199 621 604 712 712 694 688 707 605 689 675 698 647 313 612 612
[737] 638 685 126 435 522 384 531 701 741 450 686

$EXTANT
  [1] FALSE FALSE FALSE FALSE FALSE FALSE FALSE FALSE FALSE FALSE  TRUE FALSE FALSE FALSE FALSE
 [16] FALSE FALSE  TRUE FALSE FALSE FALSE FALSE FALSE FALSE FALSE FALSE FALSE FALSE  TRUE  TRUE
 [31] FALSE  TRUE FALSE FALSE  TRUE FALSE  TRUE FALSE FALSE FALSE FALSE  TRUE FALSE FALSE  TRUE
 [46] FALSE  TRUE FALSE  TRUE  TRUE FALSE  TRUE FALSE FALSE  TRUE FALSE FALSE FALSE  TRUE FALSE
 [61] FALSE FALSE FALSE FALSE FALSE  TRUE FALSE FALSE  TRUE  TRUE FALSE FALSE  TRUE FALSE FALSE
 [76] FALSE  TRUE FALSE  TRUE  TRUE FALSE  TRUE FALSE FALSE  TRUE  TRUE FALSE FALSE  TRUE FALSE
 [91] FALSE FALSE FALSE  TRUE FALSE FALSE  TRUE  TRUE FALSE  TRUE  TRUE  TRUE FALSE FALSE FALSE
[106] FALSE FALSE FALSE  TRUE FALSE FALSE  TRUE FALSE FALSE FALSE  TRUE  TRUE FALSE FALSE FALSE
[121]  TRUE FALSE FALSE  TRUE  TRUE  TRUE FALSE FALSE  TRUE FALSE FALSE  TRUE FALSE FALSE  TRUE
[136]  TRUE FALSE FALSE FALSE FALSE  TRUE FALSE  TRUE FALSE  TRUE  TRUE FALSE FALSE FALSE FALSE
[151] FALSE  TRUE FALSE  TRUE  TRUE  TRUE FALSE  TRUE FALSE  TRUE FALSE  TRUE  TRUE FALSE  TRUE
[166]  TRUE  TRUE  TRUE FALSE  TRUE  TRUE FALSE  TRUE  TRUE  TRUE  TRUE FALSE FALSE  TRUE FALSE
[181] FALSE FALSE  TRUE FALSE FALSE FALSE  TRUE  TRUE FALSE FALSE  TRUE  TRUE  TRUE  TRUE  TRUE
[196]  TRUE  TRUE  TRUE  TRUE  TRUE FALSE  TRUE  TRUE FALSE  TRUE FALSE  TRUE FALSE  TRUE  TRUE
[211]  TRUE FALSE  TRUE FALSE  TRUE  TRUE  TRUE  TRUE  TRUE FALSE FALSE FALSE  TRUE FALSE  TRUE
[226]  TRUE  TRUE  TRUE FALSE FALSE FALSE  TRUE  TRUE  TRUE  TRUE  TRUE  TRUE  TRUE  TRUE  TRUE
[241]  TRUE FALSE FALSE FALSE FALSE  TRUE FALSE  TRUE  TRUE FALSE FALSE  TRUE  TRUE  TRUE FALSE
[256]  TRUE FALSE  TRUE  TRUE FALSE FALSE  TRUE FALSE FALSE  TRUE  TRUE  TRUE  TRUE FALSE  TRUE
[271]  TRUE FALSE FALSE  TRUE FALSE  TRUE  TRUE  TRUE  TRUE  TRUE FALSE  TRUE FALSE FALSE  TRUE
[286]  TRUE FALSE FALSE  TRUE  TRUE  TRUE  TRUE  TRUE FALSE  TRUE FALSE FALSE  TRUE FALSE  TRUE
[301]  TRUE FALSE  TRUE  TRUE FALSE  TRUE  TRUE  TRUE  TRUE FALSE  TRUE FALSE  TRUE  TRUE FALSE
[316] FALSE FALSE  TRUE  TRUE FALSE  TRUE  TRUE  TRUE FALSE  TRUE  TRUE FALSE FALSE  TRUE FALSE
[331] FALSE  TRUE  TRUE  TRUE FALSE FALSE  TRUE  TRUE  TRUE  TRUE  TRUE FALSE FALSE FALSE  TRUE
[346]  TRUE  TRUE  TRUE  TRUE  TRUE  TRUE  TRUE  TRUE FALSE  TRUE  TRUE  TRUE  TRUE FALSE  TRUE
[361]  TRUE  TRUE  TRUE  TRUE  TRUE  TRUE  TRUE  TRUE  TRUE  TRUE FALSE  TRUE FALSE  TRUE FALSE
[376] FALSE FALSE  TRUE  TRUE  TRUE FALSE FALSE  TRUE  TRUE  TRUE FALSE  TRUE  TRUE FALSE  TRUE
[391]  TRUE  TRUE FALSE  TRUE FALSE  TRUE  TRUE FALSE  TRUE  TRUE FALSE  TRUE  TRUE  TRUE FALSE
[406]  TRUE  TRUE  TRUE  TRUE FALSE  TRUE FALSE  TRUE  TRUE  TRUE FALSE  TRUE  TRUE  TRUE FALSE
[421]  TRUE  TRUE  TRUE  TRUE  TRUE  TRUE  TRUE FALSE  TRUE  TRUE  TRUE  TRUE  TRUE FALSE  TRUE
[436]  TRUE  TRUE  TRUE  TRUE  TRUE  TRUE FALSE FALSE  TRUE FALSE FALSE  TRUE FALSE  TRUE  TRUE
[451] FALSE  TRUE  TRUE FALSE  TRUE  TRUE  TRUE FALSE FALSE  TRUE FALSE  TRUE  TRUE  TRUE  TRUE
[466]  TRUE  TRUE  TRUE  TRUE  TRUE  TRUE  TRUE  TRUE  TRUE  TRUE  TRUE FALSE FALSE  TRUE FALSE
[481] FALSE  TRUE  TRUE FALSE  TRUE  TRUE  TRUE FALSE  TRUE  TRUE  TRUE  TRUE  TRUE  TRUE  TRUE
[496]  TRUE  TRUE  TRUE FALSE FALSE  TRUE  TRUE FALSE FALSE  TRUE  TRUE  TRUE  TRUE  TRUE  TRUE
[511]  TRUE  TRUE FALSE  TRUE  TRUE  TRUE  TRUE  TRUE  TRUE FALSE  TRUE  TRUE  TRUE  TRUE  TRUE
[526]  TRUE  TRUE  TRUE  TRUE FALSE  TRUE  TRUE  TRUE  TRUE  TRUE  TRUE  TRUE  TRUE  TRUE  TRUE
[541]  TRUE FALSE  TRUE  TRUE  TRUE  TRUE FALSE  TRUE  TRUE  TRUE  TRUE  TRUE  TRUE  TRUE  TRUE
[556]  TRUE  TRUE  TRUE  TRUE  TRUE  TRUE  TRUE FALSE  TRUE FALSE  TRUE  TRUE  TRUE  TRUE  TRUE
[571]  TRUE FALSE FALSE FALSE  TRUE  TRUE  TRUE  TRUE  TRUE  TRUE  TRUE  TRUE FALSE  TRUE  TRUE
[586] FALSE  TRUE  TRUE  TRUE  TRUE FALSE  TRUE  TRUE  TRUE  TRUE  TRUE  TRUE FALSE  TRUE  TRUE
[601]  TRUE FALSE  TRUE  TRUE  TRUE  TRUE  TRUE FALSE  TRUE  TRUE  TRUE  TRUE  TRUE  TRUE  TRUE
[616]  TRUE  TRUE  TRUE  TRUE  TRUE  TRUE  TRUE  TRUE FALSE  TRUE  TRUE  TRUE  TRUE  TRUE  TRUE
[631]  TRUE  TRUE  TRUE  TRUE  TRUE  TRUE  TRUE  TRUE  TRUE FALSE FALSE  TRUE  TRUE FALSE  TRUE
[646]  TRUE  TRUE  TRUE  TRUE  TRUE FALSE  TRUE  TRUE  TRUE  TRUE FALSE  TRUE  TRUE  TRUE FALSE
[661]  TRUE  TRUE  TRUE FALSE  TRUE FALSE  TRUE  TRUE  TRUE  TRUE  TRUE  TRUE  TRUE  TRUE  TRUE
[676]  TRUE  TRUE  TRUE  TRUE  TRUE  TRUE  TRUE  TRUE  TRUE FALSE  TRUE  TRUE  TRUE  TRUE  TRUE
[691]  TRUE  TRUE  TRUE FALSE  TRUE  TRUE  TRUE  TRUE  TRUE  TRUE  TRUE  TRUE  TRUE  TRUE  TRUE
[706]  TRUE  TRUE FALSE  TRUE  TRUE  TRUE  TRUE  TRUE  TRUE  TRUE  TRUE  TRUE  TRUE  TRUE  TRUE
[721]  TRUE  TRUE  TRUE  TRUE  TRUE  TRUE  TRUE  TRUE  TRUE  TRUE  TRUE  TRUE  TRUE  TRUE  TRUE
[736]  TRUE  TRUE  TRUE  TRUE  TRUE  TRUE  TRUE  TRUE  TRUE  TRUE  TRUE  TRUE

