
Birth-death simulation object with 678 species and 500 extant species

Details for some species:

Extinction times (NA means extant)
[1] 16.21568 46.78990 42.16882 39.42948 43.63764       NA


Speciation times 
[1] 64.91111 57.86471 54.32720 50.50899 49.59175 48.03377


Species parents (NA for initial)
[1] NA  1  1  1  1  1


Species status (extinct or extant)
[1] "extinct" "extinct" "extinct" "extinct" "extinct" "extant" 


For more details on vector y, try sim$y, with y one of
TE TS PAR EXTANT



$TE
  [1] 16.21567774 46.78990117 42.16881776 39.42948175 43.63764377          NA 24.69750305
  [8] 19.93211476          NA 33.60464416          NA          NA 48.06111143          NA
 [15] 22.11787496          NA          NA          NA          NA          NA 14.35433563
 [22]          NA          NA  0.31608276  7.90624953          NA 31.09124270 30.36245074
 [29] 34.56659934          NA 18.57626127          NA          NA          NA 24.56285732
 [36] 25.76410559 22.62907852          NA          NA          NA          NA          NA
 [43]          NA 18.05601376          NA          NA          NA 30.92447176          NA
 [50]          NA          NA 23.61888740  0.20425961          NA 13.15436996          NA
 [57]          NA  4.89634050          NA          NA          NA          NA  0.51670939
 [64] 14.67885562          NA  9.64235348  6.13799851          NA          NA 11.54672489
 [71]          NA          NA 30.04648795 20.62109400          NA          NA 14.14156423
 [78]          NA          NA          NA          NA          NA          NA 29.96107839
 [85]          NA          NA          NA 29.23685826          NA          NA          NA
 [92]          NA 19.28728251  7.89161728  0.02255885          NA          NA          NA
 [99] 32.30425568          NA          NA          NA  7.28975149          NA          NA
[106]          NA 32.67766033 20.14490254          NA          NA          NA          NA
[113] 20.65791488          NA          NA          NA          NA 22.87856544  6.21207000
[120]  5.99012517          NA          NA 15.06844206          NA          NA 14.17347414
[127]          NA 31.83876115          NA          NA          NA 19.54713964          NA
[134]  0.09935527          NA 20.81971230 14.38073013  0.21536051          NA  2.23593694
[141] 12.64767592  8.83819204          NA          NA  5.01148547          NA 12.64028677
[148] 11.75547585 25.62767599          NA  1.88487342 21.61910520 11.55192530          NA
[155]          NA          NA  1.07258447          NA          NA          NA          NA
[162]          NA 25.98371791  4.75148195 10.52619029 19.04868896          NA          NA
[169] 21.25804337          NA  8.12632572          NA          NA 19.00584439          NA
[176]          NA 19.54455985          NA          NA          NA  2.55409848          NA
[183]  1.55406419  5.65884410          NA          NA 15.30680824  9.94602194          NA
[190]          NA          NA          NA  0.14643495  8.39048386          NA          NA
[197]          NA  4.69509335  8.04390335  4.96188876 19.47371920 24.42512329  9.58708787
[204]          NA          NA          NA  4.81097250          NA          NA          NA
[211]  5.60950966          NA  2.15777291 16.15617824          NA  8.03245132          NA
[218] 15.12785326          NA  7.59752716          NA          NA  5.82852594          NA
[225]  2.25990428 13.18022887 17.89034997  2.69408745          NA          NA  2.19282183
[232]          NA          NA          NA          NA  2.64198970          NA 18.67380776
[239]  3.78808645          NA          NA          NA          NA  8.29564426 17.41569788
[246]  7.97408705          NA          NA          NA          NA 18.14952375 19.14982570
[253]          NA          NA 13.99585408          NA          NA          NA          NA
[260]          NA          NA          NA          NA 11.05183762 16.42996413 10.33522900
[267]          NA          NA          NA          NA          NA 20.67993663  0.52142292
[274] 16.74765389          NA  2.11287228          NA          NA          NA  4.99572951
[281]          NA          NA  1.36612923          NA          NA  6.07587247          NA
[288]          NA          NA          NA          NA          NA          NA          NA
[295]          NA          NA  2.71375394          NA          NA          NA          NA
[302]          NA 18.06427886          NA          NA          NA 13.62307373          NA
[309]          NA          NA          NA 14.90044755          NA          NA          NA
[316]          NA          NA          NA          NA 11.02116147          NA          NA
[323]  8.15063436 12.93824318          NA          NA          NA  3.78102401          NA
[330]          NA          NA          NA  7.23199111          NA          NA  2.73917720
[337]          NA          NA  1.81319870          NA          NA          NA          NA
[344]          NA  8.59440361          NA          NA 11.13699637  4.49716456  9.83214277
[351]          NA          NA          NA          NA          NA          NA          NA
[358]          NA          NA          NA          NA          NA          NA          NA
[365]          NA          NA          NA          NA          NA          NA          NA
[372]          NA          NA          NA 11.51106443  3.44122440          NA          NA
[379]  9.29394548          NA 14.89605252          NA          NA          NA 10.26070090
[386]  6.66330415  0.62885073          NA          NA          NA          NA          NA
[393]  8.50389740          NA          NA          NA  4.90333284          NA 11.79434155
[400]          NA  2.89735603          NA  0.07389230          NA          NA          NA
[407]          NA          NA          NA          NA          NA          NA          NA
[414] 15.58235178  5.64391501          NA  4.05978252          NA 12.95374417  2.72017607
[421]  3.08819894          NA          NA          NA          NA          NA          NA
[428]          NA          NA          NA          NA          NA  3.62078665          NA
[435]  8.85378496          NA          NA          NA          NA          NA          NA
[442]          NA          NA          NA          NA          NA          NA          NA
[449]          NA          NA          NA          NA          NA          NA          NA
[456]          NA          NA          NA          NA  6.80165682          NA          NA
[463]          NA          NA  0.61789629          NA          NA          NA          NA
[470]          NA          NA          NA          NA          NA          NA          NA
[477]          NA          NA          NA  0.40195828          NA          NA  1.18715492
[484]          NA          NA          NA          NA          NA  4.30950471  9.48186186
[491]          NA          NA          NA          NA  5.23438601          NA          NA
[498]          NA          NA          NA          NA          NA          NA          NA
[505]          NA  1.18224049          NA          NA          NA          NA          NA
[512]  4.52279774          NA          NA          NA          NA          NA          NA
[519]          NA  1.75980935          NA  7.07922927          NA          NA          NA
[526]          NA          NA          NA          NA  3.33048951          NA          NA
[533]          NA          NA          NA          NA          NA          NA          NA
[540]          NA          NA          NA          NA          NA  0.39472333          NA
[547]          NA  1.00143026          NA          NA          NA          NA          NA
[554]          NA          NA  1.11938601          NA          NA          NA          NA
[561]          NA          NA          NA          NA          NA          NA  4.22175602
[568]          NA          NA          NA          NA          NA          NA          NA
[575]          NA          NA  4.37269028  3.93166161          NA          NA          NA
[582]          NA          NA          NA          NA          NA          NA          NA
[589]  1.59819405  1.48972970          NA          NA          NA          NA          NA
[596]          NA          NA          NA          NA          NA          NA          NA
[603]          NA          NA          NA  2.19970312          NA          NA          NA
[610]          NA          NA          NA          NA          NA          NA          NA
[617]          NA          NA          NA          NA          NA          NA          NA
[624]          NA          NA          NA  0.68345204  1.27960355          NA          NA
[631]          NA          NA          NA          NA          NA          NA          NA
[638]          NA          NA          NA          NA          NA          NA          NA
[645]          NA          NA          NA          NA          NA          NA          NA
[652]          NA          NA          NA          NA          NA          NA          NA
[659]          NA  0.57430888          NA          NA          NA          NA          NA
[666]          NA          NA          NA          NA          NA          NA          NA
[673]          NA          NA          NA          NA          NA          NA

$TS
  [1] 64.911107165 57.864709529 54.327197988 50.508987648 49.591746627 48.033765096 44.448200879
  [8] 35.894634025 29.314810894 55.613304281 53.687056562 53.288247768 52.362730312 35.770298499
 [15] 23.871221142 11.839433541 11.219833383  6.283472526  5.075916193  1.553662717 47.073259690
 [22] 39.123978568 38.353103394 27.459601327 20.817962028 10.845016894 51.380308405 49.529380570
 [29] 47.663135711 31.756779044 42.047745723 41.593136098 40.602678654 35.714163464 29.764014828
 [36] 29.571409026 27.295591907 25.097168806 20.939455359  0.988228965 34.805742703 41.018988617
 [43] 37.447237583 30.986678318 19.102260524 18.525434022 42.421044019 32.034021552 31.786045613
 [50] 20.809130404 11.468574094 37.985733741 33.219060011 32.631147511 24.543371749 20.617128754
 [57] 19.643603295 27.330608644  5.425375677  1.376907308 36.007463701 29.868825215 22.957097927
 [64] 17.866627440 16.066468844 10.413710821 34.836018507 17.730814346 13.717819477 13.197920175
 [71]  6.594750328  2.325381099 32.472753296 27.499106530 23.284452992 22.100890766 19.517643769
 [78] 19.141333533 13.145457712 36.020412036 35.474172528 12.768704832  4.584814633 30.701462040
 [85] 37.000184293  9.040758797  7.674416435 35.419855587 27.006115701 16.209716137 31.119123232
 [92] 29.682646348 27.185714232 26.017461357 20.919395604 11.255220160  4.241822528  2.614538622
 [99] 34.768198777 30.586312168 22.429040603 33.677786395 16.802193124  7.797834606  2.996915349
[106]  1.575566659 32.964771721 22.931993966 18.414848483 11.178669138  9.938625307  0.530065966
[113] 35.222377068  3.449100220  3.372149468  2.070508041 29.667200068 28.825402236 26.565921925
[120] 26.417977329 24.090985650 23.849495854 24.684825831 12.427941713  7.908382823 26.721280638
[127]  5.766911836 33.372387140  9.400917161  7.964689019 25.029863618 24.902424860 16.721089382
[134]  9.081265277 31.118688674 25.846690165 23.138754310  7.711872029  6.155166215  4.259289726
[141] 30.058924137 25.933733159 23.938408331 22.178968166 12.481084374  0.558779474 28.485704808
[148] 27.392215511 27.290934055 13.579950203  3.462592831 25.926666354 15.914630249  8.410356299
[155]  6.889078047 20.056882284 19.471648398  0.867226970 23.940287205  6.668459165 26.885366091
[162] 26.724791048 26.638983843 26.634794003 25.464281302 21.143225512 17.115759516  8.843854344
[169] 27.902378682 26.701317309 24.109074772 21.238511300 16.932159883 21.331941714 23.108723945
[176] 26.999268448 25.688520249 22.533188121 22.097924746 19.226618917 16.473531569 15.964864488
[183] 13.548599712 23.607573510 11.869852339  9.074485393 26.265117311 15.333874570 10.021352014
[190]  2.735548434 24.387264112 15.100865579  5.223023268  9.362308371  3.199927273  1.714106642
[197] 18.812123226 18.672836086 11.089257811  6.157587831 26.595052909 26.442750724 14.416805613
[204] 21.164327320 16.968184512 15.303501187 12.958206739 25.326419938 20.924964883 22.739753326
[211] 19.165332633 15.507415942 25.145399542 19.478526762 17.986146244 16.738035346 10.229868333
[218] 20.135390172 21.208672222 21.057274115 18.696972813 24.787494032 22.046900419 10.248521604
[225]  5.552957696 14.496986009 20.410782961 24.314669823 21.146967314 18.138566442 11.467296347
[232] 11.322504511 11.285558204 10.148719932  8.931195229  2.701203768 23.371636264 23.427217248
[239] 20.319888656  9.054178959  8.678247770  3.386455499  2.762917722 24.119110996 21.248138751
[246] 23.161468538 20.996436395 20.269674488 18.996273629 14.541269309 23.428097847 22.730866550
[253] 22.224984910 17.428548685 20.337702789  7.013046480  6.534796655 16.068509098  1.970615569
[260] 19.469316098 14.693430233  7.300615874  9.482102339 19.699490787 16.798605748 15.854322913
[267]  6.805926890  3.627057159  1.665765909  1.379698932 20.490370031 21.795371761 12.803088633
[274] 18.226442569  8.076328942 14.035730862 12.665452643 10.770193383  3.518646963 19.793595217
[281] 15.299284470 11.817300336 10.244607903  7.345503537  6.043495248 11.379768125 15.651723774
[288]  6.575171956 20.091884363  1.764056854 20.764724412 18.751595827 12.053714974  8.191714992
[295]  0.191224430  4.490263963  4.058886075  8.127895128  2.221785500 13.413215807 16.355930508
[302] 20.464376326 20.217096948 19.065415271 12.073002169  3.288560924 17.078393743 12.383823913
[309]  7.876053827  7.795281104 18.841776285 16.835199097 15.229045484 15.124321932 12.683721608
[316]  9.949140548 17.561023054 19.965926154 13.249752676 11.648665472 19.668038591 15.455710093
[323] 11.612080171 16.711347162 18.110106368 20.263597166 14.736954874 14.529348520 19.052091247
[330] 18.124089625  8.101789469  4.378575196 18.179613651  9.051969128  5.723045214  3.734007895
[337] 19.628277063  9.742228438 19.272264372  8.011744512  6.912298202  0.640181335 15.312463628
[344] 11.699551514 14.870984475  9.199769413  4.186635646 12.846732228  5.570351973 15.105359550
[351] 12.341998122  8.517002949  7.487249353  7.013526783  4.036390381  3.341985180  2.514591546
[358] 13.800170259  5.448620334  4.407623364  9.989593975  8.669897435  6.373800418  3.499683930
[365] 13.162678328 11.518978338  0.809459260 15.340049110  7.315585762 17.108830999  4.947593480
[372] 12.107644104  8.375046010  4.614713266 16.501389123 12.887340272  1.092906238 17.422437646
[379] 16.101913943 17.537988681 17.182000574  3.931092749  2.839292868  7.821596921 16.897296004
[386] 12.920252524  7.221265646  5.522755198 12.885417217  7.961201039 11.395395157  2.493914896
[393] 15.462083934 10.484623144 16.725870481 12.259272769  6.016311477  3.617244036 12.331971984
[400]  9.406710652  8.082286188 12.937392690 15.964266907  8.259312830  3.529371250 13.593071889
[407] 11.600611834  3.715101571  3.712499059 10.257707925  7.884364755  6.042151145  5.395068565
[414] 15.644990526  8.009909109 13.480481333  7.369835637  4.011222840 14.460668499 11.196459527
[421]  8.547308782  3.583666703  7.746415545  5.942008768 12.750182907 13.929568703 13.210515856
[428]  9.460812739  7.577954353  7.419293150 12.162946410  0.379808819 11.350030320  9.311322185
[435] 12.626879325 10.451736982  8.764308030  6.133117667  2.835770675  0.636733066  1.151703922
[442] 13.550036895  3.641584172  4.837014144 13.319885360  4.014302667 12.007091190 10.306434403
[449]  5.939391332  3.593423681  9.896030953  9.066606741  8.856184519  5.194476158  2.273802684
[456] 12.349731481  7.812966901  1.304863981  3.577934958  7.837901741  2.924693354  4.517002568
[463]  2.982929560  8.758915934  7.922545734 12.836895829  4.106754029  2.081197162  1.779692879
[470]  7.582671322  1.955484912  4.403099403  2.786838865  6.073972053  7.176879436 12.454241540
[477]  9.365315417  4.662995202  9.962584762  5.656418108  6.301964478  4.460525702 11.219106119
[484]  8.040416725  3.856971408  0.395930921  6.807374200  8.027361306  5.335731768 11.797557940
[491]  1.693970246 10.661761408  9.682589682  4.266141471  6.182259261  0.018861792  3.615053903
[498]  6.435650587  4.862441937  4.190013976  0.693140233 11.166208787  8.442782412  1.889358337
[505]  8.991984933  7.858851207  3.617420187  3.137044824  0.435582997  8.142696350 10.076382764
[512]  6.812709445  0.016765824  2.615744957  1.196722805 10.328003055  9.588553403  8.954722589
[519]  7.043032693  1.872585463  7.293342566  8.619551467  2.250514236  1.489964999  3.422925247
[526]  5.188516347  5.749454019  6.046400494  9.131046298  4.354385187  5.763382856  3.244813800
[533]  4.864698066  3.277523192  6.422789777  9.197420242  2.044341670  6.368351124  4.640334931
[540]  7.271937617  7.980122027  4.350353061  2.637690623  0.362908590  2.164278611  2.132212462
[547]  8.693134549  6.426876869  7.394775951  5.751586344  3.212639284  0.099375644  0.574825491
[554]  9.046331128  2.978116592  7.717360198  1.257332718  3.037270074  1.098041550  1.190951128
[561]  7.231831787  6.371877068  5.705090342  1.624545083  1.436063537  7.458920655  4.566629213
[568]  7.989029071  2.991030008  3.760889428  6.345747191  7.975225349  5.310714198  0.009228978
[575]  5.951457047  3.776715338  5.318003368  4.464963840  3.241812881  0.667440948  1.107786307
[582]  2.104725340  1.281100405  7.614159466  2.766658594  5.283306144  5.096755099  3.211634306
[589]  6.982858600  4.175421369  0.019817186  2.191711595  3.983841118  2.921054008  3.195431646
[596]  6.044923092  4.798125582  2.431008009  1.785659758  6.280407609  2.463522551  3.083584246
[603]  4.053165290  2.415212702  4.620271408  4.404854010  5.302957576  2.607481541  0.932480294
[610]  2.605439121  3.923644865  5.533937217  1.552735306  5.524722157  0.525473958  0.044087484
[617]  5.501498945  3.973953643  3.870979505  0.262017452  0.397905270  1.482275936  2.285808134
[624]  0.354346179  4.873216242  4.656943121  3.425680185  3.916016394  1.474007607  0.973963987
[631]  1.224209168  0.469175479  2.462706077  2.163777538  0.660324563  1.552141254  3.185612701
[638]  1.630069287  3.336443157  1.161012653  0.484450979  0.317316456  3.426142092  1.208089386
[645]  3.614800206  1.823217917  2.943742030  1.171082539  2.413835644  2.788747185  2.768992762
[652]  1.553250278  0.325087504  1.158861375  0.403059289  2.847225259  0.732068017  0.356292298
[659]  2.654791887  2.518032100  0.017711187  2.155370438  1.974969293  0.110338014  0.678511056
[666]  1.773347244  1.379978560  0.209314706  1.180436624  1.270137834  1.102354429  1.167844062
[673]  1.037337100  0.481321073  0.557149961  1.215496553  0.208139772  0.232380972

$PAR
  [1]  NA   1   1   1   1   1   1   1   1   2   2   2   2  11  11  11  11  11  11  11  12  12  12
 [24]  12  12  12  13  13   4  28   6   6   6   6   6   6   6   6   6   6  29  21  21  21  21  21
 [47]   7  47  47  47  47  31  31  31  31  31  31  32  32  32  42  42  42  42  42  42  33  33  33
 [70]  33  33  33  22  22  22  22  22  22  22  23  23  23  23  52  43  43  43  85  85  85  80  80
 [93]  80  61  61  61  61  61   8   8   8  14  14  14  14  14  34  34  34  34  34  34  81  81  81
[116]  81  88 113 113 113 113 113  67  67  67  41  41 102 102 102  53  53  53  53  54  54  54  54
[139]  54  54  30  30  30  30  30  30  91  91  91  91  91 135 135 135 135  44 100 100 141  62  35
[162]  35  35  35  92  92  92 117   9   9   9 147 147 169  74  24  24  24  24  24  24  24  24 148
[185] 148  58  89  89  89  89 176 176 176 161 161 161 162 162 162 162 170 170 170 164 164 164 164
[208] 201 201 119 119 119 120 120 120 187  94 142 165 165 165 208 208 208 208 213  38 131 131 131
[231] 131 131 131 131 131 131 132 222 222 222 222 222 222 123 123  55  55  55 191 191 228 171 171
[254] 171 121 121 121 159 159 143 143 143 122 251 237 237 237 237 237 237  75 246  63 210 210 178
[277] 178 178 178 101 101 101 253 253 253 144  76  76 179 179 174 245 172 172 172 219 219 204 204
[300] 229 220 247 247 247 247 247  95  95  95  95  50  50  50  50  50  50 291  56  56  56 271 271
[323] 271 302 255 239 239 239 248 248 248 248 326 326 326 326 289 280 321 337 337 337  77 157 260
[346] 260 260 339 339 180 180  78  78  78  45 329 329 249 249 249 311 311 197 197 292 292 292 221
[369] 221 198  46 109 109 109 333 333 230 330 330 325 325 325 325 215  64  68  68  68 317 317 380
[392] 380 381 370 205 205 205 173 385 103 103 216 395 133 133 375 181 301 301 379 258 258 258  65
[415]  65 182 182 403 287 287 287 287 212 212 322 368 368 368 368 368 343 343 206 281 314 314 314
[438] 192 327 327 261 250 250 328 419 276 358 358 358 358  69 406 406 406 406 150 150 150 183 300
[461] 300 445 319 427 427 365 365 365 365  79  79 376 389 466  82 315 315 315 435 145 476 476 124
[484] 124 308 308 456 351 351 396 396 372 372 372 305 305 293 447  16  16 282 490 344 344 323 407
[507] 407 407 407  51 433 232 232 233 233  96  96  17  17  17 110 502  26  26 278 492 394 448 410
[530] 410 224 511 189 189 361 316 316 451 451 338 493 493 517 263 400 477 194 434 346 536 536 529
[553] 186 240 240 554 554 505 505 235 453 168 168 168 464 362 362 421 352 373 404 401 275 275 488
[576] 340 568 568 541 541 130 390 390 125 384 457 457 104 429 566 566 262 521 521 561 387 341 341
[599] 341 512 487 267  71  71 257 257 498 535 538 139 438 474 474 285 285 285 424 127 531 550 527
[622] 335 359 359 413 573 607 526 587 371 533 444 605 374 374 462 332 494 467 593 382 619 570 409
[645] 443 398 497 422 364 242 306 579 595 463 463 555 383 439 650 243 659 543 543 608 610 392 604
[668] 604 523 545 634 582 116 646 583 670 377 342

$EXTANT
  [1] FALSE FALSE FALSE FALSE FALSE  TRUE FALSE FALSE  TRUE FALSE  TRUE  TRUE FALSE  TRUE FALSE
 [16]  TRUE  TRUE  TRUE  TRUE  TRUE FALSE  TRUE  TRUE FALSE FALSE  TRUE FALSE FALSE FALSE  TRUE
 [31] FALSE  TRUE  TRUE  TRUE FALSE FALSE FALSE  TRUE  TRUE  TRUE  TRUE  TRUE  TRUE FALSE  TRUE
 [46]  TRUE  TRUE FALSE  TRUE  TRUE  TRUE FALSE FALSE  TRUE FALSE  TRUE  TRUE FALSE  TRUE  TRUE
 [61]  TRUE  TRUE FALSE FALSE  TRUE FALSE FALSE  TRUE  TRUE FALSE  TRUE  TRUE FALSE FALSE  TRUE
 [76]  TRUE FALSE  TRUE  TRUE  TRUE  TRUE  TRUE  TRUE FALSE  TRUE  TRUE  TRUE FALSE  TRUE  TRUE
 [91]  TRUE  TRUE FALSE FALSE FALSE  TRUE  TRUE  TRUE FALSE  TRUE  TRUE  TRUE FALSE  TRUE  TRUE
[106]  TRUE FALSE FALSE  TRUE  TRUE  TRUE  TRUE FALSE  TRUE  TRUE  TRUE  TRUE FALSE FALSE FALSE
[121]  TRUE  TRUE FALSE  TRUE  TRUE FALSE  TRUE FALSE  TRUE  TRUE  TRUE FALSE  TRUE FALSE  TRUE
[136] FALSE FALSE FALSE  TRUE FALSE FALSE FALSE  TRUE  TRUE FALSE  TRUE FALSE FALSE FALSE  TRUE
[151] FALSE FALSE FALSE  TRUE  TRUE  TRUE FALSE  TRUE  TRUE  TRUE  TRUE  TRUE FALSE FALSE FALSE
[166] FALSE  TRUE  TRUE FALSE  TRUE FALSE  TRUE  TRUE FALSE  TRUE  TRUE FALSE  TRUE  TRUE  TRUE
[181] FALSE  TRUE FALSE FALSE  TRUE  TRUE FALSE FALSE  TRUE  TRUE  TRUE  TRUE FALSE FALSE  TRUE
[196]  TRUE  TRUE FALSE FALSE FALSE FALSE FALSE FALSE  TRUE  TRUE  TRUE FALSE  TRUE  TRUE  TRUE
[211] FALSE  TRUE FALSE FALSE  TRUE FALSE  TRUE FALSE  TRUE FALSE  TRUE  TRUE FALSE  TRUE FALSE
[226] FALSE FALSE FALSE  TRUE  TRUE FALSE  TRUE  TRUE  TRUE  TRUE FALSE  TRUE FALSE FALSE  TRUE
[241]  TRUE  TRUE  TRUE FALSE FALSE FALSE  TRUE  TRUE  TRUE  TRUE FALSE FALSE  TRUE  TRUE FALSE
[256]  TRUE  TRUE  TRUE  TRUE  TRUE  TRUE  TRUE  TRUE FALSE FALSE FALSE  TRUE  TRUE  TRUE  TRUE
[271]  TRUE FALSE FALSE FALSE  TRUE FALSE  TRUE  TRUE  TRUE FALSE  TRUE  TRUE FALSE  TRUE  TRUE
[286] FALSE  TRUE  TRUE  TRUE  TRUE  TRUE  TRUE  TRUE  TRUE  TRUE  TRUE FALSE  TRUE  TRUE  TRUE
[301]  TRUE  TRUE FALSE  TRUE  TRUE  TRUE FALSE  TRUE  TRUE  TRUE  TRUE FALSE  TRUE  TRUE  TRUE
[316]  TRUE  TRUE  TRUE  TRUE FALSE  TRUE  TRUE FALSE FALSE  TRUE  TRUE  TRUE FALSE  TRUE  TRUE
[331]  TRUE  TRUE FALSE  TRUE  TRUE FALSE  TRUE  TRUE FALSE  TRUE  TRUE  TRUE  TRUE  TRUE FALSE
[346]  TRUE  TRUE FALSE FALSE FALSE  TRUE  TRUE  TRUE  TRUE  TRUE  TRUE  TRUE  TRUE  TRUE  TRUE
[361]  TRUE  TRUE  TRUE  TRUE  TRUE  TRUE  TRUE  TRUE  TRUE  TRUE  TRUE  TRUE  TRUE  TRUE FALSE
[376] FALSE  TRUE  TRUE FALSE  TRUE FALSE  TRUE  TRUE  TRUE FALSE FALSE FALSE  TRUE  TRUE  TRUE
[391]  TRUE  TRUE FALSE  TRUE  TRUE  TRUE FALSE  TRUE FALSE  TRUE FALSE  TRUE FALSE  TRUE  TRUE
[406]  TRUE  TRUE  TRUE  TRUE  TRUE  TRUE  TRUE  TRUE FALSE FALSE  TRUE FALSE  TRUE FALSE FALSE
[421] FALSE  TRUE  TRUE  TRUE  TRUE  TRUE  TRUE  TRUE  TRUE  TRUE  TRUE  TRUE FALSE  TRUE FALSE
[436]  TRUE  TRUE  TRUE  TRUE  TRUE  TRUE  TRUE  TRUE  TRUE  TRUE  TRUE  TRUE  TRUE  TRUE  TRUE
[451]  TRUE  TRUE  TRUE  TRUE  TRUE  TRUE  TRUE  TRUE  TRUE FALSE  TRUE  TRUE  TRUE  TRUE FALSE
[466]  TRUE  TRUE  TRUE  TRUE  TRUE  TRUE  TRUE  TRUE  TRUE  TRUE  TRUE  TRUE  TRUE  TRUE FALSE
[481]  TRUE  TRUE FALSE  TRUE  TRUE  TRUE  TRUE  TRUE FALSE FALSE  TRUE  TRUE  TRUE  TRUE FALSE
[496]  TRUE  TRUE  TRUE  TRUE  TRUE  TRUE  TRUE  TRUE  TRUE  TRUE FALSE  TRUE  TRUE  TRUE  TRUE
[511]  TRUE FALSE  TRUE  TRUE  TRUE  TRUE  TRUE  TRUE  TRUE FALSE  TRUE FALSE  TRUE  TRUE  TRUE
[526]  TRUE  TRUE  TRUE  TRUE FALSE  TRUE  TRUE  TRUE  TRUE  TRUE  TRUE  TRUE  TRUE  TRUE  TRUE
[541]  TRUE  TRUE  TRUE  TRUE FALSE  TRUE  TRUE FALSE  TRUE  TRUE  TRUE  TRUE  TRUE  TRUE  TRUE
[556] FALSE  TRUE  TRUE  TRUE  TRUE  TRUE  TRUE  TRUE  TRUE  TRUE  TRUE FALSE  TRUE  TRUE  TRUE
[571]  TRUE  TRUE  TRUE  TRUE  TRUE  TRUE FALSE FALSE  TRUE  TRUE  TRUE  TRUE  TRUE  TRUE  TRUE
[586]  TRUE  TRUE  TRUE FALSE FALSE  TRUE  TRUE  TRUE  TRUE  TRUE  TRUE  TRUE  TRUE  TRUE  TRUE
[601]  TRUE  TRUE  TRUE  TRUE  TRUE FALSE  TRUE  TRUE  TRUE  TRUE  TRUE  TRUE  TRUE  TRUE  TRUE
[616]  TRUE  TRUE  TRUE  TRUE  TRUE  TRUE  TRUE  TRUE  TRUE  TRUE  TRUE FALSE FALSE  TRUE  TRUE
[631]  TRUE  TRUE  TRUE  TRUE  TRUE  TRUE  TRUE  TRUE  TRUE  TRUE  TRUE  TRUE  TRUE  TRUE  TRUE
[646]  TRUE  TRUE  TRUE  TRUE  TRUE  TRUE  TRUE  TRUE  TRUE  TRUE  TRUE  TRUE  TRUE  TRUE FALSE
[661]  TRUE  TRUE  TRUE  TRUE  TRUE  TRUE  TRUE  TRUE  TRUE  TRUE  TRUE  TRUE  TRUE  TRUE  TRUE
[676]  TRUE  TRUE  TRUE

