
Birth-death simulation object with 628 species and 500 extant species

Details for some species:

Extinction times (NA means extant)
[1] 39.49888 13.80318 43.44578 40.79683 15.22696       NA


Speciation times 
[1] 70.62249 64.89075 50.39199 43.58387 63.02573 42.52015


Species parents (NA for initial)
[1] NA  1  1  1  2  2


Species status (extinct or extant)
[1] "extinct" "extinct" "extinct" "extinct" "extinct" "extant" 


For more details on vector y, try sim$y, with y one of
TE TS PAR EXTANT



$TE
  [1] 39.49888347 13.80317819 43.44578042 40.79682536 15.22696335          NA          NA
  [8] 23.87794542  6.86573976          NA          NA 21.82852084  7.73134446 27.90732496
 [15] 26.15051071          NA 29.75135632          NA 11.02634439          NA          NA
 [22]          NA          NA  8.50961833          NA 16.98107342          NA  6.20147615
 [29] 46.61639891 13.02713926 43.39586747 24.08428931 36.37281169 26.52608639  7.79347263
 [36] 29.21029366 27.39415421  1.31571928          NA  7.85299138          NA          NA
 [43] 33.70334954 24.60213393          NA 29.85703466          NA 12.32153747  5.04450431
 [50]          NA          NA          NA 23.56060819          NA          NA          NA
 [57]          NA  1.53802829  8.48376933          NA          NA          NA          NA
 [64]          NA 10.12255731          NA  3.70339879 11.93969249 10.15047778          NA
 [71]          NA  6.79607740 11.29318364          NA 13.95855083          NA 12.77497804
 [78]          NA          NA          NA          NA          NA          NA          NA
 [85]  8.26578826          NA          NA          NA  4.87591704 25.29420816          NA
 [92]  3.30081642          NA 19.35870919  4.40236903          NA          NA          NA
 [99]          NA          NA  8.98075018          NA 22.03595332          NA          NA
[106]  5.85468335          NA          NA          NA          NA          NA          NA
[113]  8.77287519          NA          NA  2.13261469          NA  7.60240308          NA
[120]          NA          NA          NA          NA          NA          NA          NA
[127]          NA 13.69067888          NA  8.45734217          NA          NA          NA
[134]          NA          NA          NA  6.77160279          NA          NA  5.77215082
[141]          NA  2.87744630          NA  2.18876915          NA          NA          NA
[148]          NA          NA          NA          NA          NA          NA          NA
[155] 16.03283467          NA          NA          NA          NA          NA 11.66745755
[162]  9.30524455          NA          NA          NA          NA          NA  3.08651815
[169]          NA          NA  5.82174814  6.23167800  7.51395509          NA          NA
[176]          NA          NA          NA          NA  5.14796697          NA          NA
[183]          NA          NA          NA          NA          NA 15.94606003          NA
[190]  0.34570549          NA          NA          NA          NA  4.23849330          NA
[197]          NA          NA          NA 13.45884784  7.30303637          NA          NA
[204]          NA          NA          NA  7.43452590          NA          NA          NA
[211]  0.75845334  2.17190216          NA          NA          NA  1.52146368 12.57209773
[218]          NA 15.69872613          NA          NA          NA  9.62267416  3.13117284
[225]          NA          NA          NA          NA          NA  8.85138055          NA
[232]  1.42349097          NA          NA          NA  7.03182522  7.25323553          NA
[239]          NA          NA          NA          NA          NA          NA          NA
[246]          NA          NA          NA          NA          NA  4.60232724          NA
[253]  5.90868651          NA          NA          NA          NA          NA          NA
[260]          NA 11.46434416          NA          NA          NA          NA          NA
[267]          NA          NA          NA  4.43772499          NA          NA          NA
[274]          NA          NA  2.69179965 15.14059617          NA          NA          NA
[281]          NA          NA          NA          NA          NA          NA          NA
[288]          NA          NA          NA          NA          NA          NA          NA
[295]          NA          NA          NA          NA          NA          NA          NA
[302]  8.51856362          NA  2.70505300          NA  8.40535344          NA          NA
[309]          NA          NA          NA          NA          NA          NA  8.04999119
[316]          NA          NA  5.10516264          NA          NA          NA  6.13258609
[323]          NA          NA          NA          NA          NA          NA          NA
[330]          NA          NA          NA          NA          NA          NA          NA
[337]          NA          NA          NA          NA          NA          NA          NA
[344]          NA          NA          NA          NA          NA          NA          NA
[351]          NA          NA          NA          NA          NA          NA          NA
[358]          NA          NA          NA  7.64671296          NA          NA          NA
[365]          NA          NA          NA          NA          NA          NA  1.74146221
[372]  3.23926289          NA          NA  1.23757434          NA          NA          NA
[379]          NA  1.47141317          NA          NA          NA          NA          NA
[386]          NA          NA          NA  5.89287944          NA  0.83517967          NA
[393]          NA          NA          NA          NA          NA  8.15384453  0.14894394
[400]          NA          NA          NA  1.78078840          NA          NA          NA
[407]          NA          NA          NA          NA          NA          NA          NA
[414]          NA          NA          NA          NA          NA          NA          NA
[421]          NA          NA          NA          NA          NA          NA  1.15698081
[428]          NA          NA  4.05070056          NA          NA  1.31784028          NA
[435]          NA          NA          NA          NA          NA  2.60979564          NA
[442]          NA          NA          NA          NA          NA          NA          NA
[449]          NA          NA          NA          NA          NA          NA  3.58292467
[456]          NA          NA          NA          NA  0.09324195          NA          NA
[463]          NA          NA  3.72627602  3.49911081  3.85000232          NA          NA
[470]          NA          NA          NA  0.12138997          NA          NA          NA
[477]          NA          NA          NA          NA          NA          NA          NA
[484]          NA          NA          NA          NA          NA          NA          NA
[491]          NA          NA          NA          NA          NA          NA          NA
[498]  0.95003280          NA          NA          NA          NA          NA          NA
[505]          NA          NA          NA          NA          NA          NA          NA
[512]          NA          NA          NA          NA          NA          NA          NA
[519]          NA          NA          NA          NA          NA          NA          NA
[526]          NA          NA          NA          NA          NA          NA          NA
[533]          NA          NA          NA          NA          NA          NA  4.90299826
[540]          NA          NA          NA  1.65760296          NA          NA          NA
[547]          NA          NA          NA  1.62481871          NA          NA  1.91061244
[554]          NA          NA          NA          NA          NA          NA          NA
[561]          NA          NA          NA  1.02498783          NA  1.48532547          NA
[568]          NA          NA          NA          NA          NA          NA          NA
[575]  0.89371455          NA          NA          NA          NA          NA          NA
[582]          NA          NA          NA          NA          NA          NA          NA
[589]          NA          NA          NA          NA          NA  1.37940139          NA
[596]          NA          NA          NA          NA          NA          NA          NA
[603]          NA          NA          NA          NA          NA          NA          NA
[610]          NA          NA          NA          NA          NA          NA          NA
[617]          NA          NA          NA          NA          NA          NA          NA
[624]          NA          NA          NA  0.49566362          NA

$TS
  [1] 70.62249271 64.89074654 50.39199242 43.58386760 63.02573469 42.52014642 38.93818794
  [8] 30.65005572 22.67527549 22.38401390 56.74386604 39.12177367 36.69361095 28.79180946
 [15] 26.31622731 56.60520835 45.81064736 11.00139440 55.41135799 39.01851876 38.02038869
 [22] 32.36345798 19.40020429 13.36291261  8.96769901 43.35643409 30.35696410 11.55352749
 [29] 49.86320773 47.04476234 45.80109999 42.08218506 41.22714784 39.20551214 35.83404597
 [36] 42.33066429 40.14100364 23.12952977 36.69804032 26.49719384 19.48036901  6.27894512
 [43] 37.41112579 38.75160197 25.06000729 31.61671832 23.96863713 14.25153866 13.59409604
 [50] 10.93809435  0.60938469 27.18229006 24.16173910 11.17283700  7.17348894 28.18143517
 [57] 27.73834372 30.37312727 24.15057664  7.24532488  5.32332924  4.36306215  0.78914838
 [64] 33.50848731 29.76100625 18.36683505 15.74650217 13.58726102 10.46772326 26.51522391
 [71] 26.29731219 20.18373429 26.25526475 25.90633221 28.62279733 27.15797371 14.36523684
 [78] 13.88886525 10.64763243  8.49490094 22.43814461 10.54073823  8.33938194 21.33593171
 [85] 17.13757943 15.32665460  2.22304762  0.10163547 28.50542893 26.74271908 25.46065721
 [92] 22.95153713 15.28737815 28.54163371 28.61366226 19.10143659 23.38978877 17.08579348
 [99] 14.60115752 26.74846345 23.71755353 13.14979397 22.90243084 22.58047477 18.95569257
[106] 13.01640404  2.43277189 26.13324934 12.80102528  8.59431787  0.94190994 24.58390879
[113] 23.18636763 21.79012894 21.58704542 17.99401166  8.52541777 17.98472048 21.84194217
[120] 16.01379799 10.56345239  8.51063010  2.17540816  1.97778710  7.85709929  6.51048896
[127] 23.25869630 21.25435869 21.01035843 13.49819875  5.41791040  1.45421571 17.83423928
[134]  4.83013498  2.95339284 19.47049012 12.48608074  7.48919612  0.55295795 13.51404827
[141] 11.01744936 22.09249312 18.85831001 12.02039046 12.74194269 15.26062423 20.12232578
[148] 18.54755757 11.02653786  1.55219900  6.70087967  6.47169121  1.21070928  0.03751879
[155] 19.55284490 15.48632915 10.79740851 18.89499780 16.67523139  5.24889064 14.25424391
[162] 21.20495821 20.95398531  9.60498028  6.17679250  1.71313861  7.51988305  6.65657163
[169]  0.94498092 16.60758205 11.42223927 19.23632577 14.76403229  6.56337559 20.31537698
[176] 10.48923567 15.17908288  3.61322211  0.55920502 17.50464789 14.49851190 14.06209671
[183]  8.18643305 17.82915725 20.52217365  8.85206461  2.66906806 20.05777034 11.12647493
[190] 15.93087113 11.09580451  6.88257422 18.97602102 16.27811147 16.00260557  9.94338980
[197]  1.11879769 14.44511461 18.27060179 17.70027881 16.62477204 15.24980071 14.28486400
[204] 12.97823565 12.28326433  8.45839670  7.84803162  4.72397844  4.13822054 16.71018640
[211] 11.10823655  6.48676440  4.11002465  3.07362020  0.69044232 12.73248016 18.51254779
[218] 17.69660713 16.84950889  6.26399653  1.78622663  1.18780851 17.75678870 12.81864325
[225]  7.41888292  7.88412790 16.98179755 16.12135272 12.76099906 12.59369282  6.78109597
[232] 13.14050055  9.15838095 13.02377757 13.28900125 11.49402774 16.62269254 15.55058119
[239] 13.23864877  5.93695729  3.46772925  3.39019603  7.15019747 11.98995283  9.79558716
[246] 12.55429991 15.85878618 11.11124231  0.82936071 16.65769999 16.44947615 16.20463731
[253]  8.29645195 12.97784453  6.91262969  4.45015047  1.21447084  1.04228558 10.52345931
[260]  7.66244259 14.59829237 13.87532252  8.05259674  5.50232390 14.39958527  9.79839198
[267]  8.75715374  6.07580753 14.10847184  8.74779597  4.30699965  3.53808192  2.92881415
[274] 15.71912811 13.16925035  4.26413919 15.67467899  0.57906545  6.37293962 12.42027843
[281] 12.60694139 10.51076112 10.24018413  8.94481502  1.06978492  3.43089498  3.03166160
[288] 15.29735147  3.46803183  2.70858561 13.56742634  0.73536869 14.69961235  3.48242126
[295] 14.04481956  6.46262988  4.09603590  6.11984222  3.83136375  0.15966291  0.52468265
[302] 12.10148270  8.44436864  3.00340573 14.40647532 11.91191411  7.46832289  9.29981736
[309]  7.94663000  7.05317432  8.95592734  3.07641222  1.37050690 14.32581666 13.13515635
[316]  1.70630477  3.99350935  5.87794295  5.01354301  3.36089223  0.13981876  9.31572159
[323] 10.87693337 10.39602440  8.37154630  1.10888542 12.09763875  8.49481907  1.51414924
[330] 12.14762246  7.51690263 13.11543435  9.17092491  9.19185535  8.04872090 11.77102625
[337] 11.65827468  6.49924728  3.73535750  3.15781257  2.13127341 12.98144957 11.15610605
[344]  6.69030145 11.09348158  6.69507732  2.67731112  6.07585612  4.88574264  2.18674691
[351]  9.40896757  7.28587647  6.11605713  0.68163317 12.12210170 11.93412733  3.83002407
[358]  3.71785274  5.65959185  2.71456658 10.19448913  2.24830471 11.34883163  9.89200394
[365]  9.26682296  6.42422715  3.62909999  9.33849213  4.32341216  6.10343896  1.96653003
[372] 10.28064361  9.75619426  8.74866066  6.70373120  3.36180824  1.75463790  7.32233082
[379]  2.83508222 10.44624399 10.79628212  0.70551316  8.61577851  0.12395728  1.15314985
[386]  9.68495699  7.38486785  1.71421447  8.36519733  3.04608237  4.18585840  4.07697644
[393]  0.70538465  5.74676809  3.34498102  3.31315433  2.27568944 10.75285263 10.69730449
[400]  7.14520615  7.68015931  2.74575347  2.14099229  9.90249903  4.06185538  5.46665806
[407]  1.47213728  6.37882070  6.68383170  1.83582510  1.68244796  9.97643101  3.22527842
[414]  0.16862851  6.12202033  3.41632400  1.40359512  1.43875084  4.29310603  8.33884994
[421]  0.73052425  0.09274628  8.51911484  6.27867335  2.60206111  2.26415131  4.46341194
[428]  2.58252607  8.48296162  7.52728058  4.96174159  5.42563479  2.39340440  1.16495320
[435]  6.47104363  2.71519098  0.79654788  6.19584812  7.10295386  6.05487084  0.21810969
[442]  4.42474893  3.73169584  3.48020647  3.05675827  5.66706544  7.23679322  3.03454468
[449]  1.82089527  1.73083740  6.81455536  0.02247178  3.12217385  4.33367989  3.86794868
[456]  6.84945463  1.92691928  7.41054517  8.26048109  3.96214180  3.91952468  8.17661923
[463]  8.07776788  5.50281392  7.87375049  6.79539178  3.90265196  2.60771738  0.74891877
[470]  3.95005119  6.86481460  6.78785497  6.17523403  2.59208125  2.14196656  0.79662846
[477]  1.07960063  1.54867432  2.77823797  5.52977391  4.98054953  2.22599900  5.19994015
[484]  6.71642096  7.01478279  3.92437422  6.76932634  3.08421339  0.15844470  5.07515168
[491]  4.24419101  4.23383313  0.56654453  0.30514379  4.12918287  5.69525858  6.31872959
[498]  4.42423814  6.35162319  0.19665011  4.26890750  3.22730733  4.98704277  0.94066325
[505]  0.85006455  2.87607389  4.70127304  3.17214708  0.93745945  5.10032738  4.56529639
[512]  5.44431295  3.26855343  4.13769854  3.19758804  0.93579065  1.39550607  1.15289196
[519]  6.24805181  5.63148172  1.20092930  4.82028162  4.62753048  1.82617409  5.36001511
[526]  3.25855410  6.11463200  2.13268244  1.31594464  0.45793793  4.25973241  1.29262525
[533]  4.39795270  3.41221964  1.72869222  4.77793720  5.64758062  4.01419412  4.99694806
[540]  5.22221773  0.94490161  4.15855630  1.87402226  5.55809687  3.80273008  4.09666603
[547]  4.52326779  4.22203655  4.32569580  3.72129098  4.09213265  0.76540783  3.29335079
[554]  2.08747046  1.64776776  3.34012119  1.15700817  1.48045993  4.50372020  3.91006628
[561]  3.41623471  2.90921558  3.39392716  1.28887560  4.03538372  4.04017139  1.21096902
[568]  4.24993297  1.78150910  2.28925456  0.78726304  1.76976412  0.83959361  3.28429989
[575]  3.91968717  3.90075734  1.96402513  1.51196970  1.46595968  0.24658329  1.53565252
[582]  3.37971285  1.43824615  0.36741290  2.79159170  3.63231957  0.55555776  1.80813564
[589]  2.42039056  1.95309127  1.64564900  0.34588053  2.46075997  1.54309017  1.82386097
[596]  0.06855345  3.03644121  1.82398940  2.09870499  1.65866964  2.63639634  1.98962418
[603]  2.53230332  0.40276958  2.06693202  0.03837174  0.32033974  0.27231645  1.47938337
[610]  0.21303868  1.63197623  1.26974526  1.04390668  1.49714463  1.28614359  1.26427481
[617]  1.20977249  0.79077370  0.08894758  0.52873565  0.85018098  0.43096302  0.52640091
[624]  0.78267810  0.08458365  0.62256075  0.58437655  0.42075505

$PAR
  [1]  NA   1   1   1   2   2   2   2   2   2   5   5   5   5   5  11  11  11  16  16  16  16  16
 [24]  16  16  19  19  19   3   3   3  30  17  17  17   4  26  26   6   6   6   6  36  32  32  37
 [47]  20  20  20  20  20   7   7   7   7  44  44  21  21  21  21  21  21  39  39  39  39  39  39
 [70]  13  13  13  35  35  64  64  64  64  64  64  22  22  58  27  27  27  27  27  65  65  65  65
 [93]  65  14  75  75  95  95  95  89  89  89  56  56  56  56  56  57  57  57  57  76  76  76  76
[116]  76  76 100  70  70  70  70  70  70  71  71 108 108 108 108 108 108  74  91  91  45  45  45
[139]  45 112 112  59  59  59  47 101  97  97  97  97 127 127 127 127 113 113 113  92  92  92   9
[162] 104 104 104 104 104  81  81  81  10  10 142 142 142 119 119 114 115 115  84  84  84  84 128
[185] 162 163 185  72  72 147 147 147 188 188 188  41  41  23  96  96  96  96  96  96  96  96  96
[208]  96  96 193 193 193 193 193 193 105 158 158 158 158 158 158 143 143 143 148  66  66  66  66
[231]  66 199 199 116 118 118 184 184 184 184 184 184 218 180 180  85  98 227 227 219 219 210 210
[254] 159 250 250 250 250 201 201 251 194 194 194 252 252 252 252 228 228 228 228 120 195 195 195
[277] 190 190 247  67 274 274 238 238 238 156 156  86  86  86 288 288  93 146 202 177 177 293 293
[300] 293  99 181 181 181 198 198 198 305 305 305 265 265 265  77  77 314 203 269 269 269 269 182
[323] 295 295 295  78 262 262 262  49  49 291 140  24 235 239 239 102 234 234 234 106 106 342 204
[346] 204 204 254 254 254 224 109 109 109 229 145 145 145 281 281 230 280 205 205 205 205 205 330
[369] 330 355 355 302 327 327 327 327 327 244 244 336 337 337 363  54 343 189 189 248 211 191 345
[392] 345 345 149 149  18  18  50  50  50 323 323 323 381 381 399 399  79 121  82  82 259 259 259
[415] 324 372 283 412 196 364 364 266 245 373 351 351 368 368 322 308 365 334 334 334 333 333 233
[438]  25 284 186 267 374 374 374 374 270 383 383 383 122  80  80 328 429 429 325 325 389  83  83
[461]  83 253 459 462 263 335 335 335 226 465 125 260 260 260 260 260 167 331 138 225 225 387 352
[484]  60 447 447 243 243 243 400 400 439 439 310 485 255 456 456 451 451 466 472 231 231 231 487
[507] 484 484 484 375 375 174 338 366 366 366 408 279 497 424 220 519 519 519 473 473 415 415 415
[530] 415 298 298 527 527 527 370 348 348 240 394 394 496 446 359 359 537 544 544 464 464 432 432
[553] 525 525 483 319 503 481 431 431 431 431 134 134 507 511 256 498  62 271 501 514 514 495 213
[576] 392 566 565 565 538 317 486 461 576 299 545 294 561 563 582 376 574 526 526 502 502 508 508
[599] 273 562 379 402 425 350 403 554 605 605 457 588 388 611 478 329 418 417 529 529 567 222 326
[622] 326 509 573 249  63 626 626

$EXTANT
  [1] FALSE FALSE FALSE FALSE FALSE  TRUE  TRUE FALSE FALSE  TRUE  TRUE FALSE FALSE FALSE FALSE
 [16]  TRUE FALSE  TRUE FALSE  TRUE  TRUE  TRUE  TRUE FALSE  TRUE FALSE  TRUE FALSE FALSE FALSE
 [31] FALSE FALSE FALSE FALSE FALSE FALSE FALSE FALSE  TRUE FALSE  TRUE  TRUE FALSE FALSE  TRUE
 [46] FALSE  TRUE FALSE FALSE  TRUE  TRUE  TRUE FALSE  TRUE  TRUE  TRUE  TRUE FALSE FALSE  TRUE
 [61]  TRUE  TRUE  TRUE  TRUE FALSE  TRUE FALSE FALSE FALSE  TRUE  TRUE FALSE FALSE  TRUE FALSE
 [76]  TRUE FALSE  TRUE  TRUE  TRUE  TRUE  TRUE  TRUE  TRUE FALSE  TRUE  TRUE  TRUE FALSE FALSE
 [91]  TRUE FALSE  TRUE FALSE FALSE  TRUE  TRUE  TRUE  TRUE  TRUE FALSE  TRUE FALSE  TRUE  TRUE
[106] FALSE  TRUE  TRUE  TRUE  TRUE  TRUE  TRUE FALSE  TRUE  TRUE FALSE  TRUE FALSE  TRUE  TRUE
[121]  TRUE  TRUE  TRUE  TRUE  TRUE  TRUE  TRUE FALSE  TRUE FALSE  TRUE  TRUE  TRUE  TRUE  TRUE
[136]  TRUE FALSE  TRUE  TRUE FALSE  TRUE FALSE  TRUE FALSE  TRUE  TRUE  TRUE  TRUE  TRUE  TRUE
[151]  TRUE  TRUE  TRUE  TRUE FALSE  TRUE  TRUE  TRUE  TRUE  TRUE FALSE FALSE  TRUE  TRUE  TRUE
[166]  TRUE  TRUE FALSE  TRUE  TRUE FALSE FALSE FALSE  TRUE  TRUE  TRUE  TRUE  TRUE  TRUE FALSE
[181]  TRUE  TRUE  TRUE  TRUE  TRUE  TRUE  TRUE FALSE  TRUE FALSE  TRUE  TRUE  TRUE  TRUE FALSE
[196]  TRUE  TRUE  TRUE  TRUE FALSE FALSE  TRUE  TRUE  TRUE  TRUE  TRUE FALSE  TRUE  TRUE  TRUE
[211] FALSE FALSE  TRUE  TRUE  TRUE FALSE FALSE  TRUE FALSE  TRUE  TRUE  TRUE FALSE FALSE  TRUE
[226]  TRUE  TRUE  TRUE  TRUE FALSE  TRUE FALSE  TRUE  TRUE  TRUE FALSE FALSE  TRUE  TRUE  TRUE
[241]  TRUE  TRUE  TRUE  TRUE  TRUE  TRUE  TRUE  TRUE  TRUE  TRUE FALSE  TRUE FALSE  TRUE  TRUE
[256]  TRUE  TRUE  TRUE  TRUE  TRUE FALSE  TRUE  TRUE  TRUE  TRUE  TRUE  TRUE  TRUE  TRUE FALSE
[271]  TRUE  TRUE  TRUE  TRUE  TRUE FALSE FALSE  TRUE  TRUE  TRUE  TRUE  TRUE  TRUE  TRUE  TRUE
[286]  TRUE  TRUE  TRUE  TRUE  TRUE  TRUE  TRUE  TRUE  TRUE  TRUE  TRUE  TRUE  TRUE  TRUE  TRUE
[301]  TRUE FALSE  TRUE FALSE  TRUE FALSE  TRUE  TRUE  TRUE  TRUE  TRUE  TRUE  TRUE  TRUE FALSE
[316]  TRUE  TRUE FALSE  TRUE  TRUE  TRUE FALSE  TRUE  TRUE  TRUE  TRUE  TRUE  TRUE  TRUE  TRUE
[331]  TRUE  TRUE  TRUE  TRUE  TRUE  TRUE  TRUE  TRUE  TRUE  TRUE  TRUE  TRUE  TRUE  TRUE  TRUE
[346]  TRUE  TRUE  TRUE  TRUE  TRUE  TRUE  TRUE  TRUE  TRUE  TRUE  TRUE  TRUE  TRUE  TRUE  TRUE
[361] FALSE  TRUE  TRUE  TRUE  TRUE  TRUE  TRUE  TRUE  TRUE  TRUE FALSE FALSE  TRUE  TRUE FALSE
[376]  TRUE  TRUE  TRUE  TRUE FALSE  TRUE  TRUE  TRUE  TRUE  TRUE  TRUE  TRUE  TRUE FALSE  TRUE
[391] FALSE  TRUE  TRUE  TRUE  TRUE  TRUE  TRUE FALSE FALSE  TRUE  TRUE  TRUE FALSE  TRUE  TRUE
[406]  TRUE  TRUE  TRUE  TRUE  TRUE  TRUE  TRUE  TRUE  TRUE  TRUE  TRUE  TRUE  TRUE  TRUE  TRUE
[421]  TRUE  TRUE  TRUE  TRUE  TRUE  TRUE FALSE  TRUE  TRUE FALSE  TRUE  TRUE FALSE  TRUE  TRUE
[436]  TRUE  TRUE  TRUE  TRUE FALSE  TRUE  TRUE  TRUE  TRUE  TRUE  TRUE  TRUE  TRUE  TRUE  TRUE
[451]  TRUE  TRUE  TRUE  TRUE FALSE  TRUE  TRUE  TRUE  TRUE FALSE  TRUE  TRUE  TRUE  TRUE FALSE
[466] FALSE FALSE  TRUE  TRUE  TRUE  TRUE  TRUE FALSE  TRUE  TRUE  TRUE  TRUE  TRUE  TRUE  TRUE
[481]  TRUE  TRUE  TRUE  TRUE  TRUE  TRUE  TRUE  TRUE  TRUE  TRUE  TRUE  TRUE  TRUE  TRUE  TRUE
[496]  TRUE  TRUE FALSE  TRUE  TRUE  TRUE  TRUE  TRUE  TRUE  TRUE  TRUE  TRUE  TRUE  TRUE  TRUE
[511]  TRUE  TRUE  TRUE  TRUE  TRUE  TRUE  TRUE  TRUE  TRUE  TRUE  TRUE  TRUE  TRUE  TRUE  TRUE
[526]  TRUE  TRUE  TRUE  TRUE  TRUE  TRUE  TRUE  TRUE  TRUE  TRUE  TRUE  TRUE  TRUE FALSE  TRUE
[541]  TRUE  TRUE FALSE  TRUE  TRUE  TRUE  TRUE  TRUE  TRUE FALSE  TRUE  TRUE FALSE  TRUE  TRUE
[556]  TRUE  TRUE  TRUE  TRUE  TRUE  TRUE  TRUE  TRUE FALSE  TRUE FALSE  TRUE  TRUE  TRUE  TRUE
[571]  TRUE  TRUE  TRUE  TRUE FALSE  TRUE  TRUE  TRUE  TRUE  TRUE  TRUE  TRUE  TRUE  TRUE  TRUE
[586]  TRUE  TRUE  TRUE  TRUE  TRUE  TRUE  TRUE  TRUE FALSE  TRUE  TRUE  TRUE  TRUE  TRUE  TRUE
[601]  TRUE  TRUE  TRUE  TRUE  TRUE  TRUE  TRUE  TRUE  TRUE  TRUE  TRUE  TRUE  TRUE  TRUE  TRUE
[616]  TRUE  TRUE  TRUE  TRUE  TRUE  TRUE  TRUE  TRUE  TRUE  TRUE  TRUE FALSE  TRUE

