
Birth-death simulation object with 603 species and 500 extant species

Details for some species:

Extinction times (NA means extant)
[1]  3.7382833  0.6042846         NA 10.9998498 23.6220961         NA


Speciation times 
[1] 29.608912 28.940725 28.548031 27.553797 23.919148  4.562059


Species parents (NA for initial)
[1] NA  1  1  1  1  1


Species status (extinct or extant)
[1] "extinct" "extinct" "extant"  "extinct" "extinct" "extant" 


For more details on vector y, try sim$y, with y one of
TE TS PAR EXTANT



$TE
  [1]  3.7382833  0.6042846         NA 10.9998498 23.6220961         NA 15.6514614         NA
  [9]         NA         NA  0.4641517         NA         NA  9.5369576 23.2724361         NA
 [17]  7.8824346         NA         NA 20.0480858         NA  5.5587484 15.9131260         NA
 [25] 15.5129623 22.2513343         NA         NA  7.8295329         NA  0.9920650  1.9440118
 [33]         NA         NA         NA 17.9491835 10.1782297 12.5024124         NA         NA
 [41] 20.1370380         NA 14.1194320         NA         NA         NA         NA  7.0644632
 [49]  7.9530721         NA         NA         NA         NA 12.5020714         NA 10.6376798
 [57]         NA         NA  2.6801467         NA         NA         NA         NA         NA
 [65]         NA         NA         NA  0.1474304         NA         NA         NA         NA
 [73] 16.6567436         NA  5.2094460         NA         NA         NA         NA  3.0883141
 [81] 10.6238688  8.9280279         NA         NA         NA         NA         NA 13.4981555
 [89] 13.2362571         NA         NA         NA         NA         NA         NA         NA
 [97]  5.5957135 14.7602771         NA  0.7342916         NA         NA  9.4305955         NA
[105]         NA         NA  7.3396313  1.3283770         NA         NA         NA         NA
[113]         NA         NA         NA  2.2351683         NA         NA  6.8591051         NA
[121]         NA  2.7992692  5.8604050         NA         NA         NA         NA         NA
[129]         NA  8.7745194         NA         NA         NA  0.6524550  0.3439728  8.2224848
[137]         NA  3.3273093         NA         NA         NA         NA         NA         NA
[145]         NA  8.7478911         NA         NA         NA  0.1104558         NA         NA
[153]         NA         NA         NA         NA         NA  3.7821428         NA         NA
[161]         NA         NA  5.5784567         NA         NA         NA         NA         NA
[169]  1.9422572         NA         NA         NA  8.4380247         NA         NA         NA
[177]         NA         NA  1.0289849         NA         NA         NA         NA         NA
[185]         NA         NA         NA         NA         NA         NA  5.1106048         NA
[193]         NA 10.2290629 11.3574308         NA         NA         NA         NA         NA
[201]         NA         NA         NA         NA         NA         NA         NA  5.1660889
[209]         NA         NA         NA         NA         NA  0.2012932         NA         NA
[217]         NA         NA  1.9240965         NA         NA         NA         NA  4.7663826
[225]         NA         NA         NA         NA  4.7907302  9.5118357         NA         NA
[233]  1.5747640         NA         NA         NA         NA         NA         NA         NA
[241]         NA  9.4162520         NA         NA         NA         NA         NA         NA
[249]         NA         NA  1.1021588         NA         NA  2.2350842         NA  6.4005173
[257]         NA         NA         NA         NA         NA  1.6066398         NA         NA
[265]         NA  4.7740003         NA         NA  1.7705609         NA         NA  1.0632891
[273]         NA         NA  5.5309819  1.6181152  1.0372878         NA         NA         NA
[281]         NA  1.2070656         NA  1.1551950         NA         NA         NA         NA
[289]         NA         NA         NA         NA         NA         NA         NA         NA
[297]         NA         NA         NA         NA         NA  7.0234559         NA  4.4948111
[305]         NA         NA         NA         NA  0.4687451         NA         NA         NA
[313]  2.8518244         NA         NA         NA  4.5126884         NA         NA         NA
[321]         NA         NA  4.8009121         NA         NA         NA  1.7623127         NA
[329]         NA         NA         NA         NA         NA         NA         NA         NA
[337]         NA         NA         NA  1.4710852         NA         NA         NA         NA
[345]         NA         NA         NA         NA         NA         NA         NA         NA
[353]         NA         NA         NA         NA         NA         NA         NA         NA
[361]         NA         NA  0.1313345         NA         NA         NA         NA  0.6139962
[369]         NA         NA         NA         NA         NA         NA         NA         NA
[377]         NA         NA         NA         NA         NA         NA         NA         NA
[385]         NA         NA         NA  1.1930865         NA         NA         NA         NA
[393]         NA         NA         NA         NA         NA         NA         NA         NA
[401]         NA         NA         NA         NA         NA  1.8963354         NA         NA
[409]         NA         NA         NA         NA         NA  0.5223018         NA  0.4405977
[417]         NA  3.3245788         NA         NA         NA  2.6048707         NA         NA
[425]         NA         NA         NA         NA         NA         NA         NA         NA
[433]  0.1109038         NA         NA         NA         NA         NA         NA         NA
[441]         NA         NA         NA         NA         NA         NA         NA         NA
[449]         NA         NA  0.3439009         NA         NA         NA         NA         NA
[457]         NA         NA         NA         NA         NA         NA         NA         NA
[465]         NA         NA         NA         NA         NA         NA         NA         NA
[473]         NA         NA         NA         NA         NA         NA         NA         NA
[481]         NA         NA         NA         NA         NA         NA         NA         NA
[489]         NA         NA         NA         NA         NA         NA         NA         NA
[497]         NA         NA         NA         NA         NA         NA  1.4748833         NA
[505]         NA         NA         NA         NA         NA         NA         NA         NA
[513]         NA         NA         NA         NA         NA         NA         NA         NA
[521]         NA         NA  1.1313025         NA         NA         NA         NA         NA
[529]         NA         NA         NA         NA  0.5639549         NA         NA         NA
[537]         NA         NA         NA         NA         NA         NA         NA         NA
[545]         NA         NA         NA         NA         NA         NA         NA         NA
[553]         NA         NA         NA         NA         NA         NA         NA         NA
[561]         NA         NA         NA         NA  1.1971781         NA         NA         NA
[569]         NA         NA         NA         NA         NA         NA         NA         NA
[577]         NA         NA         NA         NA         NA         NA         NA         NA
[585]         NA         NA         NA         NA         NA         NA         NA         NA
[593]         NA         NA         NA         NA         NA         NA         NA         NA
[601]  0.1023630         NA         NA

$TS
  [1] 29.608912498 28.940725008 28.548030551 27.553797145 23.919147611  4.562059423 28.867063730
  [8] 25.169435563 13.605021529  7.739704562  3.460772276  1.586772984  1.202660312 25.634373786
 [15] 24.929991933 17.134594108 27.107529748 10.194482353  9.126690606 23.569522108 23.012609379
 [22] 20.564081240 19.118166928 18.482609315 24.294328625 23.079398849 19.227036139 17.634339819
 [29] 11.995367837 21.537037265 19.503815580 14.816151220  8.953728113  2.352483806 23.066273921
 [36] 22.287196931 16.866611084 23.701266224 18.125336535 22.664928509 20.879076613 19.299489432
 [43] 17.297252331 19.872863487 17.685630796 15.427428601 14.293337548 13.826935727  9.941899875
 [50]  9.844520904  1.394025645  0.137194359 18.636898699 17.816185067 14.951453281 13.613234307
 [57]  4.513498047  0.725487699 15.543376912  3.270042266  2.738728471  0.983170153 14.652453077
 [64]  7.972447885  9.258089400  6.173136494 15.645706776 10.395575989  8.394690730  6.316198295
 [71]  5.840183608 13.930029224 18.874542978 15.302573698  8.404492172  8.006692744  4.469266885
 [78]  2.162903360  6.483456376 16.707232108 13.669891770 12.979278317 12.098226086  8.017665593
 [85]  5.179216453  3.331430191  2.275068443 15.256166045 13.445738509  1.461453048  1.241945977
 [92] 11.468078326  1.265545665  0.564143864 16.231670379  3.731686860 14.299913607 16.765525534
 [99] 13.067887587  7.866117414  3.326656567 16.468091011 16.182611523 14.993842044 14.987819042
[106] 10.782562124 16.048919182 12.904982651 10.423344439  9.456364478  9.034982885  8.887343463
[113]  6.466653645  2.823937234 13.212208966  9.982911940  7.239766312  6.822522390 14.089206815
[120] 13.047317788 12.266241233  9.547417366 11.746761055 11.364472456  6.371945235 10.970131976
[127] 10.369513914  6.053229844 11.700813958 11.286714038 14.562128721 10.178653835  3.451294956
[134]  3.362595309  2.375967764 11.126864662 11.017906834  3.374658470  2.663403664  7.711056593
[141]  6.780173093  4.825348482  2.105386706  1.459541200  1.258106004 14.226217779  6.001194419
[148]  2.796484523 12.201594508 11.832247780  5.132639927  0.037671770 12.972894258  9.309257444
[155] 13.179935185 13.005887033 13.743087799 11.474347519  2.392646927  6.681190439  3.187672092
[162] 11.013758830  8.649296426 13.044469762  9.800818409  6.618355876 12.127739445 10.277303714
[169]  5.837961513  4.450076403  3.864141075 13.076892112 11.842359749  9.848660557  9.060330544
[176]  5.654387629  1.716094500 12.323310617  8.778493962  5.543581255  5.214448384  4.655236813
[183]  4.110538510 12.991929210 12.296727195 11.347409174  4.581312245  4.431710177 10.661123163
[190] 10.066757219  5.311577746  7.843066969  2.599971279 11.400837303 11.500719973  9.930187036
[197]  3.873931329  7.780589038  3.193622093  8.329421522  4.652406876  1.803315421  4.473113899
[204]  1.639237217 10.477715821  1.098552826  5.944233955  5.408132893  1.528402733  1.018452583
[211]  7.449221236 10.899993838  6.864054376  6.757714234  5.317565587  2.474792016  1.828940771
[218] 11.440369355  8.176349568  5.876688267  4.128512090  3.951598283 10.025333096  6.107181414
[225]  4.314997072  1.276704462  6.257449731  7.752633428  6.588906505 11.098954254 10.317152120
[232]  6.709559523  2.837171273  0.225961160  2.537025326  1.797504380 11.023061835  4.056972723
[239]  0.588697795  8.966954744  4.745643040 10.760951568 10.504307798  6.870508728  5.827094137
[246]  9.325743646  5.281540130  1.434173284  8.575297527  8.508371820  7.376423802  4.932253689
[253]  1.375914554 10.244865674  9.548426417  9.162008862  0.294083774  2.405781248  0.173599471
[260]  9.971089275  7.313066293  7.006056178  4.120050566  5.521376456  5.519261180  4.967572619
[267]  5.108621990  3.531030060  2.240990351  7.324764813  3.610180273  8.647182337  3.420115482
[274]  7.530390270  8.387268528  6.073223746  7.073318244  1.768588749  0.098383346  4.080052075
[281]  4.064151600  1.899779331  5.552090621  1.522813235  8.839170236  5.173309800  5.152676625
[288]  1.478981849  6.595269147  5.983615338  6.174325171  5.347449289  5.731527660  4.616226665
[295]  1.320397641  4.202047357  9.072719446  8.480934329  7.495792143  6.915211117  0.687104216
[302]  8.391221831  0.509721691  8.035437795  5.303937234  2.074614829  5.251249382  3.183580877
[309]  2.350566761  8.601478760  6.938007143  3.402366638  3.992321680  7.182789929  2.694155714
[316]  2.460969376  5.684456555  2.598578106  6.509829431  0.853396787  5.385638510  3.583025320
[323]  5.199824816  3.342106129  1.379128891  1.361272194  5.985588231  5.937431288  4.934816168
[330]  3.406030958  0.988378478  5.309093721  6.649944324  6.503066305  2.548950781  0.422407801
[337]  2.940509967  4.541488720  4.356520011  2.215187155  0.086985616  3.907248706  1.411101361
[344]  5.081014261  1.373313034  7.159161641  5.153159659  3.725112757  1.086004527  4.862964629
[351]  6.124020584  5.968680519  3.417895804  2.486539009  6.037996640  5.627682777  4.102765522
[358]  6.696637435  5.021341861  5.114139070  3.912190797  2.100308392  0.442471056  6.522926577
[365]  5.952386016  0.392819525  6.096978265  4.391229115  3.115282837  2.620146352  1.288631145
[372]  3.693997769  2.862221618  0.938135540  3.893701973  4.897142078  2.780396612  5.143638046
[379]  2.877533453  3.235596119  4.034418975  3.412671956  0.563336174  4.176032025  5.697336577
[386]  5.977164387  5.177367348  4.358340318  5.975576641  1.041294059  2.342399453  1.962114176
[393]  1.555575716  5.744023728  5.910317971  4.526664122  4.403947224  5.553050007  0.646758161
[400]  1.844498804  4.985240189  5.320149865  5.090948581  0.851260937  5.177269511  3.970811632
[407]  2.019559419  1.579426802  3.687200631  5.396734426  1.610751752  0.949949239  5.607037170
[414]  5.270655256  5.164762305  1.854740299  2.213815404  4.339792377  3.116240415  2.280407161
[421]  0.050472996  5.057885672  1.812707464  0.001383435  4.637645012  2.613253048  1.349284089
[428]  5.212410367  0.273473916  3.383038036  0.011867317  2.030873358  1.253422607  2.600159909
[435]  0.719666700  3.421061601  4.250878198  0.621945078  3.627407424  1.707383062  3.322027508
[442]  2.492754973  1.367636650  1.042755947  4.302001583  4.089620418  3.586569691  2.989273396
[449]  1.531896231  0.607762560  1.466983420  4.240080733  1.911954978  2.893266078  0.450931409
[456]  3.652937262  3.403901550  0.916747252  1.518261421  3.913040252  3.781315710  1.846509301
[463]  1.538200182  0.558707874  2.599343515  1.021440834  1.212658808  3.924508990  1.578700158
[470]  3.344478182  1.165380854  2.531463764  2.247469567  0.268742065  2.165718124  2.119756758
[477]  0.460888579  3.998622094  3.902674858  0.838856671  3.318559777  3.861030577  0.763065415
[484]  2.714820097  0.234758903  3.857185964  0.883550784  3.474908422  3.741396293  3.561312464
[491]  3.401837388  1.810386146  2.741495290  0.813196114  2.720159596  2.533601205  3.354518058
[498]  2.863473995  2.463613407  2.422311408  2.303386750  0.167600791  1.826302331  1.469725658
[505]  0.520607568  3.344854545  1.109231145  0.635229805  1.207429011  1.574440968  1.994900315
[512]  0.809603545  1.578871900  2.474692581  0.455655316  1.566709943  3.227391820  2.026242000
[519]  1.632014910  2.195023130  1.046010885  2.011556609  2.873768041  2.609562055  2.581844468
[526]  0.910407069  0.415915108  0.779825583  0.551444658  0.205459832  2.869986171  1.711200921
[533]  0.918424688  2.368375580  1.820687726  1.385714024  1.883616902  2.152900769  1.962034133
[540]  1.237613808  0.608171126  2.265147021  2.460297159  0.200507822  1.468818673  1.226909683
[547]  1.928673184  0.694302857  0.304955601  1.521781251  0.880147934  1.710996622  1.141252174
[554]  0.631252644  0.531439280  0.911484788  0.606655431  0.052838728  1.395626253  1.028881015
[561]  1.652463254  0.095412385  0.433393715  0.988285281  1.998252787  0.987776210  0.379201140
[568]  0.932295618  0.400066253  0.922083262  0.715500221  0.267188473  0.256901918  1.496917105
[575]  1.388814985  0.763681559  1.151612205  0.347194996  0.050706500  0.662941992  0.399267653
[582]  0.090160342  0.177370133  1.144590458  0.492681174  0.389482747  0.271694617  0.942829921
[589]  0.913291782  0.989759775  0.543476452  0.066646815  0.022490484  1.019975554  0.956674385
[596]  0.724876515  0.349176104  0.492933201  0.716812821  0.659513312  0.206058464  0.101070313
[603]  0.279526283

$PAR
  [1]  NA   1   1   1   1   1   2   2   2   2   2   2   2   7   7   7   3   3   3   4   4   4   4
 [24]   4  17  17  17  17  17  14  14   8   8   8  25  25  25   5  38  35  35  35  35  21  21  21
 [47]  21  21  21  21  21  21  40  40  40  40  40  40  30  30  30  30  22  22  44  44  31  31  31
 [70]  31  31  42  27  27  27  27  27  27  53  24  24  24  24  24  24  24  24  39  39  39  39  45
 [93]  45  45  28  28  43  16  16  16  16  98  98  98  80  80 102 102 102 102 102 102 102 102  95
[116]  95  95  95 107 107 107 107  67  67  67  59  59  59  46  46  88 104 104 104 104 105 105 105
[139] 105  55  55  55  55  55  55  32  32  32  63  63  63  63 131 131  97  97  47  47  47  72  72
[162]  48  48 157 157 157  56   9   9   9 115 155 155 155 155 155 155 172 172  99  99  99  99 120
[185] 120 120 164 164 156 156 156 184 184  82 153 153 153 108 108 178 178 178 185 185 121 121 149
[208] 149 149 149 167  83  83  83  83  83  83  29 150 150 150 150 123 129 129 129 158  92  92 194
[231] 194 124 124 124 186 186 130 237 237 162 162 126 126 126 126 212 212 212 106 106 106 106 106
[254] 242 242 189 189 243 243 205 205 205 205 109 109 109  68  68  68 127 231 168 168  18 132 132
[277] 190 223 223 260 260 260 196 196 165 165 165 255 122 122 110 110 246 246 154  65 256 256 256
[300] 256 297 175 175 111 111 111 240  33  33 112 112 112 285 179 179 179 272 272 310 249 250 250
[323] 298 298 298  69 275 219  84  84  76 100 192 198 198 198 228  10  10  10 274 211 251 270 261
[346] 117 117 117 117 314 346 346 346 346 277 277 262 300 300 244 244 244 244 213 213 213 118 141
[369] 141 141 141 232 358 358 333 166 166 319 319  79 113 113 113 125  70 291 291 291 128 355 147
[392] 147 147 327 290 386 386 389 352 365 207 328 328 328 395  71  71  71 169 245 385 385 317 317
[415] 317 176 356 413 413 413 413 398 398 398 283 283 283 264 410 321 292 247 247 414 307 181 428
[438] 428  85  85 387 387 387 286 415 287 287 287 287 151 360 403 403 344 359 401 329 329 241 425
[461] 425 187 187 187 338 396  57  77  77 397 397 368 368 225 445 445 437 296 296 221 263 280 381
[484] 222 222 468 468 460 342 342 479 375 171 482 461 461 489 348 348 348 372 372 409 439 447 490
[507] 490 490 133 436 273 273 353 457 312 491 134 497 506 470 470 101 481 481 481 161 161 419 369
[530] 379 523 531 114 377 493 139 426 524 434 193 465 525 335 335 235 496 354 354 216 514 499 258
[553] 159 135  34 420 420  87 542 417 520 520  78 538 476 306 306 511 392 453 462 532 561 408 516
[576] 463 459 504 504 545 545 545 248 226  93  93 145 433 546 467 509 509 560 466 466 466 594 494
[599] 596 596 554 555 597

$EXTANT
  [1] FALSE FALSE  TRUE FALSE FALSE  TRUE FALSE  TRUE  TRUE  TRUE FALSE  TRUE  TRUE FALSE FALSE
 [16]  TRUE FALSE  TRUE  TRUE FALSE  TRUE FALSE FALSE  TRUE FALSE FALSE  TRUE  TRUE FALSE  TRUE
 [31] FALSE FALSE  TRUE  TRUE  TRUE FALSE FALSE FALSE  TRUE  TRUE FALSE  TRUE FALSE  TRUE  TRUE
 [46]  TRUE  TRUE FALSE FALSE  TRUE  TRUE  TRUE  TRUE FALSE  TRUE FALSE  TRUE  TRUE FALSE  TRUE
 [61]  TRUE  TRUE  TRUE  TRUE  TRUE  TRUE  TRUE FALSE  TRUE  TRUE  TRUE  TRUE FALSE  TRUE FALSE
 [76]  TRUE  TRUE  TRUE  TRUE FALSE FALSE FALSE  TRUE  TRUE  TRUE  TRUE  TRUE FALSE FALSE  TRUE
 [91]  TRUE  TRUE  TRUE  TRUE  TRUE  TRUE FALSE FALSE  TRUE FALSE  TRUE  TRUE FALSE  TRUE  TRUE
[106]  TRUE FALSE FALSE  TRUE  TRUE  TRUE  TRUE  TRUE  TRUE  TRUE FALSE  TRUE  TRUE FALSE  TRUE
[121]  TRUE FALSE FALSE  TRUE  TRUE  TRUE  TRUE  TRUE  TRUE FALSE  TRUE  TRUE  TRUE FALSE FALSE
[136] FALSE  TRUE FALSE  TRUE  TRUE  TRUE  TRUE  TRUE  TRUE  TRUE FALSE  TRUE  TRUE  TRUE FALSE
[151]  TRUE  TRUE  TRUE  TRUE  TRUE  TRUE  TRUE FALSE  TRUE  TRUE  TRUE  TRUE FALSE  TRUE  TRUE
[166]  TRUE  TRUE  TRUE FALSE  TRUE  TRUE  TRUE FALSE  TRUE  TRUE  TRUE  TRUE  TRUE FALSE  TRUE
[181]  TRUE  TRUE  TRUE  TRUE  TRUE  TRUE  TRUE  TRUE  TRUE  TRUE FALSE  TRUE  TRUE FALSE FALSE
[196]  TRUE  TRUE  TRUE  TRUE  TRUE  TRUE  TRUE  TRUE  TRUE  TRUE  TRUE  TRUE FALSE  TRUE  TRUE
[211]  TRUE  TRUE  TRUE FALSE  TRUE  TRUE  TRUE  TRUE FALSE  TRUE  TRUE  TRUE  TRUE FALSE  TRUE
[226]  TRUE  TRUE  TRUE FALSE FALSE  TRUE  TRUE FALSE  TRUE  TRUE  TRUE  TRUE  TRUE  TRUE  TRUE
[241]  TRUE FALSE  TRUE  TRUE  TRUE  TRUE  TRUE  TRUE  TRUE  TRUE FALSE  TRUE  TRUE FALSE  TRUE
[256] FALSE  TRUE  TRUE  TRUE  TRUE  TRUE FALSE  TRUE  TRUE  TRUE FALSE  TRUE  TRUE FALSE  TRUE
[271]  TRUE FALSE  TRUE  TRUE FALSE FALSE FALSE  TRUE  TRUE  TRUE  TRUE FALSE  TRUE FALSE  TRUE
[286]  TRUE  TRUE  TRUE  TRUE  TRUE  TRUE  TRUE  TRUE  TRUE  TRUE  TRUE  TRUE  TRUE  TRUE  TRUE
[301]  TRUE FALSE  TRUE FALSE  TRUE  TRUE  TRUE  TRUE FALSE  TRUE  TRUE  TRUE FALSE  TRUE  TRUE
[316]  TRUE FALSE  TRUE  TRUE  TRUE  TRUE  TRUE FALSE  TRUE  TRUE  TRUE FALSE  TRUE  TRUE  TRUE
[331]  TRUE  TRUE  TRUE  TRUE  TRUE  TRUE  TRUE  TRUE  TRUE FALSE  TRUE  TRUE  TRUE  TRUE  TRUE
[346]  TRUE  TRUE  TRUE  TRUE  TRUE  TRUE  TRUE  TRUE  TRUE  TRUE  TRUE  TRUE  TRUE  TRUE  TRUE
[361]  TRUE  TRUE FALSE  TRUE  TRUE  TRUE  TRUE FALSE  TRUE  TRUE  TRUE  TRUE  TRUE  TRUE  TRUE
[376]  TRUE  TRUE  TRUE  TRUE  TRUE  TRUE  TRUE  TRUE  TRUE  TRUE  TRUE  TRUE FALSE  TRUE  TRUE
[391]  TRUE  TRUE  TRUE  TRUE  TRUE  TRUE  TRUE  TRUE  TRUE  TRUE  TRUE  TRUE  TRUE  TRUE  TRUE
[406] FALSE  TRUE  TRUE  TRUE  TRUE  TRUE  TRUE  TRUE FALSE  TRUE FALSE  TRUE FALSE  TRUE  TRUE
[421]  TRUE FALSE  TRUE  TRUE  TRUE  TRUE  TRUE  TRUE  TRUE  TRUE  TRUE  TRUE FALSE  TRUE  TRUE
[436]  TRUE  TRUE  TRUE  TRUE  TRUE  TRUE  TRUE  TRUE  TRUE  TRUE  TRUE  TRUE  TRUE  TRUE  TRUE
[451] FALSE  TRUE  TRUE  TRUE  TRUE  TRUE  TRUE  TRUE  TRUE  TRUE  TRUE  TRUE  TRUE  TRUE  TRUE
[466]  TRUE  TRUE  TRUE  TRUE  TRUE  TRUE  TRUE  TRUE  TRUE  TRUE  TRUE  TRUE  TRUE  TRUE  TRUE
[481]  TRUE  TRUE  TRUE  TRUE  TRUE  TRUE  TRUE  TRUE  TRUE  TRUE  TRUE  TRUE  TRUE  TRUE  TRUE
[496]  TRUE  TRUE  TRUE  TRUE  TRUE  TRUE  TRUE FALSE  TRUE  TRUE  TRUE  TRUE  TRUE  TRUE  TRUE
[511]  TRUE  TRUE  TRUE  TRUE  TRUE  TRUE  TRUE  TRUE  TRUE  TRUE  TRUE  TRUE FALSE  TRUE  TRUE
[526]  TRUE  TRUE  TRUE  TRUE  TRUE  TRUE  TRUE FALSE  TRUE  TRUE  TRUE  TRUE  TRUE  TRUE  TRUE
[541]  TRUE  TRUE  TRUE  TRUE  TRUE  TRUE  TRUE  TRUE  TRUE  TRUE  TRUE  TRUE  TRUE  TRUE  TRUE
[556]  TRUE  TRUE  TRUE  TRUE  TRUE  TRUE  TRUE  TRUE  TRUE FALSE  TRUE  TRUE  TRUE  TRUE  TRUE
[571]  TRUE  TRUE  TRUE  TRUE  TRUE  TRUE  TRUE  TRUE  TRUE  TRUE  TRUE  TRUE  TRUE  TRUE  TRUE
[586]  TRUE  TRUE  TRUE  TRUE  TRUE  TRUE  TRUE  TRUE  TRUE  TRUE  TRUE  TRUE  TRUE  TRUE  TRUE
[601] FALSE  TRUE  TRUE

