
Birth-death simulation object with 629 species and 500 extant species

Details for some species:

Extinction times (NA means extant)
[1] 41.31655 53.02323 44.28410 22.87939       NA       NA


Speciation times 
[1] 67.99731 63.02706 48.29547 43.14839 42.31328 61.89112


Species parents (NA for initial)
[1] NA  1  1  1  1  2


Species status (extinct or extant)
[1] "extinct" "extinct" "extinct" "extinct" "extant"  "extant" 


For more details on vector y, try sim$y, with y one of
TE TS PAR EXTANT



$TE
  [1] 41.316547316 53.023225957 44.284103214 22.879385573           NA           NA           NA
  [8] 19.777756722 20.173705293           NA           NA 52.277343481 42.742754867           NA
 [15] 52.548080241 56.882471372 45.824901339           NA           NA           NA           NA
 [22]           NA           NA           NA 12.610213772  7.284009441           NA           NA
 [29] 49.496011758 37.123825613           NA           NA 12.454712310 20.041401520           NA
 [36]           NA  5.937090494           NA  4.846736936           NA           NA 22.292260277
 [43] 25.378727517           NA           NA 33.055218122           NA  2.611565305  2.338741975
 [50]  3.097765357 10.703657633           NA           NA           NA           NA           NA
 [57]           NA 30.358754515 27.202260810 23.927625142           NA           NA           NA
 [64] 20.621516098           NA           NA           NA           NA           NA 12.045088694
 [71]           NA           NA  5.211249434           NA           NA           NA           NA
 [78]           NA  2.165260435           NA           NA 29.422201205 15.842084401 22.119271613
 [85]           NA 15.370487341 28.417566001           NA           NA           NA           NA
 [92] 14.960416954  0.957256618  1.862299773 10.826381404           NA           NA           NA
 [99]           NA  8.677802148           NA  8.820907661           NA           NA           NA
[106]           NA           NA 11.754498174           NA 26.619037435 18.529874013  5.024355564
[113]  3.843161380           NA           NA           NA           NA 19.520390531 19.226103776
[120] 14.050675862  7.929845891           NA           NA           NA           NA 11.113264469
[127]           NA  4.923215084           NA 24.489023184           NA           NA           NA
[134]           NA  9.500467386           NA           NA           NA           NA  9.204495363
[141]  2.607983884           NA  9.512644636           NA           NA           NA  1.833303246
[148]  8.396979034           NA           NA           NA  8.783688419           NA  0.814711424
[155]           NA 12.533233803  7.598804693           NA  0.966602151 11.021780544           NA
[162]           NA  1.505866075           NA  2.313876797           NA           NA           NA
[169]           NA  3.467119877           NA           NA           NA           NA           NA
[176]  1.293191053           NA           NA           NA 12.660951684  8.614486198           NA
[183]           NA 10.835080465 11.215529923           NA  8.968303779           NA           NA
[190]           NA 13.849435860 15.223976600           NA           NA  6.423027173  2.779389961
[197]           NA           NA           NA           NA           NA           NA           NA
[204]           NA  1.014493024           NA  2.067766940           NA           NA  0.246235049
[211]           NA           NA           NA           NA  8.032126682  0.009700634           NA
[218]           NA           NA           NA           NA           NA           NA  3.763639127
[225]           NA           NA           NA           NA 10.575505438           NA           NA
[232]           NA           NA  7.366663597           NA           NA  1.875194444  6.268127848
[239]           NA           NA           NA           NA  0.005056929           NA           NA
[246]  2.800972677           NA           NA           NA           NA  5.428389622           NA
[253]           NA           NA           NA           NA           NA           NA           NA
[260]  5.091659835           NA           NA           NA           NA           NA           NA
[267]  2.764524043           NA           NA           NA           NA           NA           NA
[274]           NA  3.261265606           NA           NA           NA           NA           NA
[281]           NA           NA           NA           NA           NA           NA  4.187259259
[288]           NA  0.862787703           NA           NA           NA  0.476645516           NA
[295]           NA           NA           NA           NA  4.181429584           NA           NA
[302]           NA           NA  4.434230331           NA           NA           NA           NA
[309]           NA           NA           NA           NA           NA           NA           NA
[316]           NA           NA           NA           NA           NA           NA           NA
[323]           NA           NA           NA  0.102526354           NA           NA           NA
[330]  4.072011673           NA           NA  0.379574010           NA           NA           NA
[337]           NA           NA           NA           NA           NA           NA  0.315199312
[344]           NA  9.465788564           NA           NA  0.658724602           NA           NA
[351]           NA           NA           NA           NA           NA           NA           NA
[358]           NA           NA           NA           NA           NA           NA           NA
[365]           NA           NA           NA           NA           NA           NA           NA
[372]           NA           NA           NA           NA  0.508099411           NA           NA
[379]           NA  8.043100588           NA           NA           NA  4.091907340           NA
[386]  5.522004368           NA           NA           NA           NA           NA  3.658377405
[393]           NA           NA  3.769288086           NA           NA           NA           NA
[400]           NA           NA           NA           NA  1.371348398           NA           NA
[407]           NA           NA           NA           NA           NA           NA           NA
[414]           NA           NA           NA           NA           NA           NA           NA
[421]           NA           NA           NA           NA           NA  7.148953553           NA
[428]           NA           NA           NA           NA           NA           NA           NA
[435]  1.230878558           NA           NA  0.085702298           NA           NA           NA
[442]           NA           NA           NA           NA           NA           NA           NA
[449]           NA           NA           NA           NA           NA           NA           NA
[456]           NA           NA           NA           NA           NA           NA           NA
[463]  1.592906926           NA           NA           NA           NA           NA  0.600790594
[470]           NA           NA           NA           NA           NA           NA           NA
[477]           NA           NA           NA           NA           NA           NA           NA
[484]           NA           NA           NA           NA           NA           NA           NA
[491]  1.176638858           NA           NA           NA           NA           NA           NA
[498]           NA           NA           NA           NA           NA           NA           NA
[505]           NA  3.299340225           NA           NA           NA           NA  0.107384576
[512]           NA           NA           NA           NA           NA           NA           NA
[519]           NA           NA           NA           NA           NA           NA           NA
[526]           NA           NA           NA           NA           NA           NA           NA
[533]           NA           NA           NA           NA           NA           NA           NA
[540]           NA           NA           NA           NA  2.386392468           NA           NA
[547]           NA           NA           NA           NA           NA           NA  1.463365853
[554]           NA           NA           NA           NA           NA           NA           NA
[561]           NA           NA           NA           NA           NA           NA           NA
[568]           NA  1.686448104           NA           NA           NA           NA  1.360668794
[575]           NA           NA           NA           NA           NA           NA           NA
[582]           NA           NA           NA           NA           NA           NA           NA
[589]           NA           NA           NA           NA           NA           NA           NA
[596]           NA           NA  0.003428888  0.377263424           NA           NA           NA
[603]           NA           NA           NA           NA           NA           NA           NA
[610]           NA           NA           NA           NA           NA           NA           NA
[617]           NA           NA           NA           NA           NA           NA           NA
[624]           NA           NA           NA           NA           NA           NA

$TS
  [1] 6.799731e+01 6.302706e+01 4.829547e+01 4.314839e+01 4.231328e+01 6.189112e+01 5.799175e+01
  [8] 5.900308e+01 2.899225e+01 6.937234e+00 6.390632e-01 5.772691e+01 5.345359e+01 2.481347e+01
 [15] 5.718931e+01 5.701857e+01 5.050280e+01 4.593217e+01 4.075728e+01 3.662520e+01 2.879442e+01
 [22] 2.655881e+01 1.970177e+01 1.923466e+01 1.627516e+01 1.066154e+01 1.029299e+01 7.958202e+00
 [29] 5.257783e+01 4.852854e+01 4.376745e+01 3.910460e+01 3.209920e+01 2.437066e+01 2.308533e+01
 [36] 1.689951e+01 7.399222e+00 4.242298e+01 3.804195e+01 3.238634e+01 2.980034e+01 2.706383e+01
 [43] 2.705958e+01 3.444817e+01 1.081160e+00 3.445159e+01 2.408299e+01 2.165054e+01 6.159898e+00
 [50] 5.791192e+00 2.311373e+01 1.802666e+01 1.509833e+01 1.049928e+01 9.363140e+00 4.973257e+00
 [57] 4.540327e+00 3.602470e+01 2.818875e+01 2.620565e+01 2.155983e+01 1.373387e+01 1.062252e+01
 [64] 2.171126e+01 3.639604e+01 3.249500e+01 1.936162e+01 1.595623e+01 4.470023e+00 2.314047e+01
 [71] 3.270147e+01 1.668289e+01 1.264024e+01 3.717726e+00 1.965332e+00 1.599552e+00 1.680136e+01
 [78] 1.206992e+01 5.841735e+00 2.618687e+00 2.102372e-02 3.238232e+01 2.949233e+01 2.799275e+01
 [85] 2.395527e+01 2.277279e+01 3.146152e+01 1.070552e+01 8.549433e+00 6.532141e+00 3.088770e+01
 [92] 2.810970e+01 2.502186e+01 2.347591e+01 2.110173e+01 2.110129e+01 1.563883e+01 3.194339e+00
 [99] 1.836116e+01 1.717436e+01 1.604042e+01 2.399256e+01 2.766099e+01 1.652641e+01 1.330782e+01
[106] 8.530331e+00 1.107787e+00 2.749662e+01 2.663609e+01 2.729981e+01 1.969165e+01 1.554918e+01
[113] 7.459170e+00 5.068115e+00 1.800619e+00 2.374665e+01 2.260148e+01 2.649981e+01 2.280071e+01
[120] 1.860195e+01 1.172968e+01 6.047892e+00 2.109711e+01 1.803038e+01 1.682226e+01 1.509254e+01
[127] 1.372808e+01 1.228166e+01 4.889824e+00 2.475221e+01 1.611568e+01 1.331791e+01 3.248127e-01
[134] 2.221750e+01 2.273479e+01 1.861758e+01 2.260307e+01 1.729531e+01 1.867515e+01 1.214046e+01
[141] 1.648121e+01 1.284756e+01 9.518638e+00 6.985342e+00 6.285560e+00 5.696326e+00 1.173793e+01
[148] 2.110577e+01 1.016516e+01 4.838838e-01 2.095172e+01 2.200371e+01 1.574950e+01 1.114255e+01
[155] 1.098475e+01 2.040948e+01 1.711671e+01 1.203456e+01 1.141394e+01 1.328660e+01 1.130182e+01
[162] 9.421838e+00 1.892854e+01 1.254562e+01 2.127146e+01 7.212261e+00 6.433434e+00 1.118947e+01
[169] 8.775566e+00 6.379060e+00 3.958340e+00 1.733297e+00 1.192571e+01 1.721323e+01 1.489240e+01
[176] 1.339171e+01 1.306944e+01 5.141780e+00 1.596045e+01 1.501532e+01 1.011576e+01 4.778670e+00
[183] 1.609251e-01 1.707781e+01 1.420534e+01 1.517928e+01 1.162259e+01 3.546834e+00 1.873090e+01
[190] 1.470968e+01 1.463426e+01 1.778211e+01 1.728221e+01 5.025125e+00 1.309499e+01 1.024493e+01
[197] 6.451769e+00 1.850043e+00 1.807807e+01 1.471675e+00 9.443098e+00 3.408939e+00 1.903550e+00
[204] 8.628888e+00 8.258056e+00 2.864406e+00 2.371811e+00 8.726888e+00 1.435780e+01 6.951364e+00
[211] 5.274673e+00 4.244275e+00 3.664865e+00 3.394824e+00 9.470556e+00 3.969731e+00 1.142647e+01
[218] 1.044718e+01 3.478229e-01 7.542211e+00 1.216722e+01 1.007021e+01 1.232331e+01 1.263452e+01
[225] 1.351593e+01 1.131126e+01 1.678685e+00 1.017810e+01 1.073537e+01 4.701477e+00 1.613174e+00
[232] 1.144754e+01 7.831771e+00 7.708684e+00 4.498586e+00 1.596621e+01 1.370453e+01 9.436712e+00
[239] 8.155261e+00 5.120589e+00 6.919640e+00 5.775177e+00 4.868453e+00 1.733775e+00 1.086356e+01
[246] 1.221614e+01 3.365049e+00 1.041993e+01 3.190627e+00 1.047526e+01 1.088517e+01 8.836558e+00
[253] 6.446935e+00 9.242694e+00 8.053973e+00 5.424697e+00 5.372706e+00 5.894770e-01 4.471611e-01
[260] 7.286246e+00 3.929853e+00 1.414131e+00 1.053804e+01 5.565385e+00 1.231519e+01 1.071115e+01
[267] 1.050603e+01 5.339942e+00 3.647523e+00 1.768485e+00 5.235319e+00 3.059870e+00 1.619156e+00
[274] 3.816379e-01 9.085614e+00 7.255832e+00 5.324203e+00 2.251932e+00 4.576936e-01 1.037205e+01
[281] 8.708519e+00 6.175468e+00 4.697494e+00 3.348983e+00 1.939555e+00 1.205671e+01 1.164073e+01
[288] 1.157748e+01 9.506047e+00 9.358929e+00 8.731647e+00 1.190082e+01 1.094082e+01 4.743992e+00
[295] 2.690833e+00 1.337525e+00 5.044458e+00 6.165239e+00 6.044530e+00 6.788758e+00 1.177038e+01
[302] 8.805404e+00 4.785885e+00 1.111299e+01 1.085915e+01 6.748403e+00 6.468804e+00 2.803097e+00
[309] 9.638385e+00 6.840576e+00 9.383341e-01 7.256312e+00 7.196453e+00 1.118213e+00 5.616403e+00
[316] 7.856112e+00 1.054194e+01 6.137262e+00 6.987068e+00 4.199016e+00 3.860967e+00 2.685625e+00
[323] 8.448713e+00 1.065970e+01 8.629741e+00 8.465096e+00 1.922783e+00 1.034237e+00 8.806098e-01
[330] 1.070366e+01 1.025555e+01 8.715788e+00 6.386618e+00 1.661181e+00 2.317216e-01 7.733494e+00
[337] 1.028666e+01 4.985308e+00 1.031630e+01 1.707838e+00 9.903583e+00 1.648655e-01 8.008382e+00
[344] 1.045632e+01 1.016498e+01 8.693633e+00 1.327318e+00 7.614325e+00 6.341359e+00 6.187133e+00
[351] 5.124961e+00 3.654370e+00 8.906854e+00 2.433340e+00 5.273300e+00 4.425237e+00 9.264671e+00
[358] 5.664348e+00 5.105544e+00 1.023426e+01 6.282332e+00 3.419949e+00 9.824987e-01 4.347955e-01
[365] 8.482225e+00 8.127916e+00 7.094569e+00 3.376180e+00 2.129689e+00 8.845816e+00 4.188963e+00
[372] 1.586559e-02 1.012980e+01 7.014801e+00 2.176206e+00 6.529438e-01 6.740876e+00 9.861851e+00
[379] 9.740724e+00 9.197231e+00 2.900969e+00 5.051195e-01 2.185449e-01 9.899376e+00 7.239081e-01
[386] 8.709335e+00 7.043754e-01 8.385762e+00 8.569460e+00 8.381579e+00 6.590210e+00 5.455334e+00
[393] 8.793913e+00 1.190803e+00 8.846923e+00 7.855409e+00 4.063709e+00 7.369831e+00 5.196372e+00
[400] 5.067075e+00 4.108522e+00 8.950910e-01 3.903099e+00 6.787153e+00 5.313975e+00 3.241585e+00
[407] 5.086363e+00 7.184953e+00 6.134119e+00 4.802763e+00 5.605807e+00 4.271717e+00 7.884836e+00
[414] 4.645369e+00 2.242362e+00 1.523607e+00 8.919835e-02 8.365090e+00 4.919116e+00 1.556020e+00
[421] 8.625348e+00 4.036259e+00 5.820396e+00 4.818349e+00 3.141991e+00 8.150494e+00 4.184956e+00
[428] 4.065093e+00 7.759841e+00 4.111147e+00 4.670966e+00 4.200071e+00 3.415365e+00 4.721144e+00
[435] 3.619494e+00 2.528097e+00 7.015878e+00 5.494959e+00 4.805454e+00 6.490654e+00 2.764736e+00
[442] 4.890847e-01 1.205569e+00 5.993079e+00 3.691721e+00 7.189539e+00 3.132658e+00 2.812675e+00
[449] 7.018289e+00 5.387156e+00 3.211674e+00 2.319715e+00 1.761393e+00 1.515852e+00 5.899538e+00
[456] 8.622297e-01 5.010034e+00 1.107389e+00 6.121519e+00 5.555400e+00 1.707915e+00 3.579869e+00
[463] 5.074507e+00 2.709713e+00 4.584336e+00 1.173184e+00 6.435104e+00 3.183642e+00 3.027631e+00
[470] 6.424179e+00 6.048832e+00 6.449941e+00 1.553874e+00 2.542183e+00 1.843403e+00 2.340911e+00
[477] 4.108054e+00 3.760621e+00 9.936884e-01 8.103230e-02 3.112135e+00 8.957705e-02 3.337132e+00
[484] 6.050816e+00 1.469529e+00 7.418182e-01 5.137215e+00 1.452014e+00 7.724644e-01 5.220573e+00
[491] 2.630814e+00 1.607848e+00 1.387509e+00 1.700488e+00 5.253647e+00 4.073380e+00 3.686984e+00
[498] 4.392567e+00 3.088378e+00 9.711858e-01 2.787972e+00 1.770810e+00 5.446068e+00 4.322633e+00
[505] 2.719895e+00 3.427711e+00 5.132050e+00 4.173665e+00 2.127770e+00 8.462458e-01 7.680668e-01
[512] 9.844158e-01 8.634926e-01 4.713901e-01 4.887791e+00 3.157577e+00 1.204489e+00 4.718690e-01
[519] 1.892056e+00 6.133869e-01 3.128656e+00 1.301968e+00 1.089300e+00 3.674974e+00 4.039540e-01
[526] 3.731548e+00 3.868672e+00 4.905285e+00 1.588866e+00 4.327262e+00 2.353835e+00 4.198302e+00
[533] 2.612220e+00 4.347416e+00 3.219650e+00 2.785007e+00 4.418319e+00 3.328459e+00 3.580909e+00
[540] 3.079186e+00 4.863775e+00 1.314028e+00 5.433837e-01 2.903046e+00 2.754227e+00 1.613719e+00
[547] 8.876225e-01 4.494073e-01 1.862940e+00 1.602401e+00 1.257479e+00 1.035296e+00 3.929558e+00
[554] 1.213451e+00 6.947243e-01 1.829521e+00 1.698099e-01 1.143341e+00 6.204391e-01 1.076699e+00
[561] 3.382902e+00 3.305945e+00 1.040842e+00 3.243354e+00 1.714282e+00 9.460497e-01 3.708759e+00
[568] 2.085244e+00 2.984957e+00 2.919674e+00 1.995596e+00 8.040579e-01 2.220132e+00 3.708570e+00
[575] 3.630732e-01 8.072888e-01 3.267238e+00 2.109827e-01 1.688799e+00 3.273009e+00 2.187655e+00
[582] 1.447899e+00 2.195495e-01 8.578105e-01 1.682963e+00 9.851555e-02 2.047513e+00 1.055996e+00
[589] 4.738404e-01 8.862474e-01 1.791262e+00 9.198504e-01 1.483121e+00 2.168790e+00 6.710390e-01
[596] 1.049151e+00 1.789355e+00 1.188548e+00 1.581301e+00 1.938382e+00 1.319708e+00 1.569166e+00
[603] 8.819553e-01 6.647252e-01 1.572347e+00 1.159544e+00 3.387856e-01 7.053929e-01 1.232282e+00
[610] 5.485779e-01 1.260529e+00 1.534889e-01 5.050480e-01 1.514127e+00 5.339492e-01 1.370603e+00
[617] 1.312975e+00 8.541802e-01 1.674094e-01 1.995309e-01 2.531654e-01 7.076624e-01 8.305341e-01
[624] 2.052122e-04 1.255943e-01 9.359644e-02 4.307908e-01 2.165902e-02 6.247668e-02

$PAR
  [1]  NA   1   1   1   1   2   2   6   6   6   6   8   8   8   7   7   7   7   7   7   7   7   7
 [24]   7   7   7   7   7  13  17  30  30  18  18  18  18  18  31  31   4   4   4   4  38  38   5
 [47]   5   5   5   5  19  19  19  19  19  19  19  32  32  32  32  32  32  39  20  20  20  20  20
 [70]  65  44  44  44  44  44  44  71  71  71  71  71  66  66  66  66  66  40  40  40  40  33  33
 [93]  91  91  91  91  91  41  83  83  83   9  21  21  21  21  21  92  92  84 103 103 103 103 103
[116] 108 108 109 109 109 109 109  22  22  22  22  22  22  22 118  93  14  14  34  47  47  85  85
[139] 116 116  94  94  94  94  94  94  51  35  35  35 119  86  86 135 135 137 117 117 117 134 134
[162] 134 152 152  48  48  48  61  61  61  61  61 165  95  95  96  96  96 123 123 123 123 123 151
[185] 151 156  23  67  24  24  24 163 163 163 189 189 189 189 139 139 136 136 136  99  99  99  99
[208] 199 124 124 124 124 124 124  52  52 138 193 193 174 100 100 157 184  36  36  36 125  77  77
[231]  77  72  72  72  72 104 104 104 104 104 141 141 131 131 101 236 236 179 179  68  97  97 112
[254] 186 186 186 186 186 186  53  53  53 175 175 190 190 190 190 190 190 209 209 209 209  62  62
[277]  62  62  62 127 127 127 237 225 225 176 176 132 132 195 195 177 177 177 177 177 142 224 224
[300] 164 128 246 246 286 286 286 286 158 173 173 173 292 292 292 301 287 187 288 232 232 232 217
[323] 159 226 161 161 161 161 168 154 304 304 304 155 155 293 251 245 305 305 266 266  88  26 324
[346] 324 324  63  63 317 317 317 263  54 250 250 344 344 344 248 248 248 248 248 339 339 339 339
[369] 339  27  27  27 331 331 331 331 196 149 345 373 373 373 373 181 341 384 378 309 215 201 201
[392] 201 162 290 357 357 357 254 254 275 275 353 395 370 370 252 302 393 169 169 291 291 208 208
[415] 332 281 281 346 325 325 204 204 421 421 421  89 106 365 326 390 205 366 255  28 413 413 316
[438] 396 396 233 233 233 336 348 348 113 398 398 260 260 312 312 313 313 367 449 437 437 374 374
[461] 374 210 241 241 404 306 377 377 377  90  90 440 440 197 197 472 253 253 253 253 467 470 333
[484] 349 361 361 350 350 298 409 409 409 459 484 122 444 455  79  79 423 242 358 315 315 315 264
[507] 438 438 438 438 503 256 268 405 355 495 495 490 399 399 487 487 487 351 351 240 407 114 114
[530] 400 297 194 194 457 338  56 528 528 129 129 515 515 303 182 294 434 283 414 465 537 537 498
[553] 534 530 530 212 212 432 432 371 496 496 496 422 216 216 171 171 527 321 526 526  74 567 269
[576] 188 202 214 368 247 247 538 538 577 535 468 447 521 521 570 448 505 464 476 476 278 573 375
[599] 568 587 571 198 475 591 502 502 244 565 494 494 227 334 605 420 473 200 485 493 522 598 466
[622] 560 547 590 559 615 518 578 417

$EXTANT
  [1] FALSE FALSE FALSE FALSE  TRUE  TRUE  TRUE FALSE FALSE  TRUE  TRUE FALSE FALSE  TRUE FALSE
 [16] FALSE FALSE  TRUE  TRUE  TRUE  TRUE  TRUE  TRUE  TRUE FALSE FALSE  TRUE  TRUE FALSE FALSE
 [31]  TRUE  TRUE FALSE FALSE  TRUE  TRUE FALSE  TRUE FALSE  TRUE  TRUE FALSE FALSE  TRUE  TRUE
 [46] FALSE  TRUE FALSE FALSE FALSE FALSE  TRUE  TRUE  TRUE  TRUE  TRUE  TRUE FALSE FALSE FALSE
 [61]  TRUE  TRUE  TRUE FALSE  TRUE  TRUE  TRUE  TRUE  TRUE FALSE  TRUE  TRUE FALSE  TRUE  TRUE
 [76]  TRUE  TRUE  TRUE FALSE  TRUE  TRUE FALSE FALSE FALSE  TRUE FALSE FALSE  TRUE  TRUE  TRUE
 [91]  TRUE FALSE FALSE FALSE FALSE  TRUE  TRUE  TRUE  TRUE FALSE  TRUE FALSE  TRUE  TRUE  TRUE
[106]  TRUE  TRUE FALSE  TRUE FALSE FALSE FALSE FALSE  TRUE  TRUE  TRUE  TRUE FALSE FALSE FALSE
[121] FALSE  TRUE  TRUE  TRUE  TRUE FALSE  TRUE FALSE  TRUE FALSE  TRUE  TRUE  TRUE  TRUE FALSE
[136]  TRUE  TRUE  TRUE  TRUE FALSE FALSE  TRUE FALSE  TRUE  TRUE  TRUE FALSE FALSE  TRUE  TRUE
[151]  TRUE FALSE  TRUE FALSE  TRUE FALSE FALSE  TRUE FALSE FALSE  TRUE  TRUE FALSE  TRUE FALSE
[166]  TRUE  TRUE  TRUE  TRUE FALSE  TRUE  TRUE  TRUE  TRUE  TRUE FALSE  TRUE  TRUE  TRUE FALSE
[181] FALSE  TRUE  TRUE FALSE FALSE  TRUE FALSE  TRUE  TRUE  TRUE FALSE FALSE  TRUE  TRUE FALSE
[196] FALSE  TRUE  TRUE  TRUE  TRUE  TRUE  TRUE  TRUE  TRUE FALSE  TRUE FALSE  TRUE  TRUE FALSE
[211]  TRUE  TRUE  TRUE  TRUE FALSE FALSE  TRUE  TRUE  TRUE  TRUE  TRUE  TRUE  TRUE FALSE  TRUE
[226]  TRUE  TRUE  TRUE FALSE  TRUE  TRUE  TRUE  TRUE FALSE  TRUE  TRUE FALSE FALSE  TRUE  TRUE
[241]  TRUE  TRUE FALSE  TRUE  TRUE FALSE  TRUE  TRUE  TRUE  TRUE FALSE  TRUE  TRUE  TRUE  TRUE
[256]  TRUE  TRUE  TRUE  TRUE FALSE  TRUE  TRUE  TRUE  TRUE  TRUE  TRUE FALSE  TRUE  TRUE  TRUE
[271]  TRUE  TRUE  TRUE  TRUE FALSE  TRUE  TRUE  TRUE  TRUE  TRUE  TRUE  TRUE  TRUE  TRUE  TRUE
[286]  TRUE FALSE  TRUE FALSE  TRUE  TRUE  TRUE FALSE  TRUE  TRUE  TRUE  TRUE  TRUE FALSE  TRUE
[301]  TRUE  TRUE  TRUE FALSE  TRUE  TRUE  TRUE  TRUE  TRUE  TRUE  TRUE  TRUE  TRUE  TRUE  TRUE
[316]  TRUE  TRUE  TRUE  TRUE  TRUE  TRUE  TRUE  TRUE  TRUE  TRUE FALSE  TRUE  TRUE  TRUE FALSE
[331]  TRUE  TRUE FALSE  TRUE  TRUE  TRUE  TRUE  TRUE  TRUE  TRUE  TRUE  TRUE FALSE  TRUE FALSE
[346]  TRUE  TRUE FALSE  TRUE  TRUE  TRUE  TRUE  TRUE  TRUE  TRUE  TRUE  TRUE  TRUE  TRUE  TRUE
[361]  TRUE  TRUE  TRUE  TRUE  TRUE  TRUE  TRUE  TRUE  TRUE  TRUE  TRUE  TRUE  TRUE  TRUE  TRUE
[376] FALSE  TRUE  TRUE  TRUE FALSE  TRUE  TRUE  TRUE FALSE  TRUE FALSE  TRUE  TRUE  TRUE  TRUE
[391]  TRUE FALSE  TRUE  TRUE FALSE  TRUE  TRUE  TRUE  TRUE  TRUE  TRUE  TRUE  TRUE FALSE  TRUE
[406]  TRUE  TRUE  TRUE  TRUE  TRUE  TRUE  TRUE  TRUE  TRUE  TRUE  TRUE  TRUE  TRUE  TRUE  TRUE
[421]  TRUE  TRUE  TRUE  TRUE  TRUE FALSE  TRUE  TRUE  TRUE  TRUE  TRUE  TRUE  TRUE  TRUE FALSE
[436]  TRUE  TRUE FALSE  TRUE  TRUE  TRUE  TRUE  TRUE  TRUE  TRUE  TRUE  TRUE  TRUE  TRUE  TRUE
[451]  TRUE  TRUE  TRUE  TRUE  TRUE  TRUE  TRUE  TRUE  TRUE  TRUE  TRUE  TRUE FALSE  TRUE  TRUE
[466]  TRUE  TRUE  TRUE FALSE  TRUE  TRUE  TRUE  TRUE  TRUE  TRUE  TRUE  TRUE  TRUE  TRUE  TRUE
[481]  TRUE  TRUE  TRUE  TRUE  TRUE  TRUE  TRUE  TRUE  TRUE  TRUE FALSE  TRUE  TRUE  TRUE  TRUE
[496]  TRUE  TRUE  TRUE  TRUE  TRUE  TRUE  TRUE  TRUE  TRUE  TRUE FALSE  TRUE  TRUE  TRUE  TRUE
[511] FALSE  TRUE  TRUE  TRUE  TRUE  TRUE  TRUE  TRUE  TRUE  TRUE  TRUE  TRUE  TRUE  TRUE  TRUE
[526]  TRUE  TRUE  TRUE  TRUE  TRUE  TRUE  TRUE  TRUE  TRUE  TRUE  TRUE  TRUE  TRUE  TRUE  TRUE
[541]  TRUE  TRUE  TRUE FALSE  TRUE  TRUE  TRUE  TRUE  TRUE  TRUE  TRUE  TRUE FALSE  TRUE  TRUE
[556]  TRUE  TRUE  TRUE  TRUE  TRUE  TRUE  TRUE  TRUE  TRUE  TRUE  TRUE  TRUE  TRUE FALSE  TRUE
[571]  TRUE  TRUE  TRUE FALSE  TRUE  TRUE  TRUE  TRUE  TRUE  TRUE  TRUE  TRUE  TRUE  TRUE  TRUE
[586]  TRUE  TRUE  TRUE  TRUE  TRUE  TRUE  TRUE  TRUE  TRUE  TRUE  TRUE  TRUE FALSE FALSE  TRUE
[601]  TRUE  TRUE  TRUE  TRUE  TRUE  TRUE  TRUE  TRUE  TRUE  TRUE  TRUE  TRUE  TRUE  TRUE  TRUE
[616]  TRUE  TRUE  TRUE  TRUE  TRUE  TRUE  TRUE  TRUE  TRUE  TRUE  TRUE  TRUE  TRUE  TRUE

