
Birth-death simulation object with 635 species and 500 extant species

Details for some species:

Extinction times (NA means extant)
[1] 29.24453 80.02282 51.00189       NA 22.41795 47.38304


Speciation times 
[1] 83.32862 81.41546 72.03980 71.59290 61.66070 47.68757


Species parents (NA for initial)
[1] NA  1  1  1  1  1


Species status (extinct or extant)
[1] "extinct" "extinct" "extinct" "extant"  "extinct" "extinct"


For more details on vector y, try sim$y, with y one of
TE TS PAR EXTANT



$TE
  [1] 29.24453331 80.02282299 51.00188770          NA 22.41794805 47.38303830 29.05007209
  [8]          NA 59.58455331 49.31377420 36.00348649 43.23530647 41.89798446          NA
 [15] 23.97904813          NA          NA 50.96197532 43.79900612 27.32695504 52.77806892
 [22] 42.29229067 37.57462803 45.71115205          NA 29.45844615 35.67300512 25.24713728
 [29] 29.17176948          NA 24.65658547 27.75543486          NA 37.45912442          NA
 [36]          NA          NA  4.36941450  0.23003776          NA          NA          NA
 [43] 29.39000504          NA          NA          NA          NA          NA          NA
 [50]  5.11253514 22.61000235          NA 15.19471323          NA          NA  0.70023306
 [57] 22.25266408 14.40441798          NA          NA          NA          NA          NA
 [64] 27.81601161          NA  0.44765424  3.61942569          NA          NA          NA
 [71] 17.50122771 25.06533840 22.58835338 10.96143545  9.40694550 21.93027317          NA
 [78]  3.68731995  9.24851602          NA          NA          NA 15.27426874 10.10095811
 [85]          NA          NA  3.25108888          NA 19.96071573  2.68410616          NA
 [92]          NA          NA  6.78867935 12.55463795 12.01574518 18.96468464          NA
 [99] 17.33969557          NA          NA  7.41998506          NA  7.98010602          NA
[106]          NA  6.26694091          NA          NA          NA  1.71574329          NA
[113]          NA          NA  3.25024973 12.20940980          NA          NA  3.29903469
[120]          NA          NA          NA          NA          NA          NA          NA
[127] 11.61074292          NA 16.18830289          NA          NA  4.57977575          NA
[134]          NA          NA          NA 18.71523225          NA          NA          NA
[141]          NA  9.57743749          NA          NA          NA  7.23058263  6.88079603
[148]  1.72191071  5.80346800  5.93838215          NA          NA          NA          NA
[155]          NA 11.53376913          NA          NA  0.75857074          NA  4.54628105
[162]          NA          NA          NA          NA          NA  0.23107404 13.33691383
[169]          NA          NA          NA          NA          NA          NA 11.86200923
[176]          NA          NA  2.13517501          NA          NA          NA          NA
[183]          NA          NA          NA          NA  9.39566613          NA          NA
[190]          NA  7.71813482  5.71275710          NA  1.54507267          NA  0.68159147
[197]          NA          NA 10.33274929          NA  9.95595523 12.30151554          NA
[204]          NA          NA          NA          NA          NA          NA 11.11646684
[211]  1.68213596          NA          NA  0.18952081  6.21412593          NA  5.34543667
[218]          NA          NA          NA          NA  4.64431203          NA          NA
[225]          NA          NA          NA  5.62217469          NA          NA  4.50500644
[232]          NA          NA          NA          NA          NA          NA          NA
[239]          NA          NA          NA  5.31036857          NA          NA          NA
[246]          NA          NA          NA          NA          NA  0.83266337          NA
[253]          NA          NA          NA          NA          NA          NA          NA
[260]          NA          NA          NA          NA  1.76134138          NA          NA
[267]          NA  4.63578167          NA          NA          NA          NA          NA
[274]          NA          NA          NA          NA          NA          NA  6.80727457
[281]          NA  9.49317033  0.16064987  4.12288147  0.01087388          NA          NA
[288]          NA          NA          NA          NA          NA          NA          NA
[295]          NA          NA          NA          NA          NA          NA          NA
[302]          NA  1.58499409          NA          NA          NA          NA          NA
[309]          NA          NA          NA          NA  4.24373465          NA          NA
[316]          NA          NA          NA          NA          NA          NA          NA
[323]          NA          NA  7.36329876          NA          NA  2.09291333          NA
[330]          NA          NA  3.21390056          NA          NA          NA          NA
[337]          NA          NA          NA          NA          NA          NA          NA
[344]          NA          NA          NA          NA  0.72624037          NA  1.83297717
[351]          NA          NA  0.99998111          NA          NA          NA          NA
[358]          NA          NA          NA          NA          NA          NA          NA
[365]          NA          NA          NA          NA          NA          NA  6.65004671
[372]          NA          NA          NA          NA          NA          NA  0.17048090
[379]          NA          NA          NA          NA          NA          NA          NA
[386]  1.45847911          NA          NA          NA          NA  3.59640001          NA
[393]          NA          NA          NA          NA          NA          NA          NA
[400]  2.28217848          NA          NA          NA          NA          NA          NA
[407]          NA          NA          NA          NA          NA  0.07834261          NA
[414]          NA          NA          NA          NA  0.71487853          NA  3.06749227
[421]          NA          NA          NA          NA          NA          NA          NA
[428]          NA          NA          NA          NA          NA          NA          NA
[435]          NA          NA          NA          NA  4.14632385          NA          NA
[442]          NA          NA          NA          NA          NA          NA  1.36335643
[449]          NA  1.37635217          NA          NA          NA          NA  0.29188620
[456]          NA          NA          NA  6.19175345          NA          NA          NA
[463]          NA  1.11110791          NA          NA          NA          NA          NA
[470]          NA          NA          NA          NA          NA          NA          NA
[477]          NA          NA          NA          NA          NA          NA          NA
[484]          NA          NA          NA          NA          NA          NA          NA
[491]          NA          NA          NA          NA          NA          NA          NA
[498]          NA          NA          NA          NA          NA          NA          NA
[505]          NA          NA          NA  3.20299251          NA          NA          NA
[512]          NA          NA  2.42756385  3.81687071          NA          NA          NA
[519]          NA          NA          NA          NA          NA          NA          NA
[526]          NA          NA          NA          NA          NA          NA          NA
[533]          NA          NA          NA          NA          NA          NA          NA
[540]          NA          NA          NA          NA          NA          NA  2.77440552
[547]  1.24620244          NA          NA  2.54596186          NA          NA          NA
[554]          NA          NA          NA          NA          NA          NA          NA
[561]          NA          NA          NA          NA          NA          NA          NA
[568]          NA          NA          NA          NA          NA          NA          NA
[575]          NA          NA          NA          NA          NA  1.01894689  0.96076362
[582]          NA          NA          NA          NA          NA          NA          NA
[589]          NA          NA          NA          NA          NA          NA          NA
[596]          NA          NA          NA          NA          NA          NA          NA
[603]          NA          NA          NA          NA          NA          NA          NA
[610]          NA          NA          NA          NA          NA          NA          NA
[617]          NA          NA          NA          NA          NA          NA          NA
[624]          NA          NA          NA          NA          NA          NA          NA
[631]          NA          NA          NA          NA          NA

$TS
  [1] 83.328624572 81.415458427 72.039800814 71.592904136 61.660696690 47.687568752 40.531199822
  [8] 31.398757666 59.842254319 59.167666154 57.166679934 68.026199711 45.239968894 32.426081429
 [15] 29.339631542 28.552815852 22.457259710 54.188742073 49.617108975 28.081871041 56.309435576
 [22] 53.696142091 51.853595427 50.969520498 42.704707409 40.841928829 48.021381470 47.236453726
 [29] 45.264469375 43.211232833 37.663259457 45.373336495 30.466133431 40.069994469 26.452312388
 [36] 24.582234969 22.850738345 20.687480021  8.921259111  3.018760937  0.310753476  0.217995119
 [43] 30.262909948  8.226793137  4.341914843 35.488914210 38.978747084 14.740420592  7.929011851
 [50] 35.059804314 33.282914852 24.065851410 17.494737588 31.954005696 23.388187715 23.198194867
 [57] 23.103022927 22.638029794 16.612907146 13.793185131 11.559955882  8.612838861 31.803066469
 [64] 29.081157634 16.325810958 10.853911336 28.823304142 12.582938730  9.958638975  5.329015802
 [71] 29.523268185 29.420001507 23.672126635 14.043535191 11.188870248 31.047975280 24.281366114
 [78] 21.679311621 12.438582241 10.097989567  3.985510772 24.106850572 25.301366659 25.997549530
 [85] 13.590803533 10.205842729  6.836166810  6.307439948 25.545300030 18.912854988  1.673174620
 [92]  4.471443749  1.154174407 20.270825189 19.118483933 18.976528043 20.747910947 23.454745534
 [99] 21.670978436 12.189163960 10.399607000 19.824935766 15.197356834 10.963986327  8.693709708
[106]  8.545526852  7.210361617 10.088722573  9.883087098 16.498068161 11.365053486  3.894886496
[113] 22.920439069 20.889059092 10.164006009 13.458811506 13.152454207  1.188263702 21.922454057
[120] 17.443628984 14.009664055 11.970818381 11.299913028  4.651679019  1.679592249 22.795485472
[127] 22.769767276 20.590050633 17.927571993 16.500587102  8.814230618  7.933902041  7.610923324
[134]  5.659196125  3.928931971  0.179421209 22.519410802 13.130327882 12.513833165 18.054077083
[141] 15.991443768 20.193659254 19.137545510 10.494999003  5.414998041 13.406632778  9.707263225
[148]  9.783450525 12.530018694 10.295793146  5.955351053  4.650730259  3.907657754  9.796533620
[155]  7.835367029 13.663375465  6.971846124  2.561026438 15.677228379  9.223418446 15.194198965
[162] 18.658072807 12.650963621 10.058519800  3.993380864  8.576851316 18.487063169 17.888570205
[169] 15.030129015 13.980921216 13.640802209 12.586412193  1.147223335 10.599603939 12.898822572
[176] 12.434414030  5.787044995  3.320583625  1.823080020  0.908501476 16.020598114  7.811440193
[183]  0.405061333 14.376990383 11.763386470 12.632166074 11.880307500  9.238480071  6.339639359
[190] 13.416998764 12.191781922 10.865096407  8.170043442  7.173442307  6.357841432  7.344151118
[197]  6.774097831 14.671483506 10.364787668 13.457613638 12.726265650 12.583759075 11.668419087
[204] 13.559852262  6.896159424 10.986773645  7.582693953 13.393058404 11.412143011 13.872541188
[211]  5.957893177 12.071615524  6.924625675  6.395338164 13.477905955 10.455918356  6.282015676
[218]  0.117844358 13.133104504 10.374621549  4.066825236  4.748301798  0.502315822 11.605689754
[225] 11.330887980 11.823449298 11.625960515 12.978259528  5.060488878  2.341293132 11.059678629
[232]  7.050531396  2.499671606 11.815819174 11.431736331  7.625855004  6.677933641  5.759932113
[239] 12.293175204  6.184486014  3.390561618 10.017356186  9.393908010  7.739082355 12.556489343
[246] 12.033070059  2.531227626  0.636866426  3.452404775  0.460857400 11.485353762  7.659069442
[253]  4.916424383  3.755294951  9.273917356  4.087135355  3.421673246  1.597324007 10.635425609
[260]  5.984221678  3.820064683  5.920263331  5.669178736  5.442384808  2.617467124  0.967106721
[267]  8.945328976  5.075464002  3.197391853  2.015780066  9.275212911  8.576381957  6.517307045
[274]  4.367278170  2.057327469  0.559377760 11.305131566 10.607874965 10.599478948 11.698311598
[281]  5.571671827 10.632359010  8.877330302  7.626594221  9.460725581  7.838426953  6.881009235
[288]  5.094016203  2.082058297  1.173321326  7.243285459  2.112419676  6.739479631  4.575496046
[295]  1.881844260 11.271818962 11.263981060  6.077027666  5.324962870  1.137052800  0.974888765
[302]  0.896081893  2.185412049  7.942706125  5.328660577 11.220876877 11.145736589  6.667806140
[309] 10.292303337  6.445994790  0.106151894 11.109367970  6.105592917  4.138947114  2.166293414
[316]  6.014969605  5.387733593  5.114903951  0.721696037  8.751156758  4.243801025  2.441448385
[323]  1.845033418  6.527543498 10.645325532 10.957610786  7.056311111  5.409456382  2.883974494
[330] 10.585997795  6.946757927  8.552997002  7.565181071  8.529176859  7.711104431  5.780566112
[337]  3.477075112  1.861331421  3.124865386  7.411848928  4.780154614  2.877198926  0.288204867
[344]  2.058649483 10.354994509  3.625806358  3.551877932  1.549298709  9.302570803  2.911820126
[351]  5.109745591  2.633977185  2.616037397  8.187985968  3.207089787  9.141398512  3.746818115
[358]  8.745095922  2.627298577  9.403534792  7.001681498  9.359090172  8.979686850  0.452497746
[365]  4.092765347  0.949196826  9.284593430  8.465524494  2.159061931  0.237994008  7.940307362
[372]  2.511914652  7.411204235  7.139307288  6.053324740  5.636509374  5.228386774  2.882369081
[379]  0.184556019  4.802847351  0.253149479  5.262840438  7.564079850  3.540883819  1.390124616
[386]  4.495462609  7.801963940  5.053274628  8.523353619  1.392858560  8.338991223  6.476507435
[393]  4.203386974  8.236199672  3.502526688  0.555599064  7.747314301  6.090056669  6.581855775
[400]  5.292754249  5.251855831  7.736595319  8.114684570  7.010862385  1.924856916  0.681686110
[407]  7.886811401  1.821353747  7.753136425  7.662496774  1.895881214  1.580631940  1.107091175
[414]  7.419671503  7.361690685  6.856195935  7.269411664  7.070670970  5.471581862  6.384572331
[421]  1.777748387  1.691548402  3.892384473  3.461436698  5.389155927  5.244150820  5.083711400
[428]  2.244912552  2.684643901  3.943268352  7.562698208  7.095797643  6.246657105  3.770867048
[435]  2.151233726  0.773920237  5.802876493  4.962508965  4.869735579  2.789606648  2.635781871
[442]  1.662965151  7.016506668  4.190050282  3.759798372  1.713142634  5.873636414  5.067494410
[449]  1.041729857  4.905992086  2.815302359  2.275181918  0.355947093  6.226498702  1.171272284
[456]  1.133741438  5.553653433  1.507383956  6.580192202  4.441513030  1.132690939  6.074879337
[463]  4.985564194  5.310934825  4.945498793  6.749706970  2.204838440  4.637828138  1.408616669
[470]  1.242817784  1.707029873  5.566865427  2.397473936  4.011136190  0.619436236  3.818727101
[477]  2.506949121  0.932573379  0.839468568  1.860535832  6.422565729  3.925829122  4.689026951
[484]  5.597820254  1.022723287  5.003404601  0.682642638  1.551631751  4.261788431  5.261558818
[491]  4.507411571  3.607695355  0.280725479  2.625698089  0.738586997  3.399144747  1.724597643
[498]  0.403755644  5.577798064  4.848964010  3.055293818  0.094602845  5.743714215  1.809202938
[505]  0.167252516  5.110438040  2.065086281  5.039332562  5.011950889  4.524018763  5.676357370
[512]  0.082593880  3.300339409  4.205738339  5.382292226  4.582978119  4.551554384  1.035734041
[519]  1.906060050  2.889882235  2.396886193  1.073457889  4.333032258  0.873637680  3.108537295
[526]  2.515462680  3.840990114  2.560365595  2.306858119  4.726057376  1.430114500  3.021102251
[533]  2.248441391  2.188891858  0.472532870  3.477976802  2.124752434  3.788471893  4.615458071
[540]  0.231822709  4.840274841  1.118971576  1.993007180  1.527506964  3.950743389  3.718107234
[547]  3.020616789  1.279152896  0.282569976  4.428717992  3.361310303  2.883565882  0.131439745
[554]  3.801630511  2.897567342  1.007601021  3.553707418  0.800232112  3.656811478  2.942307153
[561]  3.032950759  3.857679313  3.370167360  3.102204681  2.799906861  1.853820616  1.139758275
[568]  1.084729587  2.845674737  2.131619051  0.283905344  0.195094319  1.919650688  2.848855501
[575]  3.717395788  1.122567820  1.560611515  3.386715929  0.953454233  1.820315753  2.476263578
[582]  0.004327104  0.858666616  1.538560610  0.615024762  1.402643444  1.797829195  1.725218390
[589]  2.178691377  1.712022763  1.066980757  2.292222543  1.556161427  2.629695182  1.976209195
[596]  0.874257326  0.716359926  2.483018401  0.470818056  0.433159148  0.343253873  1.985623238
[603]  0.611569410  0.125568110  0.341699375  1.361921289  0.532009324  0.812147000  1.160924166
[610]  1.184309862  1.093178293  1.190012800  0.920936038  1.496952182  1.264586844  0.451183893
[617]  0.198642050  0.106487811  0.007014050  1.312500598  0.845077086  0.091801588  0.602713729
[624]  1.039519144  1.037186954  0.029442245  0.833859680  0.192531984  0.573174478  0.563485982
[631]  0.223159600  0.062934755  0.599942850  0.400461185  0.041631264

$PAR
  [1]  NA   1   1   1   1   1   1   1   3   3   3   4   4   4   4   4   4  12   5   5  10  10  11
 [24]  11  23  23  24  24  27  27  27  28  28  32  30  30  30  30  30  30  30  30  25  25  25   7
 [47]  34  47  47  31  31  46  46  50  50  50  50  50  50  50  50  50  51  14  14  14  54  54  54
 [70]  54  63  63  63  63  63   8   8   8   8   8   8  71  15  67  67  67  67  67  16  16  16  35
 [93]  35  84  84  84  89  83  36  36  36  77  77  77  77  77  77  82  82  52  52  52  73  98  98
[116]  55  55  55  56  56  56  56  56  56  56 113 113 113 113  37  37  37  37  37  37  37 126 126
[139] 126 127 127  58 137  17  17 119 119  78 114 114 114 114 114  38  38 128 128 128  94  94 142
[162] 143 143 143 143  90 162 162 162 162 162 167 167 140 120 120 120 120 120 120 130 130 130 110
[185] 110 181 181 181 181 141 159 159 159 159 159 103 103 161 161 169 169 169 169  48  48 198 198
[208]  74  74 121 121 170 170 170 210  85 204 204 200 200 200 190 190 146 146 208 208 117 117 117
[231] 219 219 138 228 228 228 228 228 175 163 163 186 186 186  68  68  68  68 245 245 139 139 139
[254] 139  79 176 176 176 239 239 239 100 100 212 212 212 246 246 246 246 122 122 122 122 122 122
[277] 187 187 187 226 226 280 280 280 203 203 203 203 203 203 227 224  61  61  61 251 251 251 251
[300] 251 251 251 235 209 209 225 225 225 277 277 277 123 123 123 123 296 296 296 296 297 297 297
[323] 297 306  75 231 231 231 206 104 326 192 192  66 259 259 259 259 278 174 174 174 174 279 144
[346] 144 144 144 216 101 220 309 309  86  86 115 115 108 108 242 242 109 109 109 154 154 285 285
[369] 285 285 360 360 349 349 349 349 349 367 367 271 271 255 160 160 356 363 267 267 283 283 131
[392] 131 131 320 358 105  62 166 272 272 272 106 368 368 368 394 193 193 403 304 304 304 304 371
[415] 132 132  49 407 407 182 182 387 409 409 397 244 244 244 402 410 252 252 252 252 252 252 284
[438] 284 236 236 236 236 133 133 133 133 207 207 207 333 333 383 383 431 414 414 340 373 196 196
[461] 196 417 417 291 291 107 374 432 432 432 418 232 443 361 331 213 213 213 213 205 287 287 466
[484] 293 293 237 308 399 324 273 273 273 310 481 481 420 195 195  88  88 433 433 454 240 398 298
[507] 462 375 316 316 260 260 211 151 238 238 238 503 511 263 376 376 281 457 425 317 305 305 305
[530] 299 299 401 426 426 377 351 351 427 229 229 388 388 253 253 450 500 541 380 152 468 468 468
[553] 294 510 491 491  92 460 274 274 489 321 514 514 474 474 474 474 430 135 135 135 482 153 112
[576] 423 261 538 434 346 347 347 496 551 513 564 532 547 560 555 329 552 574 441 528 247 477 233
[599] 233 233 233 473 592 592 452 428 369 289 275 270 543 405 573 295 587 497 125 442 488 584 544
[622] 586 390 615 567 461 576 449 625 518 579 613 558 630 607

$EXTANT
  [1] FALSE FALSE FALSE  TRUE FALSE FALSE FALSE  TRUE FALSE FALSE FALSE FALSE FALSE  TRUE FALSE
 [16]  TRUE  TRUE FALSE FALSE FALSE FALSE FALSE FALSE FALSE  TRUE FALSE FALSE FALSE FALSE  TRUE
 [31] FALSE FALSE  TRUE FALSE  TRUE  TRUE  TRUE FALSE FALSE  TRUE  TRUE  TRUE FALSE  TRUE  TRUE
 [46]  TRUE  TRUE  TRUE  TRUE FALSE FALSE  TRUE FALSE  TRUE  TRUE FALSE FALSE FALSE  TRUE  TRUE
 [61]  TRUE  TRUE  TRUE FALSE  TRUE FALSE FALSE  TRUE  TRUE  TRUE FALSE FALSE FALSE FALSE FALSE
 [76] FALSE  TRUE FALSE FALSE  TRUE  TRUE  TRUE FALSE FALSE  TRUE  TRUE FALSE  TRUE FALSE FALSE
 [91]  TRUE  TRUE  TRUE FALSE FALSE FALSE FALSE  TRUE FALSE  TRUE  TRUE FALSE  TRUE FALSE  TRUE
[106]  TRUE FALSE  TRUE  TRUE  TRUE FALSE  TRUE  TRUE  TRUE FALSE FALSE  TRUE  TRUE FALSE  TRUE
[121]  TRUE  TRUE  TRUE  TRUE  TRUE  TRUE FALSE  TRUE FALSE  TRUE  TRUE FALSE  TRUE  TRUE  TRUE
[136]  TRUE FALSE  TRUE  TRUE  TRUE  TRUE FALSE  TRUE  TRUE  TRUE FALSE FALSE FALSE FALSE FALSE
[151]  TRUE  TRUE  TRUE  TRUE  TRUE FALSE  TRUE  TRUE FALSE  TRUE FALSE  TRUE  TRUE  TRUE  TRUE
[166]  TRUE FALSE FALSE  TRUE  TRUE  TRUE  TRUE  TRUE  TRUE FALSE  TRUE  TRUE FALSE  TRUE  TRUE
[181]  TRUE  TRUE  TRUE  TRUE  TRUE  TRUE FALSE  TRUE  TRUE  TRUE FALSE FALSE  TRUE FALSE  TRUE
[196] FALSE  TRUE  TRUE FALSE  TRUE FALSE FALSE  TRUE  TRUE  TRUE  TRUE  TRUE  TRUE  TRUE FALSE
[211] FALSE  TRUE  TRUE FALSE FALSE  TRUE FALSE  TRUE  TRUE  TRUE  TRUE FALSE  TRUE  TRUE  TRUE
[226]  TRUE  TRUE FALSE  TRUE  TRUE FALSE  TRUE  TRUE  TRUE  TRUE  TRUE  TRUE  TRUE  TRUE  TRUE
[241]  TRUE FALSE  TRUE  TRUE  TRUE  TRUE  TRUE  TRUE  TRUE  TRUE FALSE  TRUE  TRUE  TRUE  TRUE
[256]  TRUE  TRUE  TRUE  TRUE  TRUE  TRUE  TRUE  TRUE FALSE  TRUE  TRUE  TRUE FALSE  TRUE  TRUE
[271]  TRUE  TRUE  TRUE  TRUE  TRUE  TRUE  TRUE  TRUE  TRUE FALSE  TRUE FALSE FALSE FALSE FALSE
[286]  TRUE  TRUE  TRUE  TRUE  TRUE  TRUE  TRUE  TRUE  TRUE  TRUE  TRUE  TRUE  TRUE  TRUE  TRUE
[301]  TRUE  TRUE FALSE  TRUE  TRUE  TRUE  TRUE  TRUE  TRUE  TRUE  TRUE  TRUE FALSE  TRUE  TRUE
[316]  TRUE  TRUE  TRUE  TRUE  TRUE  TRUE  TRUE  TRUE  TRUE FALSE  TRUE  TRUE FALSE  TRUE  TRUE
[331]  TRUE FALSE  TRUE  TRUE  TRUE  TRUE  TRUE  TRUE  TRUE  TRUE  TRUE  TRUE  TRUE  TRUE  TRUE
[346]  TRUE  TRUE FALSE  TRUE FALSE  TRUE  TRUE FALSE  TRUE  TRUE  TRUE  TRUE  TRUE  TRUE  TRUE
[361]  TRUE  TRUE  TRUE  TRUE  TRUE  TRUE  TRUE  TRUE  TRUE  TRUE FALSE  TRUE  TRUE  TRUE  TRUE
[376]  TRUE  TRUE FALSE  TRUE  TRUE  TRUE  TRUE  TRUE  TRUE  TRUE FALSE  TRUE  TRUE  TRUE  TRUE
[391] FALSE  TRUE  TRUE  TRUE  TRUE  TRUE  TRUE  TRUE  TRUE FALSE  TRUE  TRUE  TRUE  TRUE  TRUE
[406]  TRUE  TRUE  TRUE  TRUE  TRUE  TRUE FALSE  TRUE  TRUE  TRUE  TRUE  TRUE FALSE  TRUE FALSE
[421]  TRUE  TRUE  TRUE  TRUE  TRUE  TRUE  TRUE  TRUE  TRUE  TRUE  TRUE  TRUE  TRUE  TRUE  TRUE
[436]  TRUE  TRUE  TRUE FALSE  TRUE  TRUE  TRUE  TRUE  TRUE  TRUE  TRUE  TRUE FALSE  TRUE FALSE
[451]  TRUE  TRUE  TRUE  TRUE FALSE  TRUE  TRUE  TRUE FALSE  TRUE  TRUE  TRUE  TRUE FALSE  TRUE
[466]  TRUE  TRUE  TRUE  TRUE  TRUE  TRUE  TRUE  TRUE  TRUE  TRUE  TRUE  TRUE  TRUE  TRUE  TRUE
[481]  TRUE  TRUE  TRUE  TRUE  TRUE  TRUE  TRUE  TRUE  TRUE  TRUE  TRUE  TRUE  TRUE  TRUE  TRUE
[496]  TRUE  TRUE  TRUE  TRUE  TRUE  TRUE  TRUE  TRUE  TRUE  TRUE  TRUE  TRUE FALSE  TRUE  TRUE
[511]  TRUE  TRUE  TRUE FALSE FALSE  TRUE  TRUE  TRUE  TRUE  TRUE  TRUE  TRUE  TRUE  TRUE  TRUE
[526]  TRUE  TRUE  TRUE  TRUE  TRUE  TRUE  TRUE  TRUE  TRUE  TRUE  TRUE  TRUE  TRUE  TRUE  TRUE
[541]  TRUE  TRUE  TRUE  TRUE  TRUE FALSE FALSE  TRUE  TRUE FALSE  TRUE  TRUE  TRUE  TRUE  TRUE
[556]  TRUE  TRUE  TRUE  TRUE  TRUE  TRUE  TRUE  TRUE  TRUE  TRUE  TRUE  TRUE  TRUE  TRUE  TRUE
[571]  TRUE  TRUE  TRUE  TRUE  TRUE  TRUE  TRUE  TRUE  TRUE FALSE FALSE  TRUE  TRUE  TRUE  TRUE
[586]  TRUE  TRUE  TRUE  TRUE  TRUE  TRUE  TRUE  TRUE  TRUE  TRUE  TRUE  TRUE  TRUE  TRUE  TRUE
[601]  TRUE  TRUE  TRUE  TRUE  TRUE  TRUE  TRUE  TRUE  TRUE  TRUE  TRUE  TRUE  TRUE  TRUE  TRUE
[616]  TRUE  TRUE  TRUE  TRUE  TRUE  TRUE  TRUE  TRUE  TRUE  TRUE  TRUE  TRUE  TRUE  TRUE  TRUE
[631]  TRUE  TRUE  TRUE  TRUE  TRUE

