
Birth-death simulation object with 611 species and 500 extant species

Details for some species:

Extinction times (NA means extant)
[1] 44.45330  9.96372 30.12362 46.36442       NA 32.63492


Speciation times 
[1] 70.24239 59.36891 52.12639 49.40364 46.68911 43.93929


Species parents (NA for initial)
[1] NA  1  1  1  1  2


Species status (extinct or extant)
[1] "extinct" "extinct" "extinct" "extinct" "extant"  "extinct"


For more details on vector y, try sim$y, with y one of
TE TS PAR EXTANT



$TE
  [1] 44.45329829  9.96371994 30.12362038 46.36442252          NA 32.63491876  8.44047130
  [8] 30.49187473          NA 15.06358328          NA          NA          NA 40.58128461
 [15]  7.52453449 15.15064323 15.56242095          NA 31.48395752          NA          NA
 [22] 23.91970702  3.83282928 13.31109563          NA          NA          NA          NA
 [29]  7.30339484  8.03610471          NA          NA          NA 22.96113197 27.33567339
 [36]          NA          NA  2.71020623 14.28298669 13.87042200  2.00376165          NA
 [43]  5.96657617          NA          NA          NA          NA          NA  4.68643167
 [50]          NA          NA          NA          NA          NA          NA          NA
 [57]  7.64902316  3.06985606 16.25512479          NA          NA          NA          NA
 [64]          NA  6.76009455  2.84270235          NA          NA 13.34626315  1.52943750
 [71]          NA          NA          NA          NA          NA          NA 15.09588226
 [78]  3.59214750          NA          NA          NA 19.25267759          NA          NA
 [85]          NA 16.94009114  8.72431826          NA          NA  2.17336511          NA
 [92]          NA          NA          NA          NA 20.13221169 11.58411711  7.03390560
 [99]          NA          NA          NA          NA          NA          NA  2.19277374
[106]          NA          NA          NA          NA          NA          NA  6.12145599
[113]          NA  9.67871416          NA          NA          NA  2.21987668  0.53622982
[120]  4.67252349          NA          NA          NA          NA          NA          NA
[127] 12.63436274          NA          NA          NA 18.14096019 11.78504649          NA
[134]  4.57965635          NA          NA          NA          NA  1.32411683          NA
[141]          NA          NA          NA          NA          NA          NA          NA
[148]          NA          NA          NA  4.82231138  2.93609995          NA 10.32627443
[155]          NA  3.26075892  1.77702590          NA  2.55469426          NA          NA
[162]          NA          NA          NA          NA          NA          NA          NA
[169]          NA          NA  0.09893637  9.94659560          NA          NA          NA
[176]          NA  8.95464350          NA  5.18950155          NA          NA          NA
[183]          NA          NA          NA  2.12099975  4.25405292          NA          NA
[190]          NA 12.31495829  5.42380580          NA          NA          NA          NA
[197]  1.07996238          NA          NA 12.49619217          NA  4.68619298          NA
[204]          NA          NA          NA          NA  0.96596245          NA          NA
[211]          NA          NA          NA          NA          NA          NA  5.51688927
[218]          NA          NA          NA          NA          NA          NA          NA
[225]          NA          NA          NA          NA          NA          NA          NA
[232]          NA          NA          NA  0.84976948          NA  3.82917116          NA
[239]          NA          NA          NA          NA  2.65018864          NA          NA
[246]          NA          NA          NA  1.30127833          NA          NA          NA
[253]          NA  9.04334184  1.48193123          NA          NA          NA          NA
[260]          NA          NA          NA          NA          NA          NA          NA
[267]          NA          NA          NA          NA          NA          NA  9.48788228
[274]  3.39061938          NA          NA          NA          NA          NA          NA
[281]          NA          NA  6.99367379          NA          NA          NA          NA
[288]          NA          NA          NA          NA          NA          NA          NA
[295]          NA          NA          NA          NA          NA          NA  1.86575272
[302]          NA          NA          NA          NA          NA          NA  0.53043352
[309]          NA          NA          NA          NA          NA          NA          NA
[316]          NA          NA          NA          NA  0.50733517  2.64116654          NA
[323]  5.81681166          NA          NA          NA          NA          NA          NA
[330]          NA          NA          NA          NA          NA          NA          NA
[337]          NA          NA          NA          NA          NA          NA          NA
[344]  1.66841421          NA          NA          NA          NA          NA          NA
[351]          NA          NA          NA          NA          NA          NA          NA
[358]          NA          NA          NA          NA          NA          NA          NA
[365]          NA          NA          NA          NA          NA          NA  3.48260697
[372]          NA          NA          NA          NA          NA          NA          NA
[379]          NA          NA          NA  0.70897516          NA          NA          NA
[386]          NA          NA  2.24070688          NA  5.60507996          NA          NA
[393]          NA          NA  1.64952272  0.86610338          NA          NA          NA
[400]  0.15665586          NA  2.54031785          NA          NA          NA          NA
[407]          NA          NA          NA          NA          NA          NA          NA
[414]          NA          NA          NA          NA          NA          NA          NA
[421]          NA          NA          NA          NA          NA          NA  1.16913467
[428]  5.51175210          NA          NA          NA          NA  1.41832764          NA
[435]          NA          NA          NA          NA          NA          NA          NA
[442]          NA          NA          NA          NA          NA          NA          NA
[449]          NA          NA          NA          NA          NA  4.42088942          NA
[456]          NA          NA          NA  2.23609373          NA          NA          NA
[463]          NA          NA          NA          NA          NA          NA  3.92083012
[470]          NA          NA          NA          NA          NA          NA          NA
[477]          NA          NA          NA  3.76813782          NA          NA  3.33134596
[484]          NA          NA          NA          NA  2.50718827          NA  0.26351539
[491]          NA          NA          NA          NA          NA          NA          NA
[498]          NA          NA          NA          NA          NA          NA          NA
[505]          NA  4.32529950          NA          NA          NA          NA          NA
[512]  2.10526003          NA  0.23466954          NA          NA          NA          NA
[519]          NA          NA  1.51319699          NA          NA          NA          NA
[526]          NA          NA          NA          NA          NA          NA  0.36242207
[533]          NA          NA          NA          NA          NA          NA          NA
[540]          NA          NA          NA          NA          NA          NA          NA
[547]          NA          NA          NA          NA          NA          NA          NA
[554]          NA          NA          NA          NA          NA          NA          NA
[561]          NA          NA          NA          NA          NA          NA          NA
[568]          NA          NA          NA          NA          NA          NA          NA
[575]          NA          NA          NA          NA          NA          NA          NA
[582]          NA          NA          NA          NA          NA          NA          NA
[589]          NA          NA          NA          NA          NA          NA          NA
[596]          NA          NA          NA          NA          NA          NA          NA
[603]          NA          NA          NA          NA          NA          NA  0.34970137
[610]          NA          NA

$TS
  [1] 70.24238959 59.36890855 52.12639095 49.40363928 46.68910788 43.93929024 36.93693204
  [8] 31.91148748 29.43602570 21.68777400 20.67658940 13.39300365 45.76574392 45.34183474
 [15] 44.87355914 27.75949025 19.85997797 14.94582766 32.35313696 27.95339243 26.49353608
 [22] 25.98834693 20.67355849 19.62963084 12.12563045  8.84564618  7.66751732  6.25427979
 [29] 36.01052403 32.96267728 32.08833101 12.79457898 11.66841064 29.31828174 28.47402242
 [36] 19.98314606  9.25203595 24.55324847 24.53212494 23.79812603 14.59570520 12.03563669
 [43] 10.53369637 27.51868886 19.07689226 15.84993455  5.77598566  1.62596527 23.96970422
 [50] 23.35493958  6.88640781  3.09417326  1.43949510  0.17261971 21.74665017 19.10904949
 [57] 15.44156533 25.38540203 23.03992596 18.14709589 13.99307010  6.84218766  1.58929065
 [64] 26.17405391 16.32206787  7.60473341  3.70534571  3.09073283 24.97828956 16.15238681
 [71] 11.07021084  7.77427511  6.81048907  6.60774463 15.28849934  6.89331180 23.86370585
 [78] 17.01946948 16.06054339 10.32566095  7.50365722 21.27056086 23.30869879 21.30436681
 [85] 22.88009840 17.11560383 13.15615892 10.44863582  4.17022593  3.46344451  3.44711904
 [92] 22.73942761 19.13859114 14.93903191 13.90450219 22.60278442 22.56772075 20.82789707
 [99] 19.03113197 18.77663213  6.18791266 15.14629234 13.69944685 10.60442236 10.17518909
[106]  8.79672116  6.40985927  4.28016990  3.35893517 12.62279079 20.67911749  6.84060487
[113] 17.65532149 13.95234715  4.71861417  1.65254375  0.64578295 13.96088727 10.65375729
[120]  7.21643820 19.21590838  0.80668425  3.06466742  1.94992892 18.69366134 18.37700602
[127] 13.82061065 11.45189570 10.03045014  7.91821253 19.60924212 18.31966018  8.74453355
[134]  5.50288331 14.12762310 15.68848402  7.45657684  6.22249623  5.18829993  3.06343316
[141]  1.72689929 19.05808163 18.91354106 15.94480092  9.38707316  6.87489223  2.12206976
[148] 15.73448361  7.87300206 16.02669666 11.33563330  8.11261629  2.63533225 13.18073136
[155]  6.98523702 12.25521316  4.57108309 18.01211117 12.00833876  1.65235261  1.02762942
[162]  0.83353344 15.85286681  3.73372355  3.42618932 12.58816634 12.37121794  8.96938979
[169] 17.75332445 12.48756675 12.25465038 15.19995517  9.96993789  3.16222437  2.08595074
[176] 14.51312438 13.28631655 12.99313974  8.55607228 12.73706984  2.19756668 11.34178760
[183]  1.39462865  8.99724322  7.79370811  7.08335940  5.15281710 11.11744181 11.09373363
[190]  1.32587149 14.98142955  9.80239897  3.71392290  0.69326530  0.40031959 13.70803565
[197] 12.53738653  2.57402404 11.05539518 14.42141882 14.07434411 12.89226733  1.99389755
[204]  1.47672125  3.92945997 11.86281212 10.87708538 10.22869460  6.69148957  1.49195432
[211]  9.52717266  7.55657333  6.05719581 12.91615063  1.60075428  8.61393609  5.99153176
[218]  1.08075877  5.42670638 12.75006512 13.68044048 13.79543175  6.92945366 11.22290166
[225] 10.79214548 13.49784561 12.84010891  8.05282496  6.43233243  1.68620691 10.51625918
[232]  8.74512864  8.40144845  6.82975223  1.27256763  0.06781337 12.76772307 11.70265931
[239] 10.02765869 10.38599056  4.65059904  0.75652911  5.64559134  2.61015256  5.68833730
[246]  8.16416879  4.35378950 10.42214436  2.57651403  2.43965846 11.24999012  5.25599641
[253]  2.31134529 10.66523567  8.77138221 10.87092945  8.38480178  2.64196853 11.27540594
[260] 10.39209600  3.66030417  0.37598968  9.57936388  7.22641374  5.38320237  3.26326054
[267]  1.74579697  1.33279131  9.12399886  4.58360730  4.13747885 11.94152078 11.05353098
[274]  5.42178057  5.36453946  0.21342109  9.28354184  5.81688772  4.73940124 10.01579904
[281]  8.56029694  2.68615561  8.78271257  9.59025685  4.51912477  2.27912793  1.55062620
[288]  0.77840837  6.53657495  4.62805462  0.32848099  6.75099808  3.96195854  4.88378247
[295]  2.99499530  7.37372568  6.56381021  9.40654838  4.34658282  8.36234607  8.00508351
[302]  5.19178916  1.58929546 10.10935831  6.25349093  5.68209811  4.37186158  7.26987338
[309]  6.32742411  0.24344971  7.50118389  6.80808146  5.14530752  3.74828947  3.30098090
[316]  9.23353715  5.00869846  9.98839050  6.75191456  0.87600376  8.85773682  2.77374473
[323]  6.30845189  3.58851302  5.17006713  0.79753870  8.60764467  3.82002758  8.36182046
[330]  5.35868971  8.52860949  7.14056791  8.60793031  5.57760403  4.50530597  3.59499611
[337]  5.68918731  7.51195589  0.65832715  6.21939658  0.45698619  6.68174769  5.68494624
[344]  4.87447924  3.02730607  5.37788651  2.67017763  2.04244782  1.95000033  2.94472791
[351]  1.31434484  0.20432458  7.47799141  5.14335836  4.14842782  3.92303416  5.46295185
[358]  8.68753755  0.89673781  7.85811917  3.69771210  2.21499511  6.69499642  6.45969806
[365]  0.73332800  6.47101408  4.21941091  3.06358056  2.99173122  1.17090124  8.16030242
[372]  1.49583409  1.73979471  6.43968039  0.31306253  8.12533863  3.86328073  1.07155182
[379]  7.13737606  5.90586689  5.34086817  8.04601251  2.78871266  4.66948331  2.99192425
[386]  0.13434045  3.25093717  5.76428370  4.22510468  6.26912557  3.43384127  0.65999506
[393]  6.72931726  5.93060176  1.74445943  6.80510523  6.55666288  1.90085891  4.57984294
[400]  2.89708596  1.54853087  4.37920065  1.10665433  4.36784310  5.84152702  2.47075829
[407]  6.08856860  4.88536084  4.11397810  0.63427777  5.48068380  6.24529696  4.30418933
[414]  4.29480923  5.03051180  4.20821851  6.85977022  6.83004830  6.72577740  5.90603622
[421]  5.60919835  3.95420910  2.86712088  1.89648678  3.79870735  2.97492453  1.87321792
[428]  5.59532976  6.17818996  1.56356166  4.73104761  1.58671334  4.48383831  1.22976740
[435]  5.66185368  1.38355871  0.65302936  1.79500736  6.33019010  5.09640708  2.59151971
[442]  3.70597284  2.95675406  0.74577588  5.24017124  0.59164590  4.77244774  5.12837376
[449]  2.36362482  1.78582691  3.99964932  2.69281044  4.05532257  4.91065245  2.73898958
[456]  0.07951670  2.22555083  5.35155794  3.27192318  4.66793802  4.57011907  4.53979234
[463]  4.11675946  2.85336166  2.72985891  1.84373299  1.54341131  1.17052501  5.64547015
[470]  3.65012502  0.12782893  4.65160194  2.50223193  1.07947652  4.02409143  3.76484360
[477]  2.74763609  0.48805481  4.99690026  3.98637855  3.14910439  5.17968059  4.75903536
[484]  3.46159409  1.95690424  1.22205176  0.85641924  5.35069531  4.74952765  4.44834887
[491]  5.23428225  2.26901312  2.85952492  2.17196149  1.97076841  2.13455502  0.06704079
[498]  0.47014234  4.27389282  3.53627692  4.15605294  2.27311737  1.87031041  1.18016764
[505]  0.03663854  4.73950392  0.45321730  0.16562560  0.15039704  4.28314002  2.49681207
[512]  3.84607153  2.78927550  2.36153488  2.69148462  2.35963263  3.64355672  4.58561735
[519]  2.45723007  4.37577322  4.36034848  0.34880244  3.12836962  4.40454860  4.00387624
[526]  2.48646277  3.76972492  1.08129003  1.03504669  0.55939676  0.76036418  3.77029084
[533]  1.73515968  2.85144996  3.97619683  0.34203309  0.02533350  1.50017576  2.25285216
[540]  3.30896303  1.90203866  2.71117110  0.64278714  0.18861398  1.97679955  3.06388152
[547]  3.13290281  0.50606046  1.09272673  0.53009196  0.30803140  3.22932688  0.89435042
[554]  0.11324467  0.57560089  0.60147490  2.46591028  0.50082280  0.98820944  0.02155403
[561]  0.87941444  2.76117023  2.48187692  1.24590551  2.38297108  1.24185803  1.84142438
[568]  1.27537115  1.83594706  1.36327635  0.33875840  2.13020923  1.56625181  0.93744690
[575]  2.26209390  1.49253117  0.21373055  1.62285290  1.43261078  1.10974608  1.40464028
[582]  1.32436374  0.01137716  0.13481161  2.16235229  1.50345417  0.29385644  0.16065155
[589]  1.67726445  1.46181737  0.71982515  1.24342953  0.07945181  0.25735181  0.21491500
[596]  1.12057504  1.11167172  0.30481931  1.36431091  0.67756617  0.67332979  0.80893391
[603]  0.37553586  0.54060601  0.89727090  0.85905600  0.73568082  0.68947498  0.74424111
[610]  0.39042198  0.16139880

$PAR
  [1]  NA   1   1   1   1   2   2   2   2   2   2   2   3   3   3   5   5   5  13  13  13  13  13
 [24]  13  13  13  13  13  15  15  15   7   7  29  29  29  29  30  30  30  30  31  31   9   9   9
 [47]   9   9  20  20  20  20  20  20  16  16  16  44  44  44  44  44  44  21  21  21  21  21  64
 [70]  64  64  64  64  64  58  58  69  69  69  38  38  49  77  77  40  40  50  50  50  50  50  83
 [93]  83  83  83  59  59  59  85  85  85  92  92  92  92  92  92  92  92  97  55  55  10  84  84
[116]  84  84  98  98  98 111 111  11  11  23  23  23  23  23  23  36  36  36  36  24 121 121  93
[139]  93  93  93  56  56  56  56  56  56  45  45 142  99  99  99 143 143 100 100 125 125 125 125
[162] 125 126 126 126 132  60  60 158 158 158 169 169 169 169  78  78  78  78  65  70  79  79 150
[185] 144 163 163  46  46  46 148 148 148 148 148  57  57  75 172 102 102 102 102 102  18  94  94
[208]  94  94  94  41  41  41 176 176 135 135 135  61 118 114 127 222 196 196 221 221 226 226 226
[231]  12  12  12  12  12  12 177 177 177  87 214 214 227 227 237 220 220 180 180 180 110 110 110
[254] 166 166 197 197 197 170 170 170 170 167 167 167 167 167 167 156 156 156 171 171 171 171 171
[277]  25  25  25 272 272 206 238 128 128 128 182 182 259 251 251 224 188 189 189  71  71 199 207
[300] 225 225 225 225 254 119 104 104 231 231 231 248 248 248 248 248 260 260  80  80  80 208 208
[323] 105 105 129 129 239 280 173 173 192 192 284 284 284 284 263 211 211 298 145  37  37  37 316
[346] 269 269 269 269 184 184 184 321  26  26  26 106 232 358 216 216 216 333 333 333 327 327 327
[369] 281 281 179 331 300 329 329 246 246 246 376 376 152 228 228 301 130 130 149 360 360 185 185
[392] 185  27  27  27  66 212 212 338 338 338  81  81 311 353 353 137 264 264 264 120 332 332 332
[415] 186 186 155 223 223 223  76  76  76  76 417 417 417  62 234 234  73  73 312 419 363 363 363
[438] 209  74 297 297 397 289 289 364 374 309  28 340 340 101 101 394 420 420 420 405 278  47 337
[461] 337 337 337 337 337 337 245 306 435 435 435 421 421 421 334 334 334 334 411 411 411 275 275
[484] 275 275 275 275 330 330 381 445 445 491 491 491 139 325 313 354 448 440 440 440 440 440 415
[507] 415 415 317 408 408 294 489 489 431 115 460 472 241 518 270 270 399 461 335 433 402 404 404
[530] 247 414 510 510 108 499 389 367  89 501 271 409 453 453 475 293 328 532 476 314 314 314 164
[553] 164 164 442 470 517 336 324 500 165 459 387 174  68 368 140 345 400 464 322 562 455 465 542
[576] 542 452 515 515 282 441 249 563 557 565 565 502 181 541 466 267 533 160 578 578 432 573 467
[599] 204 568 568 597 403 528 218 559 605 605 553 558 598

$EXTANT
  [1] FALSE FALSE FALSE FALSE  TRUE FALSE FALSE FALSE  TRUE FALSE  TRUE  TRUE  TRUE FALSE FALSE
 [16] FALSE FALSE  TRUE FALSE  TRUE  TRUE FALSE FALSE FALSE  TRUE  TRUE  TRUE  TRUE FALSE FALSE
 [31]  TRUE  TRUE  TRUE FALSE FALSE  TRUE  TRUE FALSE FALSE FALSE FALSE  TRUE FALSE  TRUE  TRUE
 [46]  TRUE  TRUE  TRUE FALSE  TRUE  TRUE  TRUE  TRUE  TRUE  TRUE  TRUE FALSE FALSE FALSE  TRUE
 [61]  TRUE  TRUE  TRUE  TRUE FALSE FALSE  TRUE  TRUE FALSE FALSE  TRUE  TRUE  TRUE  TRUE  TRUE
 [76]  TRUE FALSE FALSE  TRUE  TRUE  TRUE FALSE  TRUE  TRUE  TRUE FALSE FALSE  TRUE  TRUE FALSE
 [91]  TRUE  TRUE  TRUE  TRUE  TRUE FALSE FALSE FALSE  TRUE  TRUE  TRUE  TRUE  TRUE  TRUE FALSE
[106]  TRUE  TRUE  TRUE  TRUE  TRUE  TRUE FALSE  TRUE FALSE  TRUE  TRUE  TRUE FALSE FALSE FALSE
[121]  TRUE  TRUE  TRUE  TRUE  TRUE  TRUE FALSE  TRUE  TRUE  TRUE FALSE FALSE  TRUE FALSE  TRUE
[136]  TRUE  TRUE  TRUE FALSE  TRUE  TRUE  TRUE  TRUE  TRUE  TRUE  TRUE  TRUE  TRUE  TRUE  TRUE
[151] FALSE FALSE  TRUE FALSE  TRUE FALSE FALSE  TRUE FALSE  TRUE  TRUE  TRUE  TRUE  TRUE  TRUE
[166]  TRUE  TRUE  TRUE  TRUE  TRUE FALSE FALSE  TRUE  TRUE  TRUE  TRUE FALSE  TRUE FALSE  TRUE
[181]  TRUE  TRUE  TRUE  TRUE  TRUE FALSE FALSE  TRUE  TRUE  TRUE FALSE FALSE  TRUE  TRUE  TRUE
[196]  TRUE FALSE  TRUE  TRUE FALSE  TRUE FALSE  TRUE  TRUE  TRUE  TRUE  TRUE FALSE  TRUE  TRUE
[211]  TRUE  TRUE  TRUE  TRUE  TRUE  TRUE FALSE  TRUE  TRUE  TRUE  TRUE  TRUE  TRUE  TRUE  TRUE
[226]  TRUE  TRUE  TRUE  TRUE  TRUE  TRUE  TRUE  TRUE  TRUE FALSE  TRUE FALSE  TRUE  TRUE  TRUE
[241]  TRUE  TRUE FALSE  TRUE  TRUE  TRUE  TRUE  TRUE FALSE  TRUE  TRUE  TRUE  TRUE FALSE FALSE
[256]  TRUE  TRUE  TRUE  TRUE  TRUE  TRUE  TRUE  TRUE  TRUE  TRUE  TRUE  TRUE  TRUE  TRUE  TRUE
[271]  TRUE  TRUE FALSE FALSE  TRUE  TRUE  TRUE  TRUE  TRUE  TRUE  TRUE  TRUE FALSE  TRUE  TRUE
[286]  TRUE  TRUE  TRUE  TRUE  TRUE  TRUE  TRUE  TRUE  TRUE  TRUE  TRUE  TRUE  TRUE  TRUE  TRUE
[301] FALSE  TRUE  TRUE  TRUE  TRUE  TRUE  TRUE FALSE  TRUE  TRUE  TRUE  TRUE  TRUE  TRUE  TRUE
[316]  TRUE  TRUE  TRUE  TRUE FALSE FALSE  TRUE FALSE  TRUE  TRUE  TRUE  TRUE  TRUE  TRUE  TRUE
[331]  TRUE  TRUE  TRUE  TRUE  TRUE  TRUE  TRUE  TRUE  TRUE  TRUE  TRUE  TRUE  TRUE FALSE  TRUE
[346]  TRUE  TRUE  TRUE  TRUE  TRUE  TRUE  TRUE  TRUE  TRUE  TRUE  TRUE  TRUE  TRUE  TRUE  TRUE
[361]  TRUE  TRUE  TRUE  TRUE  TRUE  TRUE  TRUE  TRUE  TRUE  TRUE FALSE  TRUE  TRUE  TRUE  TRUE
[376]  TRUE  TRUE  TRUE  TRUE  TRUE  TRUE FALSE  TRUE  TRUE  TRUE  TRUE  TRUE FALSE  TRUE FALSE
[391]  TRUE  TRUE  TRUE  TRUE FALSE FALSE  TRUE  TRUE  TRUE FALSE  TRUE FALSE  TRUE  TRUE  TRUE
[406]  TRUE  TRUE  TRUE  TRUE  TRUE  TRUE  TRUE  TRUE  TRUE  TRUE  TRUE  TRUE  TRUE  TRUE  TRUE
[421]  TRUE  TRUE  TRUE  TRUE  TRUE  TRUE FALSE FALSE  TRUE  TRUE  TRUE  TRUE FALSE  TRUE  TRUE
[436]  TRUE  TRUE  TRUE  TRUE  TRUE  TRUE  TRUE  TRUE  TRUE  TRUE  TRUE  TRUE  TRUE  TRUE  TRUE
[451]  TRUE  TRUE  TRUE FALSE  TRUE  TRUE  TRUE  TRUE FALSE  TRUE  TRUE  TRUE  TRUE  TRUE  TRUE
[466]  TRUE  TRUE  TRUE FALSE  TRUE  TRUE  TRUE  TRUE  TRUE  TRUE  TRUE  TRUE  TRUE  TRUE FALSE
[481]  TRUE  TRUE FALSE  TRUE  TRUE  TRUE  TRUE FALSE  TRUE FALSE  TRUE  TRUE  TRUE  TRUE  TRUE
[496]  TRUE  TRUE  TRUE  TRUE  TRUE  TRUE  TRUE  TRUE  TRUE  TRUE FALSE  TRUE  TRUE  TRUE  TRUE
[511]  TRUE FALSE  TRUE FALSE  TRUE  TRUE  TRUE  TRUE  TRUE  TRUE FALSE  TRUE  TRUE  TRUE  TRUE
[526]  TRUE  TRUE  TRUE  TRUE  TRUE  TRUE FALSE  TRUE  TRUE  TRUE  TRUE  TRUE  TRUE  TRUE  TRUE
[541]  TRUE  TRUE  TRUE  TRUE  TRUE  TRUE  TRUE  TRUE  TRUE  TRUE  TRUE  TRUE  TRUE  TRUE  TRUE
[556]  TRUE  TRUE  TRUE  TRUE  TRUE  TRUE  TRUE  TRUE  TRUE  TRUE  TRUE  TRUE  TRUE  TRUE  TRUE
[571]  TRUE  TRUE  TRUE  TRUE  TRUE  TRUE  TRUE  TRUE  TRUE  TRUE  TRUE  TRUE  TRUE  TRUE  TRUE
[586]  TRUE  TRUE  TRUE  TRUE  TRUE  TRUE  TRUE  TRUE  TRUE  TRUE  TRUE  TRUE  TRUE  TRUE  TRUE
[601]  TRUE  TRUE  TRUE  TRUE  TRUE  TRUE  TRUE  TRUE FALSE  TRUE  TRUE

