
Birth-death simulation object with 663 species and 500 extant species

Details for some species:

Extinction times (NA means extant)
[1] 77.28971 15.27020 36.17916 23.88000 62.66955 58.56340


Speciation times 
[1] 100.76860  83.09875  77.78912  70.70305  66.18133  65.81682


Species parents (NA for initial)
[1] NA  1  1  2  2  2


Species status (extinct or extant)
[1] "extinct" "extinct" "extinct" "extinct" "extinct" "extinct"


For more details on vector y, try sim$y, with y one of
TE TS PAR EXTANT



$TE
  [1] 77.28970773 15.27019693 36.17915830 23.87999704 62.66955094 58.56340079 59.56492437
  [8] 51.55244585 42.81399955 20.91439825          NA          NA          NA 44.60640158
 [15] 43.23188901 47.19464436 38.72394437 26.19792719 23.70592074 37.59531711          NA
 [22] 45.71689377 24.93630259          NA          NA  5.28513997          NA 52.20915058
 [29]          NA  7.91792766          NA          NA  3.35666401 19.24789067 37.96501596
 [36] 49.00446207 38.00351686 31.63562440          NA 39.08326117  9.29200742  6.58324288
 [43] 21.89919992 39.59797891          NA          NA          NA  3.08952608          NA
 [50] 40.40173049  7.75938929          NA 19.09931712          NA          NA 12.57432250
 [57]  5.45851171          NA 30.21000307 28.26535243  6.37904269          NA          NA
 [64] 28.84888181          NA          NA          NA          NA          NA  3.06561779
 [71]          NA          NA 21.38923124          NA 10.67648798          NA 34.70044146
 [78] 10.15501100          NA          NA 19.04831093  9.55486358  0.87506912          NA
 [85]          NA          NA 13.87617850          NA          NA          NA  6.98386949
 [92]          NA 35.11178013 21.77687290  7.19239411  1.83239361          NA  7.32352457
 [99]  0.13561806          NA  1.10129782 27.09705283 18.76295849          NA  5.35292370
[106]          NA  7.36174753 10.83475278  7.92389195  1.68841120          NA  8.88545836
[113] 33.05753122          NA          NA          NA          NA          NA          NA
[120]          NA 33.98425106  4.19825832          NA  2.00077474          NA          NA
[127]          NA          NA          NA 25.38957677  3.51144948          NA          NA
[134]          NA 19.81895724          NA          NA          NA          NA 21.02520242
[141]          NA          NA          NA          NA          NA  2.92307154          NA
[148]          NA          NA 20.13267459          NA          NA          NA          NA
[155] 10.36586545  7.98784755          NA  0.90757041          NA 13.15574854          NA
[162]          NA          NA  7.79217647          NA          NA 17.90940219 17.09602599
[169] 27.31990957  6.10053083          NA          NA          NA          NA          NA
[176]  0.69812366 20.85668176 20.98968991          NA 10.84689994          NA          NA
[183]          NA          NA          NA          NA          NA          NA          NA
[190] 16.59528390  7.71689363          NA          NA 15.39924371          NA          NA
[197]          NA 14.77382591          NA 14.28835797          NA          NA 11.88219257
[204]          NA  2.04868745          NA          NA          NA          NA          NA
[211]          NA  7.34790948          NA          NA          NA          NA          NA
[218] 11.20321469          NA          NA          NA  2.79311368          NA  9.46800182
[225]          NA 19.37708188  7.63531291          NA  2.33643884 14.35358292          NA
[232]          NA          NA          NA          NA          NA          NA          NA
[239]          NA          NA          NA          NA          NA          NA          NA
[246]          NA          NA          NA          NA          NA          NA          NA
[253]          NA          NA          NA          NA          NA          NA  1.60582379
[260]  3.88809909          NA          NA          NA          NA          NA          NA
[267]          NA 20.38827117          NA  5.09477107          NA  2.97262620          NA
[274]          NA          NA  8.90698328          NA 14.85624404          NA  3.24481994
[281]          NA          NA          NA          NA          NA  7.90285401          NA
[288]          NA  2.47704846          NA          NA          NA  2.14351268          NA
[295]          NA          NA          NA          NA 13.62452351          NA  3.41455359
[302]          NA          NA          NA          NA          NA          NA          NA
[309]          NA          NA  8.04639437          NA          NA          NA          NA
[316]          NA  2.10313863  5.26739487          NA          NA 10.58351874          NA
[323]          NA          NA          NA  8.27516062          NA          NA          NA
[330]          NA          NA          NA          NA          NA          NA  9.61585150
[337]          NA          NA          NA          NA          NA  3.54879608          NA
[344]          NA          NA          NA          NA          NA          NA          NA
[351]          NA          NA          NA          NA          NA          NA          NA
[358]  3.09623376          NA          NA          NA          NA          NA          NA
[365]          NA          NA  1.04746089          NA          NA          NA          NA
[372]  7.13674573          NA          NA          NA          NA  3.11405756          NA
[379]          NA          NA          NA  3.79155442          NA          NA  0.66202892
[386]          NA  9.32020636  0.41561081          NA          NA  9.46361328          NA
[393]          NA          NA          NA          NA          NA          NA          NA
[400]  6.44997286          NA          NA          NA          NA          NA          NA
[407]          NA          NA  0.69535541          NA          NA          NA          NA
[414]          NA          NA          NA  1.08308435  4.49813881          NA          NA
[421]          NA          NA          NA          NA          NA          NA          NA
[428]          NA  2.13332234          NA          NA          NA          NA          NA
[435]          NA          NA          NA          NA          NA          NA  1.74596311
[442]          NA          NA          NA  5.28062216          NA          NA          NA
[449]          NA          NA          NA          NA          NA          NA          NA
[456]          NA  1.72282144          NA          NA          NA          NA          NA
[463]          NA          NA          NA          NA          NA          NA          NA
[470]          NA          NA  0.49348243          NA          NA          NA          NA
[477]          NA          NA          NA  0.68111388          NA  3.12284571          NA
[484]          NA          NA          NA          NA          NA  2.06424358          NA
[491]  1.02207351          NA          NA          NA          NA          NA          NA
[498]          NA          NA          NA          NA          NA          NA          NA
[505]          NA          NA          NA          NA          NA          NA  0.26883058
[512]          NA          NA  1.59059223          NA          NA  4.51357040          NA
[519]          NA  4.94397734          NA          NA          NA  3.23401337          NA
[526]          NA          NA          NA          NA  0.52908960          NA          NA
[533]          NA          NA          NA          NA          NA          NA          NA
[540]          NA          NA          NA          NA  1.64878279          NA          NA
[547]          NA          NA          NA          NA  1.47283766          NA          NA
[554]  0.68826795          NA          NA          NA          NA          NA          NA
[561]          NA  4.35181721          NA          NA          NA          NA          NA
[568]          NA          NA          NA          NA  0.92795936          NA          NA
[575]          NA          NA          NA          NA  0.05134923          NA          NA
[582]          NA          NA          NA          NA          NA          NA          NA
[589]          NA          NA  0.08457334          NA          NA          NA          NA
[596]          NA          NA          NA          NA          NA          NA          NA
[603]          NA          NA          NA          NA          NA          NA          NA
[610]          NA          NA          NA          NA          NA          NA          NA
[617]          NA          NA  0.30157145          NA          NA          NA          NA
[624]          NA          NA  1.47830284          NA          NA          NA          NA
[631]          NA          NA          NA          NA          NA          NA          NA
[638]          NA          NA          NA          NA          NA          NA          NA
[645]          NA          NA          NA          NA          NA          NA          NA
[652]          NA          NA          NA          NA          NA          NA          NA
[659]          NA          NA          NA          NA          NA

$TS
  [1] 1.007686e+02 8.309875e+01 7.778912e+01 7.070305e+01 6.618133e+01 6.581682e+01 6.038572e+01
  [8] 5.937381e+01 4.953519e+01 2.350466e+01 1.971412e+01 1.830451e+01 6.323175e+01 5.302874e+01
 [15] 5.182330e+01 4.953809e+01 4.211498e+01 6.350794e+01 5.600080e+01 5.090411e+01 4.827058e+01
 [22] 4.800283e+01 4.731263e+01 4.184628e+01 4.131139e+01 3.366158e+01 2.763179e+01 5.557796e+01
 [29] 4.139908e+01 3.723156e+01 1.874771e+01 7.460946e-01 5.112835e+01 2.920576e+01 5.510770e+01
 [36] 5.022862e+01 5.008015e+01 4.907192e+01 2.933774e+01 4.207781e+01 4.031399e+01 4.026565e+01
 [43] 4.248191e+01 4.239159e+01 1.902567e+01 8.499999e+00 7.832698e+00 5.780473e+00 3.349089e-03
 [50] 4.519202e+01 4.181410e+01 4.314963e+01 4.127399e+01 3.172847e+01 2.100841e+01 1.585385e+01
 [57] 1.462640e+01 6.106804e+00 3.855046e+01 2.931963e+01 3.983618e+01 4.083508e+01 3.658679e+01
 [64] 3.569658e+01 1.190013e+01 8.108293e+00 1.007541e+01 9.540938e+00 4.063449e+01 1.939967e+01
 [71] 1.207092e+01 3.574774e+01 3.009928e+01 2.201381e+01 3.850668e+01 3.798075e+01 3.761923e+01
 [78] 3.734425e+01 3.003129e+01 2.635597e+01 2.043982e+01 2.907410e+01 2.875663e+01 1.636731e+01
 [85] 7.100082e+00 8.050493e-01 2.728447e+01 2.346795e+01 2.271548e+01 1.770680e+01 1.538533e+01
 [92] 3.916573e+01 3.803738e+01 3.780150e+01 3.018543e+01 1.752444e+01 3.682421e+01 1.198633e+01
 [99] 3.098748e+01 1.552662e+01 1.752595e+01 3.486786e+01 2.666528e+01 2.416575e+01 1.688945e+01
[106] 1.470569e+01 2.311733e+01 1.667024e+01 1.592316e+01 1.450018e+01 1.167874e+01 9.753346e+00
[113] 3.671690e+01 2.152677e+01 1.712539e+01 1.405356e+01 3.211623e+01 3.549724e+01 1.706680e+01
[120] 5.990102e+00 3.541687e+01 3.431280e+01 3.355595e+01 3.101557e+01 2.768150e+01 2.715956e+01
[127] 1.778222e+01 1.138557e+00 3.759972e-01 2.744170e+01 8.551101e+00 3.315132e+00 9.258592e+00
[134] 4.025633e+00 3.294961e+01 2.781976e+01 2.798797e+01 1.350117e+01 8.123783e+00 3.230828e+01
[141] 2.467210e+01 9.169475e-01 2.341369e+01 1.917715e+01 4.356265e+00 2.287382e+01 4.772149e+00
[148] 3.546531e+00 2.912372e+01 2.420143e+01 7.655358e+00 2.036289e+01 1.911263e+01 2.630931e+00
[155] 2.267528e+01 1.756991e+01 1.258024e+01 2.535635e+01 2.436797e+01 1.998143e+01 1.577252e+01
[162] 9.773898e-01 2.874903e+01 2.621879e+01 2.379778e+01 2.423847e+01 1.974035e+01 1.739073e+01
[169] 2.865153e+01 2.673838e+01 2.567529e+01 2.638354e+01 2.321866e+01 2.231431e+01 1.133951e+01
[176] 2.824089e+00 2.372263e+01 2.123024e+01 2.108089e+01 1.592030e+01 1.248171e+01 1.166441e+01
[183] 2.599366e+00 1.957030e+01 3.432752e+00 3.227888e+00 2.485873e+01 2.282428e+01 2.933182e+00
[190] 2.525126e+01 1.347063e+01 1.267609e+01 9.164023e+00 1.889829e+01 2.533230e+01 5.531856e-01
[197] 2.361598e+01 2.012003e+01 1.757529e+01 1.649025e+01 1.196757e+01 8.394266e+00 1.401830e+01
[204] 1.210828e+01 1.119725e+01 2.960868e+00 4.375751e+00 3.505330e+00 8.572511e+00 4.250088e+00
[211] 3.868061e-01 1.786833e+01 2.297948e+01 1.668301e+01 4.387546e+00 2.413899e-01 2.161185e+01
[218] 1.913493e+01 2.304232e+01 2.135997e+01 1.704751e+01 8.497772e+00 1.304648e+01 1.173625e+01
[225] 3.425520e+00 2.026617e+01 1.468320e+01 3.362006e+00 6.857407e+00 1.631754e+01 1.473813e+01
[232] 1.011091e+01 2.795510e-02 1.613157e+01 1.381366e+01 7.947039e+00 5.607528e+00 5.376034e+00
[239] 4.440227e+00 1.270087e+00 9.436877e-01 1.664903e+01 1.720015e+01 1.164623e+01 8.408470e+00
[246] 9.744152e-01 2.269413e+01 1.831687e+01 1.100604e+01 9.316968e-01 1.666613e+01 8.060254e+00
[253] 2.946192e+00 2.157357e+01 1.981034e+01 1.066656e+01 2.027171e+01 1.483892e+01 7.906762e+00
[260] 6.257015e+00 2.917935e+00 1.966406e+01 1.284792e+01 1.025782e+01 8.453987e+00 7.085257e+00
[267] 5.554404e-01 2.097628e+01 2.742209e-02 2.054353e+01 1.391865e+01 1.056780e+01 1.505716e+01
[274] 2.549256e+00 1.528475e+01 1.425089e+01 1.600289e+01 1.531916e+01 1.964017e+01 7.568003e+00
[281] 3.732128e+00 1.491967e+00 6.377983e-01 1.946499e+01 1.486990e+01 1.367989e+01 1.065366e+01
[288] 6.929597e+00 4.078774e+00 6.725180e-01 1.434899e+01 1.220019e+01 3.222908e+00 2.663146e+00
[295] 6.470045e-01 1.334497e+01 3.427440e+00 7.154084e+00 1.805950e+01 1.501301e+01 8.378014e+00
[302] 7.783742e+00 8.851212e+00 8.638252e+00 2.832344e+00 1.620733e+01 1.020757e+01 5.187356e+00
[309] 2.220868e+00 1.604788e+01 1.000057e+01 8.641835e+00 3.594039e+00 1.683295e+00 6.015371e+00
[316] 2.423326e+00 8.674981e+00 8.587168e+00 7.793391e+00 1.515713e+01 1.569034e+01 1.204743e+01
[323] 8.292221e+00 6.771443e+00 1.459680e+01 1.236829e+01 9.777772e+00 1.469763e+01 6.033607e+00
[330] 2.478933e+00 1.262711e+01 1.221851e+01 1.043054e+01 4.343797e+00 1.073756e+01 1.523428e+01
[337] 1.342584e+01 6.389276e+00 1.408547e+01 9.641723e+00 1.344132e+01 4.324859e+00 2.366000e+00
[344] 2.703337e+00 3.153193e+00 1.283478e+01 1.205266e+01 5.587375e-01 1.056841e+01 1.138713e+01
[351] 9.223082e+00 9.282904e+00 7.762981e+00 3.277723e+00 1.085991e+01 1.311358e+01 1.047332e+01
[358] 1.059061e+01 3.348841e+00 1.317970e+01 4.650298e+00 1.199792e+01 1.215064e+01 3.144498e+00
[365] 1.195923e+01 7.491579e+00 4.234267e+00 4.082499e+00 1.370058e+01 5.309285e+00 3.486738e+00
[372] 1.323254e+01 1.120661e+01 7.954528e+00 7.230180e+00 5.449044e+00 3.366041e+00 2.918358e+00
[379] 2.026778e+00 6.417554e+00 1.054512e+01 8.189755e+00 7.211073e+00 1.250343e+01 9.662726e+00
[386] 1.246522e+01 1.288901e+01 1.277999e+01 7.452188e+00 1.786105e+00 1.280460e+01 5.669785e+00
[393] 4.894596e+00 2.235892e+00 1.152128e+01 5.432657e+00 3.568631e+00 1.272051e+00 1.144436e+00
[400] 9.970248e+00 5.045527e+00 1.105765e+01 7.944844e+00 1.317490e+00 1.053552e+01 1.133128e+01
[407] 2.202712e+00 1.303844e+00 7.735305e+00 1.007787e+01 2.345401e+00 9.479205e+00 9.113990e+00
[414] 6.153477e+00 4.042360e+00 1.114812e+01 6.878013e+00 1.096939e+01 5.790536e+00 1.068940e+01
[421] 6.571578e+00 6.151435e+00 1.077377e+00 6.155435e+00 3.420517e+00 9.098595e+00 2.503368e+00
[428] 1.357893e+00 1.065456e+01 4.034402e+00 9.919699e+00 1.105102e+00 6.366167e+00 3.270774e+00
[435] 3.605590e+00 9.541419e-01 1.279150e+00 8.119405e+00 4.481741e+00 5.038139e+00 2.707459e+00
[442] 2.218260e+00 1.696410e+00 4.202283e+00 9.405476e+00 2.587038e+00 3.868551e+00 2.820074e+00
[449] 2.726984e+00 1.950946e+00 5.367452e+00 2.017179e+00 8.052539e+00 8.020420e+00 6.717872e+00
[456] 5.472410e+00 4.243720e+00 1.283810e+00 4.773111e-01 9.527639e+00 7.791502e+00 1.152300e+00
[463] 8.958810e+00 4.809069e+00 4.378557e-01 5.468525e+00 5.414301e+00 9.877810e-01 1.175310e+00
[470] 6.059165e+00 7.767022e+00 1.950796e+00 1.384155e+00 8.230647e+00 7.701994e+00 6.944994e+00
[477] 5.677641e+00 2.776602e+00 1.541159e-01 6.858415e+00 6.374479e+00 4.155943e+00 7.058219e+00
[484] 5.374428e+00 6.669234e+00 6.560635e+00 1.986113e+00 6.604704e+00 3.803445e+00 5.854702e-01
[491] 7.967934e+00 7.014072e+00 4.252699e+00 6.225759e-01 3.737313e-01 4.785915e+00 1.209305e+00
[498] 3.540883e+00 8.050645e-01 6.681732e+00 5.109120e+00 6.037414e+00 5.342515e+00 7.049241e+00
[505] 6.681292e+00 7.564955e+00 5.348710e+00 4.515995e+00 1.055354e+00 6.797348e+00 6.013138e+00
[512] 5.081923e+00 2.656742e+00 3.983945e+00 1.557745e+00 6.376908e+00 5.304334e+00 3.381505e+00
[519] 5.812518e-02 5.211470e+00 5.981768e+00 1.848617e+00 1.150960e+00 6.603889e+00 3.940413e+00
[526] 2.281402e-01 6.008295e+00 4.127723e+00 1.049995e+00 2.762072e+00 1.336591e+00 5.645620e+00
[533] 5.210589e+00 3.229792e+00 2.508774e+00 1.446423e-03 3.310469e+00 2.990838e+00 3.282406e+00
[540] 2.511919e+00 5.058551e+00 6.895164e-02 3.873987e+00 3.103505e+00 9.121690e-01 3.375311e-01
[547] 5.189070e+00 3.461308e+00 9.336037e-01 4.380911e+00 3.858346e+00 5.136338e+00 5.389541e+00
[554] 3.047840e+00 2.673605e+00 2.009443e+00 2.775383e+00 4.026212e+00 1.574020e+00 2.043175e+00
[561] 4.786189e+00 4.783579e+00 4.915150e+00 1.907655e+00 4.763476e-01 9.849577e-02 2.647407e+00
[568] 5.711978e-01 4.033359e+00 5.005540e+00 3.922368e+00 2.396917e+00 2.248455e+00 3.577555e+00
[575] 9.521710e-01 7.514024e-01 5.080119e+00 4.952627e+00 3.690627e+00 3.457583e+00 4.532005e+00
[582] 1.407648e+00 5.099941e-01 3.064886e+00 8.490502e-01 2.123394e+00 4.305335e-01 3.001979e+00
[589] 1.925140e+00 1.595764e+00 3.062834e+00 2.533162e+00 2.419579e+00 2.130999e+00 1.837862e+00
[596] 1.819332e-01 2.506844e+00 2.491165e+00 2.782126e+00 1.036106e+00 2.597728e+00 1.804152e+00
[603] 1.247897e+00 2.640726e+00 1.001525e+00 1.812373e+00 1.773493e+00 1.461502e+00 2.073502e+00
[610] 3.342968e+00 3.017419e+00 1.868650e+00 3.127954e+00 2.927893e+00 2.504772e+00 2.362127e+00
[617] 1.550867e+00 1.254207e+00 4.815275e-01 2.617013e+00 2.118283e+00 1.054138e+00 2.565660e+00
[624] 1.320756e+00 9.865184e-01 1.627455e+00 1.321666e+00 7.236213e-01 1.282571e+00 1.499927e+00
[631] 1.831899e+00 1.159397e+00 5.759395e-02 2.295985e+00 1.101251e-01 1.474719e+00 1.327062e+00
[638] 1.528446e+00 1.450211e+00 5.614642e-02 1.686026e+00 5.472265e-02 4.535907e-01 1.920075e+00
[645] 1.369821e+00 6.800836e-01 1.035952e+00 1.127157e+00 1.289188e+00 8.640714e-01 1.233173e+00
[652] 5.983962e-01 1.022621e+00 7.300614e-01 5.500903e-01 9.889841e-01 1.574697e-02 8.856130e-01
[659] 3.908270e-01 3.163631e-02 6.512602e-01 3.616227e-01 3.130268e-01

$PAR
  [1]  NA   1   1   2   2   2   2   2   2   2   2   2   3   3   3   3   3   6  18  18  18  18  18
 [24]  18  18  18  18  13  13  13  13  13  19  19  28  15  33  33  33  37  37  38  21  21  21  21
 [47]  21  21  21  23  23  50  52  52  52  52  52  52  43  43  40  24  24  24  24  24  51  51  29
 [70]  29  29  25  25  25  53  53  53  53  53  53  53  62  62  62  62  62  69  69  69  69  69  41
 [93]  41  41  41  41  42  42  61  61  92  75  75  75  75  75  76  76  76  76  76  76  77  78  78
[116]  78  30  97  97  97 113 113 113  63  63  63  63  63  63  72  72  72 118 118 102 122  26  26
[139]  26 123 123 123 140 117 117  54  54  54 124 124 124  99  99  99  95  95  95  73  79  79  79
[162]  79  39  34  34 149 149 149  82  82  82  83 163 163 137 137 136 136 136 136 136 136 136 125
[185]  27  27 126 126 126 170 170 170 170 103 172 172  80 164 164 164 164 164 171 171 171 171 158
[208] 158 195 195 195 190 187 187 187 187 141 159 104 104 104 104 165 165 165  88  88  88 143 173
[231] 173 107 219 213 213 213 213 213 213 213 213 146 188 188 188 188  89  89  89  89 247 247 247
[254] 155 155 155 174 174 174  74 217 254 254 114 114 114 179  55  55 268 270 270 257 257 198 160
[277] 255 255  11  11  11  11  11 262 262 262 279 279 184 184 284 284 284 284 284  70  70 144 153
[300] 153 153 153  45  45  45 194  31 248 248  12 127 127 127 127  90  90 243 243 243 115 105 105
[323] 251 242  84  84  84 230 234 310 161 161 161 161 321  91  91 275 336 336 320 320 320 273 285
[346] 258 258 258 231 106 106 328 328 328 227  57  57 325 325 291 291 276 339 339 116 116 116 116
[369] 271 271 271 235 235 235 235 235 235 235 235 369 286 286 138 191 191 341 337 337 337 337 296
[392] 360 360 360 387 346 388 192 192 331 384 181 181 181 326 332 332 332 363 204 204 322 322 322
[415] 322 362 362 365 365  65 111 111 111 182 244 395 395 395 175 416 402 402 249 249 355 335 420
[438] 256 429 287 287 287 287 358 349 349 381 381 405 405 333 333 410 410 410 410 410  67  67 311
[461] 400 431 327 327 327 340 340 340 412 445 352 133 133 193 193 426 426 426 426 317 317 312 304
[484] 304 131  46 265 202 202 202 474 252 453 453 454 491 491 374 374 236 236 403 403 461 461 302
[507] 471 471 471 409 409 409 409 475 475 151 280 280 506 366 389 389 389 375 375  85 266 266 504
[530] 492 492 476 476 476 288 288 417 417 480 229 455 455 485 485 488 421 380 380 516 481 481 260
[553] 422 422 502 502 329 511 120 521 419 392 532 532 237 237 456 456 466 376 484 507 507 503 503
[576] 503 520 533 547 541 440 440 440 570 563 393 561 496 496 508 439 439 439 439 550 550 493 493
[599] 444 368 558 525 525 571 543 435 313 313 574 397 371 518 377 359 610 539 539 539 434 534 534
[622] 534 293 364 588 206 206 614 176 530 449 449 449 513 513 601 601 597 615 593 586 586 609 556
[645] 556 556 602 390 607 314 515 515 637 497 497 423 605 468 142 545  86 646 643

$EXTANT
  [1] FALSE FALSE FALSE FALSE FALSE FALSE FALSE FALSE FALSE FALSE  TRUE  TRUE  TRUE FALSE FALSE
 [16] FALSE FALSE FALSE FALSE FALSE  TRUE FALSE FALSE  TRUE  TRUE FALSE  TRUE FALSE  TRUE FALSE
 [31]  TRUE  TRUE FALSE FALSE FALSE FALSE FALSE FALSE  TRUE FALSE FALSE FALSE FALSE FALSE  TRUE
 [46]  TRUE  TRUE FALSE  TRUE FALSE FALSE  TRUE FALSE  TRUE  TRUE FALSE FALSE  TRUE FALSE FALSE
 [61] FALSE  TRUE  TRUE FALSE  TRUE  TRUE  TRUE  TRUE  TRUE FALSE  TRUE  TRUE FALSE  TRUE FALSE
 [76]  TRUE FALSE FALSE  TRUE  TRUE FALSE FALSE FALSE  TRUE  TRUE  TRUE FALSE  TRUE  TRUE  TRUE
 [91] FALSE  TRUE FALSE FALSE FALSE FALSE  TRUE FALSE FALSE  TRUE FALSE FALSE FALSE  TRUE FALSE
[106]  TRUE FALSE FALSE FALSE FALSE  TRUE FALSE FALSE  TRUE  TRUE  TRUE  TRUE  TRUE  TRUE  TRUE
[121] FALSE FALSE  TRUE FALSE  TRUE  TRUE  TRUE  TRUE  TRUE FALSE FALSE  TRUE  TRUE  TRUE FALSE
[136]  TRUE  TRUE  TRUE  TRUE FALSE  TRUE  TRUE  TRUE  TRUE  TRUE FALSE  TRUE  TRUE  TRUE FALSE
[151]  TRUE  TRUE  TRUE  TRUE FALSE FALSE  TRUE FALSE  TRUE FALSE  TRUE  TRUE  TRUE FALSE  TRUE
[166]  TRUE FALSE FALSE FALSE FALSE  TRUE  TRUE  TRUE  TRUE  TRUE FALSE FALSE FALSE  TRUE FALSE
[181]  TRUE  TRUE  TRUE  TRUE  TRUE  TRUE  TRUE  TRUE  TRUE FALSE FALSE  TRUE  TRUE FALSE  TRUE
[196]  TRUE  TRUE FALSE  TRUE FALSE  TRUE  TRUE FALSE  TRUE FALSE  TRUE  TRUE  TRUE  TRUE  TRUE
[211]  TRUE FALSE  TRUE  TRUE  TRUE  TRUE  TRUE FALSE  TRUE  TRUE  TRUE FALSE  TRUE FALSE  TRUE
[226] FALSE FALSE  TRUE FALSE FALSE  TRUE  TRUE  TRUE  TRUE  TRUE  TRUE  TRUE  TRUE  TRUE  TRUE
[241]  TRUE  TRUE  TRUE  TRUE  TRUE  TRUE  TRUE  TRUE  TRUE  TRUE  TRUE  TRUE  TRUE  TRUE  TRUE
[256]  TRUE  TRUE  TRUE FALSE FALSE  TRUE  TRUE  TRUE  TRUE  TRUE  TRUE  TRUE FALSE  TRUE FALSE
[271]  TRUE FALSE  TRUE  TRUE  TRUE FALSE  TRUE FALSE  TRUE FALSE  TRUE  TRUE  TRUE  TRUE  TRUE
[286] FALSE  TRUE  TRUE FALSE  TRUE  TRUE  TRUE FALSE  TRUE  TRUE  TRUE  TRUE  TRUE FALSE  TRUE
[301] FALSE  TRUE  TRUE  TRUE  TRUE  TRUE  TRUE  TRUE  TRUE  TRUE FALSE  TRUE  TRUE  TRUE  TRUE
[316]  TRUE FALSE FALSE  TRUE  TRUE FALSE  TRUE  TRUE  TRUE  TRUE FALSE  TRUE  TRUE  TRUE  TRUE
[331]  TRUE  TRUE  TRUE  TRUE  TRUE FALSE  TRUE  TRUE  TRUE  TRUE  TRUE FALSE  TRUE  TRUE  TRUE
[346]  TRUE  TRUE  TRUE  TRUE  TRUE  TRUE  TRUE  TRUE  TRUE  TRUE  TRUE  TRUE FALSE  TRUE  TRUE
[361]  TRUE  TRUE  TRUE  TRUE  TRUE  TRUE FALSE  TRUE  TRUE  TRUE  TRUE FALSE  TRUE  TRUE  TRUE
[376]  TRUE FALSE  TRUE  TRUE  TRUE  TRUE FALSE  TRUE  TRUE FALSE  TRUE FALSE FALSE  TRUE  TRUE
[391] FALSE  TRUE  TRUE  TRUE  TRUE  TRUE  TRUE  TRUE  TRUE FALSE  TRUE  TRUE  TRUE  TRUE  TRUE
[406]  TRUE  TRUE  TRUE FALSE  TRUE  TRUE  TRUE  TRUE  TRUE  TRUE  TRUE FALSE FALSE  TRUE  TRUE
[421]  TRUE  TRUE  TRUE  TRUE  TRUE  TRUE  TRUE  TRUE FALSE  TRUE  TRUE  TRUE  TRUE  TRUE  TRUE
[436]  TRUE  TRUE  TRUE  TRUE  TRUE FALSE  TRUE  TRUE  TRUE FALSE  TRUE  TRUE  TRUE  TRUE  TRUE
[451]  TRUE  TRUE  TRUE  TRUE  TRUE  TRUE FALSE  TRUE  TRUE  TRUE  TRUE  TRUE  TRUE  TRUE  TRUE
[466]  TRUE  TRUE  TRUE  TRUE  TRUE  TRUE FALSE  TRUE  TRUE  TRUE  TRUE  TRUE  TRUE  TRUE FALSE
[481]  TRUE FALSE  TRUE  TRUE  TRUE  TRUE  TRUE  TRUE FALSE  TRUE FALSE  TRUE  TRUE  TRUE  TRUE
[496]  TRUE  TRUE  TRUE  TRUE  TRUE  TRUE  TRUE  TRUE  TRUE  TRUE  TRUE  TRUE  TRUE  TRUE  TRUE
[511] FALSE  TRUE  TRUE FALSE  TRUE  TRUE FALSE  TRUE  TRUE FALSE  TRUE  TRUE  TRUE FALSE  TRUE
[526]  TRUE  TRUE  TRUE  TRUE FALSE  TRUE  TRUE  TRUE  TRUE  TRUE  TRUE  TRUE  TRUE  TRUE  TRUE
[541]  TRUE  TRUE  TRUE FALSE  TRUE  TRUE  TRUE  TRUE  TRUE  TRUE FALSE  TRUE  TRUE FALSE  TRUE
[556]  TRUE  TRUE  TRUE  TRUE  TRUE  TRUE FALSE  TRUE  TRUE  TRUE  TRUE  TRUE  TRUE  TRUE  TRUE
[571]  TRUE FALSE  TRUE  TRUE  TRUE  TRUE  TRUE  TRUE FALSE  TRUE  TRUE  TRUE  TRUE  TRUE  TRUE
[586]  TRUE  TRUE  TRUE  TRUE  TRUE FALSE  TRUE  TRUE  TRUE  TRUE  TRUE  TRUE  TRUE  TRUE  TRUE
[601]  TRUE  TRUE  TRUE  TRUE  TRUE  TRUE  TRUE  TRUE  TRUE  TRUE  TRUE  TRUE  TRUE  TRUE  TRUE
[616]  TRUE  TRUE  TRUE FALSE  TRUE  TRUE  TRUE  TRUE  TRUE  TRUE FALSE  TRUE  TRUE  TRUE  TRUE
[631]  TRUE  TRUE  TRUE  TRUE  TRUE  TRUE  TRUE  TRUE  TRUE  TRUE  TRUE  TRUE  TRUE  TRUE  TRUE
[646]  TRUE  TRUE  TRUE  TRUE  TRUE  TRUE  TRUE  TRUE  TRUE  TRUE  TRUE  TRUE  TRUE  TRUE  TRUE
[661]  TRUE  TRUE  TRUE

