
Birth-death simulation object with 587 species and 500 extant species

Details for some species:

Extinction times (NA means extant)
[1] 32.30937       NA       NA 20.68667 20.34379 31.35162


Speciation times 
[1] 46.77687 42.56483 40.41438 32.79253 36.71497 34.74820


Species parents (NA for initial)
[1] NA  1  1  1  2  2


Species status (extinct or extant)
[1] "extinct" "extant"  "extant"  "extinct" "extinct" "extinct"


For more details on vector y, try sim$y, with y one of
TE TS PAR EXTANT



$TE
  [1] 32.30936803          NA          NA 20.68666766 20.34378869 31.35161687  3.93489907
  [8]          NA          NA 27.52136383          NA          NA          NA 21.04038085
 [15]  1.96044321  9.15647863          NA 14.98559049 20.21902473  6.99272144 21.54951441
 [22]          NA          NA          NA          NA  0.83916973 18.26724009          NA
 [29]          NA  0.87830741          NA  2.07064594  5.55468370  6.93263936  3.71023571
 [36]          NA 21.85354009          NA  1.59555555          NA          NA          NA
 [43]  5.22054006 13.86368091          NA          NA          NA  3.66933641 18.30680739
 [50]          NA          NA          NA 10.24392669          NA  6.22655523          NA
 [57]          NA          NA          NA          NA          NA          NA          NA
 [64]  4.69124060 10.84913099          NA          NA  9.88708115          NA          NA
 [71]  0.42392034          NA 13.71880334          NA          NA          NA 12.18782447
 [78]  0.35813518          NA          NA          NA          NA          NA          NA
 [85]          NA          NA 14.95300401          NA          NA          NA  3.96576880
 [92]          NA 10.70778022          NA          NA          NA          NA          NA
 [99]  1.11615390 10.67707393          NA          NA          NA  0.01709662          NA
[106]          NA          NA  9.78045899          NA          NA          NA          NA
[113]          NA  4.23475159          NA          NA          NA          NA          NA
[120]          NA          NA          NA          NA          NA          NA          NA
[127]          NA          NA          NA          NA          NA          NA  5.44089789
[134]          NA          NA          NA          NA          NA          NA          NA
[141]          NA          NA          NA          NA          NA          NA          NA
[148]  0.43901677          NA          NA          NA          NA          NA          NA
[155]          NA          NA          NA  8.89886943          NA          NA          NA
[162]          NA          NA          NA          NA  0.27923427          NA          NA
[169]          NA          NA          NA  5.18279290          NA          NA  3.90024295
[176] 11.68917772          NA          NA          NA  3.53168582          NA  3.36042169
[183]          NA          NA          NA          NA          NA          NA          NA
[190]          NA          NA  6.54849714  3.16308721          NA          NA  1.04829177
[197]          NA          NA          NA          NA          NA          NA          NA
[204]          NA          NA          NA          NA  2.14587300          NA          NA
[211]          NA          NA          NA          NA          NA          NA  0.86685402
[218]          NA          NA  3.30203196          NA          NA          NA          NA
[225]          NA          NA          NA          NA          NA          NA          NA
[232]          NA          NA          NA          NA          NA          NA          NA
[239]  0.31146981          NA          NA          NA          NA          NA          NA
[246]          NA          NA  4.80037590          NA          NA          NA          NA
[253]          NA          NA          NA          NA          NA  3.85332854          NA
[260]          NA          NA  2.00322967          NA          NA          NA          NA
[267]          NA          NA          NA          NA          NA          NA          NA
[274]          NA  1.42163118          NA          NA          NA  0.06302864          NA
[281]  3.06350112          NA          NA          NA          NA          NA          NA
[288]  2.55327683          NA  1.23967604          NA          NA  3.40561452  0.27190433
[295]          NA          NA  1.68810341          NA          NA          NA          NA
[302]          NA          NA          NA          NA          NA          NA          NA
[309]          NA          NA          NA          NA          NA          NA          NA
[316]  5.32936254          NA          NA          NA          NA          NA          NA
[323]          NA          NA          NA          NA          NA          NA          NA
[330]          NA          NA          NA          NA          NA          NA          NA
[337]          NA          NA          NA          NA          NA          NA          NA
[344]          NA  0.32433724          NA  5.95879228          NA          NA          NA
[351]          NA          NA          NA          NA          NA          NA          NA
[358]          NA          NA          NA          NA          NA          NA  2.58883456
[365]          NA          NA          NA          NA          NA          NA          NA
[372]          NA          NA          NA          NA  4.51066627          NA          NA
[379]          NA          NA          NA          NA          NA          NA          NA
[386]          NA          NA          NA          NA  2.90969125          NA          NA
[393]  3.55249885          NA          NA          NA          NA          NA  1.59836889
[400]          NA          NA          NA          NA          NA          NA          NA
[407]          NA          NA          NA          NA          NA          NA          NA
[414]          NA          NA          NA          NA          NA          NA          NA
[421]          NA          NA          NA          NA          NA          NA          NA
[428]          NA          NA          NA          NA  3.89156355  2.30203266          NA
[435]          NA  1.40952860          NA          NA          NA          NA          NA
[442]          NA          NA          NA          NA          NA          NA          NA
[449]          NA          NA          NA  1.65805929          NA          NA          NA
[456]          NA          NA          NA          NA          NA          NA          NA
[463]          NA  0.01700193          NA          NA          NA          NA          NA
[470]          NA          NA          NA          NA          NA          NA          NA
[477]          NA          NA          NA          NA          NA          NA          NA
[484]          NA          NA          NA          NA          NA          NA          NA
[491]          NA          NA          NA          NA          NA          NA          NA
[498]          NA          NA          NA          NA          NA          NA          NA
[505]          NA          NA          NA          NA          NA          NA          NA
[512]          NA          NA          NA          NA  2.64070577          NA          NA
[519]          NA          NA          NA          NA          NA          NA          NA
[526]          NA          NA          NA          NA          NA          NA          NA
[533]          NA          NA          NA          NA          NA          NA          NA
[540]          NA  0.18699458          NA          NA          NA          NA          NA
[547]          NA          NA          NA          NA          NA          NA          NA
[554]  0.84804047          NA          NA          NA          NA          NA          NA
[561]  0.24828712          NA          NA          NA          NA          NA          NA
[568]          NA          NA          NA          NA          NA          NA          NA
[575]          NA          NA          NA          NA          NA          NA          NA
[582]          NA          NA          NA          NA          NA          NA

$TS
  [1] 4.677687e+01 4.256483e+01 4.041438e+01 3.279253e+01 3.671497e+01 3.474820e+01 2.832477e+01
  [8] 2.830451e+01 6.301661e+00 3.997335e+01 1.453140e+01 1.418220e+01 7.279233e+00 3.029749e+01
 [15] 2.719939e+01 2.597793e+01 3.242446e+01 2.937662e+01 3.130406e+01 2.538846e+01 2.410675e+01
 [22] 2.010811e+01 1.892476e+01 1.436466e+01 4.727515e+00 3.768351e+00 2.213551e+01 2.431060e+01
 [29] 2.105124e+01 1.175467e+01 1.144005e+01 1.131165e+01 9.943805e+00 1.389322e+01 1.122335e+01
 [36] 7.758593e+00 2.565674e+01 1.858055e+01 1.040393e+01 8.360178e+00 1.959364e+01 1.241734e+01
 [43] 2.369704e+01 1.511065e+01 2.080866e+01 1.726130e+01 1.295645e+01 2.261825e+01 2.328557e+01
 [50] 2.311199e+01 1.997415e+01 9.016157e+00 1.839505e+01 1.620926e+01 1.215881e+01 4.907583e+00
 [57] 4.683182e+00 4.200500e+00 3.122600e+00 2.119753e+00 1.498778e+01 1.211797e+01 1.031635e+01
 [64] 1.023880e+01 2.002423e+01 1.987299e+01 1.741447e+01 1.601916e+01 1.440087e+01 2.683093e+00
 [71] 5.396478e+00 1.552627e+01 1.432087e+01 1.334913e+01 9.962337e+00 8.116706e+00 1.825714e+01
 [78] 1.556762e+01 6.760242e+00 1.260584e+01 1.062209e+01 4.006123e+00 1.734735e+00 2.914729e+00
 [85] 1.145865e+01 2.997287e+00 1.732788e+01 3.559175e+00 3.530914e+00 1.421792e+00 1.450244e+01
 [92] 1.662877e+01 1.438089e+01 9.661549e+00 8.018948e+00 6.828017e+00 1.506073e+01 4.941556e+00
 [99] 1.342831e+01 1.342521e+01 1.180180e+01 8.361418e+00 7.844658e+00 6.151340e+00 2.054037e+00
[106] 1.549212e+01 1.544900e+01 1.008857e+01 6.469971e+00 1.272365e+01 1.007318e+01 1.423513e+01
[113] 1.214350e+01 9.259808e+00 8.155171e-01 2.440004e+00 8.968276e-01 4.475580e+00 1.383287e+01
[120] 1.364992e+01 8.415369e+00 7.431789e+00 4.860357e+00 1.392773e+01 1.238117e+01 9.954487e+00
[127] 5.681863e+00 1.375699e+01 1.341172e+01 9.570304e+00 8.625265e+00 6.772676e+00 6.017095e+00
[134] 9.445311e+00 1.220155e+01 4.539365e-02 9.663233e+00 4.576909e+00 4.296071e+00 2.064881e+00
[141] 1.514487e+00 8.041168e+00 4.891255e+00 1.841259e+00 2.515130e-01 8.376732e+00 1.222595e+01
[148] 7.725004e+00 7.339801e+00 3.358053e+00 2.748032e+00 4.183020e+00 3.671813e+00 2.914725e+00
[155] 1.254126e+00 4.990155e-01 1.196819e+01 1.055893e+01 6.764728e+00 2.596983e+00 8.561179e+00
[162] 6.261973e+00 4.451362e+00 4.373120e+00 4.209609e+00 5.319890e+00 2.283313e+00 1.157323e+01
[169] 9.494361e+00 6.010899e+00 4.275895e+00 8.672909e+00 6.533569e+00 5.947522e+00 6.218688e+00
[176] 1.248772e+01 8.856123e+00 5.370139e+00 5.210996e+00 3.649375e+00 1.708798e-02 1.032854e+01
[183] 8.667887e+00 8.161879e+00 1.939167e+00 9.516995e+00 8.675421e+00 7.598857e+00 5.848631e-02
[190] 8.546842e+00 1.204094e+01 1.006046e+01 3.739571e+00 1.043683e+01 1.063108e+01 7.394130e+00
[197] 6.588862e+00 1.584219e+00 5.877146e+00 8.965907e-01 2.352262e+00 1.768651e-01 1.128953e+01
[204] 4.572275e+00 4.125433e+00 3.680760e+00 1.103478e+01 4.002943e+00 3.037489e+00 5.145964e+00
[211] 3.832427e+00 9.994615e+00 1.098136e+01 4.660851e+00 6.837070e+00 6.385854e+00 3.677060e+00
[218] 9.811656e-01 1.029636e+01 7.892209e+00 9.177977e-01 5.805930e-01 1.049051e+01 9.401226e+00
[225] 8.182378e+00 4.801833e+00 2.586514e+00 1.007460e+01 9.355430e+00 5.225145e+00 3.534451e+00
[232] 9.585874e-01 5.902487e+00 4.983137e+00 9.730284e+00 6.161288e+00 1.064684e+00 9.525966e+00
[239] 6.749927e+00 3.213031e+00 1.003594e+00 8.571812e+00 6.310094e+00 2.295253e+00 8.888333e+00
[246] 6.653381e+00 2.425709e+00 7.877762e+00 7.159048e+00 2.660218e+00 3.310494e-01 9.065594e+00
[253] 4.230585e+00 1.652706e+00 1.453665e+00 1.315523e+00 2.085158e-01 9.368849e+00 6.827085e+00
[260] 6.545795e+00 3.614946e+00 3.340621e+00 2.467738e+00 8.645163e+00 1.603736e+00 5.546933e+00
[267] 5.150605e+00 2.046089e+00 1.550847e+00 9.107830e+00 6.016323e+00 5.724436e+00 8.071372e+00
[274] 7.853707e+00 6.090487e+00 2.488592e+00 7.739201e+00 7.041767e+00 6.162130e+00 5.631654e+00
[281] 5.029556e+00 7.894572e+00 5.894006e+00 5.210533e+00 5.076945e+00 3.947090e+00 7.463160e+00
[288] 5.625328e+00 9.215797e-01 3.099239e+00 4.709508e+00 2.639622e+00 6.308374e+00 6.103644e+00
[295] 5.675188e+00 5.548961e+00 4.992143e+00 2.960751e+00 2.489713e+00 3.142257e+00 2.221460e+00
[302] 1.318222e+00 2.387539e+00 7.733733e+00 3.746094e+00 7.015891e+00 3.898097e+00 3.749854e+00
[309] 2.518553e+00 2.006409e+00 7.065075e+00 4.511841e+00 6.608792e+00 7.185268e+00 5.633475e+00
[316] 7.356000e+00 2.611403e+00 2.654724e+00 7.511852e+00 6.983864e+00 6.707883e+00 6.463781e+00
[323] 5.332285e+00 6.299090e+00 5.991707e+00 5.604276e+00 4.681417e+00 2.323976e-02 6.468716e+00
[330] 3.903791e+00 5.303434e+00 7.456354e-01 6.450957e+00 6.385841e+00 5.875549e+00 4.121259e+00
[337] 2.026145e+00 2.819409e+00 1.659017e+00 2.155393e+00 5.132581e+00 5.411100e+00 4.253234e+00
[344] 3.963360e+00 3.903124e+00 1.133435e+00 6.624764e+00 4.257969e+00 6.819683e+00 6.400257e+00
[351] 5.911816e+00 8.605673e-01 5.780269e+00 4.389958e+00 4.163565e+00 6.437710e+00 2.760236e+00
[358] 2.017092e+00 1.787558e+00 8.554797e-01 6.537559e+00 6.289756e+00 3.775732e+00 2.884208e+00
[365] 2.610372e+00 8.346209e-01 2.409434e-01 4.348541e+00 2.393936e+00 2.952969e+00 4.094803e+00
[372] 6.120681e+00 3.488210e+00 2.494669e+00 1.476547e+00 5.963101e+00 5.551863e+00 5.995411e+00
[379] 4.445204e+00 2.034838e+00 3.207194e+00 5.758957e+00 5.799130e-01 1.474485e+00 2.245779e+00
[386] 4.779704e-01 3.596605e-01 4.704379e+00 2.846483e+00 5.329917e+00 4.743267e+00 9.034563e-01
[393] 4.772454e+00 1.165876e+00 8.963163e-01 3.024479e+00 3.501135e+00 3.383178e+00 3.059639e+00
[400] 2.859949e-01 3.966683e+00 1.969938e+00 3.933636e+00 3.932801e+00 1.963417e+00 5.372202e+00
[407] 5.034924e+00 3.886231e+00 3.551151e+00 3.280762e+00 7.806530e-01 5.135743e+00 4.824417e+00
[414] 4.551322e+00 1.561824e-01 2.924479e+00 3.109044e-01 5.099071e-01 1.325946e+00 9.649292e-01
[421] 3.452654e+00 1.564063e+00 7.517522e-01 7.340971e-01 3.310835e+00 1.823601e+00 6.705270e-01
[428] 3.525611e+00 3.341966e+00 3.159705e+00 4.508594e+00 4.609485e+00 3.965597e+00 3.320031e+00
[435] 3.082535e+00 4.298312e+00 1.637679e+00 3.251557e+00 8.949105e-01 1.483339e+00 1.363726e+00
[442] 1.077318e+00 7.179322e-01 4.923883e+00 2.662934e+00 4.783087e+00 4.916648e+00 3.057411e+00
[449] 3.511689e+00 2.889348e+00 2.874188e+00 1.962051e+00 2.198876e-01 1.437687e-01 1.123092e+00
[456] 4.636687e+00 3.302923e+00 1.190693e+00 2.645938e+00 4.740971e+00 4.048248e+00 2.345224e+00
[463] 1.002818e+00 7.643732e-01 3.185308e+00 2.881248e+00 1.526746e+00 4.022829e+00 3.843708e+00
[470] 2.479220e+00 2.065179e+00 5.428134e-01 2.178585e+00 1.110608e+00 1.881115e+00 9.099676e-01
[477] 3.051802e+00 2.885270e+00 1.758662e+00 1.565559e+00 3.983591e+00 1.694313e+00 1.145990e+00
[484] 1.517078e+00 2.557759e-01 3.060741e-01 5.133222e-01 3.084139e+00 3.257113e+00 3.098834e+00
[491] 2.603681e+00 1.621214e+00 3.226637e+00 3.436182e+00 2.650567e+00 1.813820e+00 1.363904e+00
[498] 2.398491e+00 1.630239e-01 2.704511e+00 5.906235e-01 2.393919e+00 2.739256e-01 3.551674e-01
[505] 1.357148e+00 2.820159e+00 2.473789e+00 1.250422e+00 2.598243e+00 1.182564e+00 1.195078e+00
[512] 9.946037e-01 1.109986e+00 2.520202e+00 1.666389e+00 2.825734e+00 2.235094e+00 2.374004e-01
[519] 2.705753e+00 1.417110e-01 1.132827e+00 2.232349e+00 2.365770e+00 2.834860e+00 2.536221e+00
[526] 2.250234e-01 2.521039e+00 2.093262e+00 1.246168e+00 6.675203e-01 1.142496e+00 2.552539e+00
[533] 9.621156e-02 2.653761e+00 8.040467e-01 2.343887e+00 1.859784e+00 1.675297e+00 1.355529e+00
[540] 1.818756e+00 4.620741e-01 1.651228e+00 1.385983e+00 2.472423e+00 1.420447e+00 9.264336e-01
[547] 6.602670e-01 8.607805e-01 4.242632e-01 1.331587e+00 4.054064e-01 5.185286e-01 6.075250e-01
[554] 1.683963e+00 1.923052e+00 2.049910e+00 1.687145e-01 1.448048e+00 1.604784e+00 1.795541e+00
[561] 1.248680e+00 1.444843e+00 1.726257e+00 1.372113e+00 8.854043e-01 7.162409e-01 1.652104e+00
[568] 1.101398e+00 5.081345e-01 7.561455e-04 1.353499e+00 1.002968e+00 1.008031e+00 4.033132e-01
[575] 6.118130e-01 8.083519e-01 5.408885e-01 6.121073e-02 4.438017e-01 9.079526e-01 7.692065e-01
[582] 3.700685e-01 2.650969e-01 7.562081e-01 5.738431e-01 9.352749e-02 2.455221e-01

$PAR
  [1]  NA   1   1   1   2   2   2   2   2   3   3   3   3   5   5   5   6   4  17  17  17  17  17
 [24]  17  17  17  19   7   7   7   7   7   7   8   8   8  15  15  15  15  16  16  20  20  28  28
 [47]  28  21  43  43  43  43  50  50  50  50  50  50  50  50  48  48  48  48  29  29  29  29  29
 [70]  29  45  22  22  22  22  22  51  51  51  66  66  66  66  41  23  23  38  38  38  38  53  77
 [93]  67  67  67  67  46  46  92  92  92  92  92  92  92  54  54  54  54  68  68  78  78  78  78
[116]  72  72 106 107 107 107 107 107  97  97  97  97  61  61  91  91  91  91  69  24  24 112 112
[139]  12  12  12 124 124 124 124  34 119 119 119 119 119 128 128 128 128 128 120 120 120 120  99
[162]  99  99  99  99 129 129  74  74  74  74  47  47  47 110  80  80  80  80  80  80 125 147 147
[185] 147 135 135 135 135  55 113  62  62 191 157 157 157 157  30  30 168 168  85  85  85  85  31
[208]  32  32 203 203  35 207 207 213 213 213 213 195  81  81  81 158 158 223  39  39 182 182 182
[231]  63  63 219 219 228 228 228 111 111 111 111 212 212 212  75  75  75  33 235 235 235 137 137
[254] 137 137 137 137  94  94 130 130 238 238 186 186 169 169 134 134 224 224 229 270 270 270 270
[277]  52  52  52  52  52 245 177 177 177 187 172 172 183 264 131 131 242 242 242 242 242 242 242
[300] 161 161 161 190 121 121 146 102 102 102 102  40  40 225 184 273 142  95 282 220 220 248 248
[323] 274 103  36  36  36  36 277 304 148 148 188 188 188 188 188 319 319 122 196 149 149 149 149
[346] 149 314 314 278 278 278 278 306 320 320  96  96  96  96  96 259 349 132 132 132 132 132 159
[369]  79 239 246 313 313 197 329 356 356 216 243 243   9 324 362 279 104 104 104 294 275 170 170
[392] 170 325 325 325 174 199 199 199 335 382 382 127 127 127 295 295 295 295 295 315 280 280 280
[415] 280 326 326 377 296 296 266 266 342  71 406 406 406 178 323 390 166 230 230 284 284 267 267
[438] 210 210 412 412 285 285 407 407 281 234 234  98  98  98  98 444  56 123 413 413 413 446 393
[461] 393 391 391 391 388 388 388 456 138 138 204 312 118 164 368 152 355 355 355 355 468  82 401
[484] 286 286 330 345 307 408 363 363 363 308 206 261 261 261 409 409 231 428 397 397 398 150 434
[507] 434 457 410 430 300  59 490 435 435 448 448 448 477 396 298 370 154 450 450 450 466 389 389
[530] 389 357 519 519 500 500 445 250 318 318 534 160 527 514 470 470 470 470 507 507 116 462 244
[553] 385 522 301  60 471 105 268 380 380 402 185 555 555 144 563 563 339 567 375 543 571 531 521
[576] 513 513 241 232 546 289 360 360 464 222 472 251

$EXTANT
  [1] FALSE  TRUE  TRUE FALSE FALSE FALSE FALSE  TRUE  TRUE FALSE  TRUE  TRUE  TRUE FALSE FALSE
 [16] FALSE  TRUE FALSE FALSE FALSE FALSE  TRUE  TRUE  TRUE  TRUE FALSE FALSE  TRUE  TRUE FALSE
 [31]  TRUE FALSE FALSE FALSE FALSE  TRUE FALSE  TRUE FALSE  TRUE  TRUE  TRUE FALSE FALSE  TRUE
 [46]  TRUE  TRUE FALSE FALSE  TRUE  TRUE  TRUE FALSE  TRUE FALSE  TRUE  TRUE  TRUE  TRUE  TRUE
 [61]  TRUE  TRUE  TRUE FALSE FALSE  TRUE  TRUE FALSE  TRUE  TRUE FALSE  TRUE FALSE  TRUE  TRUE
 [76]  TRUE FALSE FALSE  TRUE  TRUE  TRUE  TRUE  TRUE  TRUE  TRUE  TRUE FALSE  TRUE  TRUE  TRUE
 [91] FALSE  TRUE FALSE  TRUE  TRUE  TRUE  TRUE  TRUE FALSE FALSE  TRUE  TRUE  TRUE FALSE  TRUE
[106]  TRUE  TRUE FALSE  TRUE  TRUE  TRUE  TRUE  TRUE FALSE  TRUE  TRUE  TRUE  TRUE  TRUE  TRUE
[121]  TRUE  TRUE  TRUE  TRUE  TRUE  TRUE  TRUE  TRUE  TRUE  TRUE  TRUE  TRUE FALSE  TRUE  TRUE
[136]  TRUE  TRUE  TRUE  TRUE  TRUE  TRUE  TRUE  TRUE  TRUE  TRUE  TRUE  TRUE FALSE  TRUE  TRUE
[151]  TRUE  TRUE  TRUE  TRUE  TRUE  TRUE  TRUE FALSE  TRUE  TRUE  TRUE  TRUE  TRUE  TRUE  TRUE
[166] FALSE  TRUE  TRUE  TRUE  TRUE  TRUE FALSE  TRUE  TRUE FALSE FALSE  TRUE  TRUE  TRUE FALSE
[181]  TRUE FALSE  TRUE  TRUE  TRUE  TRUE  TRUE  TRUE  TRUE  TRUE  TRUE FALSE FALSE  TRUE  TRUE
[196] FALSE  TRUE  TRUE  TRUE  TRUE  TRUE  TRUE  TRUE  TRUE  TRUE  TRUE  TRUE FALSE  TRUE  TRUE
[211]  TRUE  TRUE  TRUE  TRUE  TRUE  TRUE FALSE  TRUE  TRUE FALSE  TRUE  TRUE  TRUE  TRUE  TRUE
[226]  TRUE  TRUE  TRUE  TRUE  TRUE  TRUE  TRUE  TRUE  TRUE  TRUE  TRUE  TRUE  TRUE FALSE  TRUE
[241]  TRUE  TRUE  TRUE  TRUE  TRUE  TRUE  TRUE FALSE  TRUE  TRUE  TRUE  TRUE  TRUE  TRUE  TRUE
[256]  TRUE  TRUE FALSE  TRUE  TRUE  TRUE FALSE  TRUE  TRUE  TRUE  TRUE  TRUE  TRUE  TRUE  TRUE
[271]  TRUE  TRUE  TRUE  TRUE FALSE  TRUE  TRUE  TRUE FALSE  TRUE FALSE  TRUE  TRUE  TRUE  TRUE
[286]  TRUE  TRUE FALSE  TRUE FALSE  TRUE  TRUE FALSE FALSE  TRUE  TRUE FALSE  TRUE  TRUE  TRUE
[301]  TRUE  TRUE  TRUE  TRUE  TRUE  TRUE  TRUE  TRUE  TRUE  TRUE  TRUE  TRUE  TRUE  TRUE  TRUE
[316] FALSE  TRUE  TRUE  TRUE  TRUE  TRUE  TRUE  TRUE  TRUE  TRUE  TRUE  TRUE  TRUE  TRUE  TRUE
[331]  TRUE  TRUE  TRUE  TRUE  TRUE  TRUE  TRUE  TRUE  TRUE  TRUE  TRUE  TRUE  TRUE  TRUE FALSE
[346]  TRUE FALSE  TRUE  TRUE  TRUE  TRUE  TRUE  TRUE  TRUE  TRUE  TRUE  TRUE  TRUE  TRUE  TRUE
[361]  TRUE  TRUE  TRUE FALSE  TRUE  TRUE  TRUE  TRUE  TRUE  TRUE  TRUE  TRUE  TRUE  TRUE  TRUE
[376] FALSE  TRUE  TRUE  TRUE  TRUE  TRUE  TRUE  TRUE  TRUE  TRUE  TRUE  TRUE  TRUE  TRUE FALSE
[391]  TRUE  TRUE FALSE  TRUE  TRUE  TRUE  TRUE  TRUE FALSE  TRUE  TRUE  TRUE  TRUE  TRUE  TRUE
[406]  TRUE  TRUE  TRUE  TRUE  TRUE  TRUE  TRUE  TRUE  TRUE  TRUE  TRUE  TRUE  TRUE  TRUE  TRUE
[421]  TRUE  TRUE  TRUE  TRUE  TRUE  TRUE  TRUE  TRUE  TRUE  TRUE  TRUE FALSE FALSE  TRUE  TRUE
[436] FALSE  TRUE  TRUE  TRUE  TRUE  TRUE  TRUE  TRUE  TRUE  TRUE  TRUE  TRUE  TRUE  TRUE  TRUE
[451]  TRUE FALSE  TRUE  TRUE  TRUE  TRUE  TRUE  TRUE  TRUE  TRUE  TRUE  TRUE  TRUE FALSE  TRUE
[466]  TRUE  TRUE  TRUE  TRUE  TRUE  TRUE  TRUE  TRUE  TRUE  TRUE  TRUE  TRUE  TRUE  TRUE  TRUE
[481]  TRUE  TRUE  TRUE  TRUE  TRUE  TRUE  TRUE  TRUE  TRUE  TRUE  TRUE  TRUE  TRUE  TRUE  TRUE
[496]  TRUE  TRUE  TRUE  TRUE  TRUE  TRUE  TRUE  TRUE  TRUE  TRUE  TRUE  TRUE  TRUE  TRUE  TRUE
[511]  TRUE  TRUE  TRUE  TRUE  TRUE FALSE  TRUE  TRUE  TRUE  TRUE  TRUE  TRUE  TRUE  TRUE  TRUE
[526]  TRUE  TRUE  TRUE  TRUE  TRUE  TRUE  TRUE  TRUE  TRUE  TRUE  TRUE  TRUE  TRUE  TRUE  TRUE
[541] FALSE  TRUE  TRUE  TRUE  TRUE  TRUE  TRUE  TRUE  TRUE  TRUE  TRUE  TRUE  TRUE FALSE  TRUE
[556]  TRUE  TRUE  TRUE  TRUE  TRUE FALSE  TRUE  TRUE  TRUE  TRUE  TRUE  TRUE  TRUE  TRUE  TRUE
[571]  TRUE  TRUE  TRUE  TRUE  TRUE  TRUE  TRUE  TRUE  TRUE  TRUE  TRUE  TRUE  TRUE  TRUE  TRUE
[586]  TRUE  TRUE

