
Birth-death simulation object with 603 species and 500 extant species

Details for some species:

Extinction times (NA means extant)
[1] 13.755814        NA 24.094973        NA  4.349651  6.223010


Speciation times 
[1] 52.89932 41.44082 36.03182 24.87263 23.43270 20.52529


Species parents (NA for initial)
[1] NA  1  1  1  1  1


Species status (extinct or extant)
[1] "extinct" "extant"  "extinct" "extant"  "extinct" "extinct"


For more details on vector y, try sim$y, with y one of
TE TS PAR EXTANT



$TE
  [1] 13.75581361          NA 24.09497307          NA  4.34965064  6.22301038  5.81590496
  [8]          NA 17.34719553          NA          NA          NA  0.34022282 28.44072343
 [15]  6.60409961 14.68598035          NA          NA 13.59307218          NA 12.46889579
 [22]          NA 20.88903088 21.01509497          NA 10.45500125          NA          NA
 [29]          NA  5.06442612  5.12359845          NA  8.49174431          NA          NA
 [36]          NA          NA  0.06140680 17.90715876  4.00382954          NA          NA
 [43]          NA          NA          NA  4.87932152          NA          NA          NA
 [50]  1.56707566          NA 16.85791384          NA          NA  3.04374124  7.15734111
 [57]  1.14131659          NA          NA 18.55624969          NA          NA 15.92921132
 [64]          NA          NA          NA 14.71517464 11.69887714          NA          NA
 [71]          NA 16.18209240          NA 10.73142950          NA          NA  7.02517861
 [78]          NA 11.83751251 11.43579569          NA          NA          NA  0.72677128
 [85]          NA          NA          NA          NA          NA          NA          NA
 [92] 13.64167601          NA          NA          NA          NA          NA  1.80614334
 [99] 13.72608672 13.90844840          NA  4.87152130          NA          NA          NA
[106]          NA 10.12012765          NA          NA          NA          NA          NA
[113] 15.06598454  4.12024721  1.83776184 16.39079053          NA          NA  8.04147608
[120]          NA  2.42946387          NA          NA          NA          NA          NA
[127]          NA          NA  7.08585070          NA  0.56591436          NA          NA
[134]          NA          NA          NA  2.94203861          NA          NA          NA
[141]          NA          NA          NA          NA          NA  2.66239570          NA
[148]          NA          NA          NA          NA          NA          NA  3.91246478
[155]          NA  9.73533839          NA  4.08116766          NA          NA          NA
[162]          NA          NA          NA  8.22310712          NA          NA          NA
[169]          NA          NA  7.32197144  1.81039862  3.10754036          NA          NA
[176]          NA          NA  8.34141354          NA          NA          NA          NA
[183]  8.27195588          NA          NA  7.60274808          NA          NA 10.57870569
[190]  6.87340083          NA          NA          NA  9.72461058          NA          NA
[197]          NA          NA          NA          NA          NA          NA          NA
[204]          NA          NA          NA  3.13994974          NA          NA          NA
[211]          NA          NA          NA          NA          NA  0.22273137          NA
[218]          NA          NA          NA          NA          NA          NA          NA
[225]          NA          NA          NA          NA          NA          NA  0.13453004
[232]          NA  0.40546779          NA          NA          NA          NA          NA
[239]          NA          NA  9.74318903          NA          NA  8.55292271          NA
[246]  2.10981315          NA          NA          NA          NA  2.96378677          NA
[253]          NA          NA  3.62778820          NA  7.85524929          NA          NA
[260]          NA          NA          NA          NA          NA          NA          NA
[267]          NA  7.24276733          NA          NA  5.61660942  2.10451998          NA
[274]          NA          NA          NA          NA          NA  0.74074167          NA
[281]          NA          NA          NA          NA          NA  8.91283266          NA
[288]          NA          NA          NA          NA          NA          NA          NA
[295]          NA          NA          NA          NA          NA          NA          NA
[302]  1.29439078          NA          NA          NA          NA          NA  0.04072831
[309]          NA          NA          NA          NA          NA          NA          NA
[316]          NA          NA  3.70625820          NA          NA          NA          NA
[323]          NA          NA          NA          NA          NA          NA          NA
[330]          NA          NA          NA          NA          NA          NA          NA
[337]          NA  2.62897655  3.68943114          NA          NA  4.58541254          NA
[344]          NA          NA          NA          NA          NA          NA  2.40310490
[351]          NA          NA          NA          NA          NA          NA          NA
[358]          NA  0.39122464          NA          NA          NA          NA          NA
[365]          NA          NA          NA          NA          NA          NA          NA
[372]          NA          NA          NA          NA          NA          NA          NA
[379]          NA          NA  0.33494261          NA          NA          NA          NA
[386]          NA          NA          NA          NA          NA          NA          NA
[393]          NA          NA          NA          NA          NA          NA          NA
[400]          NA          NA          NA          NA          NA  3.99860509          NA
[407]          NA          NA          NA          NA          NA          NA          NA
[414]          NA          NA  2.40123712          NA          NA          NA          NA
[421]          NA          NA          NA          NA          NA          NA          NA
[428]          NA          NA  1.47055590          NA          NA          NA          NA
[435]          NA          NA          NA          NA  2.55212917          NA          NA
[442]          NA  1.82855634          NA          NA          NA          NA          NA
[449]  1.56479320          NA          NA          NA          NA          NA          NA
[456]          NA  0.81663888          NA          NA          NA          NA          NA
[463]          NA          NA          NA          NA          NA          NA          NA
[470]          NA          NA          NA          NA          NA          NA          NA
[477]          NA          NA          NA          NA          NA          NA          NA
[484]          NA          NA          NA          NA          NA          NA          NA
[491]          NA          NA          NA          NA          NA          NA          NA
[498]          NA          NA          NA          NA          NA          NA          NA
[505]          NA          NA          NA          NA          NA          NA          NA
[512]          NA          NA  0.27576483          NA          NA          NA          NA
[519]          NA          NA          NA          NA          NA          NA          NA
[526]  0.64195945          NA          NA          NA          NA          NA          NA
[533]          NA          NA          NA          NA          NA          NA          NA
[540]          NA  0.58606861          NA          NA          NA          NA          NA
[547]          NA          NA          NA          NA          NA          NA          NA
[554]          NA          NA          NA          NA          NA          NA          NA
[561]          NA  1.56210804          NA          NA          NA          NA          NA
[568]          NA          NA          NA          NA          NA          NA          NA
[575]          NA          NA  0.58092381          NA          NA          NA          NA
[582]          NA          NA          NA  0.47131003          NA          NA          NA
[589]          NA          NA          NA          NA          NA          NA          NA
[596]          NA          NA          NA          NA          NA          NA          NA
[603]          NA

$TS
  [1] 52.899322224 41.440820005 36.031820684 24.872628871 23.432703160 20.525285075 18.229641579
  [8] 13.903398096 34.153159634 23.001638028 22.432590935 13.470823846  4.446818696 31.495865438
 [15] 29.507827144 29.289598045 32.865574290 28.629010917 22.368908887 26.351372977 18.867280951
 [22] 10.225184834 26.820194636 26.072212409 25.872970391 22.623783067 16.059319652 11.286537468
 [29] 21.719343718 18.069686173 18.018288762 17.272683270 12.290438400 11.883430297  4.962568434
 [36]  1.023458845 18.035108867 13.849888482 21.381201158 23.517231082 21.660525825  6.970790580
 [43]  3.417429102  1.562026003 11.446004127 10.830513455  8.701171926  5.708005298  5.024808250
 [50] 20.257328217  4.656558229 23.386904618 16.530567917 12.384631937 11.663824399  9.720821416
 [57]  8.012347877 22.843094446 22.136694993 19.840154058  6.313869774  3.299847270 22.097685138
 [64] 14.279480592 11.484086804 10.900609536 21.370983380 15.503819440  8.984745510  6.243037505
 [71] 21.489114416 17.492569744 20.661342381 17.421963181 16.148657622 15.613371565 11.294679942
 [78] 10.708310579 19.370069280 17.992302149 13.918694453 13.292066513 12.387502428  7.418753642
 [85]  0.748355140 10.482318273  7.538540702  3.206603191 20.785824262 19.193471679  2.421781608
 [92] 19.441563944 15.036916103  9.466943902  2.853182263  0.484041746  0.253859319 17.107772153
 [99] 19.271105835 15.506292684 15.484793873 12.592875892  6.959645019  9.310194004  8.735669270
[106]  3.326424151 15.200072863 18.863330702 18.360182176 18.251848609 16.141427552 14.638264939
[113] 15.428901300  7.618126540  2.158140208 18.771249906 10.089025014  3.344068679 18.160886059
[120] 14.462612907  8.722559747 13.490828374  0.943996570  0.610953211 14.400349746 12.133488294
[127] 10.226154534  9.940016140 14.521057098 11.566211325 14.223951632 11.221839040 15.787792940
[134] 13.856755499  6.655161605 10.980689756 10.798327240  2.682485819 14.779824434 13.204086499
[141]  6.852808745  3.850962871  8.409466494  3.789547544  3.045397291 11.782565459 11.129627309
[148] 12.697008103  4.604258201 15.118103792 15.076011541 11.133238035 13.548447780 14.041395206
[155] 12.152924354 11.820182076 11.597046782  7.999493140  4.959881483 11.672152427 10.245130611
[162]  9.233714556 13.185098506 10.742990474 14.423092137  5.605736548  2.821810197 12.435281610
[169]  9.443009444 13.019198501 11.293261107  8.003558823  3.420750143 12.936394317 10.615593463
[176]  8.345735767 13.557751383 13.187852013  8.128322336  4.295976719  2.366643734 12.198033383
[183] 10.433601488  0.839194491 13.566177957  9.650041558  7.846255937  7.616034445 13.391988816
[190] 12.717417830 11.881640207  8.751838459  6.685401327 11.648710767 11.430900117  5.843546244
[197] 12.233027702  8.159977956  5.320337142  5.279759406 11.893164779  9.301445328  4.125469099
[204]  2.911915575 12.223349300  0.318246508  5.669369111  0.799629013  6.970013836  1.373975473
[211]  8.374607290 10.036769589  3.467338391  2.294605836  8.414869106  4.836922014 12.179666427
[218] 11.838357887  9.738430300  8.463264488  6.842994083  5.183678086  3.816347356 12.115039870
[225] 10.032510552  9.213706327  0.961606031  0.053462553  9.027407035  5.821130976  1.185520917
[232] 10.263528678  3.556942530  2.305165953  2.911430668  4.302632623  0.338564369  0.213517589
[239]  0.703667008  0.423922186 10.923811567  6.317580111  2.271406944  8.790042536 11.081714167
[246]  8.769821148  3.381324466  8.682003970  6.343595970  4.552070922  3.759259462  4.671997786
[253] 11.339108225 10.473658249 10.611360139  1.856151016 10.825617523 10.208787069  6.257966010
[260]  5.813534070  2.509479848  3.175418875  1.539505238  0.630105394  2.760420886  9.223047667
[267]  8.060746518  7.385886400  8.344144076  5.098738372  9.823842389  9.172927623  6.407654569
[274]  5.845427209 10.066101912  4.113626810  0.172033766  3.701385104  0.877837835 10.892813739
[281]  1.231820985  0.299068838  8.291846727  6.226899805  3.251859906  9.534529313  2.513778098
[288]  8.443137378  6.035437226  6.924800146  4.790850344  7.856430931  8.928051654 10.252585577
[295]  7.989869008  9.658075806  9.336136866  6.752876885  4.913060832  2.102380683  6.828032179
[302]  5.141959467  4.218192098  1.266336775  5.963830683  5.484173423  1.867642615  9.012910369
[309]  8.956526699  4.103432515  3.440586193  7.299942207  5.800914386  3.942756909  1.915297582
[316]  7.747242910  6.381757173  7.449826047  1.612545748  8.575097354  4.775045251  2.993308274
[323]  3.014409542  8.508666208  8.415341107  2.919620974  1.062776440  8.831774606  3.546271706
[330]  0.825722213  5.971575865  5.505989483  2.855134387  4.541132620  1.303630616  4.500629246
[337]  3.035614716  6.307679487  6.036832736  7.811930422  5.400147213  4.866504384  5.638501371
[344]  2.768389605  6.545878043  0.728881610  3.421679994  2.991827661  0.058919259  3.599720085
[351]  6.322453491  5.019779330  4.696479426  2.359489366  1.373606486  1.336971005  2.606867938
[358]  6.830450463  6.549152664  0.019440955  3.554803019  2.101403822  6.387524913  6.111538962
[365]  4.754152454  5.925286954  5.291892986  5.088772616  5.564162431  4.408271828  4.288992946
[372]  2.229103226  1.189270075  3.330739247  4.389091234  2.005568906  4.161286398  2.355677029
[379]  2.818100015  7.555384637  7.343767055  2.577215908  6.801559943  3.114794876  7.482294310
[386]  5.226160543  2.262731387  1.120496033  6.820563623  6.215685228  0.164213993  6.315502798
[393]  5.236596687  1.003768093  0.813398206  6.499544601  5.418700832  0.894642454  3.313487814
[400]  2.405131247  0.571601561  0.469447100  3.826980354  4.419240458  6.641419962  6.533053297
[407]  6.060059583  5.188691469  3.527212920  6.239526515  0.201161566  0.503133027  6.073132047
[414]  0.203939766  0.405807826  3.743219135  0.288172533  3.795129168  2.076122584  4.834791758
[421]  4.605595685  5.341462354  3.952708526  0.443131116  5.113934220  5.935767437  5.432443954
[428]  4.480471520  3.982478387  3.275272007  0.641565162  0.117387599  5.792562532  0.321644014
[435]  4.885047412  4.740550275  4.342630220  3.707744852  2.886590179  2.824253769  4.807194816
[442]  3.787001393  2.920241782  2.141491435  2.750024965  2.413385977  1.317958096  0.616997236
[449]  3.714094888  2.259129851  4.853537089  3.900062118  3.006594204  4.677799116  5.014718555
[456]  0.813890115  0.957407931  4.333585263  1.523254655  0.142482448  2.902628039  5.141825271
[463]  4.179913879  3.306062652  2.906166967  0.314283749  4.393007930  3.599002156  4.495269624
[470]  1.519135791  1.446190621  0.353507977  3.674362502  3.176941745  0.175528034  3.204187807
[477]  3.181474192  0.831383984  2.463110028  0.900409071  4.285254314  1.786187528  0.541578242
[484]  3.913501088  2.892229258  1.893741502  1.062490862  2.996800700  1.146113582  3.280783454
[491]  3.642363864  0.273878838  1.522058316  3.548843140  3.321298899  1.762879398  0.412654880
[498]  0.291194487  1.155909293  2.019209057  2.908770768  3.447097923  1.557326233  4.141613529
[505]  1.923020868  2.265261169  2.120837672  0.715469593  0.389386067  0.331216226  0.593014139
[512]  3.019241552  1.104532807  2.970812216  2.639865504  2.629558666  0.588120848  0.344054189
[519]  2.684572143  2.314850034  2.794394418  0.052671747  0.015593369  0.593378739  0.037558649
[526]  2.420457538  0.289695222  1.006782115  1.350193761  3.184566062  2.306435504  2.145726334
[533]  2.048317873  0.935754111  3.115494257  3.127212237  1.327290367  0.457515428  0.014590798
[540]  0.208193626  0.942044348  2.781111479  2.129245726  2.736708358  1.426197619  0.163476642
[547]  0.516239005  2.535734895  1.892410335  0.006207809  1.707733348  0.955334218  2.733946338
[554]  0.001943617  1.690257076  1.969714051  1.953980914  0.541355166  1.836981461  2.365888960
[561]  1.602545011  2.200130207  2.185575787  1.818304279  0.840107689  1.965467347  1.987958824
[568]  0.315950668  1.719444721  0.006282435  0.886554672  0.929152637  0.564275911  0.579925599
[575]  1.549371235  1.482367080  1.442861482  0.182993842  1.344831947  0.138063070  0.481034487
[582]  1.243053988  1.348241701  0.755724737  0.712502526  0.188693862  1.050842859  0.844469351
[589]  0.040329056  0.329818712  0.465137566  0.370755790  0.554646399  0.357663248  0.072617445
[596]  0.006656428  0.313224940  0.391425576  0.314303051  0.311208189  0.268966475  0.311480324
[603]  0.041199053

$PAR
  [1]  NA   1   1   1   1   1   1   1   2   2   2   2   2   3   3   3   9   9   9  17  17  17  15
 [24]  15  15  15  15  15  16  18  18  18  18  18  18  18  20  20  24  25  25  25  25  25   4   4
 [47]   4   4   4  40  40   5   5   5   5   5   5  52  10  10  10  58  26  26  26  26  11  11  11
 [70]  11  19  19  59  59  59  59  59  59  63  63  29  29  29  29  29  41  41  41  71  71  71  67
 [93]  67  89  89  89  89  73   6   6   6   6   6  50  50  50  92  79  99  99  99  99  90  90  90
[116] 108 108 108 109 109 109 110 110 110   7   7 119  37  31  31  74  74  32  32  98  53  53  53
[139]  75  75  75  75 111 111 111  27  27 133 133 101 107 107 150 151 151 151 151 151 151  93  93
[162]  93 139 139 112 112 112 129 120 125 125 125 125  64  64  64 131 154 154  81  81   8   8   8
[185] 134 134 134 134 185 185 185 185 185 153 153  12  82 140 140 140 163 163 163 163 170 170 174
[208] 174 190 148 102  83  83  83  54  54 197 205 205 205 205 205 205 182 182 182 182 182 217 217
[231] 155 126 126 126 224 201 201 201  34  34 191 191 191 218 146 146 146 160 160 160 160  55 194
[254] 194 130 130  65  65  65  65  45 195 195 195 253 171 171 171 132 132 152 152 152 152 245 245
[277] 245 136 136  66  66  66 137 137 137  78  78 255 255  86  86 254 183 232 161 127 127 127 127
[300] 127  22 258 258 258 275 275 212 225 225 225 225 219 219 219 219  56 296  94  94 297 297 104
[323] 162 266 266 266 266 226 226 226 272 272 308 309 309 293 293 328 246 192 105 105 121 121  47
[346]  47 248 248 248 324 220 220 220 220 220 220 288 215 215 215 143 143 211 176 269 283 283 283
[369] 198 267 267  57  57 172 295 295 292 187 340 316 316 316 114 188 380 385 381 381 312 312  42
[392] 290 290 141 358 301 389 389 383 383 383 383 298 193 135 135 405 359 345 406 406 317 351 351
[415] 242 392 392  61  61 338 338 259 410 410 284 364 413 413 331 331 331 331 366 366 274 274 196
[438] 230 230 260 313 313 313 433  48 166 332 306 427 427 341 341 341 422 199 199 367 200 200 200
[461] 393 386 408 408 408 408 222 222 302 462 462 462 368 352 352  35  35  35 159 159 299 451 216
[484] 420 291 291 291 321 365 436 454 454 469 404 404 404 404 467 375 437 236 371 481 463 463 377
[507] 310 423 423 423 484 452 142 223 223 223 442 473 468 233 361 361 361 329 409 502 502 247 374
[530] 106 399 490 430 285  88 474 474 474 474 262 536 535 453 322 322 204 465 485 485 333  95 440
[553] 542 542 344 265 515 287  91 400 560 354 354 531 531 450 562 563 444 362 419 533 500 567 315
[576] 315 486 559 496 551 503 575 470 545 355 583 447 327 487  36 571 456 395 208 239 264 517 538
[599] 240 240 509 518 568

$EXTANT
  [1] FALSE  TRUE FALSE  TRUE FALSE FALSE FALSE  TRUE FALSE  TRUE  TRUE  TRUE FALSE FALSE FALSE
 [16] FALSE  TRUE  TRUE FALSE  TRUE FALSE  TRUE FALSE FALSE  TRUE FALSE  TRUE  TRUE  TRUE FALSE
 [31] FALSE  TRUE FALSE  TRUE  TRUE  TRUE  TRUE FALSE FALSE FALSE  TRUE  TRUE  TRUE  TRUE  TRUE
 [46] FALSE  TRUE  TRUE  TRUE FALSE  TRUE FALSE  TRUE  TRUE FALSE FALSE FALSE  TRUE  TRUE FALSE
 [61]  TRUE  TRUE FALSE  TRUE  TRUE  TRUE FALSE FALSE  TRUE  TRUE  TRUE FALSE  TRUE FALSE  TRUE
 [76]  TRUE FALSE  TRUE FALSE FALSE  TRUE  TRUE  TRUE FALSE  TRUE  TRUE  TRUE  TRUE  TRUE  TRUE
 [91]  TRUE FALSE  TRUE  TRUE  TRUE  TRUE  TRUE FALSE FALSE FALSE  TRUE FALSE  TRUE  TRUE  TRUE
[106]  TRUE FALSE  TRUE  TRUE  TRUE  TRUE  TRUE FALSE FALSE FALSE FALSE  TRUE  TRUE FALSE  TRUE
[121] FALSE  TRUE  TRUE  TRUE  TRUE  TRUE  TRUE  TRUE FALSE  TRUE FALSE  TRUE  TRUE  TRUE  TRUE
[136]  TRUE FALSE  TRUE  TRUE  TRUE  TRUE  TRUE  TRUE  TRUE  TRUE FALSE  TRUE  TRUE  TRUE  TRUE
[151]  TRUE  TRUE  TRUE FALSE  TRUE FALSE  TRUE FALSE  TRUE  TRUE  TRUE  TRUE  TRUE  TRUE FALSE
[166]  TRUE  TRUE  TRUE  TRUE  TRUE FALSE FALSE FALSE  TRUE  TRUE  TRUE  TRUE FALSE  TRUE  TRUE
[181]  TRUE  TRUE FALSE  TRUE  TRUE FALSE  TRUE  TRUE FALSE FALSE  TRUE  TRUE  TRUE FALSE  TRUE
[196]  TRUE  TRUE  TRUE  TRUE  TRUE  TRUE  TRUE  TRUE  TRUE  TRUE  TRUE FALSE  TRUE  TRUE  TRUE
[211]  TRUE  TRUE  TRUE  TRUE  TRUE FALSE  TRUE  TRUE  TRUE  TRUE  TRUE  TRUE  TRUE  TRUE  TRUE
[226]  TRUE  TRUE  TRUE  TRUE  TRUE FALSE  TRUE FALSE  TRUE  TRUE  TRUE  TRUE  TRUE  TRUE  TRUE
[241] FALSE  TRUE  TRUE FALSE  TRUE FALSE  TRUE  TRUE  TRUE  TRUE FALSE  TRUE  TRUE  TRUE FALSE
[256]  TRUE FALSE  TRUE  TRUE  TRUE  TRUE  TRUE  TRUE  TRUE  TRUE  TRUE  TRUE FALSE  TRUE  TRUE
[271] FALSE FALSE  TRUE  TRUE  TRUE  TRUE  TRUE  TRUE FALSE  TRUE  TRUE  TRUE  TRUE  TRUE  TRUE
[286] FALSE  TRUE  TRUE  TRUE  TRUE  TRUE  TRUE  TRUE  TRUE  TRUE  TRUE  TRUE  TRUE  TRUE  TRUE
[301]  TRUE FALSE  TRUE  TRUE  TRUE  TRUE  TRUE FALSE  TRUE  TRUE  TRUE  TRUE  TRUE  TRUE  TRUE
[316]  TRUE  TRUE FALSE  TRUE  TRUE  TRUE  TRUE  TRUE  TRUE  TRUE  TRUE  TRUE  TRUE  TRUE  TRUE
[331]  TRUE  TRUE  TRUE  TRUE  TRUE  TRUE  TRUE FALSE FALSE  TRUE  TRUE FALSE  TRUE  TRUE  TRUE
[346]  TRUE  TRUE  TRUE  TRUE FALSE  TRUE  TRUE  TRUE  TRUE  TRUE  TRUE  TRUE  TRUE FALSE  TRUE
[361]  TRUE  TRUE  TRUE  TRUE  TRUE  TRUE  TRUE  TRUE  TRUE  TRUE  TRUE  TRUE  TRUE  TRUE  TRUE
[376]  TRUE  TRUE  TRUE  TRUE  TRUE FALSE  TRUE  TRUE  TRUE  TRUE  TRUE  TRUE  TRUE  TRUE  TRUE
[391]  TRUE  TRUE  TRUE  TRUE  TRUE  TRUE  TRUE  TRUE  TRUE  TRUE  TRUE  TRUE  TRUE  TRUE FALSE
[406]  TRUE  TRUE  TRUE  TRUE  TRUE  TRUE  TRUE  TRUE  TRUE  TRUE FALSE  TRUE  TRUE  TRUE  TRUE
[421]  TRUE  TRUE  TRUE  TRUE  TRUE  TRUE  TRUE  TRUE  TRUE FALSE  TRUE  TRUE  TRUE  TRUE  TRUE
[436]  TRUE  TRUE  TRUE FALSE  TRUE  TRUE  TRUE FALSE  TRUE  TRUE  TRUE  TRUE  TRUE FALSE  TRUE
[451]  TRUE  TRUE  TRUE  TRUE  TRUE  TRUE FALSE  TRUE  TRUE  TRUE  TRUE  TRUE  TRUE  TRUE  TRUE
[466]  TRUE  TRUE  TRUE  TRUE  TRUE  TRUE  TRUE  TRUE  TRUE  TRUE  TRUE  TRUE  TRUE  TRUE  TRUE
[481]  TRUE  TRUE  TRUE  TRUE  TRUE  TRUE  TRUE  TRUE  TRUE  TRUE  TRUE  TRUE  TRUE  TRUE  TRUE
[496]  TRUE  TRUE  TRUE  TRUE  TRUE  TRUE  TRUE  TRUE  TRUE  TRUE  TRUE  TRUE  TRUE  TRUE  TRUE
[511]  TRUE  TRUE  TRUE FALSE  TRUE  TRUE  TRUE  TRUE  TRUE  TRUE  TRUE  TRUE  TRUE  TRUE  TRUE
[526] FALSE  TRUE  TRUE  TRUE  TRUE  TRUE  TRUE  TRUE  TRUE  TRUE  TRUE  TRUE  TRUE  TRUE  TRUE
[541] FALSE  TRUE  TRUE  TRUE  TRUE  TRUE  TRUE  TRUE  TRUE  TRUE  TRUE  TRUE  TRUE  TRUE  TRUE
[556]  TRUE  TRUE  TRUE  TRUE  TRUE  TRUE FALSE  TRUE  TRUE  TRUE  TRUE  TRUE  TRUE  TRUE  TRUE
[571]  TRUE  TRUE  TRUE  TRUE  TRUE  TRUE FALSE  TRUE  TRUE  TRUE  TRUE  TRUE  TRUE  TRUE FALSE
[586]  TRUE  TRUE  TRUE  TRUE  TRUE  TRUE  TRUE  TRUE  TRUE  TRUE  TRUE  TRUE  TRUE  TRUE  TRUE
[601]  TRUE  TRUE  TRUE

