
Birth-death simulation object with 706 species and 500 extant species

Details for some species:

Extinction times (NA means extant)
[1] 81.22361 60.80539 72.75085 58.82142       NA       NA


Speciation times 
[1] 91.36415 84.47954 82.04786 68.62200 60.88744 66.89049


Species parents (NA for initial)
[1] NA  1  2  2  2  4


Species status (extinct or extant)
[1] "extinct" "extinct" "extinct" "extinct" "extant"  "extant" 


For more details on vector y, try sim$y, with y one of
TE TS PAR EXTANT



$TE
  [1] 81.2236140 60.8053898 72.7508505 58.8214156         NA         NA 42.7854969         NA
  [9] 19.1546439         NA         NA 25.5446831 29.8476731  3.8123154  6.5107055         NA
 [17]         NA         NA  8.3069414 14.1682152 31.1593975 36.3556264         NA 24.1550643
 [25]         NA         NA         NA 33.3215635 14.0353104         NA         NA 46.5353878
 [33] 40.2118759 23.0043032 24.0162139 15.6913374         NA  2.2689063 10.7673976         NA
 [41]  7.5483768 22.1003796 23.5646145         NA 25.2096422         NA 12.5200212  7.3362258
 [49]  7.9851599  0.9636601 34.8784447 33.4992731         NA 30.9451723 20.3469807 39.5419940
 [57]         NA         NA 24.2224016 11.5926673 13.2657643 22.6719327 35.5930364 29.8120804
 [65]         NA  6.5081181  0.1027224         NA         NA  8.7952888         NA         NA
 [73]         NA 15.5356870 37.7954964 11.4736649 17.5196735 26.6811379         NA         NA
 [81]         NA 13.7574701         NA 34.7322456         NA 19.9470800         NA 17.1287095
 [89]         NA 16.8322389 11.6752719         NA         NA         NA 10.9223557  9.7585914
 [97]  2.7972123         NA         NA         NA 18.9594328 30.8632070 11.9929015         NA
[105]         NA         NA         NA 21.5751564         NA         NA         NA 26.5790265
[113]  5.8931775 12.3829841 16.2219584         NA         NA  7.7799804 21.5392053  3.1631877
[121]  6.9784992  6.8109853  2.8972274         NA 30.3693305  9.4124399 15.4693133         NA
[129] 23.0548499         NA         NA  7.0745517 15.6750278         NA 21.2617388         NA
[137]         NA  0.9611745 11.3011702         NA 19.7355229         NA         NA  1.3430725
[145]         NA         NA         NA         NA         NA  4.8286929 13.9823128 26.6521385
[153]         NA  0.4988021         NA  4.9397351         NA         NA 26.6682234 16.2106556
[161] 10.6117985  3.2422656         NA         NA         NA 21.8625682 16.6077945         NA
[169]         NA         NA         NA         NA  3.8858573  8.7857567         NA         NA
[177]         NA         NA         NA         NA  2.5605857 29.6701797         NA         NA
[185]  6.7387354 17.2854788         NA         NA 14.0255239         NA         NA  3.0671000
[193] 19.0545167         NA         NA         NA         NA  5.4478619 15.0841806  9.5709080
[201]         NA         NA         NA 20.1093941         NA         NA 24.9860023 22.5419334
[209] 10.2962606         NA         NA  1.9247616 14.9028595         NA         NA 13.3271596
[217]         NA         NA         NA 26.6549736         NA         NA  9.0265153 15.5918854
[225]         NA         NA  3.6980998  8.6107130         NA         NA         NA  8.3788250
[233]         NA  4.1798547 22.0606750  8.5946077         NA  4.1701745 12.4624650  3.0357022
[241]  5.0546726         NA         NA         NA         NA         NA  0.3142782         NA
[249]  5.4419137         NA         NA         NA         NA         NA         NA  8.8944100
[257]         NA         NA  9.7669026 19.9715243         NA 17.5979977         NA         NA
[265]         NA         NA         NA 10.6643238         NA         NA         NA         NA
[273]  7.9685473         NA         NA         NA         NA         NA         NA 10.4566766
[281]         NA  9.6350100 17.1643094         NA         NA         NA         NA         NA
[289]         NA         NA         NA         NA         NA         NA         NA  6.1650188
[297]         NA         NA         NA         NA         NA         NA  5.6699786         NA
[305]         NA         NA         NA         NA 17.3558943 10.8311270 12.6308063         NA
[313]  6.1077690         NA  8.0649176  5.0189841         NA         NA         NA         NA
[321]         NA         NA         NA 17.6671258 17.3450912         NA         NA         NA
[329]         NA         NA  7.2759865         NA         NA         NA 11.0248513         NA
[337]  8.9579918         NA         NA         NA  3.9483035  4.7511516  3.6061715 13.3139288
[345]         NA         NA         NA         NA         NA         NA         NA         NA
[353]         NA         NA         NA 13.9892971  4.0498936         NA         NA         NA
[361]  3.6852874  5.1727740         NA         NA         NA         NA         NA         NA
[369]         NA         NA  4.3644903         NA         NA  7.7120525  2.0120118         NA
[377]         NA         NA  6.1808912         NA         NA  1.4910548         NA  2.4504060
[385]         NA         NA         NA 14.5734913         NA         NA         NA         NA
[393]  1.9059435         NA         NA         NA         NA         NA         NA         NA
[401] 11.6897810         NA         NA         NA         NA         NA         NA         NA
[409]         NA         NA         NA  4.6775837         NA         NA         NA         NA
[417]         NA  4.5016134         NA         NA         NA         NA         NA         NA
[425]  9.2327135         NA         NA         NA         NA         NA         NA         NA
[433]         NA         NA         NA         NA 13.5673145         NA  9.8539588         NA
[441]         NA         NA         NA         NA  3.8873084         NA         NA  1.5265424
[449]         NA         NA  5.5650684 10.8492258         NA         NA         NA         NA
[457]         NA         NA         NA         NA         NA  5.6700499         NA         NA
[465]         NA         NA 11.3979980         NA         NA  5.3494302  9.5155864         NA
[473]         NA         NA         NA         NA         NA         NA         NA         NA
[481]         NA         NA         NA         NA         NA  4.6780799         NA         NA
[489]         NA         NA         NA         NA  9.5884621         NA         NA         NA
[497]  0.1106699         NA         NA         NA         NA         NA  1.2952574  9.3292326
[505]         NA         NA         NA         NA  7.5490493         NA         NA         NA
[513] 10.2871787         NA         NA         NA         NA         NA         NA  1.0058561
[521]  0.9831824         NA         NA  2.3989622         NA         NA         NA         NA
[529]  5.8474736         NA         NA         NA         NA         NA         NA         NA
[537]         NA         NA         NA         NA         NA         NA         NA         NA
[545]         NA         NA         NA         NA         NA         NA  4.7724940         NA
[553]         NA         NA         NA         NA         NA         NA         NA         NA
[561]         NA         NA  1.2867804         NA         NA         NA         NA         NA
[569]         NA         NA         NA         NA  2.7047758         NA         NA         NA
[577]         NA  5.6121086         NA         NA         NA         NA         NA  4.7345647
[585]         NA         NA         NA         NA         NA         NA         NA         NA
[593]         NA         NA         NA         NA         NA         NA         NA  4.0101965
[601]         NA         NA         NA         NA         NA         NA         NA         NA
[609]         NA         NA         NA         NA  3.9382174         NA         NA  0.2377136
[617]         NA  0.6715163         NA         NA         NA         NA         NA         NA
[625]         NA         NA         NA         NA         NA         NA         NA         NA
[633]         NA         NA         NA         NA         NA         NA         NA         NA
[641]         NA         NA         NA         NA         NA         NA         NA         NA
[649]         NA         NA         NA         NA         NA         NA         NA         NA
[657]         NA         NA         NA         NA         NA  2.4389401         NA         NA
[665]  0.6087430         NA         NA  0.3294524         NA         NA         NA         NA
[673]         NA         NA         NA         NA         NA         NA         NA         NA
[681]         NA         NA         NA         NA         NA         NA         NA  1.4479259
[689]         NA         NA         NA         NA         NA         NA         NA         NA
[697]         NA         NA         NA         NA         NA         NA         NA         NA
[705]         NA         NA

$TS
  [1] 91.36414659 84.47953577 82.04785641 68.62200070 60.88744326 66.89049066 62.74368381
  [8] 57.98641418 31.06171752 27.43384178  2.42873140 57.58173484 46.55136384 29.48863684
 [15] 17.35243758 12.00130789  8.24641117 54.02315596 51.08762172 49.77867469 48.29127429
 [22] 41.87782008 23.26455987 46.68064192 40.91270987 30.07234499 51.84720000 45.93356598
 [29] 42.81852036 29.45053734  5.59597178 51.59122851 49.40235443 43.64999896 36.27025196
 [36] 19.99889039  0.90048902 49.24586173 41.91896048 11.92790729 47.05548929 44.54478299
 [43] 43.25747369 37.10386864 38.67814462 24.61513776 21.84935464 16.51241667  9.95493336
 [50]  2.72413942 43.49085793 39.29166231 12.19554016 37.57785252 36.95542681 41.30393846
 [57] 37.42403860 30.58841122 29.31320344 42.30164181 41.43215211 35.46710760 38.78760819
 [64] 42.61274586 37.60938393 35.03272779 34.84477680 28.52247130 22.30109263 20.23315488
 [71] 35.79011889 39.74395015 28.30559831 15.80263164 38.78080178 36.69853378 28.22358974
 [78] 27.94813005 13.56756682 12.31102035 36.73399964 24.06075358 16.72276274 40.77140617
 [85] 39.54001456 29.30904015 27.30084982 25.49777675 24.31678740 23.22227533 16.96298471
 [92]  8.30606866 38.05211782 19.06169900 15.33555177 14.39276449  4.57864614 35.64631356
 [99] 32.79467772 28.58419985 25.84578487 37.19045081 36.45680142 19.63765041 14.47174170
[106] 31.32121905  7.89335283 35.58623808 32.17765505 15.25861076  2.03885853 34.24220850
[113] 26.39765885 23.71994262 21.46860659 18.17950912  1.40538974 29.55338851 27.41656313
[120] 36.11016256 32.40824939 27.19544025  8.53167020 33.42861932 32.32994068 24.12695922
[127] 20.13777649 16.32157248 28.36621896 30.72826986 35.25272144 14.94595329 33.76834206
[134] 29.66368489 29.51299262 21.31938519 10.88211388  4.08802114 30.41920775 22.96438475
[141] 34.06240121 28.57629069 18.51717342  4.54871159  1.24130096  0.74758944 16.58187228
[148]  8.15796627  7.33918512 10.61286332 29.75931463 29.41926438 19.21132317 17.39503561
[155] 21.52377503 17.35961294  4.75043523  2.71435687 32.10973949 17.46582393 12.00641439
[162] 26.13146261 23.40679758 14.34106568 26.11046710 23.88905968 21.72290334 20.39392542
[169]  6.84070804  4.88590611 30.86360889 30.49727411 21.97688716 16.30349258 17.53419761
[176]  0.93984595 26.87933679  7.25890397 22.52707190 11.18806502  9.50244915 30.23974963
[183] 28.37158409  8.09227593 13.25267547 21.05537441 21.04241995 16.17654095 14.32512280
[190] 14.13747553  0.79987134 27.48507789 26.82610851 26.13306338 12.29443423 11.40227460
[197] 10.19502951  9.93361708 26.77996875 18.45567120 13.68722620 26.04220736 25.45511737
[204] 22.26034015 16.96772484  7.13656722 29.28149262 27.48253348 27.28466267 10.03957296
[211]  4.60627506 17.93716094 17.55020001 16.73805570  1.65919593 23.44335058 10.39931808
[218] 28.00692373  0.79321421 27.15346022 25.15982409  9.12065620 24.50374440 24.29727755
[225] 19.68591721 27.80393637 26.12560452 26.73825660  6.48763497  0.89645381 17.92802743
[232] 10.38024021 26.43719366 12.66838163 23.67045051 18.17704545 19.57720373 22.99743002
[239] 19.85975792 19.54210626 18.19375875 17.75734460 23.84866986 22.54548389 17.63876391
[246]  8.28291713  5.23366190 13.43293778  8.26013433 25.15507714 12.79393603 10.29106935
[253]  1.82203879  0.10569706 17.50920896 17.07488184 15.52994029 12.45098876 21.79302181
[260] 19.97523273  3.62147414 18.73492252 23.55485867 11.07461015 10.24437649  7.33383691
[267]  6.38964781 22.06565120 11.78983633  9.68154076  1.32185955 23.67868789 22.79716934
[274] 17.88664156 14.96307505 14.67533434 13.84796639 11.51667252  4.82252399 24.11626981
[281] 17.08635454 21.76516478 23.05830758 21.14582769 20.75690106 15.74705850  1.72923623
[288] 18.14353077 15.83590625 13.75899190  1.97516661  1.76472701  9.42952104  3.72073763
[295]  2.05419670 18.03841840  2.16935400 20.74360155 21.79013066  7.32267880  4.78571299
[302] 20.87688294 18.72386560 15.26835189 17.83738428  7.80516523  4.86980650 17.84296202
[309] 21.32258102 13.64489235 13.28825242  8.15459275  6.87664100 15.09120024 21.42982967
[316]  6.32242143 19.63708612 15.78477966 13.22304861 13.00767214 11.97055771  4.89601096
[323] 19.73955839 18.27671330 18.55749697 14.84711089 11.28887748 17.10317613 13.01063575
[330] 11.50415438 10.58192183  1.95657213 12.21578282  3.77379276 20.27815696  4.96971235
[337] 19.34513978 18.89436809 10.34872374  8.21588633  7.99828754  9.56168547  6.09838368
[344] 15.97279360 14.84594917  7.98238022  3.38179699 17.85891693 15.58899673 15.82551170
[351]  1.46394979  7.29805147  7.23525172  7.20362795 13.86476677 15.06292873 14.03929863
[358]  8.39878537  8.39872781 12.42883074  6.65649323 13.81539340  3.60911160 14.83224895
[365] 12.31713068  9.42067626 16.89727726  8.08498325  7.93414269  3.24573235 16.03557848
[372]  7.38234775  2.44777064 16.81911183 16.48997498 13.12505530 12.02528195 14.68101494
[379] 14.29711685 14.25322795  9.99561437 17.02137735  8.64548600 17.29086208 16.43744132
[386] 12.15996438  3.42104447 17.26619870 15.41252873 13.10095097  8.78953446  5.17146516
[393]  6.71485477 12.59859897  4.08134801  2.70248868 16.06485119  1.96021910 14.40183920
[400] 14.13767702 13.65243113 10.99298888  6.38028880  1.25501798  8.84768636  7.86330620
[407] 11.98446966 15.04692273  9.60383585  3.31709313  4.67815304 14.03807094  3.77542580
[414]  8.98224453  8.95549139  4.36463081 15.40284341 11.17104375  3.26473045 10.50053140
[421] 11.16923607  7.90322473  1.47173475 14.08923397 13.87165985  7.12599134 11.18468745
[428]  4.37674815  2.07905117  1.92916254  0.92577198  7.76958819  7.19904476  9.87540777
[435]  7.01998636  0.31821842 14.46841881 12.30046778 12.44114505 12.16155811  9.44524907
[442]  1.41823211 11.30859474  7.41877197  7.29005720 10.67980517  8.48688327  7.01934484
[449]  7.01176806 14.10962060 11.18227605 10.85010366 10.22011615 13.09261631 11.25930892
[456]  2.79093183 14.04876000  2.40317468 11.76856948 10.74203291  9.93642512  6.20353732
[463]  8.14811805  4.44530925  3.64101058  1.67457254 13.45500799  0.49791718 10.71973694
[470]  8.58566280 11.39925746  9.32390199  4.19525362 11.83184848 11.52895257 12.45773155
[477]  8.59208754  1.35337690  0.63008394  7.31722404  4.93871487  1.29597355  4.33022407
[484]  2.18985911 12.58321264 10.75926834  7.05215711  5.98404258 12.37858960 11.36504162
[491] 10.03260686  7.10092258 12.13197566  9.47846779  7.71665944  9.45791765  6.40373364
[498]  4.81869300  4.68763278  7.33440332  1.30974757  7.88525097  3.00812830 12.54287578
[505]  5.02100585  4.33931901  3.07271732  2.52629671  9.23474512  1.52699943  8.01185276
[512] 11.78992606 10.94668697  9.59159833  2.80035541  7.95611443  1.30161706  2.83805510
[519]  2.73207755 10.78940274  8.98024913  6.83708047  0.99383212  9.61118463  6.53119138
[526]  2.45159000  1.60685742  0.56771457 11.06317654  2.47869646  1.56468834  5.28061185
[533]  3.69841397  1.76276282  0.74039571  3.15153032 10.73897296  5.70987016  7.21363813
[540]  4.06793781  9.28161487  8.53389216  7.84890911  4.55683820  1.78373542  3.19589198
[547]  9.98005832  0.63373577  3.72277887  0.19620109  9.51291048  5.82821322  5.14826636
[554]  0.30455075  7.26275054  4.71520059  4.54352199  4.07629374  7.75670482  8.44961468
[561]  7.80401073  8.47788356  6.09587487  5.48333388  7.75508997  2.50635110  0.32704458
[568]  6.82730536  1.68456476  6.86780052  4.22379146  3.35933470  5.88462183  0.43688278
[575]  5.63534491  7.84863809  3.72418317  5.84049874  9.34613465  3.72934745  8.89995637
[582]  5.88512377  1.49643781  5.29971800  4.43852008  3.40415526  0.83104783  6.50851664
[589]  6.98379258  2.35588149  8.23484584  7.04996108  4.73123187  0.35417788  8.50115173
[596]  5.01550819  4.90210879  2.09877405  3.99196383  8.12187457  4.44105998  6.81960172
[603]  6.73699815  4.96425999  4.24761848  6.25680319  5.00591620  4.47717111  6.50209825
[610]  0.69974275  2.88145726  2.69241438  4.21267817  2.22572047  7.72410009  5.48635002
[617]  2.74164679  2.28851306  6.55523108  4.67264269  1.03317990  1.15191749  0.21328577
[624]  0.96824634  6.41544328  2.78162642  3.11187573  3.73692735  1.35005645  6.85828112
[631]  5.96047644  6.02819806  3.49521209  6.73767689  0.66420092  3.25290160  3.13195033
[638]  0.88657595  4.19782861  2.27509025  1.75062704  4.27911236  3.12149829  5.47286381
[645]  3.49557014  1.47711058  5.14096902  4.87820559  5.94364949  0.09091543  6.41788725
[652]  2.27967852  3.22122334  4.15956322  2.02606138  4.90559330  4.00237683  0.91973198
[659]  0.58290906  4.06584735  2.60819873  2.89322624  2.83912978  0.91730069  1.38230567
[666]  0.44492608  4.08572461  1.41868894  3.39647274  3.43636632  2.41784882  3.74713661
[673]  3.44398362  0.95818097  4.05945565  2.78028915  2.49221524  3.25538184  0.53923778
[680]  3.02096139  0.78473038  0.08951226  2.05954499  0.59230725  2.15114225  0.73079435
[687]  0.49409870  2.81956436  0.51202919  2.53386197  1.65431400  0.07690541  1.99797036
[694]  1.59001008  1.55237619  0.51424499  0.60723728  1.06348205  0.88263969  1.26321268
[701]  0.16434660  0.67983612  0.50065956  0.07038631  0.19733344  0.01034308

$PAR
  [1]  NA   1   2   2   2   4   6   6   6   6   6   7   5   5   5   5   5   8   8   8   8   8   8
 [24]  12  12  12  18  18  18  18  18  27  27  27  27  27  27  32  19  19  20  20  20  20  38  38
 [47]  38  38  38  38  21  41  41  24  24  13  28  42  42  34  34  34  51  43  43  43  43  43  29
 [70]  29  64  60  60  60  39  39  39  39  39  39  22  61  61  25  25  25  25  25  25  25  25  25
 [93]  84  72  72  72  72  85  85  85  45  93  93  93  93  65  65  54  57  57  57  44  44  44  44
[116]  44  44  55  55  81  81  81  81  76  76  76  76  76 103  35 120 120  71  98  98  98  98  98
[139] 108  62 131 131 131 131 131 131  66  66  66  67 141 133 133 133 124 124 124 124  99  99  99
[162] 121 121 121 109 109 109 109 109 109 106 106 106 106 171 171 130 130  58  58  58 172 172 172
[185] 139  26  26  26  26  26  26 134 134 134 134 134 134 134 118 118 118 135 135 135  14  14  59
[208]  86 100 100 100 142 142 142 142  68  68 183 183  73  73  73  77 218 218  78 226 208  87  87
[231] 209 209 122 122 177 177 193 199 199 199 199 199 228 233 233 233 233 113 113 194 194 194 194
[254] 194 162 227 227 227 165 165 202  88 221 221 221 221 250  46  46  46  46  89  89  89  89  89
[277]  89  89  89 126 126 280 166 243 243 243 243 272 272 263 263 263 163 163 163  23  23 283 238
[300] 238 238 140 273 244 179 179 179  69 268 173 173 173 173  47 259 299 167 136 136 136 136 284
[323] 186 186 187 187 187 285 285 285 285 285 298 298 168 168 335 335  70 225 225 104 104 317 317
[346] 317 317 237 237 337 153  94 338 338 303 143 143 143 143 241 241 116 116 236 236 236 288 288
[369] 288 288 296 274 274 348 348 348 348 308 308 308 308 242 245 175 175 154 154 156  15  15  15
[392] 384 281 205 205 205 367 367 214 214 214 214 214 214  83  83 147  48 375 375 385 128 128 174
[415] 188 188 397 397 289 318 286 286 286 349 349 349 257 257 257 389 389 417 417 110 110 110 314
[438] 314 275 275 326 326 345 345 345 364 378 378 378 276 276 276 276 399 399 399 164 164 380 380
[461] 400 400 190 190 424 424 457 457 412 355 277 277 277 362 362 290 290 290 290 201 201 201  79
[484]  79 467 248 248 248 319 319 376 376 390 390 390 329 329 329 329 320 320 394 394 485 485 485
[507] 485 485 476 476 258 360 360 360 360 489 489 365 195 333 440 440 386 493  16  16  16 474 512
[530] 269 269 459 459 459 475 490 443 327 455 427 529 402 402 402 137 537 469 420 217 217 252 252
[553] 265 265 453 453 453 197 210 491 381 461 461 461 434 434 434 270 270 409 409 409 514 514 342
[576] 551 181 494 496 496 441 293 366 472 541 541 541 521 415 415 581 581 391 383 542 542 447 447
[599] 359 246 246 249  17 591 463 184 184 184 346 346 516 369 422 422 406 543 543 543 576 561 432
[622] 559 559 565 495 444 372 149 266 352 352 445 353 433 433 206 206 426 592 435 449 169 169 522
[645] 602 602 634 393 525 588 609 229 651 625 563 649 538  31 616 564 532 647 505 505 597 170 648
[668] 648 307 620 211 416 642 642 138 395 657 413 413 294 261 261 636 653 536 643 643 627 680 518
[691] 626 373 640 640 614 297 598 655 398 510 621 176 535 659 679 254

$EXTANT
  [1] FALSE FALSE FALSE FALSE  TRUE  TRUE FALSE  TRUE FALSE  TRUE  TRUE FALSE FALSE FALSE FALSE
 [16]  TRUE  TRUE  TRUE FALSE FALSE FALSE FALSE  TRUE FALSE  TRUE  TRUE  TRUE FALSE FALSE  TRUE
 [31]  TRUE FALSE FALSE FALSE FALSE FALSE  TRUE FALSE FALSE  TRUE FALSE FALSE FALSE  TRUE FALSE
 [46]  TRUE FALSE FALSE FALSE FALSE FALSE FALSE  TRUE FALSE FALSE FALSE  TRUE  TRUE FALSE FALSE
 [61] FALSE FALSE FALSE FALSE  TRUE FALSE FALSE  TRUE  TRUE FALSE  TRUE  TRUE  TRUE FALSE FALSE
 [76] FALSE FALSE FALSE  TRUE  TRUE  TRUE FALSE  TRUE FALSE  TRUE FALSE  TRUE FALSE  TRUE FALSE
 [91] FALSE  TRUE  TRUE  TRUE FALSE FALSE FALSE  TRUE  TRUE  TRUE FALSE FALSE FALSE  TRUE  TRUE
[106]  TRUE  TRUE FALSE  TRUE  TRUE  TRUE FALSE FALSE FALSE FALSE  TRUE  TRUE FALSE FALSE FALSE
[121] FALSE FALSE FALSE  TRUE FALSE FALSE FALSE  TRUE FALSE  TRUE  TRUE FALSE FALSE  TRUE FALSE
[136]  TRUE  TRUE FALSE FALSE  TRUE FALSE  TRUE  TRUE FALSE  TRUE  TRUE  TRUE  TRUE  TRUE FALSE
[151] FALSE FALSE  TRUE FALSE  TRUE FALSE  TRUE  TRUE FALSE FALSE FALSE FALSE  TRUE  TRUE  TRUE
[166] FALSE FALSE  TRUE  TRUE  TRUE  TRUE  TRUE FALSE FALSE  TRUE  TRUE  TRUE  TRUE  TRUE  TRUE
[181] FALSE FALSE  TRUE  TRUE FALSE FALSE  TRUE  TRUE FALSE  TRUE  TRUE FALSE FALSE  TRUE  TRUE
[196]  TRUE  TRUE FALSE FALSE FALSE  TRUE  TRUE  TRUE FALSE  TRUE  TRUE FALSE FALSE FALSE  TRUE
[211]  TRUE FALSE FALSE  TRUE  TRUE FALSE  TRUE  TRUE  TRUE FALSE  TRUE  TRUE FALSE FALSE  TRUE
[226]  TRUE FALSE FALSE  TRUE  TRUE  TRUE FALSE  TRUE FALSE FALSE FALSE  TRUE FALSE FALSE FALSE
[241] FALSE  TRUE  TRUE  TRUE  TRUE  TRUE FALSE  TRUE FALSE  TRUE  TRUE  TRUE  TRUE  TRUE  TRUE
[256] FALSE  TRUE  TRUE FALSE FALSE  TRUE FALSE  TRUE  TRUE  TRUE  TRUE  TRUE FALSE  TRUE  TRUE
[271]  TRUE  TRUE FALSE  TRUE  TRUE  TRUE  TRUE  TRUE  TRUE FALSE  TRUE FALSE FALSE  TRUE  TRUE
[286]  TRUE  TRUE  TRUE  TRUE  TRUE  TRUE  TRUE  TRUE  TRUE  TRUE FALSE  TRUE  TRUE  TRUE  TRUE
[301]  TRUE  TRUE FALSE  TRUE  TRUE  TRUE  TRUE  TRUE FALSE FALSE FALSE  TRUE FALSE  TRUE FALSE
[316] FALSE  TRUE  TRUE  TRUE  TRUE  TRUE  TRUE  TRUE FALSE FALSE  TRUE  TRUE  TRUE  TRUE  TRUE
[331] FALSE  TRUE  TRUE  TRUE FALSE  TRUE FALSE  TRUE  TRUE  TRUE FALSE FALSE FALSE FALSE  TRUE
[346]  TRUE  TRUE  TRUE  TRUE  TRUE  TRUE  TRUE  TRUE  TRUE  TRUE FALSE FALSE  TRUE  TRUE  TRUE
[361] FALSE FALSE  TRUE  TRUE  TRUE  TRUE  TRUE  TRUE  TRUE  TRUE FALSE  TRUE  TRUE FALSE FALSE
[376]  TRUE  TRUE  TRUE FALSE  TRUE  TRUE FALSE  TRUE FALSE  TRUE  TRUE  TRUE FALSE  TRUE  TRUE
[391]  TRUE  TRUE FALSE  TRUE  TRUE  TRUE  TRUE  TRUE  TRUE  TRUE FALSE  TRUE  TRUE  TRUE  TRUE
[406]  TRUE  TRUE  TRUE  TRUE  TRUE  TRUE FALSE  TRUE  TRUE  TRUE  TRUE  TRUE FALSE  TRUE  TRUE
[421]  TRUE  TRUE  TRUE  TRUE FALSE  TRUE  TRUE  TRUE  TRUE  TRUE  TRUE  TRUE  TRUE  TRUE  TRUE
[436]  TRUE FALSE  TRUE FALSE  TRUE  TRUE  TRUE  TRUE  TRUE FALSE  TRUE  TRUE FALSE  TRUE  TRUE
[451] FALSE FALSE  TRUE  TRUE  TRUE  TRUE  TRUE  TRUE  TRUE  TRUE  TRUE FALSE  TRUE  TRUE  TRUE
[466]  TRUE FALSE  TRUE  TRUE FALSE FALSE  TRUE  TRUE  TRUE  TRUE  TRUE  TRUE  TRUE  TRUE  TRUE
[481]  TRUE  TRUE  TRUE  TRUE  TRUE FALSE  TRUE  TRUE  TRUE  TRUE  TRUE  TRUE FALSE  TRUE  TRUE
[496]  TRUE FALSE  TRUE  TRUE  TRUE  TRUE  TRUE FALSE FALSE  TRUE  TRUE  TRUE  TRUE FALSE  TRUE
[511]  TRUE  TRUE FALSE  TRUE  TRUE  TRUE  TRUE  TRUE  TRUE FALSE FALSE  TRUE  TRUE FALSE  TRUE
[526]  TRUE  TRUE  TRUE FALSE  TRUE  TRUE  TRUE  TRUE  TRUE  TRUE  TRUE  TRUE  TRUE  TRUE  TRUE
[541]  TRUE  TRUE  TRUE  TRUE  TRUE  TRUE  TRUE  TRUE  TRUE  TRUE FALSE  TRUE  TRUE  TRUE  TRUE
[556]  TRUE  TRUE  TRUE  TRUE  TRUE  TRUE  TRUE FALSE  TRUE  TRUE  TRUE  TRUE  TRUE  TRUE  TRUE
[571]  TRUE  TRUE FALSE  TRUE  TRUE  TRUE  TRUE FALSE  TRUE  TRUE  TRUE  TRUE  TRUE FALSE  TRUE
[586]  TRUE  TRUE  TRUE  TRUE  TRUE  TRUE  TRUE  TRUE  TRUE  TRUE  TRUE  TRUE  TRUE  TRUE FALSE
[601]  TRUE  TRUE  TRUE  TRUE  TRUE  TRUE  TRUE  TRUE  TRUE  TRUE  TRUE  TRUE FALSE  TRUE  TRUE
[616] FALSE  TRUE FALSE  TRUE  TRUE  TRUE  TRUE  TRUE  TRUE  TRUE  TRUE  TRUE  TRUE  TRUE  TRUE
[631]  TRUE  TRUE  TRUE  TRUE  TRUE  TRUE  TRUE  TRUE  TRUE  TRUE  TRUE  TRUE  TRUE  TRUE  TRUE
[646]  TRUE  TRUE  TRUE  TRUE  TRUE  TRUE  TRUE  TRUE  TRUE  TRUE  TRUE  TRUE  TRUE  TRUE  TRUE
[661]  TRUE FALSE  TRUE  TRUE FALSE  TRUE  TRUE FALSE  TRUE  TRUE  TRUE  TRUE  TRUE  TRUE  TRUE
[676]  TRUE  TRUE  TRUE  TRUE  TRUE  TRUE  TRUE  TRUE  TRUE  TRUE  TRUE  TRUE FALSE  TRUE  TRUE
[691]  TRUE  TRUE  TRUE  TRUE  TRUE  TRUE  TRUE  TRUE  TRUE  TRUE  TRUE  TRUE  TRUE  TRUE  TRUE
[706]  TRUE

