
Birth-death simulation object with 728 species and 500 extant species

Details for some species:

Extinction times (NA means extant)
[1] 59.54754 39.45584 37.08921 21.05717 25.32074 45.77159


Speciation times 
[1] 73.17674 65.65207 62.52140 56.07528 55.04473 52.00599


Species parents (NA for initial)
[1] NA  1  1  2  2  2


Species status (extinct or extant)
[1] "extinct" "extinct" "extinct" "extinct" "extinct" "extinct"


For more details on vector y, try sim$y, with y one of
TE TS PAR EXTANT



$TE
  [1] 59.54754317 39.45584235 37.08920920 21.05717161 25.32073932 45.77159110 42.63459879
  [8] 35.26277980 46.36634640          NA 51.06244677 52.76600951          NA 12.37076314
 [15]          NA 34.14988514 11.97586367          NA 14.91098959 28.59433593 38.23769731
 [22] 20.26498665 24.64311864          NA  4.11795381 29.00997809          NA  2.49852950
 [29] 22.27652515 36.58563068 14.74044524          NA          NA 47.85023224 44.53648543
 [36] 21.34202766          NA          NA 20.42681478 36.00443737 17.15163159          NA
 [43]          NA 10.47596115 20.67155445          NA  0.13967410          NA          NA
 [50]          NA 42.28032071 15.78362495  0.49650322  1.64038225          NA          NA
 [57] 33.77773550 15.38119456          NA          NA          NA          NA 31.41566204
 [64] 17.20681644          NA          NA  4.86376537          NA          NA          NA
 [71] 35.27706045 30.14790791 32.92207540 30.14980549          NA          NA          NA
 [78] 14.26697670          NA          NA          NA  8.23332345  2.24845743  2.17135965
 [85]          NA 26.94630580          NA 22.16541527          NA 24.71002093  5.25753539
 [92]  6.08409068 16.26191431          NA  1.59688886 17.02556804 34.92836067 24.55818363
 [99]          NA          NA          NA          NA          NA  7.74311017 22.55445083
[106]          NA 20.05514080 15.96583775 16.87453474 19.33935214 10.77463514          NA
[113] 32.92484908 35.89034246 24.27845789 22.74031375          NA          NA  2.11673074
[120]          NA          NA  7.58522464  8.27485843 27.97346382          NA 29.57029191
[127] 29.33038091 18.02206297 20.10993761  9.01276049          NA          NA 11.45646797
[134]          NA  0.49514966 16.83890025 31.30758044 32.51908565          NA  3.24413573
[141] 26.50357751  0.30416187 25.85753639  1.88285249  2.94480223  2.79832294 23.46213187
[148] 18.68729656          NA 18.00349607 11.18696721 29.15083839          NA  3.60839979
[155]          NA          NA 30.84468751 24.49946108          NA          NA 22.06694935
[162] 13.57755061          NA          NA 12.88812506          NA 25.90223786 23.52492982
[169]          NA  0.03477269          NA 15.07971845          NA  4.94457403          NA
[176] 11.85308661          NA          NA          NA          NA          NA          NA
[183]  9.73265074          NA          NA          NA          NA  6.90044729          NA
[190] 13.34387639 17.09570806          NA          NA          NA          NA 14.52631370
[197]          NA          NA          NA          NA          NA          NA 18.39319291
[204]          NA          NA          NA  7.25899183  4.56866066          NA          NA
[211]          NA          NA 17.15758420          NA 29.22236731          NA  3.37136873
[218]  4.14311457 21.36759563 14.85210659          NA 10.32519580  0.91146106          NA
[225]          NA          NA  0.53993549 11.83253331          NA          NA          NA
[232]          NA          NA 20.34642465 11.81489260 24.00981096 13.93708188 17.68076421
[239]          NA 18.21607698          NA 15.17968143          NA          NA          NA
[246]          NA 22.35749075          NA 11.10398548          NA          NA          NA
[253]          NA          NA          NA          NA 11.85135139 17.26080460          NA
[260]          NA  5.34364497          NA          NA          NA          NA          NA
[267]          NA          NA          NA          NA  7.14373332          NA          NA
[274]          NA  5.67728708          NA          NA  8.65791976          NA          NA
[281]          NA          NA  6.53741649          NA          NA          NA          NA
[288]          NA 10.94148254 16.17820234          NA  8.07440568 11.72217335          NA
[295]          NA          NA          NA  5.54196114 11.97788346  4.03124349 13.03392136
[302]  7.79134728          NA 15.56007430          NA 11.23494487          NA          NA
[309]          NA          NA 12.40176935          NA          NA          NA          NA
[316]          NA  2.26642493          NA          NA  2.55562335          NA          NA
[323]          NA          NA          NA  2.45550074          NA          NA          NA
[330] 13.04920117          NA          NA 14.80684211          NA          NA          NA
[337]  8.80973504  4.83979095          NA          NA          NA          NA          NA
[344]          NA  7.91439111          NA 17.16339490          NA          NA 16.81141336
[351]          NA  9.28575374          NA          NA          NA 11.74100531  1.28608342
[358]          NA          NA          NA          NA          NA  2.81272271 11.11489949
[365]          NA  8.59967612          NA          NA          NA 11.34114869          NA
[372]          NA  2.01431196          NA          NA          NA          NA          NA
[379]          NA  7.08049566          NA          NA          NA          NA          NA
[386]          NA          NA          NA          NA  2.73047790          NA          NA
[393]          NA  9.51207677          NA          NA          NA          NA          NA
[400]          NA  6.63935563          NA          NA          NA          NA          NA
[407]  5.24021910          NA          NA          NA          NA  1.95264019          NA
[414]          NA          NA          NA  7.59511045          NA          NA          NA
[421]          NA  9.03075388          NA          NA          NA          NA          NA
[428] 10.01700569          NA          NA  1.48533661          NA          NA          NA
[435]          NA          NA 12.48180487  8.81417280          NA          NA          NA
[442]  0.30306880          NA          NA          NA 14.65996493          NA          NA
[449]  4.48869374          NA          NA          NA  4.06067810          NA  0.33351050
[456]          NA          NA          NA          NA          NA          NA  8.51289437
[463]          NA          NA          NA  6.23113062  0.60221382          NA          NA
[470]          NA          NA          NA  6.51271203          NA          NA          NA
[477]  1.62054589          NA          NA          NA          NA          NA  3.85062891
[484]          NA          NA          NA          NA          NA          NA  5.32573848
[491]          NA          NA          NA          NA          NA  1.32778423          NA
[498]          NA          NA  1.23455830          NA          NA          NA          NA
[505]          NA          NA  0.02645373  3.26105633          NA          NA  1.14442388
[512]          NA          NA          NA  6.11548129          NA          NA          NA
[519]          NA          NA  1.27240422  4.41190243          NA  4.57882949          NA
[526]          NA  0.12181086          NA          NA          NA          NA          NA
[533]          NA          NA          NA          NA          NA          NA          NA
[540]          NA  2.78989587  5.61264327  0.32972229  2.18905370          NA          NA
[547]          NA  0.17659280          NA          NA          NA          NA          NA
[554]          NA          NA          NA          NA          NA  8.18794545  0.65645859
[561]          NA          NA          NA          NA          NA  3.03657765          NA
[568]          NA          NA          NA          NA          NA          NA          NA
[575]          NA          NA          NA          NA          NA  1.50523688  4.68327381
[582]          NA          NA          NA          NA          NA          NA          NA
[589]          NA          NA  3.76836389  0.05435170          NA          NA          NA
[596]          NA  3.25436864          NA          NA          NA          NA          NA
[603]          NA          NA          NA          NA          NA          NA  1.04395099
[610]          NA          NA          NA          NA  0.75415149          NA          NA
[617]          NA          NA          NA          NA          NA          NA          NA
[624]          NA          NA          NA          NA          NA          NA          NA
[631]          NA          NA          NA          NA          NA          NA          NA
[638]  2.15593702          NA          NA          NA          NA          NA  1.34535735
[645]  2.32911942          NA          NA          NA          NA          NA          NA
[652]          NA          NA          NA          NA          NA          NA          NA
[659]          NA          NA          NA          NA          NA          NA  0.74935867
[666]          NA          NA          NA          NA  2.66027138          NA          NA
[673]          NA          NA          NA          NA          NA          NA          NA
[680]          NA          NA          NA          NA          NA          NA          NA
[687]          NA          NA          NA          NA          NA          NA          NA
[694]          NA          NA          NA          NA          NA          NA          NA
[701]          NA          NA          NA          NA          NA          NA          NA
[708]          NA          NA          NA          NA          NA          NA          NA
[715]          NA          NA          NA          NA          NA          NA          NA
[722]          NA          NA          NA          NA          NA          NA          NA

$TS
  [1] 73.176736149 65.652073535 62.521395934 56.075283470 55.044730819 52.005986814 61.739109116
  [8] 38.054601209 60.621056230 56.712221321 53.188078868 55.741290040 53.934909656 54.814534461
 [15] 43.859805283 38.735650498 22.924579991 12.675055051 43.252878445 42.284923080 41.812775769
 [22] 23.431739771 53.905779332 48.780540368 43.853423647 29.177948103 27.832789566 52.866435805
 [29] 52.858706512 41.663562529 41.476793235 39.910067707 21.704103813 50.501330989 45.188969021
 [36] 22.254042641 20.696876839  7.624834039 41.152679151 37.442486658 36.497147670 26.470737336
 [43] 52.750246960 35.732425121 34.610187878 33.283192022  3.341810114  3.266340612 51.503542484
 [50] 50.339815832 42.446841651 38.137273483 34.423710284 24.904536475 23.071057764 41.420849988
 [57] 38.390936002 25.523360248 22.737684551 19.115654201  8.012699052  1.686493964 42.659020153
 [64] 35.918169249 20.885968586 12.880540486  9.838061585  1.184391502  0.945356027  0.915647149
 [71] 48.745866829 44.724526410 42.830332019 39.704393698 27.295220210 22.063107433 19.114682235
 [78] 18.693756772  9.393067336  7.565961199 32.765346586 25.384120958 11.211735398  4.521298754
 [85] 36.446176819 39.536827980 42.814142932 25.904326705  4.472259905 36.665117905 10.510033032
 [92]  9.241344803 42.979551638 20.289092449 17.644215522 36.371380245 41.486447613 32.638482769
 [99] 32.344715899 31.469815077 29.037657176 28.483093932 18.130906421  7.981748872 40.459219375
[106] 39.907745071 39.455860895 34.804141661 40.616875304 37.971381027 36.679849330 26.576891477
[113] 40.315947428 36.166907997 34.130959423 29.134970187 17.392391592 13.046517997  7.907556255
[120]  2.224299187  0.628966206 33.132666103 21.667157277 31.909823916 31.584646778 38.770198948
[127] 34.242400317 32.387642329 20.512775937 13.373081387  6.951112858 37.602042043 22.174685683
[134] 18.045220442 17.267748575 39.319059770 38.462102781 33.141259904 33.762655552 29.627238009
[141] 28.988554520 26.137616959 30.743210719 25.433994422 25.219129690 31.032273288 32.512942608
[148] 27.339541297 21.289889337 20.239393878 17.683946658 36.308760707 11.292131776 17.138903193
[155] 16.204442448 13.061148344 36.055267395 29.895281905 23.149113596 31.631290097 29.322170463
[162] 18.471829565 24.602863664 12.784692083 19.257235314 18.845105415 31.218674490 34.052347470
[169]  3.709525322 30.738233900 32.059872363 26.516229374 27.060159347 27.405811216 19.683097185
[176] 15.013504362 12.816057641 11.845970449  1.579358613 26.330265100 25.897128400 15.303086122
[183] 12.538093867 11.157292189  3.891600628  1.736686240 28.653162449 32.248797756 30.743345643
[190] 30.431822125 26.366141644 23.089546478 14.669245790  5.621052601 27.797145368 24.134175679
[197] 15.874192251 15.751532370 13.858260576 28.547706989 31.062301318 24.957909839 23.317135641
[204]  8.976795370  5.427709486  3.827134351 20.914433330  9.650557155  9.373590514  6.514347811
[211] 23.825445439 14.727521837 25.391921929 10.338742315 30.706752950 18.882644545 17.575317646
[218] 14.639946068 26.307091966 21.410766413 15.218176899 11.089150595  9.744275833  5.202616841
[225] 24.111563038 22.508219644 16.859348738 17.619718838 16.598608097 16.484701483  9.438511226
[232]  0.136519493 24.934601650 24.159338806 14.429263333 26.867216333 16.347713529 26.927246567
[239] 15.275837709 22.571627160 26.327811763 24.679000196 19.944506720  4.785485339  1.123140111
[246] 26.061894833 23.196176644 25.674542474 14.274130809 11.868634197  7.863473056  7.054926997
[253]  3.689834948 18.457689345 13.708451665  2.934790110 24.286149143 18.090610735  8.993744178
[260]  2.753421998 23.633963749 13.243226762 11.005385641  2.891262946  0.487362300  0.357363033
[267] 23.792608470 12.117906199  8.056491756  7.154739134 12.874713081  7.674658086  6.943079146
[274]  0.749768388 12.135297743  8.547179523  6.845600881 22.494564100 17.676173329 21.687976344
[281]  8.691143346 23.997544185 22.263149623 20.133949099  9.389830822  5.798733993 14.499977405
[288]  8.755014582 15.971894768 20.591231114 23.121033237  8.081341499 23.400595652 22.060501062
[295] 20.381146342 23.631866628 17.120385189  9.287896744 18.727267598 23.373434803 17.278671478
[302] 14.482871356  0.075355887 20.558692584 14.620833322 23.537910937 17.492723556 15.728428311
[309] 11.935739953 12.666237760 20.899433756 17.553953265  9.208668990  5.727307124 17.432568521
[316]  5.436681836  3.294076590  8.222022086  7.956593257 11.396603655  3.941590194  1.575278201
[323]  1.228683290 18.304397834 14.474570337  5.681071082  2.041206034  1.095678243 21.582901139
[330] 20.668986351 19.564982592  8.305831454 18.785324249 21.604789306 19.748471439 16.274015407
[337] 11.753357898 20.879238363 11.911093375  1.136685980  3.198863694 18.772379390 15.116725049
[344] 17.579340469 10.488188248  9.294209718 17.597533851  1.738060365  1.276125322 18.025486388
[351]  5.166080802 15.574063685 17.566232546 18.788762180 17.846410522 13.702115310  3.134480525
[358]  2.400011216 17.497288765  8.110359696 18.501367430 13.638794994  5.211687623 19.021610177
[365] 18.959038892 16.182168777  1.156326933 16.802714936 17.131362009 13.544174397  7.200714644
[372] 17.426297236  7.578045596  5.950002485  2.056207122 16.496875885  6.194157877  1.113281923
[379] 12.644437780 11.396670724  9.127591993 16.868152213 16.158024226 14.073155444  2.616667688
[386]  0.667573867  7.908843510  6.191400068  0.560633193  9.929448135  9.775206611  9.269020363
[393]  7.956130976 12.604173054 13.562032973  7.865454719 15.678447012 12.538942497 10.948840881
[400]  8.785454097 12.068493076  5.301753571  2.617313336  0.509376731  2.091202247 14.989067419
[407]  7.171855309  2.490590346 11.157851409  4.123229820 10.084958348  8.558005436  0.210205947
[414]  8.730737533  4.758784392  3.801956709 15.158291223  4.957201152  1.308032988  4.534947967
[421]  6.576939697 13.454004508 13.724302505  9.227140872  6.395538332  4.379859785  3.514210670
[428] 10.467031304  8.853854364 11.899196401 15.306909157 14.097068429  6.208726054  4.267157657
[435] 10.968806749  2.287904996 15.472626004 10.481255760  1.547316882  1.350235304  0.557080748
[442] 14.992118991 11.128842074 13.105651252  2.079292996 15.203296908 14.620392926 12.441619283
[449]  6.528870806  2.575154684 15.150781670 12.852357422 14.275759263  6.212989906 14.444390798
[456]  5.402735166  4.385973516 11.548345118 14.294278909  9.240093570  3.921659754 11.679855804
[463]  9.683610700  5.724688250  5.022118099 13.594984288  9.395256174  0.699546563 13.163919644
[470]  8.791516000  0.103802912 12.359636397 11.715454011 10.808450409  4.934149135  4.822672812
[477] 10.560825966  8.972240123  9.521898091  9.092837968  2.487213957 11.436006894  9.819807044
[484]  2.811765544  9.588843743 11.780646272 10.655144556  2.558501727  3.943544068 11.392750283
[491]  4.469873401  0.952409416  8.792853031 12.774211873 12.574024281  5.738428707 12.610058586
[498]  8.582904750  5.428554064 11.673424744  9.696366570  8.022923383  4.961913202 10.329588612
[505]  5.209692505  1.692167425 11.840493346  8.259400806  6.681929529  5.457157831  3.903445637
[512]  8.699477466  0.256724341  2.169382199  9.514806757  9.386131355  9.925847367  9.391792767
[519]  6.288432074  6.912910649  6.031616047  8.625419265  9.270747915  6.591835503  4.683690761
[526]  7.145952574  5.321619507  3.010462598  0.132438843  3.105244125  1.481995944  8.951685317
[533]  0.002822131  8.967289604  8.604287680  7.993940718  4.808391484  4.035557143  7.408267271
[540]  8.401657203  7.429882467  6.791894373  5.388580740  6.435285229  8.815931357  8.260720269
[547]  9.651568236  8.511419252  7.149415228  6.822574211  1.087845375  8.139949195  1.201289025
[554]  6.128586940  8.232528583  2.151584431  0.079199369  1.308229786  9.372494691  4.529082067
[561]  0.728951045  7.586019025  7.193962950  5.201322590  9.154259843  7.732022499  7.445592238
[568]  7.000224786  8.617558688  7.566641382  0.547159918  4.965206115  3.100410323  5.413603592
[575]  7.912525400  6.662120936  2.325065616  0.294849877  3.655771287  8.287004730  4.911213751
[582]  3.006392295  2.772269339  8.533660896  6.251014029  4.634969335  1.932787650  5.539687543
[589]  4.345248501  2.180049341  8.078714406  6.660285257  0.321387905  1.807414690  6.946371139
[596]  2.973194165  6.724113518  4.016375161  7.133723356  5.470967403  1.473654917  6.848754457
[603]  5.262039744  5.053702096  7.677691068  4.955071780  4.343497270  7.742385782  4.494491784
[610]  2.906146573  4.362366126  3.614434047  6.158574713  3.898989458  6.719162808  3.117906092
[617]  7.442596057  4.845609284  2.286500540  0.147645335  6.991495148  5.920225607  0.631035489
[624]  0.635702563  6.502455105  4.116469060  2.897687654  5.816117427  5.161355164  5.070580253
[631]  6.770931703  0.313224598  0.195966835  4.240632925  2.077847087  1.274688709  2.386876298
[638]  5.217785467  4.109828836  0.360945161  3.270844878  5.736139104  3.530328217  1.699141155
[645]  5.471119228  3.674732553  1.240700625  5.136401815  4.059420434  3.242045283  2.921533838
[652]  5.030481144  1.794083176  5.360901958  3.841962848  3.418849693  0.996070664  0.318702330
[659]  4.253155132  3.954749404  3.180628456  2.766280784  3.740810547  2.883770167  2.599132080
[666]  4.740124448  4.663860517  0.210755819  3.622200938  3.160609096  4.358745494  0.409426436
[673]  0.736450355  0.494011096  0.890608749  4.574447486  2.406340764  0.722043196  1.626062256
[680]  1.398461456  2.662397964  2.596421777  2.457673472  1.251667626  2.947642602  2.268229976
[687]  0.225178903  2.344490629  1.578118172  3.434138638  1.138592656  3.656925856  2.304319825
[694]  0.400881951  0.057867736  2.507531494  1.667549015  1.182950317  2.635820796  0.798933342
[701]  0.885538489  2.384703343  2.193024214  2.308197801  2.505144910  0.384939995  1.633335724
[708]  2.169976288  1.818561366  1.811275706  0.366200125  0.998109938  1.054009795  0.091626258
[715]  1.671048461  2.060517353  1.093221047  0.208582190  0.845369614  0.861658511  0.952339211
[722]  0.573304593  0.834292223  0.362350869  0.849024139  0.908006668  0.393514266  0.291920430

$PAR
  [1]  NA   1   1   2   2   2   3   3   7   7   7   9   9  10  10  10  10  10   4   4   4   4  12
 [24]   5   5   5   5  14  14  14  14  14  14  13  13  13  13  13  23  23  23  23  11  28  28  28
 [47]  28  28  29  29  29  29  29  29  29  43  43  43  43  43  43  43  49  49  49  49  49  49  49
 [70]  49  50  50  50  50  50  50  50  50  50  50  24  24  24  24  71  72  15  15  15  25  25  25
 [93]  19  19  19  93  87  87  87  87  87  87  87  87  63  63  20  20  30  97  97  31  56  56  56
[116]  56  56  56  56  56  56  39  39 109 109  32  32  32  32  32  32 106 106 106 106  74  86  86
[139] 107 107 136 136  52  52  52 110 132 132 132 132 132 111 111  85  85  85  96  96  96  64  64
[162]  64  44  44 108 108  45  53  53 127 115 115 168  46  46  46  46  46  46 122 122 122 122  81
[185]  81  81  98 147 147  99  99  99  99  99 188 188 188 188 188 171 160 160 160 160 160 160 100
[208] 100 201 201 146 146 189 189 143 170 170 190 161 101 101 101 101 101 187 187 187 200 200 200
[231] 200 200 102 102 102  27  27 195 195 174 148 148 148  75  75 173 173 236 112 112 112 112 112
[254] 172 180 241 142 142 142 142 246 246 246 246 246 246  88 181 181 181 248 248 248 248 144 144
[277] 144 213 213  82  82 145 145 145 202 202 233 233  54 242 163 163 257 257 257 196 225 225 282
[300] 211 211 267 267 261 261 296 296 306 306 293 159 159 159 159 291 291 291 192 192  55  59  59
[323]  59 240 226 226 226 226 278 283 283 283  76 294 294 294 294 280 123 334 329 220 220 149 149
[346] 149 311  65  65 338 338  37 304 295 295 295 295 295  94  94 243 335 335 331 165  60  60  77
[369] 365 365 365 166 166 166 166 354 342 342 361 361 361 162 162 254 254 254 324 103 103 134 355
[392] 355 355 151 279 279  95  95  95  95 228 344 344 344 353 312 312 312 359 307 315 315 315 372
[415] 372 372 117 117 117 135 154 297 227 227 368 368 368 229 376 230 237 237 336 336 155 155 366
[438] 366 383 198 198 431 431 182 182 239 239 239 221 221 446 417 451 451 343 442 212 193 218 218
[461] 287 302 302 325 325 455 455 455 235 453 432 199 199 199 199 199 423 255 362 362 362 466 395
[484] 395 422 130 262 262 469 444 444 444 452 164 494 494  18  18  18 310 310 310 310 497 497 495
[507] 448 448 268 309 430 178 178 486 337 458 482 482 320 490 153  83 409 409 409 435 435 435 435
[530] 399 474 487 487 477 477 477 477 477  91 345 504 390 390 483 391 223 463 547 547 547 547 485
[553] 485 231 467 467  79 518 209 209 209 346 346 346 392  92  92  92 460 460 313 381 381 480 478
[576] 478 534 534 532 429 545 545 493 470 470 535 498 412 276 584 548 540 540 580 508 552 360 591
[599] 269 502 502 536 536 319 393 393 387 396 396 251 608 608 566 566  38  38 373 373 373 567 617
[622] 371 371 563 407 595 273 520 602 602 277 277 277 550 631 615 509 592 519 519 454 433 433 433
[645] 377 521 622 286 496 496 194 645 316 499 499 574 456 527 402 564 564 564 629 629 630 604 604
[668] 604 652 572 503 606 475 475 537 244 666 667 420 420 634 639 649 489 321 185 185 416 416 663
[691] 663 646 646 646 692 641 650 528 582 582 610 627 662 699 403 403 682 408 408 683 683 358 688
[714] 619 590 708 708 556 405 327 587 689 439 440 647 717 720 404

$EXTANT
  [1] FALSE FALSE FALSE FALSE FALSE FALSE FALSE FALSE FALSE  TRUE FALSE FALSE  TRUE FALSE  TRUE
 [16] FALSE FALSE  TRUE FALSE FALSE FALSE FALSE FALSE  TRUE FALSE FALSE  TRUE FALSE FALSE FALSE
 [31] FALSE  TRUE  TRUE FALSE FALSE FALSE  TRUE  TRUE FALSE FALSE FALSE  TRUE  TRUE FALSE FALSE
 [46]  TRUE FALSE  TRUE  TRUE  TRUE FALSE FALSE FALSE FALSE  TRUE  TRUE FALSE FALSE  TRUE  TRUE
 [61]  TRUE  TRUE FALSE FALSE  TRUE  TRUE FALSE  TRUE  TRUE  TRUE FALSE FALSE FALSE FALSE  TRUE
 [76]  TRUE  TRUE FALSE  TRUE  TRUE  TRUE FALSE FALSE FALSE  TRUE FALSE  TRUE FALSE  TRUE FALSE
 [91] FALSE FALSE FALSE  TRUE FALSE FALSE FALSE FALSE  TRUE  TRUE  TRUE  TRUE  TRUE FALSE FALSE
[106]  TRUE FALSE FALSE FALSE FALSE FALSE  TRUE FALSE FALSE FALSE FALSE  TRUE  TRUE FALSE  TRUE
[121]  TRUE FALSE FALSE FALSE  TRUE FALSE FALSE FALSE FALSE FALSE  TRUE  TRUE FALSE  TRUE FALSE
[136] FALSE FALSE FALSE  TRUE FALSE FALSE FALSE FALSE FALSE FALSE FALSE FALSE FALSE  TRUE FALSE
[151] FALSE FALSE  TRUE FALSE  TRUE  TRUE FALSE FALSE  TRUE  TRUE FALSE FALSE  TRUE  TRUE FALSE
[166]  TRUE FALSE FALSE  TRUE FALSE  TRUE FALSE  TRUE FALSE  TRUE FALSE  TRUE  TRUE  TRUE  TRUE
[181]  TRUE  TRUE FALSE  TRUE  TRUE  TRUE  TRUE FALSE  TRUE FALSE FALSE  TRUE  TRUE  TRUE  TRUE
[196] FALSE  TRUE  TRUE  TRUE  TRUE  TRUE  TRUE FALSE  TRUE  TRUE  TRUE FALSE FALSE  TRUE  TRUE
[211]  TRUE  TRUE FALSE  TRUE FALSE  TRUE FALSE FALSE FALSE FALSE  TRUE FALSE FALSE  TRUE  TRUE
[226]  TRUE FALSE FALSE  TRUE  TRUE  TRUE  TRUE  TRUE FALSE FALSE FALSE FALSE FALSE  TRUE FALSE
[241]  TRUE FALSE  TRUE  TRUE  TRUE  TRUE FALSE  TRUE FALSE  TRUE  TRUE  TRUE  TRUE  TRUE  TRUE
[256]  TRUE FALSE FALSE  TRUE  TRUE FALSE  TRUE  TRUE  TRUE  TRUE  TRUE  TRUE  TRUE  TRUE  TRUE
[271] FALSE  TRUE  TRUE  TRUE FALSE  TRUE  TRUE FALSE  TRUE  TRUE  TRUE  TRUE FALSE  TRUE  TRUE
[286]  TRUE  TRUE  TRUE FALSE FALSE  TRUE FALSE FALSE  TRUE  TRUE  TRUE  TRUE FALSE FALSE FALSE
[301] FALSE FALSE  TRUE FALSE  TRUE FALSE  TRUE  TRUE  TRUE  TRUE FALSE  TRUE  TRUE  TRUE  TRUE
[316]  TRUE FALSE  TRUE  TRUE FALSE  TRUE  TRUE  TRUE  TRUE  TRUE FALSE  TRUE  TRUE  TRUE FALSE
[331]  TRUE  TRUE FALSE  TRUE  TRUE  TRUE FALSE FALSE  TRUE  TRUE  TRUE  TRUE  TRUE  TRUE FALSE
[346]  TRUE FALSE  TRUE  TRUE FALSE  TRUE FALSE  TRUE  TRUE  TRUE FALSE FALSE  TRUE  TRUE  TRUE
[361]  TRUE  TRUE FALSE FALSE  TRUE FALSE  TRUE  TRUE  TRUE FALSE  TRUE  TRUE FALSE  TRUE  TRUE
[376]  TRUE  TRUE  TRUE  TRUE FALSE  TRUE  TRUE  TRUE  TRUE  TRUE  TRUE  TRUE  TRUE  TRUE FALSE
[391]  TRUE  TRUE  TRUE FALSE  TRUE  TRUE  TRUE  TRUE  TRUE  TRUE FALSE  TRUE  TRUE  TRUE  TRUE
[406]  TRUE FALSE  TRUE  TRUE  TRUE  TRUE FALSE  TRUE  TRUE  TRUE  TRUE FALSE  TRUE  TRUE  TRUE
[421]  TRUE FALSE  TRUE  TRUE  TRUE  TRUE  TRUE FALSE  TRUE  TRUE FALSE  TRUE  TRUE  TRUE  TRUE
[436]  TRUE FALSE FALSE  TRUE  TRUE  TRUE FALSE  TRUE  TRUE  TRUE FALSE  TRUE  TRUE FALSE  TRUE
[451]  TRUE  TRUE FALSE  TRUE FALSE  TRUE  TRUE  TRUE  TRUE  TRUE  TRUE FALSE  TRUE  TRUE  TRUE
[466] FALSE FALSE  TRUE  TRUE  TRUE  TRUE  TRUE FALSE  TRUE  TRUE  TRUE FALSE  TRUE  TRUE  TRUE
[481]  TRUE  TRUE FALSE  TRUE  TRUE  TRUE  TRUE  TRUE  TRUE FALSE  TRUE  TRUE  TRUE  TRUE  TRUE
[496] FALSE  TRUE  TRUE  TRUE FALSE  TRUE  TRUE  TRUE  TRUE  TRUE  TRUE FALSE FALSE  TRUE  TRUE
[511] FALSE  TRUE  TRUE  TRUE FALSE  TRUE  TRUE  TRUE  TRUE  TRUE FALSE FALSE  TRUE FALSE  TRUE
[526]  TRUE FALSE  TRUE  TRUE  TRUE  TRUE  TRUE  TRUE  TRUE  TRUE  TRUE  TRUE  TRUE  TRUE  TRUE
[541] FALSE FALSE FALSE FALSE  TRUE  TRUE  TRUE FALSE  TRUE  TRUE  TRUE  TRUE  TRUE  TRUE  TRUE
[556]  TRUE  TRUE  TRUE FALSE FALSE  TRUE  TRUE  TRUE  TRUE  TRUE FALSE  TRUE  TRUE  TRUE  TRUE
[571]  TRUE  TRUE  TRUE  TRUE  TRUE  TRUE  TRUE  TRUE  TRUE FALSE FALSE  TRUE  TRUE  TRUE  TRUE
[586]  TRUE  TRUE  TRUE  TRUE  TRUE FALSE FALSE  TRUE  TRUE  TRUE  TRUE FALSE  TRUE  TRUE  TRUE
[601]  TRUE  TRUE  TRUE  TRUE  TRUE  TRUE  TRUE  TRUE FALSE  TRUE  TRUE  TRUE  TRUE FALSE  TRUE
[616]  TRUE  TRUE  TRUE  TRUE  TRUE  TRUE  TRUE  TRUE  TRUE  TRUE  TRUE  TRUE  TRUE  TRUE  TRUE
[631]  TRUE  TRUE  TRUE  TRUE  TRUE  TRUE  TRUE FALSE  TRUE  TRUE  TRUE  TRUE  TRUE FALSE FALSE
[646]  TRUE  TRUE  TRUE  TRUE  TRUE  TRUE  TRUE  TRUE  TRUE  TRUE  TRUE  TRUE  TRUE  TRUE  TRUE
[661]  TRUE  TRUE  TRUE  TRUE FALSE  TRUE  TRUE  TRUE  TRUE FALSE  TRUE  TRUE  TRUE  TRUE  TRUE
[676]  TRUE  TRUE  TRUE  TRUE  TRUE  TRUE  TRUE  TRUE  TRUE  TRUE  TRUE  TRUE  TRUE  TRUE  TRUE
[691]  TRUE  TRUE  TRUE  TRUE  TRUE  TRUE  TRUE  TRUE  TRUE  TRUE  TRUE  TRUE  TRUE  TRUE  TRUE
[706]  TRUE  TRUE  TRUE  TRUE  TRUE  TRUE  TRUE  TRUE  TRUE  TRUE  TRUE  TRUE  TRUE  TRUE  TRUE
[721]  TRUE  TRUE  TRUE  TRUE  TRUE  TRUE  TRUE  TRUE

