
Birth-death simulation object with 705 species and 500 extant species

Details for some species:

Extinction times (NA means extant)
[1] 88.59680 83.84837 73.05156 51.84987 27.14195 55.95795


Speciation times 
[1] 101.63030  91.19530  88.23636  78.37849  73.95468  66.97416


Species parents (NA for initial)
[1] NA  1  2  3  3  4


Species status (extinct or extant)
[1] "extinct" "extinct" "extinct" "extinct" "extinct" "extinct"


For more details on vector y, try sim$y, with y one of
TE TS PAR EXTANT



$TE
  [1] 88.5967985 83.8483748 73.0515606 51.8498710 27.1419462 55.9579549         NA 38.0013827
  [9] 33.2038159 27.8933011         NA 51.8123629 34.4337633 47.4994607         NA 32.3044763
 [17]  5.8963494  8.4216505 38.9020871 12.5684354 16.5862595 16.7103075 19.4383503 45.4320233
 [25] 44.4168866 37.1404177 44.2274447         NA         NA         NA 44.3746139 15.8181047
 [33] 45.0292967 41.5178769         NA         NA         NA         NA  5.4540343         NA
 [41]         NA  4.3020265         NA         NA 28.3139622         NA 31.5578239         NA
 [49] 31.2991124         NA 43.6950571 37.9788804         NA 21.2714745 10.7852194  0.6657320
 [57]         NA 22.9133220         NA 20.6988632  0.1941431         NA 24.0045822         NA
 [65] 13.8862820         NA         NA         NA  7.0051416 22.2470468         NA 44.1770590
 [73] 33.5726885         NA 27.6342527 29.9646673  4.4076591 17.6437863         NA         NA
 [81]         NA         NA 20.5162072 19.6346408         NA         NA 28.9860526         NA
 [89]         NA         NA 36.9407242 30.9674019 29.6272945 36.1238139 14.8322320 14.9221707
 [97] 10.8265410         NA 16.8699073         NA 24.8118856 27.3247437 21.3503464         NA
[105] 31.9041984         NA         NA         NA         NA         NA 11.2003420 40.5358742
[113]         NA 21.4163124         NA  1.1583961 13.1491473         NA 36.8142306 24.3179369
[121]         NA  5.8582270         NA         NA  2.6527921         NA         NA         NA
[129]         NA 36.4110220         NA 23.6027732         NA 24.1247864         NA         NA
[137]         NA         NA  9.6039636         NA 33.6528195         NA 28.6323592         NA
[145]  6.0534574         NA 27.3937856 15.5826644         NA 20.8591560         NA         NA
[153]         NA         NA         NA 25.4735653         NA 10.6281107         NA         NA
[161]         NA  7.7950124         NA         NA         NA 16.6846714         NA  2.4241711
[169]         NA 11.3820018 18.6628177         NA 19.0112054         NA         NA         NA
[177]         NA         NA 30.5613449 24.2007825         NA 18.8414466  4.5064326         NA
[185]         NA         NA         NA  8.6035184 17.4232377         NA         NA         NA
[193] 14.8085098         NA         NA         NA         NA         NA         NA 25.2105876
[201]  4.9646586         NA  4.3991889         NA         NA  2.3104738 27.1105490         NA
[209] 18.5348031 17.1306504  1.5806025         NA 11.1514615  1.1716644         NA  1.8256907
[217]         NA  0.7521878         NA 17.3714185 23.3393967  8.3944831 17.7859777 20.2754771
[225]  3.9324972         NA  2.7180765         NA         NA         NA         NA         NA
[233]  6.4171152         NA  9.6418577 21.8901068  9.9316977  0.6947387  8.6447103  8.7645714
[241]         NA         NA 15.2891881 14.0289680 12.0974613         NA  8.8975040         NA
[249]         NA         NA         NA         NA         NA         NA         NA 14.6505743
[257]         NA 20.0461131         NA  3.5948959  9.3012817         NA         NA 11.8035268
[265]         NA         NA  3.5673190  3.6572189 12.2838586 16.6505603         NA         NA
[273]         NA  2.8780969         NA  9.0793001         NA 13.8860881         NA         NA
[281]         NA  8.6840996         NA         NA         NA         NA         NA         NA
[289]         NA         NA         NA  5.1533324         NA         NA  3.9312331         NA
[297]         NA         NA         NA 20.6156635         NA         NA 10.9594152         NA
[305]         NA         NA  7.4545249         NA 13.0308570         NA         NA         NA
[313]         NA         NA         NA         NA         NA         NA         NA         NA
[321]         NA 13.7768513         NA         NA 10.5970957         NA         NA         NA
[329]         NA  8.1426305         NA 19.3787328         NA         NA         NA         NA
[337]         NA         NA         NA         NA         NA         NA  9.3123837         NA
[345]         NA         NA         NA         NA         NA         NA         NA         NA
[353]         NA         NA         NA 14.2469250         NA         NA 17.2254657 12.3313830
[361]         NA         NA         NA         NA         NA  3.6218480         NA         NA
[369]         NA         NA         NA         NA         NA         NA         NA         NA
[377]         NA  4.3398284         NA         NA  7.3819185         NA         NA         NA
[385]  2.6751817         NA         NA         NA         NA 14.2736369         NA         NA
[393]         NA         NA         NA         NA         NA         NA  0.9966180         NA
[401]         NA         NA  3.3138082  2.7979055         NA  8.4811322  2.4837518  1.9490725
[409]         NA         NA         NA         NA         NA         NA         NA         NA
[417]         NA         NA         NA         NA         NA  8.6648801         NA         NA
[425]         NA         NA         NA         NA         NA         NA         NA         NA
[433]         NA  4.3334411  1.0978751         NA         NA         NA         NA         NA
[441]  5.3542126         NA         NA  2.3788069         NA         NA  0.7498295         NA
[449]         NA         NA         NA         NA         NA         NA         NA         NA
[457]         NA         NA         NA         NA         NA  7.8400672         NA         NA
[465]         NA         NA         NA         NA         NA         NA         NA         NA
[473]         NA         NA  6.7939489         NA         NA         NA         NA  1.2608638
[481]         NA         NA         NA         NA         NA         NA  0.4025324  8.8792041
[489]         NA  9.4119660         NA         NA         NA         NA         NA         NA
[497]  8.0191681  7.3868170  4.1818673  4.7012782         NA         NA         NA         NA
[505]         NA         NA         NA         NA         NA         NA         NA         NA
[513]         NA         NA         NA         NA         NA         NA  4.9343929         NA
[521]         NA         NA         NA         NA  2.7514226         NA         NA         NA
[529]         NA         NA         NA         NA         NA         NA         NA         NA
[537]         NA         NA         NA         NA         NA         NA         NA         NA
[545]         NA  4.6382402         NA         NA         NA  0.9601439         NA         NA
[553]         NA         NA         NA         NA         NA         NA         NA         NA
[561]         NA         NA         NA         NA         NA  3.2785413         NA         NA
[569]         NA         NA         NA         NA         NA         NA         NA         NA
[577]  6.7792612         NA  3.3910545         NA         NA         NA  5.3056103         NA
[585]         NA         NA         NA         NA         NA         NA         NA  4.9976670
[593]         NA         NA         NA         NA         NA         NA         NA         NA
[601]         NA  4.6973840         NA  2.1220565         NA         NA         NA         NA
[609]  5.0577805         NA         NA         NA         NA         NA         NA         NA
[617]         NA         NA         NA         NA         NA  4.1004735         NA  1.6758745
[625]         NA         NA         NA         NA         NA         NA         NA         NA
[633]         NA         NA         NA         NA         NA  4.0964746         NA         NA
[641]  3.6521106  2.6879905         NA         NA         NA         NA         NA         NA
[649]         NA         NA         NA         NA         NA  0.9825705         NA         NA
[657]         NA         NA         NA         NA         NA         NA         NA         NA
[665]         NA         NA         NA         NA         NA         NA         NA         NA
[673]  0.4318357         NA         NA         NA         NA         NA         NA         NA
[681]  0.4534864         NA         NA  0.3940388         NA         NA         NA         NA
[689]         NA         NA         NA         NA         NA         NA         NA         NA
[697]         NA         NA         NA         NA         NA         NA         NA         NA
[705]         NA

$TS
  [1] 101.63030239  91.19530210  88.23635696  78.37848925  73.95468110  66.97416340  61.31671361
  [8]  55.51530191  61.64240007  61.42624541  58.44298023  66.85666775  65.62248377  64.35154281
 [15]  51.54253302  56.60324687  52.35983295  52.34569051  53.11171009  36.58536445  36.17318577
 [22]  46.88573383  45.05378775  59.75082149  53.08289807  45.21297185  44.95866317   8.99578346
 [29]   4.60071316   4.07600288  51.20618654  49.63805906  53.78122863  45.11491508  28.57649814
 [36]  27.32279445  20.08872468  13.15732201  12.39592775   9.91200329   8.84298215   4.51637170
 [43]   3.58297919  50.20882361  44.23827649  32.81874634  46.14611223  44.06992206  47.01715857
 [50]  38.98423139  44.83753260  38.71334360  30.13850774  30.00630976  23.28121977  18.16994670
 [57]  48.26744708  28.16978008  24.66712973  22.32803887  18.94554422  18.47509973  34.06941746
 [64]  18.06728503  15.58659371   7.30241581  47.98545711  46.36705125  40.13413238  34.21158867
 [71]  23.06459309  46.16370961  44.35650193   8.95670312  46.00073871  41.66926786  36.88633283
 [78]  33.98394259  25.06977169  23.40539994  17.54963873   0.01572492  40.76686900  33.35796776
 [85]  28.70659369  41.76586205  36.62117315  18.09674576   9.20054188   3.13266757  45.43102610
 [92]  37.44450585  43.88647855  39.22041059  42.27629926  40.84795332  38.33463985  26.45869747
 [99]  23.74424457  21.31727154  44.15599550  35.69306233  36.38844007  44.06167989  39.04740453
[106]  38.95431998  21.52779526  42.92768918  38.99345176  33.26879292  20.82093364  43.63383082
[113]  35.91840937  33.12203649  24.02433077  13.42180315  30.88317479  21.01943738  38.73808545
[120]  33.01520454  20.89024049  12.87944841   7.44465604   6.03108061  35.22053973  38.83444019
[127]  20.88924201  19.02118084  18.12551981  38.75440004  37.27125957  32.60696649  21.60120118
[134]  34.59300282  31.33994141  24.87851718  18.01718573   1.20948988  18.28485701   8.07940990
[141]  35.09870357  10.54428191  33.98374258  11.85384979  11.02605565   1.39097603  27.74179220
[148]  26.28922619  21.12264614  29.24869954  10.27213951   9.31577028   3.57982843   1.72047404
[155]   0.06224912  32.03003963  29.91029599  20.55995351  29.05034977  33.10521465  32.07533982
[162]  26.02584064   0.13027264  32.59542528  28.28618931  19.26049022   3.06316698  24.65290328
[169]  24.38739973  20.13050555  31.02675360  27.88082336  32.52463756  27.07503914  25.74748955
[176]  25.31738225  22.47933999   5.88367813  31.16609207  24.62061269  29.63666376  21.11845419
[183]  15.22972962  31.82320453  27.09109950  17.63521295   6.33839343  31.23022409  20.47715904
[190]  19.58944015  18.78848796   6.02716752  29.20610784  25.53364089  21.78702054  21.12575181
[197]   7.26944510   6.86439932   0.76062560  30.75460791  27.83870608  27.99373543   5.23978796
[204]   5.07830057   0.25198532  20.67614702  27.42050258  26.24814728  28.38809649  28.02658626
[211]  14.35184079   8.22414709  29.09505288  28.74747545  28.72383020  28.61454457  19.67720599
[218]  16.14324889  12.05619939  21.83252369  26.74788736  21.09961468  26.40268874  24.06185061
[225]  23.55683697   4.40595749  15.84984428  15.52622621  14.10969131   7.75484965  14.63555820
[232]   4.93603135  12.77374443   1.17823526  20.94738687  26.90746036  27.81292708  18.63281892
[239]  27.55636269  21.46211689  17.33678359  14.35337322  26.75294764  20.57792047  12.39379634
[246]  16.31904006  13.97568201  10.91575654   9.40957399   7.83761909  23.03106705  19.83337268
[253]  19.11528044  17.87083418   3.63713151  16.92470145  16.61524836  23.42690596  22.00784881
[260]  12.68368235  25.03069557  24.57679621  22.79651727  20.00836522  18.11164673  16.88684002
[267]  16.08087647  22.00070805  13.97995489  20.28528887  18.66214875  10.96989669   7.40945815
[274]  10.63019574   1.27338961  23.54464990  20.53663858  19.72145693   1.18372273  21.85487693
[281]  21.62233723  16.44296867  22.26589064  21.74542189  14.41441631  21.35298788  16.93930209
[288]  10.09700371   9.36585951   3.04927647   0.72168063  14.33664793   7.72924427  17.81667791
[295]   8.98636846   3.13864306  10.21331582   4.88019307  12.14589497  23.51691520  12.34544922
[302]  20.97184144  22.63912484   7.37439022  21.98363046  11.45313751  10.06469021   2.43653134
[309]  16.22902490   6.96622155   5.77999266   8.75522266   6.58609963   9.55234208  17.62386219
[316]  16.61871032  15.12013951   2.26275597  17.13874089   8.84538750   0.66743519  16.05900417
[323]   7.71627112   0.42415116  16.17809724  19.38863288   0.25510902  12.33318427   3.27584799
[330]  10.67047242   1.17484762  19.93208584   1.43420106  18.38667192   4.48424757  16.99001823
[337]  12.35474049  20.10320252  14.48713396  19.22989855   9.58070321   1.97314223  16.27682853
[344]  20.66105792  12.45172356  12.00819548  18.42073740   8.74386929  20.39125918  13.84758877
[351]  12.49737213   3.74550879  13.60935503   8.31921464  16.01068451  18.19832402  17.86350973
[358]  11.33297831  17.40480598  15.86987758  12.83821999  11.65463912  15.38889272   0.98439124
[365]  15.37290334  13.44652911  10.12334389  10.36225405   8.95583571  10.84127840   8.80853838
[372]   2.92827412   0.86719484   8.71995527   8.47138546  10.70092764   6.76455279  12.80917461
[379]  14.74089781  12.76628322  12.90706848   8.07378607   4.38688432  14.34815109  10.53488230
[386]  10.29243355   7.79905447   3.61112779   8.39024103  15.79671222  11.69328978   8.60574903
[393]   6.20846866   1.33688947   0.96661899  14.57472953   2.05422866   5.58713112  12.42650490
[400]   4.31461244  12.84560767  12.75519090  16.06426779   9.36062303   1.83618362  16.93262039
[407]  13.58109501   9.07024682   6.53924702   0.49659994   8.84664652   0.60210959  16.65147616
[414]  15.76295015  10.40888654   7.98119035   5.25764152  11.38621349  10.52978067   6.16374658
[421]   3.31206954  15.01234847   3.70090279  13.14702443  11.75169144  10.08960647  13.47491816
[428]  13.38456099   9.17972174  13.22405925  10.08458382  15.10655030  12.20962091   8.64703109
[435]  14.18708729  11.94681872  13.72128195  12.54654525  10.57991887  12.55553914  11.64497984
[442]  10.08461287   5.12850754   2.64849945   1.91228680   0.64828710   5.80919246   5.10453441
[449]   0.91986432   2.40628023   9.64843429   4.86312798   4.01497660   2.91623963  12.42447897
[456]   4.72905710   3.46980760  13.80544120   8.62895079   2.90022852  13.56048272  12.33325766
[463]   8.56165712  12.58557183  11.36542838   6.36775913   3.95476211   3.08141726   2.11745526
[470]   1.09840760   4.45062480   5.65640616   0.66875030   5.24892230   7.64914232   5.42080396
[477]  11.55618453   1.04890513   9.43154766   8.08917825  10.15454199  10.63934163   9.81505481
[484]   3.83219271   6.75590022   5.60113786  12.27529884  10.29412740   8.49531488  10.39775750
[491]   1.37860303  11.33883696   7.26145980   1.37373512  11.39950458   4.46302300   8.76680341
[498]   7.47454622   6.71909764   6.69757051   6.59218954  12.06469743   4.18168900  11.68384090
[505]  11.68356526   9.53803067   0.68320477   5.90528245   4.79486078   3.60635971   0.22292213
[512]   4.63440319   3.83044990  10.43784088   8.65793036   0.30569680   2.16513847   9.81397604
[519]   7.81714337   2.48476466   1.99708857  11.55090066   6.86590635  10.33930822   8.57272024
[526]   8.10931168   5.44278148   5.25493972   5.18648817   5.48924294   2.48079794  10.30610522
[533]   3.27047836   5.15065840   9.24591380   8.20030863   6.85005413   7.76733630   1.99263545
[540]   1.36976424   0.08072844   9.77349984   6.93438018   9.74476424   0.26415236   4.98024732
[547]   0.86990972   9.90341875   2.65648592   7.22099529   0.62176070   6.85492632   4.76485595
[554]   3.99327861   0.36233148   5.06553718   5.52499116   2.00373130   2.71849814   1.60742520
[561]   0.63820784   7.36321854   5.51526214   4.40598343   4.37266429   8.18421273   6.36752511
[568]   3.17488062   4.56801111   3.20182157   0.65673529   8.71228502   7.33788687   6.55372335
[575]   3.46273240   1.47541458   8.79836524   5.03995282   3.76014989   6.76390421   3.51481985
[582]   4.55408090   8.57050655   0.34200194   8.49543650   5.59628181   1.98051999   5.82747079
[589]   0.49320858   3.63595199   1.93276816   5.61048911   0.05614555   8.05957017   1.42329530
[596]   1.90890391   6.97097148   5.34315731   4.84540148   0.55849899   7.80694436   5.15961256
[603]   2.84465364   2.51544420   5.59760976   2.38197841   7.68550447   1.74989542   7.03007373
[610]   4.66448836   7.46233006   4.69341321   4.36939043   1.40356521   1.56130613   6.04882351
[617]   3.46962460   5.88044109   0.89728391   0.05021065   5.97196817   6.53915850   3.24202989
[624]   2.53438694   6.58766182   3.32488755   0.12461721   2.56195662   4.92493727   4.03143385
[631]   0.60043623   4.73511862   4.23719250   5.39510446   0.92217544   0.16853871   5.07893801
[638]   4.57110082   0.42695141   2.19218400   4.75216034   5.17005255   0.30902025   1.71648371
[645]   0.77980683   5.08367152   2.86545667   0.45879000   0.53241866   4.56060071   2.71492301
[652]   4.13218031   2.22332943   2.06705103   3.04568462   1.09106421   0.32784921   2.12316863
[659]   4.41029179   2.87957302   2.33772114   1.53008775   1.30940061   2.16979144   3.95118782
[666]   4.28354433   0.09007171   0.11119993   1.25306851   3.34266683   2.64205711   2.59009892
[673]   0.83241885   0.59520923   3.33746137   1.44993284   3.22621565   1.42653182   0.12474458
[680]   2.90393873   1.85436776   0.92965828   2.35849592   0.63524735   1.07240702   0.90451672
[687]   0.56425685   0.46212279   2.49044358   1.58319340   1.15150577   1.86267688   0.18039456
[694]   1.60548971   1.69433717   1.60426138   0.26868211   0.98757813   1.42537021   0.99822260
[701]   0.65165170   1.08668883   1.26203224   0.98533169   0.58396205

$PAR
  [1]  NA   1   2   3   3   4   4   4   5   5   5   6   6   6  13  14  14  14   9   9   9  10  10
 [24]   7   7   7   7   7   7   7  24  24  11  11  11  11  11  11  11  11  11  11  11  16  16  16
 [47]   8   8  19  19  17  17  18  18  18  18  15  15  15  15  15  15  44  44  44  44  32  32  32
 [70]  32  32  57  57  57  67  67  67  67  67  67  67  67  49  49  22  68  68  68  68  68  72  75
 [93]  91  91  23  23  23  23  23  23  51  45 101  48  48  48  48 104 104 104 104  93  93 108 108
[116] 108  95  95  86  86  86  86  86  86  76  96  96  96  96  83  83  83  83  69  69  69  69 109
[139]  50  50 106 106 126 126 126 126  97  97  97 131 131 131 131 131 131  87  20  20 103  21 113
[162] 113 113 125 125 125 125  78  78  78  84  84 110 110 110 110 110 110 114 114 160 160 160  46
[185]  46  46  46 164 164 164 164 164 161 161 161 161 161 161 161 156 156 184 135 135 135 188 171
[208] 117 200 200  53  53  54 157 157 157 157 157 157 150 193 193 159 159 159 214  85  85  85  85
[231] 216 216  35  35 209 165  58 210 172 172 172 237  36  36  36 185 185 185 185 185 174 174 174
[254] 174 174 243 243  98  98  98 223 148 148 148 208 208 208 162 162 175 175 175 175 194 194 176
[277] 176 176 176  79  79  79 261 261 261 136 136 136 136 136 136  59  59 262 169 169 115 115 225
[300] 276  80  55  71  71 251 251 263 263 303 177 177 283 283 259 268 268 305 280 195 284 284 281
[323] 281 281 133 107 107 286 286 196 196 149 149 118 118 302 235 121 121 127 127 127 111 206 206
[346] 206 344 344 244 158 277 277 349 349 338  37 264 252 278 278 217 217 190 190 326 326 326 340
[369] 253 128 128 128 128  61  61 191 191 271  62  62 347 347 347  56  56 129 129 129 265  88  64
[392]  64  64  64 137 254 254 357 294 294 315 315  81  81  81 241 241 336 336 336 287 287 256 256
[415] 266 266 266 316 316 316 316 257 257 282 282 282 343 218 218 267 355 227 227 227 414 414 228
[438] 228 228 365 365 365 183 379 231 231 396 396 396 339 285 285 285 285 211 211 211 384 229 229
[461] 269 350 350 437 437 437 437 437 437 437 407 427 427 366 116 428 430  38 424 401 233 380 380
[484] 380 402 402 260 440 438 351 351 455 337 301 462 487 433 433 433 433 433 299 299 502 502 502
[507] 502 219 346 346 346 436 436 144 144 144 425 391 391 391 391 504 504 505 505 362 362 522 418
[530] 465 492 145 370 376 274 274 142 385 514 514 368 524 151 297 297 481 481 288 426 442 548 544
[553] 544 451 451 341 314 314 506 479 479 249 289 404 404 429 408 408  28  28  28 295  74  74  74
[576]  74 369 411 411 320  41 312 348 515 434 459 392 463 585 389 354 212 212 526 526 140 382 382
[599] 594 594 250 250 601 387 538 538 293 293 323 607 475 273 304  66 550 310 310 543 523 198 537
[622] 377 377 377 580 485 501 313 622 187 420 616 124 192 508 508 311 311 486 586 563 530 530 527
[645] 476 634 634 598 417 474 443 646 637 204 509 456 456 612 610 610  29  29 650 582 496 471 564
[668]  30 453 554 484 513 352 255 590 388  43  43  43 575 675 675 626 626 329 533 533 533 623 677
[691] 570 296 372 680 671 671 520 469 654 654 539 608 694 699 702

$EXTANT
  [1] FALSE FALSE FALSE FALSE FALSE FALSE  TRUE FALSE FALSE FALSE  TRUE FALSE FALSE FALSE  TRUE
 [16] FALSE FALSE FALSE FALSE FALSE FALSE FALSE FALSE FALSE FALSE FALSE FALSE  TRUE  TRUE  TRUE
 [31] FALSE FALSE FALSE FALSE  TRUE  TRUE  TRUE  TRUE FALSE  TRUE  TRUE FALSE  TRUE  TRUE FALSE
 [46]  TRUE FALSE  TRUE FALSE  TRUE FALSE FALSE  TRUE FALSE FALSE FALSE  TRUE FALSE  TRUE FALSE
 [61] FALSE  TRUE FALSE  TRUE FALSE  TRUE  TRUE  TRUE FALSE FALSE  TRUE FALSE FALSE  TRUE FALSE
 [76] FALSE FALSE FALSE  TRUE  TRUE  TRUE  TRUE FALSE FALSE  TRUE  TRUE FALSE  TRUE  TRUE  TRUE
 [91] FALSE FALSE FALSE FALSE FALSE FALSE FALSE  TRUE FALSE  TRUE FALSE FALSE FALSE  TRUE FALSE
[106]  TRUE  TRUE  TRUE  TRUE  TRUE FALSE FALSE  TRUE FALSE  TRUE FALSE FALSE  TRUE FALSE FALSE
[121]  TRUE FALSE  TRUE  TRUE FALSE  TRUE  TRUE  TRUE  TRUE FALSE  TRUE FALSE  TRUE FALSE  TRUE
[136]  TRUE  TRUE  TRUE FALSE  TRUE FALSE  TRUE FALSE  TRUE FALSE  TRUE FALSE FALSE  TRUE FALSE
[151]  TRUE  TRUE  TRUE  TRUE  TRUE FALSE  TRUE FALSE  TRUE  TRUE  TRUE FALSE  TRUE  TRUE  TRUE
[166] FALSE  TRUE FALSE  TRUE FALSE FALSE  TRUE FALSE  TRUE  TRUE  TRUE  TRUE  TRUE FALSE FALSE
[181]  TRUE FALSE FALSE  TRUE  TRUE  TRUE  TRUE FALSE FALSE  TRUE  TRUE  TRUE FALSE  TRUE  TRUE
[196]  TRUE  TRUE  TRUE  TRUE FALSE FALSE  TRUE FALSE  TRUE  TRUE FALSE FALSE  TRUE FALSE FALSE
[211] FALSE  TRUE FALSE FALSE  TRUE FALSE  TRUE FALSE  TRUE FALSE FALSE FALSE FALSE FALSE FALSE
[226]  TRUE FALSE  TRUE  TRUE  TRUE  TRUE  TRUE FALSE  TRUE FALSE FALSE FALSE FALSE FALSE FALSE
[241]  TRUE  TRUE FALSE FALSE FALSE  TRUE FALSE  TRUE  TRUE  TRUE  TRUE  TRUE  TRUE  TRUE  TRUE
[256] FALSE  TRUE FALSE  TRUE FALSE FALSE  TRUE  TRUE FALSE  TRUE  TRUE FALSE FALSE FALSE FALSE
[271]  TRUE  TRUE  TRUE FALSE  TRUE FALSE  TRUE FALSE  TRUE  TRUE  TRUE FALSE  TRUE  TRUE  TRUE
[286]  TRUE  TRUE  TRUE  TRUE  TRUE  TRUE FALSE  TRUE  TRUE FALSE  TRUE  TRUE  TRUE  TRUE FALSE
[301]  TRUE  TRUE FALSE  TRUE  TRUE  TRUE FALSE  TRUE FALSE  TRUE  TRUE  TRUE  TRUE  TRUE  TRUE
[316]  TRUE  TRUE  TRUE  TRUE  TRUE  TRUE FALSE  TRUE  TRUE FALSE  TRUE  TRUE  TRUE  TRUE FALSE
[331]  TRUE FALSE  TRUE  TRUE  TRUE  TRUE  TRUE  TRUE  TRUE  TRUE  TRUE  TRUE FALSE  TRUE  TRUE
[346]  TRUE  TRUE  TRUE  TRUE  TRUE  TRUE  TRUE  TRUE  TRUE  TRUE FALSE  TRUE  TRUE FALSE FALSE
[361]  TRUE  TRUE  TRUE  TRUE  TRUE FALSE  TRUE  TRUE  TRUE  TRUE  TRUE  TRUE  TRUE  TRUE  TRUE
[376]  TRUE  TRUE FALSE  TRUE  TRUE FALSE  TRUE  TRUE  TRUE FALSE  TRUE  TRUE  TRUE  TRUE FALSE
[391]  TRUE  TRUE  TRUE  TRUE  TRUE  TRUE  TRUE  TRUE FALSE  TRUE  TRUE  TRUE FALSE FALSE  TRUE
[406] FALSE FALSE FALSE  TRUE  TRUE  TRUE  TRUE  TRUE  TRUE  TRUE  TRUE  TRUE  TRUE  TRUE  TRUE
[421]  TRUE FALSE  TRUE  TRUE  TRUE  TRUE  TRUE  TRUE  TRUE  TRUE  TRUE  TRUE  TRUE FALSE FALSE
[436]  TRUE  TRUE  TRUE  TRUE  TRUE FALSE  TRUE  TRUE FALSE  TRUE  TRUE FALSE  TRUE  TRUE  TRUE
[451]  TRUE  TRUE  TRUE  TRUE  TRUE  TRUE  TRUE  TRUE  TRUE  TRUE  TRUE FALSE  TRUE  TRUE  TRUE
[466]  TRUE  TRUE  TRUE  TRUE  TRUE  TRUE  TRUE  TRUE  TRUE FALSE  TRUE  TRUE  TRUE  TRUE FALSE
[481]  TRUE  TRUE  TRUE  TRUE  TRUE  TRUE FALSE FALSE  TRUE FALSE  TRUE  TRUE  TRUE  TRUE  TRUE
[496]  TRUE FALSE FALSE FALSE FALSE  TRUE  TRUE  TRUE  TRUE  TRUE  TRUE  TRUE  TRUE  TRUE  TRUE
[511]  TRUE  TRUE  TRUE  TRUE  TRUE  TRUE  TRUE  TRUE FALSE  TRUE  TRUE  TRUE  TRUE  TRUE FALSE
[526]  TRUE  TRUE  TRUE  TRUE  TRUE  TRUE  TRUE  TRUE  TRUE  TRUE  TRUE  TRUE  TRUE  TRUE  TRUE
[541]  TRUE  TRUE  TRUE  TRUE  TRUE FALSE  TRUE  TRUE  TRUE FALSE  TRUE  TRUE  TRUE  TRUE  TRUE
[556]  TRUE  TRUE  TRUE  TRUE  TRUE  TRUE  TRUE  TRUE  TRUE  TRUE FALSE  TRUE  TRUE  TRUE  TRUE
[571]  TRUE  TRUE  TRUE  TRUE  TRUE  TRUE FALSE  TRUE FALSE  TRUE  TRUE  TRUE FALSE  TRUE  TRUE
[586]  TRUE  TRUE  TRUE  TRUE  TRUE  TRUE FALSE  TRUE  TRUE  TRUE  TRUE  TRUE  TRUE  TRUE  TRUE
[601]  TRUE FALSE  TRUE FALSE  TRUE  TRUE  TRUE  TRUE FALSE  TRUE  TRUE  TRUE  TRUE  TRUE  TRUE
[616]  TRUE  TRUE  TRUE  TRUE  TRUE  TRUE FALSE  TRUE FALSE  TRUE  TRUE  TRUE  TRUE  TRUE  TRUE
[631]  TRUE  TRUE  TRUE  TRUE  TRUE  TRUE  TRUE FALSE  TRUE  TRUE FALSE FALSE  TRUE  TRUE  TRUE
[646]  TRUE  TRUE  TRUE  TRUE  TRUE  TRUE  TRUE  TRUE FALSE  TRUE  TRUE  TRUE  TRUE  TRUE  TRUE
[661]  TRUE  TRUE  TRUE  TRUE  TRUE  TRUE  TRUE  TRUE  TRUE  TRUE  TRUE  TRUE FALSE  TRUE  TRUE
[676]  TRUE  TRUE  TRUE  TRUE  TRUE FALSE  TRUE  TRUE FALSE  TRUE  TRUE  TRUE  TRUE  TRUE  TRUE
[691]  TRUE  TRUE  TRUE  TRUE  TRUE  TRUE  TRUE  TRUE  TRUE  TRUE  TRUE  TRUE  TRUE  TRUE  TRUE

