
Birth-death simulation object with 689 species and 500 extant species

Details for some species:

Extinction times (NA means extant)
[1]  63.56129 105.48327  33.34483  74.96287  96.61863  29.52848


Speciation times 
[1] 115.48947 111.35332  88.81050  79.29331 105.52311  57.37813


Species parents (NA for initial)
[1] NA  1  1  1  2  3


Species status (extinct or extant)
[1] "extinct" "extinct" "extinct" "extinct" "extinct" "extinct"


For more details on vector y, try sim$y, with y one of
TE TS PAR EXTANT



$TE
  [1]  63.5612948 105.4832689  33.3448258  74.9628709  96.6186258  29.5284759  26.7799213
  [8]   8.5513248  68.2156888  10.3682021  68.2394954          NA   7.2531725  25.5920845
 [15]          NA          NA   1.8032416          NA   8.7177560   5.5776039          NA
 [22]  32.7358812  31.9448749  21.7818464          NA          NA          NA  11.8597319
 [29]          NA          NA          NA          NA          NA  17.8985846  27.4441596
 [36]          NA  23.2460580  13.6338555          NA          NA  32.0695931   8.4032232
 [43]  32.1425784  12.5576219  25.1555484  28.2390211  17.6857826  29.9871774  25.2744843
 [50]  28.4185542          NA          NA  15.6951722          NA  24.3716308  35.5900987
 [57]  41.3186963          NA  13.0996365          NA          NA          NA          NA
 [64]   9.4704992   0.5622538  10.7196897   0.6135285  32.9035778  30.3770126  35.5107157
 [71]   1.4592890  36.4435582  21.1427355  32.6777634          NA          NA          NA
 [78]          NA  38.5723095          NA          NA  37.9298463   4.5165177   1.8718786
 [85]  15.5604886          NA          NA          NA  31.0709306  19.7235879          NA
 [92]   6.9952766   2.3647657          NA          NA  32.9694140          NA  10.8267499
 [99]          NA   0.2704892          NA          NA   4.8744652          NA          NA
[106]          NA          NA  10.8947137          NA  10.8431164  16.6949213  22.6231209
[113]   8.6227366          NA          NA          NA          NA  30.1882552  23.3312840
[120]          NA          NA          NA          NA   0.1543499          NA  34.4204852
[127]   7.4331424  16.3235885   7.9351095          NA          NA  25.3062865          NA
[134]   3.3061462          NA          NA  13.7386801          NA          NA          NA
[141]  26.7409779   0.8776817  16.6641162          NA          NA          NA          NA
[148]   2.2817344          NA          NA   3.3426046  20.9285080          NA  14.6302956
[155]          NA   4.7179957          NA   5.5548637   3.3617993          NA  15.6455796
[162]          NA          NA   3.0248445          NA          NA   3.5983811  25.9465531
[169]  11.2603277  16.6067193          NA          NA          NA   1.4605896   2.0534771
[176]  18.6006497          NA          NA          NA          NA  22.6867788  14.2015180
[183]  15.0249162          NA          NA          NA   2.4613628          NA   3.2086954
[190]          NA          NA          NA   1.6087509   2.1349088          NA          NA
[197]          NA   5.8880027          NA  14.5101910          NA          NA          NA
[204]          NA          NA          NA          NA          NA          NA          NA
[211]          NA          NA  10.4178519  17.9059778   9.4874941   8.7032430          NA
[218]          NA          NA          NA          NA          NA          NA          NA
[225]   7.5269014          NA          NA  13.4126684          NA          NA   9.0706684
[232]   1.8897557          NA  15.4697419          NA          NA   9.5785496  11.4960500
[239]          NA          NA          NA  12.1884475   4.9966582          NA          NA
[246]          NA          NA          NA          NA          NA   2.3002777   3.0069787
[253]   1.8682027          NA          NA          NA          NA          NA          NA
[260]          NA          NA          NA          NA          NA          NA          NA
[267]          NA          NA          NA          NA          NA   3.7739594          NA
[274]          NA          NA  12.3575710          NA          NA          NA   0.5564224
[281]   1.1213570  13.3311771          NA          NA          NA  14.7608191          NA
[288]          NA          NA          NA   6.2472071          NA          NA   8.4875364
[295]          NA          NA          NA   5.1798663          NA          NA   9.5455500
[302]          NA          NA          NA  14.7171103          NA  11.3985689  13.1413792
[309]          NA          NA          NA          NA   8.6268032          NA   0.3277205
[316]          NA          NA          NA          NA  13.8640625          NA          NA
[323]          NA   4.8407595          NA          NA   4.1261115          NA          NA
[330]          NA          NA          NA          NA   4.3465629          NA          NA
[337]          NA          NA  15.5506492  14.9018393          NA          NA          NA
[344]          NA  10.2934872          NA          NA   2.7427265          NA   0.6542966
[351]          NA          NA          NA          NA          NA  12.5118343   8.4342061
[358]          NA          NA          NA          NA          NA          NA          NA
[365]   1.2812309   0.5344892          NA  10.5288776   5.5814011          NA          NA
[372]          NA   5.2958866          NA   0.7976779          NA   0.6610551          NA
[379]          NA          NA          NA          NA          NA  10.9837735          NA
[386]          NA          NA          NA          NA          NA          NA   0.8101838
[393]          NA          NA  12.2607979          NA          NA          NA   3.0838535
[400]          NA          NA          NA          NA          NA          NA          NA
[407]          NA          NA          NA          NA   3.3138550          NA   8.9636037
[414]          NA          NA   3.3076833          NA          NA   3.8864996          NA
[421]          NA   2.7590707          NA   4.2004375          NA          NA          NA
[428]          NA          NA          NA          NA          NA          NA          NA
[435]          NA          NA          NA          NA          NA          NA          NA
[442]          NA          NA          NA          NA          NA          NA          NA
[449]          NA  10.4103846          NA          NA          NA   4.9038720   7.8829766
[456]          NA          NA   7.4764316   0.7902570          NA   6.4815230   8.2255938
[463]          NA          NA          NA          NA          NA          NA          NA
[470]          NA          NA          NA          NA          NA   5.6514967          NA
[477]          NA          NA          NA          NA          NA          NA   9.3027571
[484]          NA          NA          NA          NA          NA          NA   0.6558098
[491]          NA   2.3397742          NA          NA          NA          NA          NA
[498]          NA   6.1290146          NA          NA          NA          NA          NA
[505]          NA          NA          NA          NA          NA          NA          NA
[512]          NA          NA          NA   2.0530885          NA          NA          NA
[519]          NA          NA          NA   1.7908518          NA          NA          NA
[526]   4.6063486   1.2206761          NA          NA          NA          NA   1.3587601
[533]          NA          NA          NA          NA          NA          NA          NA
[540]          NA          NA          NA          NA          NA          NA          NA
[547]          NA   0.5271681          NA          NA          NA          NA          NA
[554]          NA          NA   5.7450879          NA          NA          NA          NA
[561]          NA          NA          NA          NA          NA          NA          NA
[568]          NA          NA          NA          NA          NA          NA          NA
[575]   3.6878448          NA          NA          NA          NA          NA          NA
[582]          NA          NA   1.4349600   1.8349422          NA          NA          NA
[589]          NA          NA          NA          NA          NA          NA          NA
[596]          NA          NA          NA          NA          NA          NA          NA
[603]   1.4293345          NA          NA          NA          NA          NA          NA
[610]          NA          NA          NA   0.9950341          NA          NA          NA
[617]          NA          NA          NA          NA          NA          NA          NA
[624]          NA          NA          NA          NA          NA          NA          NA
[631]          NA          NA          NA          NA          NA          NA          NA
[638]          NA          NA          NA          NA          NA          NA          NA
[645]          NA          NA          NA          NA          NA          NA          NA
[652]          NA          NA          NA          NA          NA          NA          NA
[659]          NA          NA          NA          NA          NA          NA          NA
[666]          NA          NA          NA          NA          NA          NA          NA
[673]          NA          NA          NA          NA          NA          NA          NA
[680]          NA          NA          NA          NA          NA          NA          NA
[687]          NA          NA          NA

$TS
  [1] 1.154895e+02 1.113533e+02 8.881050e+01 7.929331e+01 1.055231e+02 5.737813e+01 5.213358e+01
  [8] 4.122895e+01 7.755764e+01 7.261864e+01 7.229340e+01 5.391551e+01 5.156838e+01 4.843280e+01
 [15] 4.531863e+01 4.167156e+01 3.634027e+01 3.070628e+01 1.713020e+01 1.372796e+01 5.636404e+01
 [22] 5.208892e+01 4.481295e+01 2.443105e+01 2.354075e+01 4.365339e+01 4.092092e+01 3.371840e+01
 [29] 2.064929e+01 1.621193e+01 1.237679e+01 8.667054e+00 2.168143e+00 3.316430e+01 4.839457e+01
 [36] 3.536623e+01 4.628396e+01 2.422284e+01 1.072063e+01 9.986849e+00 4.809477e+01 3.474408e+01
 [43] 3.271112e+01 4.456964e+01 3.359377e+01 3.165735e+01 4.428188e+01 4.405545e+01 3.422070e+01
 [50] 4.390621e+01 4.038071e+01 3.993661e+01 3.880125e+01 3.411453e+01 2.523571e+01 4.528070e+01
 [57] 4.175144e+01 3.363188e+01 2.407486e+01 1.974853e+01 1.811863e+01 5.027663e+00 6.765786e-01
 [64] 1.463231e+01 4.190466e+01 3.936928e+01 3.177895e+01 3.525302e+01 3.520652e+01 3.739817e+01
 [71] 9.626745e+00 4.133431e+01 4.038814e+01 3.359661e+01 2.029519e+01 1.910976e+01 4.826349e+00
 [78] 1.492150e+00 4.004416e+01 1.574214e+01 1.409818e+01 3.849536e+01 2.309030e+01 2.293203e+01
 [85] 1.699991e+01 3.800490e+01 3.467618e+01 3.439724e+01 3.344800e+01 3.293783e+01 2.536763e+01
 [92] 2.062966e+01 1.097507e+01 8.516082e+00 1.431113e+00 3.447224e+01 3.159005e+01 3.054468e+01
 [99] 3.981968e+01 3.650479e+01 3.764437e+01 2.708699e+01 2.458615e+01 2.291292e+00 3.594184e+01
[106] 3.143672e+01 2.446626e+01 2.077496e+01 2.014660e+01 1.924978e+01 2.616457e+01 2.379732e+01
[113] 1.058263e+01 1.449937e+01 1.227425e+01 1.191657e+01 1.097012e+01 3.561540e+01 2.579226e+01
[120] 1.064085e+01 3.405284e+01 1.407124e+01 8.414183e+00 7.431657e+00 1.673596e+00 3.525351e+01
[127] 2.610429e+01 2.053860e+01 1.371473e+01 1.281891e+01 3.518940e+01 2.563611e+01 1.492693e+01
[134] 1.127361e+01 5.367969e-01 3.277456e+01 1.773286e+01 5.925229e+00 5.472472e+00 1.838266e+00
[141] 3.308397e+01 7.541355e+00 3.390013e+01 2.330815e+01 1.458159e+01 6.154558e+00 4.455563e+00
[148] 3.789426e+00 2.137878e+01 1.601300e+01 7.871820e+00 3.265144e+01 2.618644e+01 2.485592e+01
[155] 3.215887e+01 1.256225e+01 2.994740e+01 3.337242e+01 2.544014e+01 3.127497e+01 2.433730e+01
[162] 2.143671e+01 2.857475e+01 2.722046e+01 2.269294e+01 2.056433e+01 6.293812e+00 3.260616e+01
[169] 2.685231e+01 2.379674e+01 2.294357e+01 1.924262e+01 9.238944e+00 1.852805e+00 2.254860e+01
[176] 1.956326e+01 1.284769e+01 3.997085e+00 3.697109e+00 6.564123e+00 2.571245e+01 2.371360e+01
[183] 1.904069e+01 9.298224e+00 7.398284e+00 2.980520e+01 2.325093e+01 2.319673e+01 2.133680e+01
[190] 4.930732e+00 9.689686e+00 8.501087e+00 2.065742e+00 2.135565e+01 1.981581e+01 2.399131e+01
[197] 2.346743e+01 7.514352e+00 2.321069e+01 1.768218e+01 1.333473e+01 5.235228e-01 2.755043e+01
[204] 2.494182e+01 2.288697e+01 1.960772e+01 1.546894e+00 2.102873e+01 1.939060e+01 1.855700e+01
[211] 1.285470e+01 2.467907e+01 2.495477e+01 2.433548e+01 1.731283e+01 1.476275e+01 1.316415e+01
[218] 1.298554e+01 1.064148e+01 8.265905e+00 2.142199e+01 2.050730e+00 4.753463e+00 3.615303e+00
[225] 2.157407e+01 2.242983e+01 2.107110e+01 1.532297e+01 8.490297e+00 5.732283e+00 1.326090e+01
[232] 2.224277e+01 2.220701e+01 1.653156e+01 8.973642e+00 4.937384e+00 2.134982e+01 1.919640e+01
[239] 2.388255e+01 1.709881e+01 1.388535e+01 1.618124e+01 1.585749e+01 5.468592e+00 3.909285e+00
[246] 2.741045e+00 1.674494e+01 1.647168e+01 6.279802e+00 2.299480e+01 1.550606e+01 2.077144e+01
[253] 1.482682e+01 8.585494e+00 6.523357e+00 3.412081e+00 2.194722e+01 1.929113e+01 9.621386e+00
[260] 5.382404e+00 2.153113e+01 6.464004e+00 4.469296e-01 7.265201e+00 1.369957e+01 1.163723e+01
[267] 3.239248e+00 1.959083e+01 1.954998e+01 1.517445e+01 1.472758e+01 7.760930e+00 7.670979e+00
[274] 2.993822e+00 9.165404e+00 1.838420e+01 1.300051e+01 1.231075e+01 5.794232e+00 7.756627e+00
[281] 5.560689e+00 1.606802e+01 1.321638e+01 8.516022e+00 2.843047e+00 2.100839e+01 1.722720e+01
[288] 6.479070e+00 1.758293e-01 1.054037e+01 1.815818e+01 8.879225e+00 1.611691e+01 8.499781e+00
[295] 6.491673e+00 1.134905e+01 4.101498e+00 1.191600e+01 1.113658e+01 2.118362e+01 1.665445e+01
[302] 1.617825e+01 1.501708e+01 5.928789e+00 1.919641e+01 1.826466e+01 1.521395e+01 1.352057e+01
[309] 1.984547e+01 1.432912e+01 1.926399e+01 1.886767e+01 1.658413e+01 1.669457e+01 9.446390e+00
[316] 1.730217e+01 1.924450e+01 1.597499e+01 1.575040e+01 1.434820e+01 3.388648e+00 2.024117e+00
[323] 1.431800e+01 1.384707e+01 4.688313e+00 1.073578e+01 6.450803e+00 8.820801e+00 5.479924e+00
[330] 4.336225e+00 9.508550e-01 1.102700e+01 1.037135e+01 1.463533e+01 8.508398e+00 8.502597e+00
[337] 7.320331e+00 2.349024e+00 1.792494e+01 1.628933e+01 3.531553e+00 2.201436e+00 6.024272e+00
[344] 5.323650e+00 1.537921e+01 1.314986e+01 5.827340e+00 1.427585e+01 1.270163e+01 9.927200e+00
[351] 1.399812e+01 6.656556e+00 5.217347e+00 1.283768e+01 1.653338e+01 1.294471e+01 9.218142e+00
[358] 6.929146e+00 1.883570e+01 1.643916e+01 5.982327e+00 2.477365e+00 1.543783e+01 4.249599e+00
[365] 1.622840e+00 1.321704e+01 1.725104e+01 1.578297e+01 9.378830e+00 5.862791e+00 5.554597e+00
[372] 1.300609e+01 6.272586e+00 1.740155e+01 1.604642e+01 3.294453e+00 1.311369e+01 4.741233e+00
[379] 1.582412e+01 4.040160e+00 1.599475e+01 4.452807e+00 1.513446e+01 1.277491e+01 1.645766e+01
[386] 1.136522e+01 3.618877e+00 2.772560e+00 2.727375e+00 2.014058e+00 1.222845e+01 1.102577e+01
[393] 6.444057e+00 1.918571e+00 1.611544e+01 1.012888e+01 7.496086e+00 4.224553e+00 1.088791e+01
[400] 1.067732e+01 1.120618e+01 9.436279e+00 3.989209e+00 1.380904e+01 1.232144e+01 4.776664e+00
[407] 1.538063e+01 6.921907e+00 4.481642e+00 1.372550e+00 1.095468e+01 1.549568e+01 1.122327e+01
[414] 7.349080e+00 1.508706e-01 8.157288e+00 6.098095e+00 4.960112e+00 1.369207e+01 1.262156e+01
[421] 1.379771e+01 1.415133e+01 9.988148e+00 6.728538e+00 1.451555e+00 2.335660e+00 7.123465e+00
[428] 1.414457e+01 1.417780e+01 9.529914e+00 1.280211e+01 1.215524e+01 1.162805e+01 1.018654e+01
[435] 1.336296e+01 7.427163e+00 3.406091e+00 2.063698e+00 9.400718e-01 1.186903e+01 4.513178e+00
[442] 2.552282e+00 1.465313e+00 3.969829e+00 4.369560e-01 2.907337e-01 6.479177e+00 6.053243e+00
[449] 7.299584e-01 1.158201e+01 1.059483e+01 5.601827e+00 2.665947e+00 1.229605e+01 8.883090e+00
[456] 8.556328e+00 4.162085e+00 9.480975e+00 9.700630e+00 8.651293e+00 8.042769e+00 9.484404e+00
[463] 6.229153e+00 1.155000e+01 7.362403e+00 1.282083e+01 1.066181e+01 4.932583e+00 2.770792e+00
[470] 2.185418e+00 1.217810e+01 8.223743e+00 4.973846e+00 1.121466e+01 8.241172e+00 4.573326e-01
[477] 1.105868e+01 9.298716e+00 3.782966e+00 5.593882e+00 1.000976e+01 9.878812e+00 9.764691e+00
[484] 5.232801e+00 6.144112e+00 3.662484e+00 1.026959e+01 9.711095e+00 7.149595e+00 3.912332e+00
[491] 1.097869e+01 1.132274e+01 5.474097e+00 5.031317e+00 7.562964e-01 1.131511e+01 3.761846e+00
[498] 2.437026e+00 1.029966e+01 4.752288e+00 1.053049e+01 1.086299e+01 1.005811e+01 7.305114e-01
[505] 1.104693e+01 3.985486e+00 7.620699e+00 2.632263e-02 1.082955e+01 4.890509e+00 2.961191e+00
[512] 4.958971e+00 1.776444e+00 1.054666e+01 7.623455e+00 6.137057e+00 5.375550e+00 7.877585e+00
[519] 6.005974e+00 1.672793e-02 4.541823e+00 2.735124e+00 4.984798e+00 8.192534e+00 5.828857e+00
[526] 6.578907e+00 4.822873e+00 7.301755e+00 9.026890e+00 5.225447e+00 5.639624e+00 1.853827e+00
[533] 1.741350e+00 5.813659e+00 1.017055e-04 4.757942e+00 8.768468e+00 1.600824e-01 5.138330e+00
[540] 8.058201e+00 7.177853e+00 6.894986e+00 1.027547e-01 1.319674e+00 3.865940e+00 4.818917e+00
[547] 8.983509e+00 8.413057e+00 6.471940e+00 4.757967e+00 8.325913e+00 1.437925e+00 5.242460e+00
[554] 7.019395e+00 7.812833e+00 7.601163e+00 5.201610e+00 5.298575e+00 4.415601e+00 4.226190e+00
[561] 7.374842e+00 4.843056e+00 4.639003e+00 1.150609e+00 2.289292e+00 1.793891e+00 1.739941e-01
[568] 5.049318e+00 1.927747e-01 4.197915e+00 1.992666e+00 1.653257e+00 2.916133e+00 1.445598e+00
[575] 5.433650e+00 4.898612e+00 5.133884e+00 1.503405e+00 2.066239e+00 6.149396e+00 6.932789e+00
[582] 8.847776e-01 4.910897e+00 6.331255e+00 5.376450e+00 4.245513e+00 4.341748e+00 6.871009e-02
[589] 2.078923e-01 6.493942e+00 1.607462e+00 4.782392e+00 6.432622e+00 1.347997e+00 6.633213e-01
[596] 4.966410e+00 3.078888e+00 4.259184e-01 6.275399e+00 4.950106e+00 5.025207e+00 2.996508e+00
[603] 1.502443e+00 4.340369e+00 4.033327e-01 4.042398e+00 3.368554e+00 2.908493e+00 5.212775e+00
[610] 4.873792e+00 4.670053e+00 6.830967e-01 5.389337e+00 3.792842e+00 1.480841e+00 4.085164e+00
[617] 4.076933e+00 1.453437e+00 1.700835e+00 4.446419e+00 1.491625e+00 2.398880e+00 3.887546e+00
[624] 1.558776e-01 2.251132e+00 6.324711e-01 2.499535e+00 5.452902e+00 4.501866e+00 2.788027e+00
[631] 1.322617e+00 9.026614e-01 2.136816e+00 1.748991e+00 1.225560e+00 2.408913e+00 2.160079e+00
[638] 2.292053e+00 1.344780e+00 1.539288e-02 3.816567e+00 3.887589e+00 1.036693e+00 3.151537e+00
[645] 1.427623e+00 3.668146e+00 2.332694e+00 1.438436e+00 2.927372e+00 5.834960e-01 1.795651e-01
[652] 3.686003e+00 2.271382e+00 2.212592e+00 2.813996e+00 3.652765e+00 3.297406e+00 2.139264e+00
[659] 1.749412e+00 1.007292e+00 2.216935e+00 1.111304e+00 1.808785e+00 1.395098e+00 2.197485e+00
[666] 1.668401e+00 5.726102e-02 8.893646e-01 2.117173e+00 3.619076e+00 7.785064e-01 4.461195e-01
[673] 1.316505e+00 1.100887e+00 1.706412e+00 1.692600e-01 1.339713e+00 1.495961e+00 1.578640e+00
[680] 9.505202e-01 1.487335e+00 1.631174e+00 1.106616e+00 7.194554e-01 5.209073e-01 6.053998e-01
[687] 2.101144e-01 7.141925e-01 4.634792e-01

$PAR
  [1]  NA   1   1   1   2   3   3   3   4   9  10  10  10  10  10  10  10  10  10  10   6   6  21
 [24]  21  21  12  12  12  12  12  12  12  12   7  22  22  13  13  13  13  14  14  14  35  35  35
 [47]  41  41  41  37  37  37  37  37  37  15  15  15  15  15  15  15  15  44  48  48  48  50  50
 [70]  26  26  65  65  65  65  65  65  65  16  16  16  72   8   8   8  27  27  27  27  27  27  27
 [93]  27  27  27  73  73  73  51  51  99  99  99  99  66  53  53  53  53  53  86  86  86 101 101
[116] 101 101  70 100  17 105 105 105 105 105  36  36  36  36  36  68 131 131 131 131  42  87  87
[139]  87  87  88  88  54  54  54  54  54  54 121 121 121 143 143 143  28  28  58  45  45  89 158
[162] 158  34  34 136 136 136  43 155 155 155 155 155 155  67  67  67  67  67  97 106 106 106 106
[185] 106 160 160 160 160 160  18  18  18  98  98 157 157 157 186 186 186 186 163 163 163 203 203
[208] 164 102 102 102 169 111 111 127 127 127 127 159 159  91  91 204 204 154 212 212 212 212 212
[231] 103 107 107 107 107 107 161 214 196 196 196 239 239 239 239 239 182 182  25 197 197 144 187
[254] 187 187 187 199 199 199 199 250 250 250 171  84  84  84 205 165 165 165 165 165 165 175 226
[277] 226 226 226 232 232 233 233 233 233 257 257 257 257 225 261 261 162 221 221 149 194 237 237
[300] 189 189 189 189 189 300 300 300 300 227 227 208 208 252  92 166 128 109 109 109 109 109 109
[323] 309 309 309 195 195  60  60  60  60 206 206 268 268 268 268 268 269 269 269 269 209 209 258
[346] 258 258 311 317 317 172 172 172 238  76  76  76  76 183 359 359 359 210 210 210 276 306 306
[369] 306 306 306  61  61 339 374 374 215 367 287 247 314 314 301 301 313 355 355 355 355 355 248
[392] 248 248 385 360 360 360 360 293 293 375 375 375 150 150 150 381 381 318 318 243 379  80  80
[415]  80 251 251 251 412 412 363 270 270 270 383 133 271 334 145 310 323 323 323 348 429 429 429
[438] 429 429 428 428 428 428  81  81 122 351 351 351  20 435 435 435 201 366 283 217 346 377 377
[461] 377 372 372 218 218 211 211 211 211 211 177 177 177 354 354 354 466 466 431 349 420 420 420
[484] 420 405 278 454 454 454 115 391 471 471 471 116 298 440 266 433 433 450 386 386 386 296 296
[507] 492 496 413 474 474 401 401 299 477 477 477 505 505 505 332 392 491 411 411 509 509 326  39
[530]  39 400 219 451 514 514 434 396 396 423 350 488 488 488 459 191  71 259 259 259 259 462 184
[553] 529 292 537 254  94 336 192 192 229 548 548 548 551 551 220 472 472 524 524 540 518 518 151
[576] 272 280 280 515 507 142 142 397 185 561 465 414 337 528 264 541 554 581 581 581 352 352 352
[599] 180 180 295 549 262 327 393 463 463 146 580 485 485 485 516 516 343 361 304 304 138 370 370
[622] 534 279 279 230 531 452 480 493 493 493 628 613 613 613 260 260 585 344 553 530 353 353 494
[645] 601 418 512 600 236 236 576 610 610 610  77 611 611 563 629 382 587 457 606 403 444 545 497
[668] 179 652 486 649 636 338 638 625 625 661 470 658 633 669 322 659 533 675 207 648 631 684

$EXTANT
  [1] FALSE FALSE FALSE FALSE FALSE FALSE FALSE FALSE FALSE FALSE FALSE  TRUE FALSE FALSE  TRUE
 [16]  TRUE FALSE  TRUE FALSE FALSE  TRUE FALSE FALSE FALSE  TRUE  TRUE  TRUE FALSE  TRUE  TRUE
 [31]  TRUE  TRUE  TRUE FALSE FALSE  TRUE FALSE FALSE  TRUE  TRUE FALSE FALSE FALSE FALSE FALSE
 [46] FALSE FALSE FALSE FALSE FALSE  TRUE  TRUE FALSE  TRUE FALSE FALSE FALSE  TRUE FALSE  TRUE
 [61]  TRUE  TRUE  TRUE FALSE FALSE FALSE FALSE FALSE FALSE FALSE FALSE FALSE FALSE FALSE  TRUE
 [76]  TRUE  TRUE  TRUE FALSE  TRUE  TRUE FALSE FALSE FALSE FALSE  TRUE  TRUE  TRUE FALSE FALSE
 [91]  TRUE FALSE FALSE  TRUE  TRUE FALSE  TRUE FALSE  TRUE FALSE  TRUE  TRUE FALSE  TRUE  TRUE
[106]  TRUE  TRUE FALSE  TRUE FALSE FALSE FALSE FALSE  TRUE  TRUE  TRUE  TRUE FALSE FALSE  TRUE
[121]  TRUE  TRUE  TRUE FALSE  TRUE FALSE FALSE FALSE FALSE  TRUE  TRUE FALSE  TRUE FALSE  TRUE
[136]  TRUE FALSE  TRUE  TRUE  TRUE FALSE FALSE FALSE  TRUE  TRUE  TRUE  TRUE FALSE  TRUE  TRUE
[151] FALSE FALSE  TRUE FALSE  TRUE FALSE  TRUE FALSE FALSE  TRUE FALSE  TRUE  TRUE FALSE  TRUE
[166]  TRUE FALSE FALSE FALSE FALSE  TRUE  TRUE  TRUE FALSE FALSE FALSE  TRUE  TRUE  TRUE  TRUE
[181] FALSE FALSE FALSE  TRUE  TRUE  TRUE FALSE  TRUE FALSE  TRUE  TRUE  TRUE FALSE FALSE  TRUE
[196]  TRUE  TRUE FALSE  TRUE FALSE  TRUE  TRUE  TRUE  TRUE  TRUE  TRUE  TRUE  TRUE  TRUE  TRUE
[211]  TRUE  TRUE FALSE FALSE FALSE FALSE  TRUE  TRUE  TRUE  TRUE  TRUE  TRUE  TRUE  TRUE FALSE
[226]  TRUE  TRUE FALSE  TRUE  TRUE FALSE FALSE  TRUE FALSE  TRUE  TRUE FALSE FALSE  TRUE  TRUE
[241]  TRUE FALSE FALSE  TRUE  TRUE  TRUE  TRUE  TRUE  TRUE  TRUE FALSE FALSE FALSE  TRUE  TRUE
[256]  TRUE  TRUE  TRUE  TRUE  TRUE  TRUE  TRUE  TRUE  TRUE  TRUE  TRUE  TRUE  TRUE  TRUE  TRUE
[271]  TRUE FALSE  TRUE  TRUE  TRUE FALSE  TRUE  TRUE  TRUE FALSE FALSE FALSE  TRUE  TRUE  TRUE
[286] FALSE  TRUE  TRUE  TRUE  TRUE FALSE  TRUE  TRUE FALSE  TRUE  TRUE  TRUE FALSE  TRUE  TRUE
[301] FALSE  TRUE  TRUE  TRUE FALSE  TRUE FALSE FALSE  TRUE  TRUE  TRUE  TRUE FALSE  TRUE FALSE
[316]  TRUE  TRUE  TRUE  TRUE FALSE  TRUE  TRUE  TRUE FALSE  TRUE  TRUE FALSE  TRUE  TRUE  TRUE
[331]  TRUE  TRUE  TRUE FALSE  TRUE  TRUE  TRUE  TRUE FALSE FALSE  TRUE  TRUE  TRUE  TRUE FALSE
[346]  TRUE  TRUE FALSE  TRUE FALSE  TRUE  TRUE  TRUE  TRUE  TRUE FALSE FALSE  TRUE  TRUE  TRUE
[361]  TRUE  TRUE  TRUE  TRUE FALSE FALSE  TRUE FALSE FALSE  TRUE  TRUE  TRUE FALSE  TRUE FALSE
[376]  TRUE FALSE  TRUE  TRUE  TRUE  TRUE  TRUE  TRUE FALSE  TRUE  TRUE  TRUE  TRUE  TRUE  TRUE
[391]  TRUE FALSE  TRUE  TRUE FALSE  TRUE  TRUE  TRUE FALSE  TRUE  TRUE  TRUE  TRUE  TRUE  TRUE
[406]  TRUE  TRUE  TRUE  TRUE  TRUE FALSE  TRUE FALSE  TRUE  TRUE FALSE  TRUE  TRUE FALSE  TRUE
[421]  TRUE FALSE  TRUE FALSE  TRUE  TRUE  TRUE  TRUE  TRUE  TRUE  TRUE  TRUE  TRUE  TRUE  TRUE
[436]  TRUE  TRUE  TRUE  TRUE  TRUE  TRUE  TRUE  TRUE  TRUE  TRUE  TRUE  TRUE  TRUE  TRUE FALSE
[451]  TRUE  TRUE  TRUE FALSE FALSE  TRUE  TRUE FALSE FALSE  TRUE FALSE FALSE  TRUE  TRUE  TRUE
[466]  TRUE  TRUE  TRUE  TRUE  TRUE  TRUE  TRUE  TRUE  TRUE FALSE  TRUE  TRUE  TRUE  TRUE  TRUE
[481]  TRUE  TRUE FALSE  TRUE  TRUE  TRUE  TRUE  TRUE  TRUE FALSE  TRUE FALSE  TRUE  TRUE  TRUE
[496]  TRUE  TRUE  TRUE FALSE  TRUE  TRUE  TRUE  TRUE  TRUE  TRUE  TRUE  TRUE  TRUE  TRUE  TRUE
[511]  TRUE  TRUE  TRUE  TRUE FALSE  TRUE  TRUE  TRUE  TRUE  TRUE  TRUE FALSE  TRUE  TRUE  TRUE
[526] FALSE FALSE  TRUE  TRUE  TRUE  TRUE FALSE  TRUE  TRUE  TRUE  TRUE  TRUE  TRUE  TRUE  TRUE
[541]  TRUE  TRUE  TRUE  TRUE  TRUE  TRUE  TRUE FALSE  TRUE  TRUE  TRUE  TRUE  TRUE  TRUE  TRUE
[556] FALSE  TRUE  TRUE  TRUE  TRUE  TRUE  TRUE  TRUE  TRUE  TRUE  TRUE  TRUE  TRUE  TRUE  TRUE
[571]  TRUE  TRUE  TRUE  TRUE FALSE  TRUE  TRUE  TRUE  TRUE  TRUE  TRUE  TRUE  TRUE FALSE FALSE
[586]  TRUE  TRUE  TRUE  TRUE  TRUE  TRUE  TRUE  TRUE  TRUE  TRUE  TRUE  TRUE  TRUE  TRUE  TRUE
[601]  TRUE  TRUE FALSE  TRUE  TRUE  TRUE  TRUE  TRUE  TRUE  TRUE  TRUE  TRUE FALSE  TRUE  TRUE
[616]  TRUE  TRUE  TRUE  TRUE  TRUE  TRUE  TRUE  TRUE  TRUE  TRUE  TRUE  TRUE  TRUE  TRUE  TRUE
[631]  TRUE  TRUE  TRUE  TRUE  TRUE  TRUE  TRUE  TRUE  TRUE  TRUE  TRUE  TRUE  TRUE  TRUE  TRUE
[646]  TRUE  TRUE  TRUE  TRUE  TRUE  TRUE  TRUE  TRUE  TRUE  TRUE  TRUE  TRUE  TRUE  TRUE  TRUE
[661]  TRUE  TRUE  TRUE  TRUE  TRUE  TRUE  TRUE  TRUE  TRUE  TRUE  TRUE  TRUE  TRUE  TRUE  TRUE
[676]  TRUE  TRUE  TRUE  TRUE  TRUE  TRUE  TRUE  TRUE  TRUE  TRUE  TRUE  TRUE  TRUE  TRUE

