
Birth-death simulation object with 733 species and 500 extant species

Details for some species:

Extinction times (NA means extant)
[1] 115.79783  46.53321  20.99300 112.19986  88.27162  15.26843


Speciation times 
[1] 120.52557 117.71987 117.68285 117.58548 109.19296  62.38355


Species parents (NA for initial)
[1] NA  1  1  1  2  2


Species status (extinct or extant)
[1] "extinct" "extinct" "extinct" "extinct" "extinct" "extinct"


For more details on vector y, try sim$y, with y one of
TE TS PAR EXTANT



$TE
  [1] 1.157978e+02 4.653321e+01 2.099300e+01 1.121999e+02 8.827162e+01 1.526843e+01           NA
  [8] 8.302141e+01 3.954618e+01 3.958729e+01 5.402538e+01 3.131960e+01 2.091094e+01 9.290161e+01
 [15] 5.547186e+01           NA 3.302126e+01 4.248345e+01 5.058335e+01 5.687571e+01 4.569394e+01
 [22] 5.707838e-01 3.611293e+01           NA           NA 4.628459e+01 4.870439e+01           NA
 [29] 3.423432e+01 2.984961e+01 3.957680e+01 3.179802e+01           NA 1.794877e+01           NA
 [36]           NA 1.809678e+01           NA 2.850213e+01 2.254249e+01           NA 3.026653e+01
 [43] 5.947084e+00           NA           NA           NA 4.030841e+01           NA 7.458829e+00
 [50] 4.732521e+01 1.183571e+00           NA           NA           NA           NA           NA
 [57] 7.161882e+00           NA 1.314897e+01           NA 3.353845e+01 3.563855e+01 2.946782e+01
 [64]           NA 9.403386e+00           NA           NA 1.531476e+00           NA           NA
 [71]           NA 3.140046e+00           NA           NA           NA 2.006872e+01 3.864663e+01
 [78] 1.878187e+01 1.253904e+01           NA           NA 5.379178e+00 4.347095e+01 3.930907e+01
 [85] 2.767411e+01 2.839560e+00           NA 1.793388e+00 1.445582e+01 3.623713e+01 3.325008e+01
 [92]           NA 6.002659e+00 1.108871e+01 3.027182e+01 2.372570e+01           NA 1.912711e+01
 [99]           NA           NA 3.836519e+01 1.277442e+01 1.089793e+01 1.956775e+01           NA
[106]           NA 2.742494e+01           NA           NA 8.123792e+00 2.913102e+01           NA
[113] 2.569243e+01           NA 1.257978e+01 5.361183e+00           NA 3.266636e+01           NA
[120]           NA           NA 7.105539e+00           NA 2.507015e+01 9.536340e+00           NA
[127] 9.030428e+00 2.437114e+01           NA           NA 2.261122e+01           NA 7.478424e+00
[134]           NA 9.666085e+00           NA 3.020859e+01 4.991159e+00 3.108150e+01 1.903858e+01
[141]           NA           NA           NA           NA 1.192160e+01 2.524012e+01           NA
[148] 3.176998e+01           NA 2.254876e+01 1.846182e+01 2.147774e+01 1.539284e+01           NA
[155] 5.478657e+00 7.079379e+00           NA 1.821582e+01 6.906134e+00 5.935886e+00 2.277777e+01
[162]           NA           NA           NA 5.959329e+00           NA           NA 2.578593e+01
[169] 6.800078e+00 2.812482e+01           NA 2.214077e+00           NA           NA 2.714603e+01
[176]           NA 6.380174e+00 1.881112e+01 8.899181e+00 2.231541e+01           NA 2.161555e+01
[183]           NA 1.836380e+01 2.784614e+00           NA 7.324174e+00 6.994404e+00           NA
[190]           NA 1.482148e+01 1.392692e+01           NA           NA           NA           NA
[197] 1.940037e+00           NA 1.912894e+01 2.583890e+01           NA           NA           NA
[204]           NA           NA           NA 1.570739e+01           NA 7.990012e+00           NA
[211]           NA 1.117143e+01 1.857779e+01 1.145034e+01 1.102876e+01           NA           NA
[218] 1.869551e+01 1.775506e+01 5.325140e+00 2.151288e+01 1.188851e+01           NA 4.035686e+00
[225]           NA           NA           NA 1.836940e+01 1.508009e+01           NA           NA
[232] 1.559591e+01 4.854782e+00           NA           NA 5.222046e+00           NA           NA
[239] 3.516890e+00           NA           NA 1.293048e+00           NA           NA 1.300053e+01
[246] 1.302666e+00 1.337394e+01           NA 3.272995e+00 9.713981e+00           NA           NA
[253]           NA           NA 6.465527e+00           NA           NA           NA           NA
[260] 2.250986e+01 1.172144e+01           NA           NA           NA 5.990185e+00 9.528772e-01
[267]           NA 4.691291e+00           NA           NA           NA 2.746210e+00 1.435173e+01
[274]           NA           NA           NA 1.418882e+01 9.076027e+00           NA           NA
[281]           NA           NA           NA 9.506828e+00           NA           NA 1.688321e+01
[288] 1.397218e+00 3.110435e+00           NA           NA 1.498748e+01           NA           NA
[295] 1.039627e+01           NA 1.445474e+01           NA 6.096081e+00 1.573567e+01           NA
[302]           NA           NA           NA           NA           NA 9.838336e+00           NA
[309]           NA           NA           NA           NA 1.326030e+01           NA 1.997982e-01
[316]           NA           NA           NA 1.650033e-01 1.017409e+01           NA           NA
[323]           NA 1.088510e+01 1.163526e+01 2.881850e+00 1.203110e+01 1.045024e+01           NA
[330]           NA 1.329292e+01 1.245434e+01           NA           NA           NA           NA
[337]           NA 8.639741e+00           NA           NA 3.366674e+00 6.615555e+00           NA
[344]           NA           NA           NA           NA 1.015316e+01 1.066169e+01 1.654318e+00
[351]           NA 9.933048e+00           NA           NA           NA           NA 1.652538e+01
[358] 1.370307e+01 1.116719e+00 8.091518e+00           NA           NA           NA           NA
[365]           NA           NA           NA           NA           NA 1.678345e+00           NA
[372]           NA 1.313355e+01           NA 1.379458e+01 4.531398e+00           NA           NA
[379]           NA           NA           NA           NA 6.844634e+00           NA           NA
[386]           NA 3.283145e+00           NA           NA           NA           NA           NA
[393] 3.725886e-01 1.455800e+01           NA           NA 1.040968e+01           NA           NA
[400]           NA 1.201961e+01           NA           NA           NA           NA           NA
[407] 6.332389e+00           NA           NA 8.784269e+00           NA 7.814799e+00           NA
[414]           NA           NA           NA           NA           NA           NA           NA
[421] 8.153697e+00 1.334605e+01 9.051399e+00           NA 3.499379e+00           NA           NA
[428]           NA           NA           NA           NA           NA           NA           NA
[435]           NA 6.804565e+00           NA           NA           NA           NA           NA
[442]           NA           NA           NA           NA 7.746725e+00           NA 7.364313e+00
[449]           NA           NA           NA           NA 3.512245e+00           NA           NA
[456]           NA           NA           NA 9.011996e+00           NA           NA           NA
[463]           NA           NA           NA           NA           NA           NA           NA
[470]           NA           NA           NA           NA           NA           NA           NA
[477]           NA 7.983943e+00 1.302847e+00           NA           NA           NA           NA
[484] 4.820489e+00           NA 1.189134e+01           NA           NA           NA           NA
[491]           NA           NA           NA           NA           NA           NA           NA
[498]           NA           NA           NA           NA 1.749725e+00           NA           NA
[505]           NA           NA           NA 3.872568e+00           NA           NA           NA
[512]           NA 4.016972e+00           NA           NA           NA           NA           NA
[519]           NA           NA           NA           NA           NA           NA           NA
[526]           NA           NA           NA 6.797656e+00           NA           NA           NA
[533]           NA           NA           NA           NA           NA 1.234518e+00           NA
[540]           NA           NA           NA           NA           NA           NA           NA
[547]           NA           NA 2.003212e+00           NA           NA           NA           NA
[554]           NA           NA           NA           NA 4.523490e+00           NA           NA
[561]           NA           NA           NA           NA           NA           NA 3.135924e+00
[568]           NA           NA           NA           NA           NA           NA           NA
[575]           NA           NA           NA           NA           NA           NA 4.332444e+00
[582]           NA           NA           NA           NA           NA           NA 3.531580e-01
[589] 6.735093e-01           NA           NA           NA           NA           NA           NA
[596]           NA           NA 2.972921e+00           NA           NA           NA           NA
[603]           NA           NA           NA           NA           NA           NA           NA
[610]           NA           NA           NA           NA           NA 1.911306e+00           NA
[617]           NA           NA           NA           NA           NA           NA           NA
[624]           NA           NA           NA           NA           NA           NA           NA
[631]           NA           NA 4.470824e+00           NA           NA           NA           NA
[638]           NA           NA           NA           NA           NA           NA           NA
[645]           NA           NA           NA           NA           NA           NA 8.257264e-01
[652]           NA           NA           NA 5.145346e-01           NA           NA           NA
[659]           NA           NA           NA           NA           NA 1.460013e+00           NA
[666]           NA           NA           NA           NA           NA           NA           NA
[673]           NA           NA           NA           NA           NA           NA           NA
[680]           NA           NA           NA           NA           NA           NA           NA
[687]           NA           NA           NA           NA           NA           NA           NA
[694]           NA           NA           NA           NA           NA 3.664132e-03           NA
[701]           NA           NA           NA           NA           NA           NA           NA
[708] 2.430718e+00           NA           NA 1.114416e+00           NA           NA           NA
[715]           NA           NA           NA           NA           NA 1.883721e+00           NA
[722]           NA           NA 5.541230e-02           NA           NA           NA           NA
[729]           NA           NA           NA           NA           NA

$TS
  [1] 1.205256e+02 1.177199e+02 1.176828e+02 1.175855e+02 1.091930e+02 6.238355e+01 4.784844e+01
  [8] 9.937090e+01 7.815984e+01 5.624766e+01 5.472586e+01 5.416770e+01 2.595927e+01 9.317444e+01
 [15] 8.615192e+01 6.407772e+01 5.962559e+01 6.297761e+01 5.772407e+01 6.132286e+01 5.726920e+01
 [22] 5.471824e+01 3.801811e+01 1.513573e+01 5.922337e+01 5.588692e+01 5.143833e+01 4.640435e+01
 [29] 4.510210e+01 5.116356e+01 4.494176e+01 3.248405e+01 2.258594e+01 2.229309e+01 1.669181e+01
 [36] 5.790443e+01 4.283822e+01 3.631871e+01 3.549692e+01 4.291202e+01 4.052749e+01 3.837369e+01
 [43] 3.553883e+01 3.033986e+01 2.670521e+01 3.806977e-01 5.427856e+01 4.821523e+01 4.644921e+01
 [50] 5.128505e+01 4.901109e+01 4.644192e+01 1.407554e+01 2.561804e+00 5.121902e+01 4.040623e+01
 [57] 3.651811e+01 5.103961e+01 1.343769e+01 5.462028e+00 4.498075e+01 3.960376e+01 3.614628e+01
 [64] 2.067530e+01 1.075691e+01 9.199433e+00 8.560736e+00 3.053871e+00 4.752186e+01 3.653824e+01
 [71] 2.684316e+01 2.388513e+01 1.137394e+01 8.952949e+00 3.938025e+01 3.390598e+01 4.485488e+01
 [78] 3.758622e+01 2.848750e+01 4.101717e+01 1.645890e+01 1.407558e+01 4.540562e+01 4.105631e+01
 [85] 3.958503e+01 2.194866e+01 1.334707e+01 1.170476e+01 4.204307e+01 4.446571e+01 4.262510e+01
 [92] 3.350893e+01 2.228416e+01 4.020761e+01 4.053178e+01 3.718511e+01 2.317124e+01 2.900447e+01
 [99] 4.082203e+01 4.033314e+01 3.907434e+01 3.401554e+01 3.967918e+01 2.632803e+01 1.615711e+01
[106] 4.620617e+00 4.025426e+01 1.696422e+01 2.237567e-01 3.731621e+01 3.327489e+01 3.292766e+01
[113] 2.612909e+01 2.141399e+01 1.999474e+01 8.656532e+00 4.540047e+00 3.762645e+01 1.558742e+01
[120] 1.105896e+01 1.033677e+01 7.742484e+00 2.177576e+00 2.853628e+01 2.280572e+01 3.370627e+01
[127] 3.335847e+01 3.109275e+01 2.794526e+01 3.777687e+01 3.577415e+01 2.884737e+01 1.750134e+01
[134] 1.285972e+01 3.654103e+01 2.974679e+01 3.323696e+01 3.301355e+01 3.126669e+01 3.031584e+01
[141] 2.212261e+01 2.175507e+01 1.056290e+01 3.346863e+01 3.190061e+01 2.695641e+01 5.114582e+00
[148] 3.296369e+01 3.558608e+01 3.280960e+01 3.177619e+01 3.031464e+01 3.600807e+01 2.338398e+01
[155] 1.250104e+01 3.283768e+01 2.237665e+01 2.672408e+01 2.581763e+01 9.115623e+00 2.854858e+01
[162] 2.562193e+01 2.093267e+01 8.183062e+00 6.401432e+00 9.691645e-01 3.213285e+01 2.865431e+01
[169] 1.919345e+01 3.354597e+01 1.860637e+01 1.675838e+01 1.518489e+01 8.995390e+00 3.188948e+01
[176] 2.083382e+01 2.045663e+01 2.014926e+01 1.568992e+01 3.443663e+01 3.370723e+01 2.417244e+01
[183] 2.233376e+01 2.062304e+01 1.467903e+01 2.883070e+01 2.629828e+01 1.555699e+01 9.490788e+00
[190] 3.040209e+01 2.732702e+01 2.133190e+01 2.072317e+01 1.496770e+01 2.590201e+00 1.040686e+01
[197] 1.203923e+01 5.881867e+00 2.179295e+01 3.089994e+01 5.028779e+00 3.290439e+01 8.333862e+00
[204] 1.886606e+00 1.219639e+00 1.872480e+01 1.806603e+01 1.353850e+01 1.033317e+01 1.867196e+01
[211] 2.690544e+01 2.844866e+01 2.394555e+01 1.908060e+01 3.041309e+01 2.900862e+01 2.612542e+01
[218] 2.166890e+01 2.027171e+01 2.604520e+01 3.002801e+01 2.703682e+01 1.755289e+01 1.905445e+01
[225] 9.144747e+00 2.186973e+01 9.682217e+00 2.277269e+01 2.694997e+01 2.156094e+01 2.567481e+01
[232] 1.833398e+01 1.715240e+01 1.148936e+01 1.070468e+01 9.895508e+00 6.461577e+00 7.756946e-01
[239] 1.933135e+01 2.126024e+01 1.825036e+01 1.520958e+01 6.018451e+00 2.804130e+01 2.490015e+01
[246] 1.014147e+01 2.712348e+01 2.787968e+01 2.055686e+01 2.321154e+01 1.198782e+01 1.188682e+01
[253] 5.295974e-01 3.084108e+00 2.595674e+01 2.322815e+01 1.665429e+01 1.532788e+01 1.838730e+00
[260] 2.551363e+01 2.207516e+01 1.962327e+01 1.432471e+01 1.423595e+01 2.610965e+01 1.936908e+01
[267] 1.782704e+01 1.226861e+01 6.117225e+00 1.243279e+01 2.033734e+01 2.482232e+01 2.354662e+01
[274] 8.426326e-01 2.192043e+01 1.032732e+01 2.084978e+01 1.264435e+01 9.308985e+00 2.002533e+01
[281] 1.568223e+01 1.337479e+01 9.301980e+00 1.909986e+01 1.804940e+01 1.487744e+01 1.737981e+01
[288] 1.689592e+01 1.373534e+01 6.709515e+00 1.832806e+01 1.577084e+01 1.601092e+01 7.875272e+00
[295] 1.988666e+01 2.098256e+01 2.094732e+01 1.888895e+01 1.812232e+01 1.590932e+01 1.333148e+01
[302] 9.667735e+00 5.818825e-01 1.947484e+01 9.256116e+00 1.662956e+01 1.282070e+01 1.222972e+01
[309] 1.387086e+00 2.041718e+01 7.384782e+00 4.954406e+00 1.787920e+01 1.381312e+01 1.081861e+01
[316] 1.365498e+01 1.400685e+01 2.082980e+01 4.422105e+00 1.020306e+01 4.633651e+00 4.556848e+00
[323] 1.683207e+00 1.971403e+01 1.499290e+01 3.034279e+00 2.040109e+01 1.712340e+01 4.324110e+00
[330] 2.076340e+01 1.994538e+01 1.718233e+01 1.277477e+01 7.802036e+00 2.029326e+01 1.929485e+01
[337] 1.899872e+01 1.654723e+01 2.030351e+01 7.672542e+00 4.713779e+00 9.644261e+00 7.974025e+00
[344] 5.054720e+00 2.418894e+00 4.764509e+00 2.285528e+00 1.959611e+01 1.779953e+01 1.702788e+01
[351] 1.975368e+01 9.934391e+00 2.014688e+01 1.186370e+01 1.536628e+01 1.483383e+01 1.724784e+01
[358] 1.697039e+01 4.948055e+00 1.222896e+01 8.782833e+00 8.454673e+00 5.501095e+00 5.187427e+00
[365] 5.106193e+00 3.866420e+00 1.727745e+01 1.715508e+01 4.759491e+00 9.773249e+00 1.800718e+01
[372] 1.307896e+01 1.858963e+01 1.511828e+01 1.424134e+01 1.423054e+01 1.358078e+01 2.865714e+00
[379] 2.231312e+00 1.462483e+01 7.986969e+00 1.251058e+01 1.407333e+01 9.617270e+00 6.072754e+00
[386] 9.815333e+00 1.763946e+01 1.367043e+00 1.245790e+01 8.893633e+00 6.380895e+00 1.399277e+00
[393] 1.798033e+01 1.584077e+01 4.346215e+00 1.442673e+01 1.078838e+01 1.061198e+01 1.305168e+00
[400] 1.502308e+01 1.339537e+01 1.105099e+01 8.224126e+00 5.119579e+00 1.680455e+01 1.641801e+01
[407] 1.749976e+01 5.938178e+00 1.049745e+01 1.700126e+01 1.155915e+01 9.541691e+00 9.150762e+00
[414] 8.439179e+00 8.427082e+00 6.927454e+00 1.748467e+01 1.734554e+01 8.746756e+00 1.376687e+01
[421] 1.742961e+01 1.430105e+01 1.207702e+01 1.114364e+01 5.883078e+00 1.543391e+01 1.164991e+01
[428] 8.262887e+00 1.261020e+01 6.389129e+00 4.900431e-01 8.901603e+00 1.002242e+01 6.353272e+00
[435] 2.596393e+00 1.577568e+01 1.425510e+01 1.672103e+01 4.185718e+00 1.236447e+01 7.393661e+00
[442] 1.345050e+01 1.274464e+01 1.113923e+01 9.696795e+00 8.015381e+00 4.101398e+00 8.475330e+00
[449] 5.665198e+00 4.163535e+00 1.617006e+01 1.073232e+01 4.378875e+00 9.382144e+00 3.415912e+00
[456] 1.389876e+01 4.445616e+00 1.838519e+00 1.079913e+01 8.419397e+00 9.533354e+00 1.492364e+01
[463] 1.524672e+01 1.212116e+01 2.375842e+00 9.225959e+00 1.112285e+01 1.030885e+01 7.043437e+00
[470] 1.606304e+00 9.892848e+00 7.053693e+00 2.801026e+00 1.453860e+01 7.590021e+00 8.674640e+00
[477] 6.900183e+00 1.211431e+01 1.223574e+01 1.859962e+00 1.478747e+01 1.441977e+01 1.095190e+01
[484] 5.794308e+00 2.450301e+00 1.307843e+01 8.245448e+00 1.098776e+00 2.362204e+00 1.112365e+01
[491] 5.318990e+00 9.834409e+00 7.301198e+00 7.586526e-02 1.185786e+01 4.232902e+00 1.415746e+01
[498] 4.443953e+00 1.245536e+01 2.757619e-01 9.287548e+00 3.199872e+00 8.022193e-01 9.898409e+00
[505] 4.472292e+00 5.932359e+00 3.794298e+00 8.407191e+00 6.719161e+00 4.485111e+00 1.360585e+01
[512] 9.751114e+00 8.772143e+00 2.671190e+00 8.228868e-01 1.230741e+01 7.711128e+00 6.313679e-01
[519] 1.219788e+01 1.861335e-01 1.228056e+01 1.190180e+01 2.037498e+00 1.145730e-01 1.636763e+00
[526] 1.225201e+01 5.854775e+00 1.907762e+00 8.559303e+00 2.759268e+00 5.491124e-02 1.030454e+01
[533] 8.645844e+00 3.353831e+00 2.774271e+00 4.520990e+00 7.406145e-01 2.585573e+00 4.192677e-01
[540] 9.106933e+00 9.017574e+00 2.294254e+00 4.809251e+00 5.181321e+00 9.617208e+00 8.189520e+00
[547] 1.193724e+01 9.403634e+00 9.880374e+00 9.647647e+00 6.655572e+00 4.299272e+00 4.354119e+00
[554] 3.392033e+00 7.463316e+00 2.429907e+00 1.898461e+00 7.051193e+00 6.517480e+00 4.281321e+00
[561] 7.555270e-01 9.494168e+00 2.760487e+00 1.199258e+00 7.391534e+00 6.323558e+00 3.790500e+00
[568] 1.000578e+01 6.364634e+00 4.053329e+00 5.764196e+00 1.037278e+01 9.111512e+00 1.161327e+00
[575] 9.416857e+00 7.996560e+00 7.692313e+00 5.947928e+00 2.115500e+00 9.730446e+00 6.346037e+00
[582] 6.070777e+00 4.482749e+00 4.271036e+00 9.375341e+00 3.302039e+00 1.105991e+00 3.638623e+00
[589] 5.152214e+00 2.149788e+00 2.940797e+00 2.278954e+00 4.216396e+00 3.829862e+00 3.317413e+00
[596] 3.981567e+00 3.604119e+00 6.143294e+00 6.819478e+00 6.072561e+00 9.125118e+00 2.483845e+00
[603] 1.853912e-01 1.541535e+00 3.471145e-01 3.824048e-01 3.155711e-01 8.966382e-01 6.823561e-01
[610] 9.228739e-02 1.603778e-01 7.042908e+00 1.176609e+00 4.063903e+00 7.407209e+00 6.543094e+00
[617] 6.744894e+00 7.643741e+00 1.852747e+00 4.117520e-01 8.648601e+00 1.097473e+00 5.881567e+00
[624] 3.932939e+00 7.850662e-01 7.354805e+00 4.328691e+00 4.288426e+00 4.378189e+00 4.763978e-01
[631] 9.467094e-04 4.666356e+00 7.157708e+00 1.193069e+00 5.995047e+00 2.394097e-01 4.005374e+00
[638] 3.555495e+00 8.434507e-01 4.010067e-01 5.041342e+00 7.545170e-01 6.033659e+00 5.065132e+00
[645] 4.477810e+00 3.724783e+00 6.677396e+00 4.801649e+00 5.412229e+00 4.624144e+00 2.424635e+00
[652] 2.036785e+00 3.584878e+00 4.990892e+00 3.355868e+00 5.600706e+00 1.782731e+00 1.340827e+00
[659] 2.128766e-01 5.336298e+00 3.690830e+00 5.942278e+00 2.916524e+00 5.034302e+00 2.416169e+00
[666] 4.653298e+00 1.784591e+00 1.718306e+00 1.885310e+00 1.326382e+00 2.746649e+00 1.677738e+00
[673] 1.430189e+00 5.684150e+00 1.303569e+00 5.080309e+00 3.841233e+00 1.580222e+00 5.267021e-01
[680] 2.808134e+00 1.664173e+00 1.128151e+00 7.264567e-01 3.793259e+00 1.095949e+00 4.172066e+00
[687] 2.955337e+00 5.687286e-03 4.755745e+00 4.483637e-01 1.403354e+00 2.775125e+00 2.059748e+00
[694] 2.646733e+00 2.346755e+00 4.326187e+00 2.623708e+00 1.889501e+00 3.492856e+00 2.593559e+00
[701] 3.289484e+00 1.123198e+00 4.709872e-02 1.527823e-01 1.082654e+00 2.076499e-01 3.696558e+00
[708] 2.859149e+00 3.025453e-01 2.074914e+00 1.733021e+00 1.194078e+00 2.556116e+00 2.200236e+00
[715] 1.995670e+00 1.400688e+00 1.172141e+00 2.095763e+00 1.683213e+00 1.886025e+00 1.544565e+00
[722] 1.580448e+00 7.109078e-01 2.070992e+00 1.932362e+00 9.948745e-01 4.922613e-01 2.252150e-01
[729] 4.213263e-01 2.223541e-01 7.407856e-01 4.590198e-01 8.145060e-02

$PAR
  [1]  NA   1   1   1   2   2   2   3   3   3   3   3   3   5   8  15  15   9   9  16  16  16  16
 [24]  16  18  18  18  18  18   6   6   6   6   6   6  17  17  17  17  25  25  25  25  25  36  36
 [47]  21  21  26  22  22  22  22  22  47  12  12  50  55  55  30  30  58  58  58  58  58  58  51
 [70]  51  51  51  51  51  48  48   7   7   7  69  69  69  49  49  49  49  49  49  52  28  28  28
 [93]  28  90  40  40  40  37  91  91  91  91  80  80  80  80  99  99  99  95  95  95  41  41  41
[116]  41  41  56  56  56  56  56  56 100 100 107 107 107  94 103 103 103 103 103  62  85  75  75
[139]  75  75  75  75  75  42  42 130 130 118  78  78  78  78 110 110 110 135 135  70  70  70  57
[162]  38  38  38  38  38 153 153 153 149 149 149 149 149  43  43  43  43  43  39 180 180 180 102
[185] 102 181 181 181 181 126 126 126 126 126 126  92 144 144 127 138 138 112 112 112 112 202 202
[208] 202 202 156 150 145 145 145 175 151 151 151 151 128 200 200 215 190 190  44  44 140 221 221
[231] 136 136 136 136 216 216 216 216  98 132 132 132 132 186 186 186 161 124  79 212 212 244 244
[254] 129 248 248 248 248 248 247 247 222 222 222 229 211 211 211 211  71 158  45  45  45 187 187
[277] 217 217 217 265 265 265 265 255 159 159 231 231 231 162 245 245 272 272 213  72  72 273 154
[300] 250  97  97  97 125  33 157 157 157 157 183 183 183  93  93  93 141 261  86  86 275 275 275
[323] 275 226 226 226 199 142 142 218 230 230 230 230 114 114 114 192 240 296 296 176 176 176 176
[346] 318 318 193 193 193  64  64 184 249 310 310 327 271 271 339 339 339 339 339 339 339 335 353
[369] 353 280 115 115 295 295 324 304 304 304 304 169 169 214 224 224 224 337 298 298 206 206 206
[392] 210 171 171 171 373 291 291 291 241 241 241 241 241 285 285 371 371 393 313 267 267 267 267
[415] 267 387 223 223 223 133 407 407 407 407 417 421 421 421 367 368 368 233 350 350 350 358 358
[438] 288 288 405 405 172 172 172 172 172 172  35  35  35 257 257 257 306 306 338  81  81 406 406
[461] 105 436 292 188 426 355 258 258 258 258 463 463 242 173 173  24 374 400 325 194 462 462 462
[484] 462 462 286 286 286 356 185 185 380 380 380 474 474 396 396 482 482 437 437 264 497 497  53
[507]  53 317 456 456 420 420 420 420 420 316 316 511 208 208 282 282 282 301 372 333 443 443 429
[530] 382 382 389 389 389 389 499 499 270 270 440 440 516 268 526 308 519 464 464 423 197 197 251
[553] 547 547 354 354 495 427 411 411 234  73 424 424 402 402 483 459 452 235 143 409 409 409 572
[576] 572 121 121 121 276 276 276 276 276 468 433 433 568 504 471 549 549 492 492 580 302 302 545
[599] 461 461 562 562 548 454 585 283 283 466 466 466 413 225 225 601 160 160 573 541  74 432 390
[622] 361 419 419 419 621 621 533 203 203 203 428 487 487 403 546 576 577 577 475 441 441 565 493
[645] 493 493 633 469 612 612 612 612 416 617 290 647 647 551 551 559 434 566 566 598 385 600 643
[668] 243 578 578 198 198 198 484 674 449 660 491 491 544 544 589 404 147 644 344 201 201 346 650
[691] 505 498 498 629 629 627 496 496 686 686 450 450 450 637 596 677 594 707 597 655  68 687 663
[714] 435 713 713 602 485 665 695 123 590 579 718 693 672 722 392 670 613 702 503 642

$EXTANT
  [1] FALSE FALSE FALSE FALSE FALSE FALSE  TRUE FALSE FALSE FALSE FALSE FALSE FALSE FALSE FALSE
 [16]  TRUE FALSE FALSE FALSE FALSE FALSE FALSE FALSE  TRUE  TRUE FALSE FALSE  TRUE FALSE FALSE
 [31] FALSE FALSE  TRUE FALSE  TRUE  TRUE FALSE  TRUE FALSE FALSE  TRUE FALSE FALSE  TRUE  TRUE
 [46]  TRUE FALSE  TRUE FALSE FALSE FALSE  TRUE  TRUE  TRUE  TRUE  TRUE FALSE  TRUE FALSE  TRUE
 [61] FALSE FALSE FALSE  TRUE FALSE  TRUE  TRUE FALSE  TRUE  TRUE  TRUE FALSE  TRUE  TRUE  TRUE
 [76] FALSE FALSE FALSE FALSE  TRUE  TRUE FALSE FALSE FALSE FALSE FALSE  TRUE FALSE FALSE FALSE
 [91] FALSE  TRUE FALSE FALSE FALSE FALSE  TRUE FALSE  TRUE  TRUE FALSE FALSE FALSE FALSE  TRUE
[106]  TRUE FALSE  TRUE  TRUE FALSE FALSE  TRUE FALSE  TRUE FALSE FALSE  TRUE FALSE  TRUE  TRUE
[121]  TRUE FALSE  TRUE FALSE FALSE  TRUE FALSE FALSE  TRUE  TRUE FALSE  TRUE FALSE  TRUE FALSE
[136]  TRUE FALSE FALSE FALSE FALSE  TRUE  TRUE  TRUE  TRUE FALSE FALSE  TRUE FALSE  TRUE FALSE
[151] FALSE FALSE FALSE  TRUE FALSE FALSE  TRUE FALSE FALSE FALSE FALSE  TRUE  TRUE  TRUE FALSE
[166]  TRUE  TRUE FALSE FALSE FALSE  TRUE FALSE  TRUE  TRUE FALSE  TRUE FALSE FALSE FALSE FALSE
[181]  TRUE FALSE  TRUE FALSE FALSE  TRUE FALSE FALSE  TRUE  TRUE FALSE FALSE  TRUE  TRUE  TRUE
[196]  TRUE FALSE  TRUE FALSE FALSE  TRUE  TRUE  TRUE  TRUE  TRUE  TRUE FALSE  TRUE FALSE  TRUE
[211]  TRUE FALSE FALSE FALSE FALSE  TRUE  TRUE FALSE FALSE FALSE FALSE FALSE  TRUE FALSE  TRUE
[226]  TRUE  TRUE FALSE FALSE  TRUE  TRUE FALSE FALSE  TRUE  TRUE FALSE  TRUE  TRUE FALSE  TRUE
[241]  TRUE FALSE  TRUE  TRUE FALSE FALSE FALSE  TRUE FALSE FALSE  TRUE  TRUE  TRUE  TRUE FALSE
[256]  TRUE  TRUE  TRUE  TRUE FALSE FALSE  TRUE  TRUE  TRUE FALSE FALSE  TRUE FALSE  TRUE  TRUE
[271]  TRUE FALSE FALSE  TRUE  TRUE  TRUE FALSE FALSE  TRUE  TRUE  TRUE  TRUE  TRUE FALSE  TRUE
[286]  TRUE FALSE FALSE FALSE  TRUE  TRUE FALSE  TRUE  TRUE FALSE  TRUE FALSE  TRUE FALSE FALSE
[301]  TRUE  TRUE  TRUE  TRUE  TRUE  TRUE FALSE  TRUE  TRUE  TRUE  TRUE  TRUE FALSE  TRUE FALSE
[316]  TRUE  TRUE  TRUE FALSE FALSE  TRUE  TRUE  TRUE FALSE FALSE FALSE FALSE FALSE  TRUE  TRUE
[331] FALSE FALSE  TRUE  TRUE  TRUE  TRUE  TRUE FALSE  TRUE  TRUE FALSE FALSE  TRUE  TRUE  TRUE
[346]  TRUE  TRUE FALSE FALSE FALSE  TRUE FALSE  TRUE  TRUE  TRUE  TRUE FALSE FALSE FALSE FALSE
[361]  TRUE  TRUE  TRUE  TRUE  TRUE  TRUE  TRUE  TRUE  TRUE FALSE  TRUE  TRUE FALSE  TRUE FALSE
[376] FALSE  TRUE  TRUE  TRUE  TRUE  TRUE  TRUE FALSE  TRUE  TRUE  TRUE FALSE  TRUE  TRUE  TRUE
[391]  TRUE  TRUE FALSE FALSE  TRUE  TRUE FALSE  TRUE  TRUE  TRUE FALSE  TRUE  TRUE  TRUE  TRUE
[406]  TRUE FALSE  TRUE  TRUE FALSE  TRUE FALSE  TRUE  TRUE  TRUE  TRUE  TRUE  TRUE  TRUE  TRUE
[421] FALSE FALSE FALSE  TRUE FALSE  TRUE  TRUE  TRUE  TRUE  TRUE  TRUE  TRUE  TRUE  TRUE  TRUE
[436] FALSE  TRUE  TRUE  TRUE  TRUE  TRUE  TRUE  TRUE  TRUE  TRUE FALSE  TRUE FALSE  TRUE  TRUE
[451]  TRUE  TRUE FALSE  TRUE  TRUE  TRUE  TRUE  TRUE FALSE  TRUE  TRUE  TRUE  TRUE  TRUE  TRUE
[466]  TRUE  TRUE  TRUE  TRUE  TRUE  TRUE  TRUE  TRUE  TRUE  TRUE  TRUE  TRUE FALSE FALSE  TRUE
[481]  TRUE  TRUE  TRUE FALSE  TRUE FALSE  TRUE  TRUE  TRUE  TRUE  TRUE  TRUE  TRUE  TRUE  TRUE
[496]  TRUE  TRUE  TRUE  TRUE  TRUE  TRUE FALSE  TRUE  TRUE  TRUE  TRUE  TRUE FALSE  TRUE  TRUE
[511]  TRUE  TRUE FALSE  TRUE  TRUE  TRUE  TRUE  TRUE  TRUE  TRUE  TRUE  TRUE  TRUE  TRUE  TRUE
[526]  TRUE  TRUE  TRUE FALSE  TRUE  TRUE  TRUE  TRUE  TRUE  TRUE  TRUE  TRUE FALSE  TRUE  TRUE
[541]  TRUE  TRUE  TRUE  TRUE  TRUE  TRUE  TRUE  TRUE FALSE  TRUE  TRUE  TRUE  TRUE  TRUE  TRUE
[556]  TRUE  TRUE FALSE  TRUE  TRUE  TRUE  TRUE  TRUE  TRUE  TRUE  TRUE FALSE  TRUE  TRUE  TRUE
[571]  TRUE  TRUE  TRUE  TRUE  TRUE  TRUE  TRUE  TRUE  TRUE  TRUE FALSE  TRUE  TRUE  TRUE  TRUE
[586]  TRUE  TRUE FALSE FALSE  TRUE  TRUE  TRUE  TRUE  TRUE  TRUE  TRUE  TRUE FALSE  TRUE  TRUE
[601]  TRUE  TRUE  TRUE  TRUE  TRUE  TRUE  TRUE  TRUE  TRUE  TRUE  TRUE  TRUE  TRUE  TRUE FALSE
[616]  TRUE  TRUE  TRUE  TRUE  TRUE  TRUE  TRUE  TRUE  TRUE  TRUE  TRUE  TRUE  TRUE  TRUE  TRUE
[631]  TRUE  TRUE FALSE  TRUE  TRUE  TRUE  TRUE  TRUE  TRUE  TRUE  TRUE  TRUE  TRUE  TRUE  TRUE
[646]  TRUE  TRUE  TRUE  TRUE  TRUE FALSE  TRUE  TRUE  TRUE FALSE  TRUE  TRUE  TRUE  TRUE  TRUE
[661]  TRUE  TRUE  TRUE FALSE  TRUE  TRUE  TRUE  TRUE  TRUE  TRUE  TRUE  TRUE  TRUE  TRUE  TRUE
[676]  TRUE  TRUE  TRUE  TRUE  TRUE  TRUE  TRUE  TRUE  TRUE  TRUE  TRUE  TRUE  TRUE  TRUE  TRUE
[691]  TRUE  TRUE  TRUE  TRUE  TRUE  TRUE  TRUE  TRUE FALSE  TRUE  TRUE  TRUE  TRUE  TRUE  TRUE
[706]  TRUE  TRUE FALSE  TRUE  TRUE FALSE  TRUE  TRUE  TRUE  TRUE  TRUE  TRUE  TRUE  TRUE FALSE
[721]  TRUE  TRUE  TRUE FALSE  TRUE  TRUE  TRUE  TRUE  TRUE  TRUE  TRUE  TRUE  TRUE

