
Birth-death simulation object with 684 species and 500 extant species

Details for some species:

Extinction times (NA means extant)
[1]  98.28592 143.33590 109.18824  93.50069  71.16664  97.75767


Speciation times 
[1] 150.8426 146.9473 125.4664 121.3847 120.5909 111.9847


Species parents (NA for initial)
[1] NA  1  1  1  1  1


Species status (extinct or extant)
[1] "extinct" "extinct" "extinct" "extinct" "extinct" "extinct"


For more details on vector y, try sim$y, with y one of
TE TS PAR EXTANT



$TE
  [1]  98.2859188 143.3358985 109.1882447  93.5006887  71.1666396  97.7576743  98.1759475
  [8] 110.9752713 115.1708584  99.6792222  26.0548304          NA 103.4735128  68.2911099
 [15]  83.4498801  34.7222829          NA   3.0271396  71.0434307          NA          NA
 [22]          NA          NA          NA  85.8969608 100.3856008  82.5768244  57.4116018
 [29]  69.3096863  79.5158532          NA          NA          NA          NA          NA
 [36]  79.2960834  83.1687322  56.0977509  34.6745195  56.7425118  84.9220520  22.1324763
 [43]  69.1539018  80.6152094  90.5021499  84.6177851  46.5784534  43.7010056          NA
 [50]          NA          NA          NA          NA          NA          NA          NA
 [57]  22.9125060          NA  91.2244752  48.4758070  64.9963304          NA  75.3788196
 [64]  69.3169033  34.2666989  71.8128524  20.3347513   1.6389564  79.9186051  35.6479919
 [71]          NA          NA          NA          NA          NA  44.9423805  93.8464527
 [78]  91.1325086  96.5470519  81.4960482  83.3233663  83.0811688  69.0024961          NA
 [85]  28.3212181  75.9453804 100.2786166  60.6805461   8.9482653  59.8605101          NA
 [92]          NA          NA          NA          NA  61.6979438  65.8090012  80.7118017
 [99]  77.4716151          NA  70.9201102  72.5564315          NA          NA          NA
[106]          NA          NA          NA          NA          NA          NA          NA
[113]  92.6922052  86.4517307  11.3719807  88.5858971  17.9334348  62.7191124          NA
[120]          NA          NA          NA          NA          NA          NA          NA
[127]  76.7415061  32.2409642  80.5432238          NA          NA  94.2155272  84.6876609
[134]  64.0918056  66.4849317  79.0476212  74.9178694  59.6394873  38.7687667   3.8091242
[141]  86.7871887  52.3486213  75.1737060          NA          NA          NA  59.1874555
[148]          NA  42.9440929  79.1419299  78.3911415          NA          NA          NA
[155]          NA          NA          NA          NA          NA          NA          NA
[162]  52.7393129          NA  80.0849917  70.5295381  72.2254771  39.9698114  49.8319060
[169]  83.2588792  78.5116971  66.6657179  59.2563073  55.2454454  39.8734547  75.2181823
[176]  55.0543843          NA          NA          NA          NA  76.0230163  71.3376214
[183]  43.3194778          NA          NA          NA  91.0278193  47.2293580          NA
[190]          NA          NA          NA          NA          NA          NA          NA
[197]          NA          NA          NA          NA  27.1327704          NA  30.5332366
[204]  43.1427835  55.7007841  28.2122321          NA          NA  78.2555320  82.6726961
[211]          NA          NA          NA  60.7676069  61.6646238          NA  55.2130176
[218]          NA          NA  28.1666931          NA          NA          NA  51.5894927
[225]          NA          NA          NA          NA          NA          NA          NA
[232]  68.1221874          NA  38.0572326          NA          NA          NA          NA
[239]          NA          NA          NA          NA          NA          NA          NA
[246]          NA  66.9975493  47.7387125          NA          NA          NA          NA
[253]  85.6215031  53.9821864  34.6319976          NA          NA  81.0832412  58.5931485
[260]  70.8394254  77.3497577  22.8155939  30.1419735          NA  66.2384667  51.6849770
[267]  80.9524888          NA          NA          NA          NA          NA          NA
[274]          NA          NA          NA          NA  17.1172216  50.0839705          NA
[281]          NA          NA          NA          NA          NA          NA  68.7476865
[288]          NA          NA          NA  48.4454528  46.3123084          NA          NA
[295]          NA          NA          NA  68.5745453          NA          NA          NA
[302]          NA          NA          NA          NA          NA          NA          NA
[309]  30.7263757          NA  71.9953827  38.3741455          NA          NA  59.2390298
[316]  60.2421317          NA          NA          NA          NA  32.3307883  22.0180313
[323]          NA          NA          NA          NA          NA          NA          NA
[330]          NA          NA          NA          NA          NA  68.8029427  26.1247499
[337]          NA          NA          NA          NA          NA          NA          NA
[344]          NA  73.2062048          NA          NA          NA          NA          NA
[351]          NA          NA          NA  73.0849654  72.8020801          NA          NA
[358]          NA          NA  33.4775838          NA          NA          NA          NA
[365]          NA          NA          NA          NA          NA          NA          NA
[372]          NA          NA          NA  56.0058767          NA          NA          NA
[379]          NA  16.4663414  42.7473166          NA          NA          NA          NA
[386]          NA          NA          NA          NA          NA   8.4062038          NA
[393]          NA          NA          NA          NA          NA          NA          NA
[400]  54.3680994          NA          NA   3.1578156          NA          NA          NA
[407]          NA          NA          NA  58.2254546          NA          NA  54.8404968
[414]          NA          NA          NA          NA          NA          NA          NA
[421]          NA          NA          NA          NA          NA   0.1622413          NA
[428]          NA          NA          NA          NA          NA          NA          NA
[435]          NA          NA          NA          NA          NA          NA          NA
[442]          NA          NA          NA          NA          NA          NA          NA
[449]          NA          NA   0.1372540          NA          NA          NA          NA
[456]          NA          NA          NA          NA          NA          NA          NA
[463]          NA          NA          NA          NA          NA          NA          NA
[470]  53.5192394  70.4666077          NA          NA          NA          NA          NA
[477]          NA          NA          NA          NA          NA          NA          NA
[484]  62.9161664  49.0296251          NA          NA          NA          NA          NA
[491]          NA  36.2855476          NA          NA          NA          NA          NA
[498]          NA          NA          NA          NA          NA          NA          NA
[505]          NA          NA          NA          NA          NA  56.2822061          NA
[512]          NA  31.1113874          NA          NA          NA          NA          NA
[519]  49.5025265          NA          NA          NA          NA          NA          NA
[526]          NA          NA          NA          NA          NA          NA          NA
[533]          NA          NA          NA          NA          NA          NA          NA
[540]          NA          NA          NA          NA          NA          NA          NA
[547]          NA          NA   0.2194896          NA          NA  51.8364942          NA
[554]          NA          NA          NA  15.9011088          NA          NA          NA
[561]          NA          NA          NA          NA          NA          NA          NA
[568]          NA          NA          NA  76.2694803          NA  73.6759732          NA
[575]          NA          NA          NA          NA          NA          NA          NA
[582]          NA  62.0708515          NA          NA          NA          NA          NA
[589]          NA          NA          NA          NA          NA          NA          NA
[596]          NA          NA          NA          NA          NA          NA          NA
[603]          NA          NA          NA          NA          NA          NA          NA
[610]          NA          NA          NA          NA          NA          NA          NA
[617]          NA          NA          NA          NA          NA          NA          NA
[624]          NA          NA          NA          NA          NA          NA          NA
[631]          NA          NA          NA          NA          NA          NA          NA
[638]          NA          NA          NA          NA          NA          NA          NA
[645]          NA          NA          NA          NA          NA          NA          NA
[652]          NA          NA          NA          NA          NA          NA          NA
[659]          NA          NA          NA          NA          NA          NA          NA
[666]          NA  26.6554151          NA          NA          NA          NA          NA
[673]          NA          NA          NA          NA          NA          NA          NA
[680]          NA          NA          NA          NA          NA

$TS
  [1] 150.84256731 146.94729424 125.46641797 121.38465329 120.59091472 111.98469689 111.32570253
  [8] 120.15082571 119.22071537 104.73147566 101.17341764 115.02582867 114.59085543 105.25898551
 [15]  99.56019935 118.02593915 106.83296457  86.22742945  82.26325245  68.32633763  61.45871323
 [22]  47.85343098  38.66393946  38.20468485 113.97949426 108.22544437  90.57671214  88.57685847
 [29]  87.19908634  87.16828819  69.29680190  38.77914689  27.33253408   9.89292040   6.18933632
 [36]  95.35525944  88.38589267 105.03074536 104.35098981 101.34407340  98.89328147 110.41090771
 [43] 105.95528053 104.72957029 108.73134581 105.77901162 104.98027177  92.91026264  71.25432269
 [50]  69.71354511  60.24172764  58.83052332  42.58854276  36.22648874  22.23273189 103.07227368
 [57]  97.62964821  49.82441574  92.21820782  87.45456863  79.88095841  74.55594976  98.94808694
 [64]  95.40224329  84.76784657 104.91860787  76.31166289  92.60930677  88.67976665  85.51784308
 [71]  84.26768901  81.38662996  79.23676568  69.45237556  68.41008756  88.67003882 103.41933672
 [78] 102.38361551 102.04937498  98.11737106  87.77165714  83.09533307  81.25710942  80.27759151
 [85]  78.29536442  94.81751491 103.87443714 103.13949342  94.65153491  90.73722273  86.34285733
 [92]  70.38701420  68.58230656  50.79930503  45.90172787  99.97082999  97.70490731  84.40951783
 [99]  83.22704303  61.23630385  84.43121380  83.65433740  68.34337749  62.88656365  61.59447938
[106]  39.59956000  33.16385966  31.99441160  27.86730258  24.37090021  17.22830492   4.95572540
[113]  95.84157831  94.64102860  97.36831939 100.72587309  77.80786108  76.38047251  72.11754911
[120]  67.67302446  63.78254884  61.29367115  55.44285410  52.72864950  48.76641320  26.12764082
[127]  90.73311940  98.19127925  82.34236039  68.91255552  62.58117700  96.90305857  90.05994614
[134]  83.58118030  79.64470308  79.38591077  98.70865685  88.09261731  87.24767819  77.43003955
[141]  90.62048569  85.62149259  83.55607861  54.04013769  50.96904009  35.29049514  96.42225683
[148]  87.74124080  84.00666071  90.69468578  78.76119724  73.18955310  72.08987233  60.29542627
[155]  59.83575152  33.52545597  23.35235092  38.92355554  37.95315300  25.24633870  24.22607551
[162]  90.72993144  66.88812090  91.88918362  91.06032023  84.90830373  82.00180095  79.18317860
[169]  95.24888123  84.48929444  91.18093856  77.44269559  76.79496044  89.05344182  85.15956757
[176]  80.96691120  55.45842195  42.48085474  39.78195411  34.34606306  93.44068150  87.29577753
[183]  91.12434475  73.58910130  71.61658964  64.55779336  92.50582466  87.06715439  74.70011148
[190]  65.93340215  64.90565860  58.85853653  52.27369598  40.98008880  37.75936008  25.54614969
[197]  23.36380444  21.02330546  14.66422631   3.21936146  83.97082416  69.56803270  84.53746086
[204]  82.31992795  80.50193256  77.10984078  73.25818415  72.98545990  86.79664595  85.70202785
[211]  77.90315689  65.15743798  61.32952853  79.53453393  88.88775484  62.01531831  84.36657852
[218]  73.41387384  72.84323224  76.55396803  73.28283691  71.07378124  81.83004310  81.84269024
[225]  74.42300544  62.91736791  53.29364438  49.64682297  45.54881673  71.13929163  61.49699770
[232]  87.47537148  85.25824713  83.08468656  68.24570937  67.57709165  47.34145141  45.96956628
[239]  44.62718161  43.24236028  22.44638649   1.73439586  74.66890873  71.10684741  70.99746450
[246]  68.88884674  86.62224228  77.00836106  62.38205366  60.90757556  51.57381141  50.05133424
[253]  86.88061752  85.07220012  81.77000600  66.74922236  60.50113115  86.54283639  87.14498648
[260]  84.94753337  77.92668162  81.58317821  77.20237682  55.28878268  79.53145579  79.04424694
[267]  85.08792597  73.62579321  71.02161276  64.74957439  47.40602088  44.46542318  27.83131984
[274]  25.28555851  21.97736577   2.44753704  84.85165958  84.45844435  79.78078863  74.92810519
[281]  70.79952462  50.60266128  39.39208004  30.82063923   8.22493386   4.96845940  85.51002139
[288]  57.69257662  53.27282882  53.11333929  84.74302882  79.55966998  68.08150064  67.93733904
[295]  65.56263479  62.82314647  53.11151773  80.22818503  68.77412772  69.36423066  68.26799216
[302]  60.36865707  59.26778235  52.50407965  34.30552296  32.56223582  20.67954439   7.27858360
[309]  83.45057394  80.29755343  81.27521483  84.83288831  68.27859928  56.78739734  81.44786303
[316]  78.40568106  55.82752609  54.35363055  39.58609142  30.42115282  84.61531315  81.38471628
[323]  64.89994044  51.73778058  48.12031368  43.73688394  71.79247703  68.27754379  66.19920959
[330]  58.67622712  56.87648662  54.14872501  37.95678795  34.51682017  81.31289413  77.68589287
[337]  68.84430988  68.46997161  58.67927850  69.98785462  69.65566873  60.94659652  52.85896506
[344]  41.20706028  77.79329278  70.87375948  64.09223005  62.73109853  60.90010296  46.57930852
[351]  39.79331480  30.60859683  83.96359062  81.11654400  78.63638105  74.86423458  67.00943985
[358]  23.45837416  71.09937797  80.23811200  64.75471375  61.85527415  52.93041194  52.01348329
[365]  50.97763172  49.43084849  42.62579997  37.24927374  29.94702746  22.11054993  18.90641827
[372]   0.09655794  63.59717199  56.31517760  80.90578557  68.96201420  64.15836579  45.84056452
[379]  43.06527433  81.29069637  76.64036641  68.12830248  67.73052567  54.06644542  53.40078862
[386]  38.00960009  34.50123498  30.08424093   6.26418083  75.59767308  76.50504154  70.69593383
[393]  69.77479951  65.21810799  48.08704665  47.11945443  41.47483444  39.47395529  39.04793484
[400]  78.84975258  64.29524701  50.13898010  79.86805385  70.15774366  58.09156623  54.66503621
[407]  74.92955474  66.40509323  49.55678134  80.76781990  59.65268383  58.77767616  79.72694728
[414]  65.59476137  58.61826578  55.01014679  45.15826164  39.08413174  35.75987848  23.22297829
[421]  21.32281449  12.82384471  11.16772996   9.96164937   6.68003654  80.29363977  70.90428023
[428]  66.13560800  64.26967548  50.10322655  48.17018970  47.94241603  47.92266005  47.18878719
[435]  45.13025991  45.05197763  73.94828339  69.00371393  67.86840739  49.40261659  43.84068868
[442]  39.96060138  38.69549249  32.95401572  31.29217190  28.86234821  56.77447256  46.69398744
[449]  29.65849938   9.30160076  76.98145222  63.04001068  62.45066414  42.94018439  41.11051340
[456]  33.95574527  70.57921619  71.99274358  61.37012900  60.76728700  53.38450257  53.37175836
[463]  39.66628332  36.93544941  32.76588826  73.06398114  73.17354627  71.18271036  72.83213285
[470]  79.95829661  77.07970824  75.22944966  74.06430766  66.17491350  60.99896272  70.72405786
[477]  70.59401029  66.99246428  59.93931966  66.76724394  62.18171621  61.14599200  59.58540902
[484]  78.22852969  77.84357289  60.98788674  59.17362335  38.96807506  30.77427025  27.28981028
[491]  20.93605837  75.93094673  73.34639715  69.73696916  55.77171998  32.46496513  30.65218270
[498]  30.48119499  25.99330725  18.70221844  12.95939379  69.25143868  64.52608909  37.03304527
[505]  26.42864073  15.28346118  14.17554754   5.21209181   0.14810824  78.64782440  48.38913676
[512]  39.59650579  79.71160854  68.76297910  67.64690932  59.84047062  59.69960855  58.12049389
[519]  78.15228149  75.48650768  65.75803262  65.06707631  59.89698223  52.42722411  50.79680196
[526]  24.28679039  18.56720408  10.07958615  63.19792359  61.90997167  61.40454607  79.66243785
[533]  74.27831890  73.11356854  68.52563638  65.74595009  61.68339233  68.86793633  67.13692871
[540]  62.86801205  51.14498158  42.53819935  34.63349458  33.19329086  30.13837224  10.51066391
[547]   0.45261964   0.16706460  78.13109875  71.44406542  63.68930088  75.80167532  73.28269560
[554]  69.75210746  66.55307579  65.41539313  76.87059447  74.70178333  59.97131939  24.88857159
[561]  20.74163719   9.23722138  73.36922211  63.10450370  65.58378372  65.45578030  57.77519068
[568]  75.20501274  67.75777767  61.37169335  76.68491721  63.80730652  78.59045683  74.48276363
[575]  74.67088234  67.48908723  70.54450247  58.73931067  58.41415449  54.82988574  49.37567018
[582]  40.82310018  76.06372289  62.20344568  57.57165266  72.60812427  67.79348301  41.40020639
[589]  26.73140901  13.55958021  10.30840234   6.49838158  70.26427153  59.82668282  52.47754148
[596]  48.35891611  46.13865689  31.85338246  20.99730488  14.99469155  14.67747673  71.17074739
[603]  70.67307460  59.71867811  53.60463963  50.62593263  73.25741367  64.29779218  56.45043641
[610]  47.65345174  38.10955851  32.73126137  39.08777439  69.73007655  62.89778417  66.83343970
[617]  63.28377561  59.90157193  32.91778982  56.96090128  56.41763714  51.17755850  31.23643714
[624]  70.28345290  69.03646965  64.23269262  46.54826903  66.71839448  63.56446465  50.75931008
[631]  67.41117022  61.58552081  56.41775645  53.01678061  47.32813433  40.20721201  30.69021437
[638]  23.44635115  11.33746109   2.23015347   0.90523660  57.97594396  36.15312347  34.34177106
[645]  52.98436772  48.78747609  39.10198046  38.28508283  34.52324531  73.74372482  58.27216076
[652]  55.73046464  50.31785948  49.47455316  40.22731708  38.78580278  35.03318161  20.06284505
[659]  53.72771100  51.45996450  50.73804072  46.27946684  42.84518907  38.23717427  32.42883670
[666]  22.81499632  75.89668914  74.86956900  65.77662575  75.53412135  69.25625844  68.64649813
[673]  65.01883865  64.25719716  59.98043846  69.20936613  68.11873512  46.62307143  27.85582082
[680]  66.29882789  47.75270542  36.40025331  24.22238970  22.72049423

$PAR
  [1]  NA   1   1   1   1   1   1   4   4   4   4   5   5   5   5   9  16  16  16  16  16  16  16
 [24]  16  12  12  12  12  12  12  12  12  12  12  12  25  25   6   6   6   6   7   7   7  42  42
 [47]  42  42  42  42  42  42  42  42  42  45  45  17  43  43  43  43  46  46  46  14  14  38  38
 [70]  38  38  38  38  38  38  47  66  66  66  66  66  66  66  66  66  44  39  39  39  39  39  39
 [93]  39  39  39  88  88  88  88  88  56  56  56  56  56  56  56  56  56  56  56  56  78  78  79
[116]  40  40  40  40  40  40  11  11  11  11  11 116  96  96  96  96  15  63  63  63  63  41  41
[139] 137 137 128 128 128 128 128 128  80  80  80  97  97  97  57  57  57  57  57 115 115 115 115
[162] 147 147  64  64  64  64  64  36 169  86  86  86  89  89  89  89  89  89  89 114 114 181  48
[185]  48  48  68  68  68  68  68  68  68  68  68  68  68  68  68  68 164 183 165 165 165 165 165
[208] 165  90  90  90  90  90 127 162 162 174 174 174 215 215 215  69  76  76  76  76  76  76  28
[231]  28  37  37 148 148 148 148 148 148 148 148 148 232 232 232 232  60  60  60  60  60  60 182
[254] 182 182 139 139  29  30  30 259 188 188 188 209 247  91  91  91  91  91  91  91  91  91  91
[277]  18  18  18  18  18  18  18  18  18  18 210 142 142 142  70  70  70  70  70  70  70 287 287
[300] 233 233 233 233 233 233 233 233 233 175 175 267 254 254 254 277 277 277 277 277 277 312 312
[323] 312 312 312 312  65  65  65  65  65  65  65  65 291 291 291 291 291 321 321 321 321 321 203
[346] 203 203 203 203 203 203 203 278 278 278 278 278 278 217  71  71  71  71  71  71  71  71  71
[369]  71  71  71  71 149 149 201 201 201 201 201 353 353 353 353 353 353 353 353 353 353 102 134
[392] 134 134 309 309 309 309 309 309 234 234 234 204 204 204 204  19 167 167 224 224 224 223 223
[415] 223 223 223 223 223 223 223 223 223 223 223 255 255 255 255 255 255 255 255 255 255 255 262
[438] 262 262 262 262 262 262 262 262 262  72  72  72  72 322 322 322 322 322 322 335 380 380 380
[461] 380 380 380 380 380 311  83  83 176 375 375 375 375 375 375 410 410 410 410 205 205 205 205
[484] 310 310 310 310 310 310 310 310 426 426 426 426 426 426 426 426 426 426  84  84  84  84  84
[507]  84  84  84 360 360 360 298 298 470 470 470 470 403 403 403 403 403 403 403 403 403 403 279
[530] 279 279 413 413 413 413 413 413 532 532 532 532 532 532 532 532 532 532 532 135 135 292 214
[553] 214 214 214 214 265 265  73  73  73  73 168 168 266 266 266 400 400 400 510 510 355 573 316
[576] 316  85  85  85  85  85  85 484 519 519 549 549 549 549 549 549 549 211 211 211 211 211 211
[599] 211 211 211 485 485 485 485 485 117 117 117 117 117 117 336 172 172 140 140 140 140 263 263
[622] 263 263 206 206 206 206 248 248 248 451 451 451 451 451 451 451 451 451 451 451 557 557 557
[645] 381 220 220 220 220 391 391 391 391 391 391 391 391 391  67  67  67  67  67  67  67  67 583
[668] 583 583 492 492 492 492 492 492 667 667 667 667 552 390 390 390 390

$EXTANT
  [1] FALSE FALSE FALSE FALSE FALSE FALSE FALSE FALSE FALSE FALSE FALSE  TRUE FALSE FALSE FALSE
 [16] FALSE  TRUE FALSE FALSE  TRUE  TRUE  TRUE  TRUE  TRUE FALSE FALSE FALSE FALSE FALSE FALSE
 [31]  TRUE  TRUE  TRUE  TRUE  TRUE FALSE FALSE FALSE FALSE FALSE FALSE FALSE FALSE FALSE FALSE
 [46] FALSE FALSE FALSE  TRUE  TRUE  TRUE  TRUE  TRUE  TRUE  TRUE  TRUE FALSE  TRUE FALSE FALSE
 [61] FALSE  TRUE FALSE FALSE FALSE FALSE FALSE FALSE FALSE FALSE  TRUE  TRUE  TRUE  TRUE  TRUE
 [76] FALSE FALSE FALSE FALSE FALSE FALSE FALSE FALSE  TRUE FALSE FALSE FALSE FALSE FALSE FALSE
 [91]  TRUE  TRUE  TRUE  TRUE  TRUE FALSE FALSE FALSE FALSE  TRUE FALSE FALSE  TRUE  TRUE  TRUE
[106]  TRUE  TRUE  TRUE  TRUE  TRUE  TRUE  TRUE FALSE FALSE FALSE FALSE FALSE FALSE  TRUE  TRUE
[121]  TRUE  TRUE  TRUE  TRUE  TRUE  TRUE FALSE FALSE FALSE  TRUE  TRUE FALSE FALSE FALSE FALSE
[136] FALSE FALSE FALSE FALSE FALSE FALSE FALSE FALSE  TRUE  TRUE  TRUE FALSE  TRUE FALSE FALSE
[151] FALSE  TRUE  TRUE  TRUE  TRUE  TRUE  TRUE  TRUE  TRUE  TRUE  TRUE FALSE  TRUE FALSE FALSE
[166] FALSE FALSE FALSE FALSE FALSE FALSE FALSE FALSE FALSE FALSE FALSE  TRUE  TRUE  TRUE  TRUE
[181] FALSE FALSE FALSE  TRUE  TRUE  TRUE FALSE FALSE  TRUE  TRUE  TRUE  TRUE  TRUE  TRUE  TRUE
[196]  TRUE  TRUE  TRUE  TRUE  TRUE FALSE  TRUE FALSE FALSE FALSE FALSE  TRUE  TRUE FALSE FALSE
[211]  TRUE  TRUE  TRUE FALSE FALSE  TRUE FALSE  TRUE  TRUE FALSE  TRUE  TRUE  TRUE FALSE  TRUE
[226]  TRUE  TRUE  TRUE  TRUE  TRUE  TRUE FALSE  TRUE FALSE  TRUE  TRUE  TRUE  TRUE  TRUE  TRUE
[241]  TRUE  TRUE  TRUE  TRUE  TRUE  TRUE FALSE FALSE  TRUE  TRUE  TRUE  TRUE FALSE FALSE FALSE
[256]  TRUE  TRUE FALSE FALSE FALSE FALSE FALSE FALSE  TRUE FALSE FALSE FALSE  TRUE  TRUE  TRUE
[271]  TRUE  TRUE  TRUE  TRUE  TRUE  TRUE  TRUE FALSE FALSE  TRUE  TRUE  TRUE  TRUE  TRUE  TRUE
[286]  TRUE FALSE  TRUE  TRUE  TRUE FALSE FALSE  TRUE  TRUE  TRUE  TRUE  TRUE FALSE  TRUE  TRUE
[301]  TRUE  TRUE  TRUE  TRUE  TRUE  TRUE  TRUE  TRUE FALSE  TRUE FALSE FALSE  TRUE  TRUE FALSE
[316] FALSE  TRUE  TRUE  TRUE  TRUE FALSE FALSE  TRUE  TRUE  TRUE  TRUE  TRUE  TRUE  TRUE  TRUE
[331]  TRUE  TRUE  TRUE  TRUE FALSE FALSE  TRUE  TRUE  TRUE  TRUE  TRUE  TRUE  TRUE  TRUE FALSE
[346]  TRUE  TRUE  TRUE  TRUE  TRUE  TRUE  TRUE  TRUE FALSE FALSE  TRUE  TRUE  TRUE  TRUE FALSE
[361]  TRUE  TRUE  TRUE  TRUE  TRUE  TRUE  TRUE  TRUE  TRUE  TRUE  TRUE  TRUE  TRUE  TRUE FALSE
[376]  TRUE  TRUE  TRUE  TRUE FALSE FALSE  TRUE  TRUE  TRUE  TRUE  TRUE  TRUE  TRUE  TRUE  TRUE
[391] FALSE  TRUE  TRUE  TRUE  TRUE  TRUE  TRUE  TRUE  TRUE FALSE  TRUE  TRUE FALSE  TRUE  TRUE
[406]  TRUE  TRUE  TRUE  TRUE FALSE  TRUE  TRUE FALSE  TRUE  TRUE  TRUE  TRUE  TRUE  TRUE  TRUE
[421]  TRUE  TRUE  TRUE  TRUE  TRUE FALSE  TRUE  TRUE  TRUE  TRUE  TRUE  TRUE  TRUE  TRUE  TRUE
[436]  TRUE  TRUE  TRUE  TRUE  TRUE  TRUE  TRUE  TRUE  TRUE  TRUE  TRUE  TRUE  TRUE  TRUE  TRUE
[451] FALSE  TRUE  TRUE  TRUE  TRUE  TRUE  TRUE  TRUE  TRUE  TRUE  TRUE  TRUE  TRUE  TRUE  TRUE
[466]  TRUE  TRUE  TRUE  TRUE FALSE FALSE  TRUE  TRUE  TRUE  TRUE  TRUE  TRUE  TRUE  TRUE  TRUE
[481]  TRUE  TRUE  TRUE FALSE FALSE  TRUE  TRUE  TRUE  TRUE  TRUE  TRUE FALSE  TRUE  TRUE  TRUE
[496]  TRUE  TRUE  TRUE  TRUE  TRUE  TRUE  TRUE  TRUE  TRUE  TRUE  TRUE  TRUE  TRUE  TRUE FALSE
[511]  TRUE  TRUE FALSE  TRUE  TRUE  TRUE  TRUE  TRUE FALSE  TRUE  TRUE  TRUE  TRUE  TRUE  TRUE
[526]  TRUE  TRUE  TRUE  TRUE  TRUE  TRUE  TRUE  TRUE  TRUE  TRUE  TRUE  TRUE  TRUE  TRUE  TRUE
[541]  TRUE  TRUE  TRUE  TRUE  TRUE  TRUE  TRUE  TRUE FALSE  TRUE  TRUE FALSE  TRUE  TRUE  TRUE
[556]  TRUE FALSE  TRUE  TRUE  TRUE  TRUE  TRUE  TRUE  TRUE  TRUE  TRUE  TRUE  TRUE  TRUE  TRUE
[571] FALSE  TRUE FALSE  TRUE  TRUE  TRUE  TRUE  TRUE  TRUE  TRUE  TRUE  TRUE FALSE  TRUE  TRUE
[586]  TRUE  TRUE  TRUE  TRUE  TRUE  TRUE  TRUE  TRUE  TRUE  TRUE  TRUE  TRUE  TRUE  TRUE  TRUE
[601]  TRUE  TRUE  TRUE  TRUE  TRUE  TRUE  TRUE  TRUE  TRUE  TRUE  TRUE  TRUE  TRUE  TRUE  TRUE
[616]  TRUE  TRUE  TRUE  TRUE  TRUE  TRUE  TRUE  TRUE  TRUE  TRUE  TRUE  TRUE  TRUE  TRUE  TRUE
[631]  TRUE  TRUE  TRUE  TRUE  TRUE  TRUE  TRUE  TRUE  TRUE  TRUE  TRUE  TRUE  TRUE  TRUE  TRUE
[646]  TRUE  TRUE  TRUE  TRUE  TRUE  TRUE  TRUE  TRUE  TRUE  TRUE  TRUE  TRUE  TRUE  TRUE  TRUE
[661]  TRUE  TRUE  TRUE  TRUE  TRUE  TRUE FALSE  TRUE  TRUE  TRUE  TRUE  TRUE  TRUE  TRUE  TRUE
[676]  TRUE  TRUE  TRUE  TRUE  TRUE  TRUE  TRUE  TRUE  TRUE

