
Birth-death simulation object with 729 species and 500 extant species

Details for some species:

Extinction times (NA means extant)
[1] 110.09065 121.08891 120.35966  77.84303 102.16880  78.86214


Speciation times 
[1] 162.8569 146.1539 137.6956 122.0634 117.0793 114.5070


Species parents (NA for initial)
[1] NA  1  1  1  1  1


Species status (extinct or extant)
[1] "extinct" "extinct" "extinct" "extinct" "extinct" "extinct"


For more details on vector y, try sim$y, with y one of
TE TS PAR EXTANT



$TE
  [1] 110.090646 121.088915 120.359657  77.843033 102.168800  78.862144  95.426384  73.354489
  [9] 105.014054 110.266603 112.340496 124.435115  96.831873  86.293856 105.219229  81.915964
 [17]  63.995349  85.864978 122.150134  91.252141  91.342062 104.290477  58.211489  44.520642
 [25]  67.181988 100.402049  99.503217  77.331684 110.688232  81.408723 107.724950         NA
 [33]  59.082884  44.376658  59.552832 101.357692  88.389209 103.919204 107.347838  88.520751
 [41] 102.893904  81.241184  29.673165  99.924800  76.933582 113.427311 102.946302  34.246224
 [49]         NA  41.797209         NA         NA  25.431865         NA         NA         NA
 [57]         NA         NA         NA         NA         NA   7.231776 107.970280  82.907716
 [65]         NA 102.896895  27.966590  86.685103  72.881639         NA         NA         NA
 [73]         NA 104.962034 101.024244 104.519688  99.976751  76.283737         NA         NA
 [81]         NA         NA         NA         NA         NA         NA 112.747011 109.242418
 [89] 106.323212  93.665500         NA  74.483109  93.186871  69.907921  78.256771  58.428850
 [97]  88.645759         NA  82.308903  77.028332  45.604742  68.489749  82.496425  34.008566
[105]         NA  75.133656  45.415072  35.545072  73.296523         NA         NA         NA
[113]         NA         NA  25.322320  86.683390  88.211179  92.546682  51.979051  46.843965
[121]  82.521452  11.463552  65.557789  55.015924  48.477956  11.424205  69.668542         NA
[129]  96.477845         NA  81.912849         NA         NA         NA 107.687731  93.620332
[137]  79.861269  81.320899  89.451888  71.213174  82.492840  86.187064         NA         NA
[145]         NA         NA         NA         NA         NA         NA         NA         NA
[153]  90.250209         NA         NA  87.309809  47.262877  97.051174  64.372981  28.829563
[161]  64.280316         NA         NA         NA         NA         NA         NA         NA
[169]         NA         NA  67.507104  74.098033  56.559211  60.585829         NA         NA
[177]  82.296574  48.303044  36.025853  69.745577         NA         NA         NA  67.240912
[185] 100.686374  73.474527  77.610141  20.650136         NA         NA         NA         NA
[193]         NA  67.416600         NA         NA         NA         NA  80.413326  96.017086
[201]         NA         NA  79.960864  47.303576  61.464721         NA         NA         NA
[209]  81.523306  78.330706  56.355372  87.069678  76.479369  65.165617  43.036092         NA
[217]         NA         NA  94.130867  85.954745  86.750198         NA         NA  65.213972
[225]  43.764860  85.063144  22.883255         NA  62.859754         NA         NA  30.657685
[233]  95.602161         NA         NA         NA         NA  78.456333  73.589657  38.650022
[241]         NA         NA         NA         NA  79.335780  38.033200         NA         NA
[249]         NA         NA         NA         NA         NA         NA         NA         NA
[257]         NA         NA  46.554349  73.975958  84.499112         NA         NA         NA
[265]         NA  43.129524  76.463321  88.637763         NA  47.995138         NA  81.784764
[273]         NA         NA  89.692441         NA         NA         NA  77.109223         NA
[281]         NA  73.805811         NA         NA         NA         NA         NA         NA
[289]         NA         NA         NA         NA  87.453673  92.140007  70.512319  78.010248
[297]         NA  89.761812  86.258112  34.419493         NA         NA         NA         NA
[305]         NA         NA         NA         NA  62.273329         NA         NA  67.928955
[313]         NA         NA         NA  77.540259         NA         NA         NA         NA
[321]         NA         NA         NA         NA         NA         NA         NA         NA
[329]  84.171033  63.953133  32.101393  78.085275         NA         NA         NA  78.702002
[337]  58.673608         NA         NA         NA         NA         NA         NA         NA
[345]         NA  39.520708         NA         NA         NA         NA  65.010528         NA
[353]         NA         NA         NA         NA         NA         NA         NA         NA
[361]         NA         NA         NA         NA         NA         NA  37.497427   3.669173
[369]         NA         NA         NA         NA  36.608014         NA         NA         NA
[377]         NA         NA         NA         NA         NA         NA         NA  71.723820
[385]  78.370994  11.550596  69.819370  46.238173  71.083616         NA         NA         NA
[393]         NA         NA         NA  67.743991  58.881566         NA  86.661940         NA
[401]         NA         NA         NA         NA         NA         NA         NA  87.350950
[409]         NA  83.728238         NA         NA         NA  87.545707  32.657181         NA
[417]         NA         NA         NA         NA  74.442471  43.385175         NA         NA
[425]  53.163915         NA         NA         NA         NA         NA         NA         NA
[433]         NA         NA         NA  85.137247         NA         NA  79.279722  55.289266
[441]         NA         NA         NA         NA         NA         NA         NA  85.522017
[449]  29.140075         NA  82.459889         NA         NA         NA         NA         NA
[457]         NA         NA         NA         NA         NA  79.351840   6.985454         NA
[465]         NA         NA         NA         NA         NA         NA         NA  59.520989
[473]         NA         NA  34.942015  88.756075  71.155886         NA         NA         NA
[481]         NA         NA         NA         NA         NA         NA         NA         NA
[489]         NA         NA  86.824226         NA         NA         NA         NA         NA
[497]         NA         NA         NA         NA         NA         NA  71.539076         NA
[505]         NA         NA         NA         NA         NA         NA  47.345698         NA
[513]         NA         NA         NA  66.836827         NA         NA  76.267798  86.719147
[521]  10.629830         NA         NA         NA         NA         NA         NA         NA
[529]         NA         NA         NA         NA         NA         NA         NA         NA
[537]         NA         NA         NA         NA  76.039550  51.885506         NA         NA
[545]         NA         NA         NA         NA         NA         NA         NA         NA
[553]         NA         NA         NA         NA         NA         NA         NA         NA
[561]         NA         NA         NA         NA         NA         NA         NA         NA
[569]         NA  47.020951  85.727963         NA         NA         NA         NA         NA
[577]         NA         NA         NA         NA         NA         NA         NA         NA
[585]         NA         NA         NA         NA  74.543488         NA         NA         NA
[593]         NA         NA         NA         NA         NA         NA         NA         NA
[601]         NA         NA         NA         NA         NA         NA         NA         NA
[609]         NA  57.039435         NA         NA         NA         NA         NA         NA
[617]         NA         NA  75.711764  25.796464         NA         NA         NA         NA
[625]         NA         NA         NA         NA         NA         NA         NA         NA
[633]         NA         NA         NA         NA         NA         NA         NA         NA
[641]         NA         NA         NA         NA         NA         NA         NA         NA
[649]         NA         NA         NA         NA         NA         NA         NA         NA
[657]         NA         NA         NA         NA         NA         NA         NA         NA
[665]         NA         NA         NA         NA  77.531977         NA         NA         NA
[673]         NA         NA         NA         NA         NA         NA         NA         NA
[681]         NA         NA         NA         NA         NA         NA         NA         NA
[689]         NA  68.263116         NA         NA         NA         NA         NA         NA
[697]         NA         NA         NA         NA         NA         NA         NA         NA
[705]         NA         NA         NA         NA         NA         NA         NA         NA
[713]         NA         NA         NA         NA         NA         NA         NA         NA
[721]         NA         NA         NA         NA         NA         NA         NA         NA
[729]         NA

$TS
  [1] 162.8569048 146.1538878 137.6956011 122.0633589 117.0792792 114.5070087 135.9936901
  [8] 135.2252043 129.7631675 125.6344888 122.3182475 128.6687177 128.0128443 126.1378298
 [15] 124.6315003 102.5513590 102.1629973 100.9361196 131.2478644 130.9410108 124.0307806
 [22] 122.3252963 109.8621785  89.9969550  88.6656300 123.2703351 106.2877030  91.2783443
 [29] 127.0843854 116.3552843 114.2853421 108.7592432 102.8408494 119.2870862 120.1288897
 [36] 124.1212432 110.5018717 115.3851902 112.3230381 114.9191879 103.2905111 113.0750182
 [43] 121.3919326 115.8685814 112.8942287 116.5929692 106.4681970  91.8592789  90.7457310
 [50]  89.7723628  85.2384423  84.2218374  88.8370792  84.4601297  80.4780249  79.2090197
 [57]  77.4649677  59.3784586  45.4584913  38.3253760  36.3997919 117.0204375 111.6762812
 [64]  88.6486667  71.7770778 119.0433632 111.1922199 105.8829314  91.2020474  86.4656735
 [71]  84.1589800  75.1804378  60.5493030 112.9707669 114.3005110 108.8452682 101.6544593
 [78]  88.6849979  72.8962370  65.0739968  51.4459073  40.3413767  35.1688930  16.4381413
 [85]  11.2903535   9.3461756 116.2752481 114.3457572 112.7951853 102.6284574  86.4567496
 [92] 110.1992367 107.7064692 102.5651579 106.7010366 104.4437931  94.7894316  81.2686483
 [99] 110.4017617 109.9702198 104.7087910 100.5268951  88.0440193 107.4352371  83.7023117
[106] 107.7866607  99.9640380  90.5810910  90.4779026  82.8964148  80.1040901  75.3527489
[113]  69.1976051  65.6288207 100.2327673  96.3362405  90.4213312 109.5187440  90.6424897
[120]  87.8717105 109.5533081  99.9558460  96.6621984  93.3195852  95.9862032  92.7793089
[127]  92.7511063  80.6844740 101.9604753  94.7339984  92.5926661  83.9665525  83.0161071
[134]  82.1624865 108.5588374 101.9135575  90.3891657 105.9334294  99.4366601 106.9559283
[141]  94.1623733  93.8951032  76.4679717  74.2381317  71.1228480  70.1432043  59.8427047
[148]  40.8154601  16.3102971   9.8656399   9.7743636   6.2826319 105.4941464  78.3955419
[155]  75.8142072 103.1027556  98.1109522  97.5123088  96.7396935  94.7416679 106.2192009
[162]  82.2680330  76.5273060  74.5464136  74.2206096  56.2855371  53.8839343  37.3909770
[169]  37.0854374  96.6333763  95.1232753  97.4698758  96.2401800  93.6024706  86.1411397
[176]  85.2747916 100.8105286  96.2909856  92.9538608  88.7818230  82.3605261  80.6794639
[183]  72.2372193  92.5098840 103.7911198  99.3034321  93.4613504 101.4769149  80.9232599
[190]  74.6363738  66.0488195  57.9283392  49.9345013 100.8044391  66.9385528  64.7303426
[197]  64.3603557  63.0981859 103.1253044 101.8729321  83.9357203  80.7538077  93.8721163
[204]  99.8451667  87.3551337  85.7307729  77.7310454  69.3149098  99.8033629  98.0997941
[211]  97.0852074  90.9195055  95.1665751  93.3089340  88.6131521  85.0206142  71.0718149
[218]  68.9453345 100.8739213 100.0482977  87.2776116  68.9980627  37.5628067  96.5361304
[225]  96.6218494 100.3686463  95.7058885  85.9010599  92.9986223  76.5365824  70.0335588
[232]  97.3633854  96.3647582  83.8068116  79.8245933  77.8667802  74.2313845  97.3694218
[239]  98.6903139  92.6969656  84.3263643  79.5507083  73.6727248  72.3737623  98.6917842
[246]  87.4861620  81.1738462  79.8712431  77.0608695  71.7676887  59.4384961  58.1541742
[253]  55.8471038  44.6871870  43.0517871  31.6678857  18.6672705  15.5660694  94.9646915
[260]  94.3835351  88.6818362  78.2559213  75.7988473  66.9859853  53.1014142  87.7575333
[267]  97.4641668  98.8078046  78.3953134  98.2791940  93.6586002  98.5377115  86.4762619
[274]  97.9499466  96.5543941  77.6321246  76.0299392  52.4407986  96.2800728  69.8986180
[281]  57.4315957  87.4593704  82.1443789  76.2141950  75.3404853  66.9531629  58.7949095
[288]  51.8108495  34.4222800  33.1418759  31.7901622  82.7533408  89.5698935  94.4639021
[295]  91.9522477  89.6139130  78.6345813  91.1165540  87.7461751  86.9427845  84.3378250
[302]  81.8940541  81.5989395  80.8436866  74.3302681  50.1204581  50.0399891  44.7176310
[309]  89.6604363  86.2863632  58.4560605  93.3128152  83.0521586  75.1605075  74.2012105
[316]  90.0204622  83.9192893  79.8856125  78.6448394  73.6382686  47.4430486  27.3353063
[323]  15.1742564  71.0759167  62.4560076  59.8419414  46.3065891  46.1454954  94.4893249
[330]  90.2717725  89.2438033  86.9400874  73.3760930  67.8396564  65.3859208  87.2306942
[337]  95.7658540  73.9089493  72.5713717  69.9119765  67.8977081  57.4147226  84.5922482
[344]  75.2406926  70.5738386  94.0668584  85.5601511  77.9139547  71.6334453  70.4976306
[351]  90.4838634  82.5981115  64.2354184  60.3497921  58.9843491  80.4824108  74.7054554
[358]  70.4685171  53.7225406  47.8792242  34.1016809  31.6135979  31.5758950  30.0088062
[365]  29.9716435  77.9035377  90.0559917  89.3794486  73.7229999  73.3210493  72.0340752
[372]  68.3697624  89.7893671  86.0946241  82.2839751  70.2541049  47.2733381  66.0050503
[379]  65.5091516  42.3329503  38.6195172  33.0493646  19.0200402  89.3618076  87.9023995
[386]  91.7301921  87.1451272  89.6067502  87.4979514  77.9129176  72.8723425  69.8159572
[393]  67.5468725  58.8137992  53.2605992  92.0866831  91.4995412  81.9942071  93.0703770
[400]  75.5126704  73.2735030  59.0354575  56.4311703  37.1696767  34.5701376  30.5891447
[407]  28.7852248  92.0297263  66.9700161  89.5156148  73.7568231  67.8216071  55.0862734
[414]  91.1496713  89.9207101  70.4923090  68.3271296  84.7199193  82.4467037  87.5806174
[421]  87.3647689  89.9252699  83.2330680  63.3942175  90.3441676  73.6122650  56.0885568
[428]  46.2801816  86.0899498  80.6163751  72.8453009  64.7467805  56.0699428  31.7767725
[435]  29.3273278  87.8372816  81.2381141  75.2246944  92.2848637  90.7434381  84.5065190
[442]  83.6349122  69.5180890  68.2740538  58.3309732  50.7942337  48.4228989  87.1622097
[449]  89.2088040  76.1603798  88.0790873  85.2332055  79.6368404  71.3852851  76.0054400
[456]  67.0960779  54.4671733  53.1628564  51.2340896  45.6678393  36.5151081  89.9728290
[463]  87.6782121  84.8362633  76.9434469  63.8187700  49.6436426  49.2695223  36.6660451
[470]  20.9915738  17.9753639  86.8236478  62.4686135  60.0956207  90.6702654  90.5959285
[477]  86.8359543  85.0867239  80.7660061  82.5346710  79.7924026  84.9896573  75.3570073
[484]  66.4752976  63.9623692  47.3437912  46.3991572  18.0451001  15.1236950  90.0442422
[491]  89.0172213  78.2561556  77.0495177  63.7089154  82.6313132  71.2473681  69.5704204
[498]  69.0498780  54.8475911  51.1587397  38.7317068  36.5143235  88.5269341  57.1335372
[505]  81.6938521  75.2279475  73.0542523  67.4118111  64.7143495  63.6752233  88.3100591
[512]  83.6838464  82.5593761  70.3093830  67.8007428  89.0834328  81.2355946  74.0630585
[519]  89.1938185  89.0055789  87.3427989  68.4820444  61.2245235  59.7245351  52.7135556
[526]  43.1965783  39.1858698  79.9488326  72.6898067  59.8759410  50.2320593  47.3478905
[533]  43.8886687  42.6470989  31.2102283  27.1071357  19.3902429   0.2249341  80.4835777
[540]  46.9961691  89.8548967  86.8971453  71.7406828  69.7166826  62.2107223  58.2079760
[547]  79.3925488  60.4979474  46.6649920  40.7617030  36.5239644  34.1199820  81.8325718
[554]  73.4858869  48.7758769  72.3459379  68.7505265  62.8990564  57.6320785  73.7904595
[561]  67.1832798  66.3298136  80.5363044  79.2625886  86.5447620  83.2769577  74.9101793
[568]  68.2379849  56.2275429  88.7747120  87.7618762  79.2815274  55.5377404  32.9985508
[575]  31.4121445  31.2231074  31.0372112  30.8882982  28.8282856  28.3390183  26.2639803
[582]  13.8521690  74.4819914  72.1341403  83.7410508  72.5328577  47.5429012  46.3351181
[589]  86.7729157  82.3406557  77.3444260  62.2577486  36.8723346  34.8342763  32.5527257
[596]  78.7703145  77.0949483  74.3684306  67.0468067  87.5603539  75.7711720  73.3209208
[603]  42.5978231  34.0438439  28.5303951  80.9382124  82.3747824  77.9085394  87.3717707
[610]  87.2844021  80.0625014  75.6031239  71.1762759  67.8777421  78.1647261  63.8236025
[617]  50.8333322  43.6537356  87.5547317  86.7663348  73.7464979  54.4938574  84.3038361
[624]  84.0561159  84.6153149  82.6081285  84.3750422  80.1681297  77.2559995  76.4946979
[631]  64.6214812  47.9576343  86.7074879  84.9253293  81.4322387  46.4574179  83.0032623
[638]  82.2020644  61.5955110  53.5861721  52.8886783  46.6078397  16.5918365  76.0195009
[645]  70.0498292  50.3905386  35.1447434  30.9706022  15.2157965   0.2013359  72.2733690
[652]  61.1611077  22.3222432  20.6266726  19.9466526  10.1992479   6.7680880  78.8864106
[659]  86.3590486  83.0469702  65.4860542  60.3060156  40.9606994  81.1991140  65.2296496
[666]  63.4071672  61.8765439  35.8359066  86.9000923  83.4375321  80.3232035  82.6382620
[673]  71.7921405  84.4113402  76.9185429  76.7769162  71.6412655  69.9776730  68.2179956
[680]  59.8236971  47.0128929  35.1130316  31.8646487  19.1518604  14.0088850  11.3919164
[687]  69.7425197  62.9161737  58.4611183  86.7635335  84.9000649  83.5256517  84.6340407
[694]  73.0428831  63.7641741  57.0551829  56.9049593  50.3718536  45.0134381  42.4379673
[701]  78.8956647  78.6406556  82.0515275  83.2802930  52.2272729  86.1996910  84.9169836
[708]  75.1897907  72.3241107  71.6040232  69.0855569  53.9132614  52.5496223  47.2392301
[715]  47.1893942  46.6538042  29.8111512  77.8413102  82.0164468  71.1979381  63.0071391
[722]  62.9930952  42.5956709  41.7747403  39.9466992  31.7255654  20.0868959  19.4285018
[729]  12.8779687

$PAR
  [1]  NA   1   1   1   1   1   3   3   3   3   3   7   7   7   7   7   7   7   8   8   8   8   8
 [24]   8   8  19  20  20   9   9   9  13  13  29  14  10  10  21  21  26  26  22  11  11  11   4
 [47]   4   4   4   4   4   4  43  43  43  43  43  43  43  43  43  35  35  35  35  34  34  34  34
 [70]  34  34  34  34  66  62  62  62  62  62  62  62  62  62  62  62  62  30  30  30  30  30  44
 [93]  44  44  40  40  40   6  88  31  42  42  42  74  45  89  67  67  67  67  67  67  67  67  37
[116]  37  37  99  99  99  92  92  92  92 100 100 100 100  23  23  23  23  23  23 121 121 121 118
[139] 118  32  32  32  32  32  32  32  32  32  32  32  32  32 106 106 106  93  93  93  93  93 104
[162] 104 104 104 104 104 104 104 104 140 140  95  95  95  95  95  27 161 161 161 161 161 161 138
[185]  68  68  68 153 101 101 101 101 101  96  96  96  96  96 185 185 199 199 156  33  33  33  33
[208]  33  90  90  94  16  17  17  17  17  17  17 129 200 188 188 188  18 219 177 177 177 194 194
[231] 194 102 102 102 102 102 102 226 115 115 115 115 115 115 107 107 107 107 122 122 122 122 122
[254] 122 122 122 122 122 204 204 204 204 204 204 204 209 139 186 186 245 245 239 272 270 270 270
[277] 270 270 157 157 157 274 274 274 274 274 274 274 274 274 274 172 267 238 238 238 238 232 232
[300] 232 232 232 232 232 232 232 232 232 211 211 211 159 159 159 159 170 170 170 170 170 170 170
[323] 170 225 225 225 225 225 275 275 224 224 224 224 224 116 178 178 178 178 178 178 173 173 173
[346] 125 125 125 125 125 337 337 337 337 337 227 227 227 227 227 227 227 227 227 227 171 259 259
[369] 259 259 259 259 160 160 160 160 160 130 130 130 130 130 130 329 329 141 141 346 346 346 346
[392] 346 346 346 346 142 142 203 271 271 271 271 271 271 271 271 271 174 174 187 124 124 124 312
[415] 312 312 312 214 214 399 399 229 229 229 179 179 179 179 126 126 126 126 126 126 126 127 127
[438] 127 240 240 240 240 240 240 240 240 240 131 184 184 439 439 396 396  48  48  48  48  48  48
[461]  48 386 386 386 386 386 386 386 386 386 386 397 397 397  28  28  28  28  28  69  69  49  49
[484]  49  49  49  49  49  49 440 440 440 440 440 475 475 475 475 475 475 475 475 119 119 108 108
[507] 108 108 108 108 351 351 351 351 351 117 425 330 367 367 367 367 367 367 367 367 367 490 490
[530] 490 490 490 490 490 490 490 490 490  24  24 462 422 422 422 422 422 415 415 415 415 415 415
[553] 541 373 373  50  50  50  50 309 309 309 296 296 388 388 388 388 388 410 368 368 368 368 368
[576] 368 368 368 368 368 368 368 384 384 331 331 331 331 449 449 449 449 449 449 449 519 519 516
[599] 516 491  53  53  53  53  53 180 570  78 261  25  25  25  25  25 215 215 215 215 511 511 511
[622] 511 451 103 385 385 120 120 120 120 120 120 436 266 266 266 463 463 463 463 463 463 463 420
[645] 420 420 420 420 420 420 600 600 600 600 600 600 600 619 389 246 246 246 246 609 609 609 609
[668] 609 421 421 421 205 205 521 521 521 521 521 521 521 521 521 521 521 521 521 610 610 610 336
[691] 336 336 300 300 300 300 300 300 300 300 332 332 669 542 542 477 477 477 477 472 472 620 620
[714] 620 620 620 620 690 633 633 633 633 633 633 633 633 633 633 633

$EXTANT
  [1] FALSE FALSE FALSE FALSE FALSE FALSE FALSE FALSE FALSE FALSE FALSE FALSE FALSE FALSE FALSE
 [16] FALSE FALSE FALSE FALSE FALSE FALSE FALSE FALSE FALSE FALSE FALSE FALSE FALSE FALSE FALSE
 [31] FALSE  TRUE FALSE FALSE FALSE FALSE FALSE FALSE FALSE FALSE FALSE FALSE FALSE FALSE FALSE
 [46] FALSE FALSE FALSE  TRUE FALSE  TRUE  TRUE FALSE  TRUE  TRUE  TRUE  TRUE  TRUE  TRUE  TRUE
 [61]  TRUE FALSE FALSE FALSE  TRUE FALSE FALSE FALSE FALSE  TRUE  TRUE  TRUE  TRUE FALSE FALSE
 [76] FALSE FALSE FALSE  TRUE  TRUE  TRUE  TRUE  TRUE  TRUE  TRUE  TRUE FALSE FALSE FALSE FALSE
 [91]  TRUE FALSE FALSE FALSE FALSE FALSE FALSE  TRUE FALSE FALSE FALSE FALSE FALSE FALSE  TRUE
[106] FALSE FALSE FALSE FALSE  TRUE  TRUE  TRUE  TRUE  TRUE FALSE FALSE FALSE FALSE FALSE FALSE
[121] FALSE FALSE FALSE FALSE FALSE FALSE FALSE  TRUE FALSE  TRUE FALSE  TRUE  TRUE  TRUE FALSE
[136] FALSE FALSE FALSE FALSE FALSE FALSE FALSE  TRUE  TRUE  TRUE  TRUE  TRUE  TRUE  TRUE  TRUE
[151]  TRUE  TRUE FALSE  TRUE  TRUE FALSE FALSE FALSE FALSE FALSE FALSE  TRUE  TRUE  TRUE  TRUE
[166]  TRUE  TRUE  TRUE  TRUE  TRUE FALSE FALSE FALSE FALSE  TRUE  TRUE FALSE FALSE FALSE FALSE
[181]  TRUE  TRUE  TRUE FALSE FALSE FALSE FALSE FALSE  TRUE  TRUE  TRUE  TRUE  TRUE FALSE  TRUE
[196]  TRUE  TRUE  TRUE FALSE FALSE  TRUE  TRUE FALSE FALSE FALSE  TRUE  TRUE  TRUE FALSE FALSE
[211] FALSE FALSE FALSE FALSE FALSE  TRUE  TRUE  TRUE FALSE FALSE FALSE  TRUE  TRUE FALSE FALSE
[226] FALSE FALSE  TRUE FALSE  TRUE  TRUE FALSE FALSE  TRUE  TRUE  TRUE  TRUE FALSE FALSE FALSE
[241]  TRUE  TRUE  TRUE  TRUE FALSE FALSE  TRUE  TRUE  TRUE  TRUE  TRUE  TRUE  TRUE  TRUE  TRUE
[256]  TRUE  TRUE  TRUE FALSE FALSE FALSE  TRUE  TRUE  TRUE  TRUE FALSE FALSE FALSE  TRUE FALSE
[271]  TRUE FALSE  TRUE  TRUE FALSE  TRUE  TRUE  TRUE FALSE  TRUE  TRUE FALSE  TRUE  TRUE  TRUE
[286]  TRUE  TRUE  TRUE  TRUE  TRUE  TRUE  TRUE FALSE FALSE FALSE FALSE  TRUE FALSE FALSE FALSE
[301]  TRUE  TRUE  TRUE  TRUE  TRUE  TRUE  TRUE  TRUE FALSE  TRUE  TRUE FALSE  TRUE  TRUE  TRUE
[316] FALSE  TRUE  TRUE  TRUE  TRUE  TRUE  TRUE  TRUE  TRUE  TRUE  TRUE  TRUE  TRUE FALSE FALSE
[331] FALSE FALSE  TRUE  TRUE  TRUE FALSE FALSE  TRUE  TRUE  TRUE  TRUE  TRUE  TRUE  TRUE  TRUE
[346] FALSE  TRUE  TRUE  TRUE  TRUE FALSE  TRUE  TRUE  TRUE  TRUE  TRUE  TRUE  TRUE  TRUE  TRUE
[361]  TRUE  TRUE  TRUE  TRUE  TRUE  TRUE FALSE FALSE  TRUE  TRUE  TRUE  TRUE FALSE  TRUE  TRUE
[376]  TRUE  TRUE  TRUE  TRUE  TRUE  TRUE  TRUE  TRUE FALSE FALSE FALSE FALSE FALSE FALSE  TRUE
[391]  TRUE  TRUE  TRUE  TRUE  TRUE FALSE FALSE  TRUE FALSE  TRUE  TRUE  TRUE  TRUE  TRUE  TRUE
[406]  TRUE  TRUE FALSE  TRUE FALSE  TRUE  TRUE  TRUE FALSE FALSE  TRUE  TRUE  TRUE  TRUE  TRUE
[421] FALSE FALSE  TRUE  TRUE FALSE  TRUE  TRUE  TRUE  TRUE  TRUE  TRUE  TRUE  TRUE  TRUE  TRUE
[436] FALSE  TRUE  TRUE FALSE FALSE  TRUE  TRUE  TRUE  TRUE  TRUE  TRUE  TRUE FALSE FALSE  TRUE
[451] FALSE  TRUE  TRUE  TRUE  TRUE  TRUE  TRUE  TRUE  TRUE  TRUE  TRUE FALSE FALSE  TRUE  TRUE
[466]  TRUE  TRUE  TRUE  TRUE  TRUE  TRUE FALSE  TRUE  TRUE FALSE FALSE FALSE  TRUE  TRUE  TRUE
[481]  TRUE  TRUE  TRUE  TRUE  TRUE  TRUE  TRUE  TRUE  TRUE  TRUE FALSE  TRUE  TRUE  TRUE  TRUE
[496]  TRUE  TRUE  TRUE  TRUE  TRUE  TRUE  TRUE FALSE  TRUE  TRUE  TRUE  TRUE  TRUE  TRUE  TRUE
[511] FALSE  TRUE  TRUE  TRUE  TRUE FALSE  TRUE  TRUE FALSE FALSE FALSE  TRUE  TRUE  TRUE  TRUE
[526]  TRUE  TRUE  TRUE  TRUE  TRUE  TRUE  TRUE  TRUE  TRUE  TRUE  TRUE  TRUE  TRUE  TRUE  TRUE
[541] FALSE FALSE  TRUE  TRUE  TRUE  TRUE  TRUE  TRUE  TRUE  TRUE  TRUE  TRUE  TRUE  TRUE  TRUE
[556]  TRUE  TRUE  TRUE  TRUE  TRUE  TRUE  TRUE  TRUE  TRUE  TRUE  TRUE  TRUE  TRUE  TRUE FALSE
[571] FALSE  TRUE  TRUE  TRUE  TRUE  TRUE  TRUE  TRUE  TRUE  TRUE  TRUE  TRUE  TRUE  TRUE  TRUE
[586]  TRUE  TRUE  TRUE FALSE  TRUE  TRUE  TRUE  TRUE  TRUE  TRUE  TRUE  TRUE  TRUE  TRUE  TRUE
[601]  TRUE  TRUE  TRUE  TRUE  TRUE  TRUE  TRUE  TRUE  TRUE FALSE  TRUE  TRUE  TRUE  TRUE  TRUE
[616]  TRUE  TRUE  TRUE FALSE FALSE  TRUE  TRUE  TRUE  TRUE  TRUE  TRUE  TRUE  TRUE  TRUE  TRUE
[631]  TRUE  TRUE  TRUE  TRUE  TRUE  TRUE  TRUE  TRUE  TRUE  TRUE  TRUE  TRUE  TRUE  TRUE  TRUE
[646]  TRUE  TRUE  TRUE  TRUE  TRUE  TRUE  TRUE  TRUE  TRUE  TRUE  TRUE  TRUE  TRUE  TRUE  TRUE
[661]  TRUE  TRUE  TRUE  TRUE  TRUE  TRUE  TRUE  TRUE FALSE  TRUE  TRUE  TRUE  TRUE  TRUE  TRUE
[676]  TRUE  TRUE  TRUE  TRUE  TRUE  TRUE  TRUE  TRUE  TRUE  TRUE  TRUE  TRUE  TRUE  TRUE FALSE
[691]  TRUE  TRUE  TRUE  TRUE  TRUE  TRUE  TRUE  TRUE  TRUE  TRUE  TRUE  TRUE  TRUE  TRUE  TRUE
[706]  TRUE  TRUE  TRUE  TRUE  TRUE  TRUE  TRUE  TRUE  TRUE  TRUE  TRUE  TRUE  TRUE  TRUE  TRUE
[721]  TRUE  TRUE  TRUE  TRUE  TRUE  TRUE  TRUE  TRUE  TRUE

