
Birth-death simulation object with 697 species and 500 extant species

Details for some species:

Extinction times (NA means extant)
[1]  97.87462 177.64357 166.24969 159.26953 143.99945 102.63838


Speciation times 
[1] 188.5060 178.3524 171.5425 170.1866 150.5504 144.8321


Species parents (NA for initial)
[1] NA  1  1  1  1  1


Species status (extinct or extant)
[1] "extinct" "extinct" "extinct" "extinct" "extinct" "extinct"


For more details on vector y, try sim$y, with y one of
TE TS PAR EXTANT



$TE
  [1]  97.874618 177.643566 166.249689 159.269535 143.999453 102.638381 108.594020 126.527929
  [9]  59.934659  38.359617  60.751423  19.406732 103.752035  79.533660 107.441710 107.537438
 [17]  28.908246         NA  83.440665  66.996547  65.623563         NA         NA         NA
 [25] 113.483053  78.458844  54.241435  31.267347  98.567856         NA  25.404941         NA
 [33]  55.440733  33.175457  75.466047  18.962633         NA         NA         NA         NA
 [41]         NA         NA         NA 104.715645  76.058319  43.187300  57.265495  84.773674
 [49]  82.545990  45.574710  76.914851  57.386729         NA         NA         NA  91.588190
 [57]  94.533143         NA  88.876373  88.406341  70.842179  82.907010  80.551375  22.504557
 [65]         NA         NA  36.351358  55.587747         NA  28.047858         NA  77.029474
 [73]  72.425930  65.039680         NA         NA         NA         NA         NA  54.749305
 [81]         NA         NA  60.161177  51.823409  62.941790  75.911321  37.868433         NA
 [89]  69.960084         NA         NA  92.556216  82.065980  70.433381  55.332345         NA
 [97]         NA         NA         NA  53.713779  89.168968  78.976815  89.735627  75.241067
[105]         NA         NA  93.849665  58.951812  56.605768         NA         NA  79.421999
[113]  41.939834  76.614492         NA         NA         NA  34.853812         NA         NA
[121]         NA         NA         NA  81.645026         NA         NA         NA         NA
[129]         NA  81.119210  92.861701  77.713305  15.293160  38.043702  89.089154         NA
[137]         NA         NA         NA         NA         NA  91.499078  79.472323  16.619622
[145]         NA         NA         NA         NA   9.658931  70.556306  41.788642         NA
[153]         NA         NA         NA         NA         NA         NA         NA         NA
[161]  32.968726  48.116683  77.170871  41.561191         NA         NA         NA         NA
[169]         NA         NA  88.915260  49.017346         NA         NA         NA         NA
[177]         NA         NA         NA         NA         NA         NA         NA   7.765069
[185]  18.677399  81.505805  65.389207  57.109449         NA         NA         NA  44.206797
[193]         NA         NA  57.946611  59.856666  80.840040  21.257481  65.050461  74.659347
[201]         NA         NA         NA         NA         NA         NA         NA         NA
[209]         NA         NA         NA         NA         NA  72.912260  58.504869  47.574923
[217]         NA         NA         NA         NA         NA         NA  18.240417         NA
[225]         NA         NA         NA         NA  70.586772  68.432988         NA         NA
[233]         NA         NA         NA         NA         NA         NA         NA         NA
[241]         NA         NA         NA         NA         NA         NA         NA  83.474502
[249]         NA         NA         NA  71.785969  63.458363  49.305119  52.832538  46.043648
[257]  65.732079  69.597558  36.607716  35.484894         NA         NA         NA         NA
[265]         NA         NA         NA         NA         NA         NA         NA  10.568554
[273]         NA         NA         NA         NA         NA         NA         NA         NA
[281]         NA  51.951321  83.209802  67.735006  41.860235         NA         NA         NA
[289]         NA         NA         NA         NA         NA         NA         NA  30.616882
[297]  43.110641  69.959095         NA  80.709401         NA         NA  59.715639         NA
[305]         NA  78.708155         NA  67.395882  39.133511  30.636024  41.897819         NA
[313]         NA         NA         NA  20.622156   9.114433  44.895717  68.803430  75.077732
[321]         NA         NA         NA         NA         NA         NA         NA  54.786402
[329]  49.723145         NA         NA         NA         NA         NA         NA         NA
[337]         NA         NA         NA         NA  68.488815         NA  38.616840         NA
[345]         NA  66.222589         NA         NA         NA         NA  58.978065  67.795023
[353]  34.646158  20.508945  55.966922         NA         NA  72.602911  70.887799  65.531903
[361]  62.307588         NA  52.964338         NA         NA         NA         NA         NA
[369]         NA         NA         NA         NA         NA         NA         NA         NA
[377]         NA         NA         NA         NA         NA         NA         NA         NA
[385]         NA  47.537694  65.404599         NA         NA         NA         NA         NA
[393]         NA  65.708311         NA         NA         NA         NA         NA         NA
[401]         NA         NA         NA         NA         NA  56.941407         NA         NA
[409]         NA  33.481391         NA         NA  70.974096         NA         NA         NA
[417]  72.408734         NA         NA         NA         NA         NA         NA         NA
[425]         NA         NA  68.081792  55.958045         NA         NA         NA         NA
[433]         NA         NA         NA         NA         NA  64.833536  20.954730         NA
[441]         NA         NA         NA         NA         NA  77.291908         NA         NA
[449]  46.156255         NA         NA         NA         NA  64.747865  34.269438         NA
[457]         NA         NA         NA         NA  62.666518         NA         NA         NA
[465]         NA  57.825897         NA         NA         NA         NA  37.384947         NA
[473]         NA         NA         NA         NA  71.524917         NA         NA         NA
[481]         NA         NA         NA         NA         NA         NA         NA         NA
[489]         NA         NA         NA         NA         NA         NA  72.498841  48.778787
[497]  32.557820         NA         NA         NA         NA         NA         NA         NA
[505]         NA         NA  66.252383         NA         NA  20.186131         NA         NA
[513]         NA         NA  45.884629         NA         NA         NA         NA         NA
[521]         NA         NA  52.727847         NA         NA         NA         NA  41.221670
[529]         NA         NA         NA         NA  52.578387         NA         NA         NA
[537]         NA         NA         NA         NA         NA         NA         NA  71.965351
[545]         NA         NA         NA         NA         NA         NA  54.727110         NA
[553]         NA         NA         NA         NA         NA         NA         NA         NA
[561]         NA         NA         NA         NA         NA         NA         NA         NA
[569]         NA         NA         NA         NA  22.725391  64.198257  68.172114         NA
[577]         NA         NA         NA         NA  68.679055         NA         NA         NA
[585]         NA         NA         NA         NA  61.361293         NA         NA         NA
[593]         NA         NA         NA         NA         NA         NA         NA         NA
[601]         NA         NA         NA         NA         NA         NA         NA         NA
[609]         NA         NA         NA         NA         NA         NA         NA         NA
[617]         NA         NA  68.078033  29.262693  56.771902         NA         NA         NA
[625]         NA         NA         NA         NA         NA         NA         NA         NA
[633]         NA         NA         NA         NA         NA         NA         NA         NA
[641]         NA         NA         NA  36.864414         NA         NA         NA         NA
[649]         NA         NA         NA         NA         NA         NA         NA         NA
[657]         NA         NA         NA         NA         NA         NA         NA         NA
[665]         NA         NA         NA         NA         NA         NA         NA         NA
[673]         NA         NA         NA         NA         NA         NA         NA         NA
[681]         NA         NA         NA         NA         NA         NA         NA         NA
[689]         NA         NA         NA         NA         NA         NA         NA         NA
[697]         NA

$TS
  [1] 188.5060394 178.3523941 171.5425346 170.1866384 150.5503737 144.8320956 120.7837398
  [8] 140.8947393 113.3108187 107.5598199 104.9722930 104.0130996 119.3728422 115.0328143
 [15] 112.7211874 116.4702853 115.8299494 111.9361242 105.6152059  89.0222075  86.8738781
 [22]  65.6756301  40.6478947  31.2780149 113.5667921 111.6401190 104.3852830 103.5536502
 [29] 102.4877922  96.5382388  81.6356371  66.1434061 102.3543804  97.5378864  93.1989372
 [36]  92.0849676  70.7607694  58.5073062  52.7328371  49.8515030  39.1560533  37.6171275
 [43]  31.3546325 110.2612246 103.8745408 103.0824610  96.3275265  90.5310797  88.3508039
 [50] 105.5139515 103.2684150  73.9465930  65.4110965  58.5451269  43.8948468 102.9845670
 [57] 100.4123141  98.6382899  92.1593935  91.5718780  89.0191968  86.3454757  85.9884411
 [64]  75.4562988  67.0382883  63.6034169  88.3911209  70.8802876  99.2716940  87.6835093
 [71]  82.3248855  81.4510683  81.1867335  78.2013869  68.6922095  67.2357320  61.6850446
 [78]  58.6679145  56.6157755  84.9372773  51.7435311  28.6933403  84.1418264  81.6993096
 [85] 100.1810064  94.0140643  91.8979407  79.4593609  77.1619340  69.0807455  31.9423934
 [92]  95.8660554  92.5091291  77.0891910  75.2029376  64.5822047  53.9184858  48.4764337
 [99]  44.0712522 100.8565449 101.9060687  95.6000177  92.6844863  75.9026811  67.7796463
[106]  60.9969964  96.0114475  90.7287071  91.6804242  70.8010718  69.7064360  98.4194052
[113]  80.4704303  77.3465851  66.0780731  64.1105965  85.4050072  78.8078291  63.3049477
[120]  54.0068373  50.7526969  43.9005791  32.8014616  85.5914915  67.3388050  64.3908242
[127]  57.9117087  17.4985652   0.7168010  95.9674105  95.9270941  85.8123122  82.3508954
[134]  79.9574346  94.2208246  88.0484093  87.9830813  85.1330641  70.2420135  67.3944108
[141]  67.1943434  95.6532447  82.2970219  76.7802868  45.7935477  34.3276134  18.2003123
[148]   4.2894406  93.9883406  79.3884205  90.1044662  80.4192606  62.2207262  56.0741095
[155]  48.0501218  37.8622602  33.7354870  24.2970349  17.7314212  91.8065145  79.8257761
[162]  77.6120610  82.4600597  72.9763544  63.5691040  69.6882972  56.2193590  44.5328011
[169]  44.4560123  39.6598699  89.0943308  84.8080367  75.0528699  69.3918129  68.4213724
[176]  58.6045633  55.9193245  36.5796680  36.5113105  32.6888099  32.4676630   7.8068763
[183]   0.6369169  88.6801318  86.0869966  83.6977054  81.3678923  72.3383459  69.8898259
[190]  61.4185531  61.0099320  89.0678811  64.1158514  57.8265131  82.4963329  74.9367028
[197]  81.6662637  77.9785066  81.2263325  76.3512740  70.1902133  68.1111109  61.5704474
[204]  54.8001647  52.8222201  43.7274431  40.8494287  39.4383412  33.3201400  33.0423934
[211]  23.5585556  20.6888004  13.2640551  81.5763584  81.2086556  76.0427337  69.7069556
[218]  66.3483044  62.0967384  53.4844826  52.5298788  47.0229827  86.6588288  64.5131408
[225]  48.8604437  35.8096930  26.1092511  10.7408165  87.1820510  82.0971771  69.6894010
[232]  59.3129009  55.0929945  47.9880178  46.9932166  46.8994700  44.0755642  32.8720683
[239]  30.1646411  29.9519697  29.6454776  27.3204688  26.5481397  18.5975389  17.9768235
[246]  14.8177936   6.5932504  83.5447440  70.2322534  47.3464543  29.8337534  72.2467187
[253]  71.6155946  81.4388422  73.1674909  72.6368918  71.5182887  80.7277128  77.3416500
[260]  74.2194035  65.6024238  63.8340341  59.7176312  55.0572383  34.5818281  78.5454156
[267]  56.1292336  50.5872829  49.7593821  31.6516097  85.6525432  81.0466075  68.6523570
[274]  66.1419456  62.2015250  61.3344754  60.6564522  57.2588820  36.6293310  16.3489959
[281]   8.5728201  83.0776862  83.7774106  81.3545945  77.6234605  71.9468273  69.6246304
[288]  60.8952138  51.5503118  48.9017492   3.6655099  56.4714677  41.8690160  38.2054827
[295]  25.4386556  77.4715688  73.7664186  72.0435528  68.2492296  81.6445807  51.8176920
[302]  75.0088497  72.8893347  62.8401689  60.4838165  82.6661430  57.3902093  82.4642797
[309]  81.5785107  79.4962548  77.3563239  62.0553840  61.9730142  60.4994109  59.7126088
[316]  74.3507300  73.7327758  73.6323402  72.8940993  81.1691794  66.7600248  66.5892956
[323]  65.6859150  48.6079364  39.8535861  33.3314853  32.2207739  77.9776075  75.8753376
[330]  68.3819582  68.3361874  47.5643257  40.6635616  31.5196669  29.6122831  20.8069193
[337]  16.6718766  16.1067969  12.1173559  11.7103832  73.3432919  62.8828488  78.5031575
[344]  45.1657649  38.8131618  81.0813000  72.2456966  59.2531848  52.1938353  40.7440639
[351]  78.3918416  73.8833942  78.9684328  77.0688839  71.0050073  70.4070072  66.8511811
[358]  78.8051890  76.9450402  72.5292344  78.5616619  78.1967032  77.4243605  55.0188692
[365]  31.4018349  27.1714156  24.2773939  11.1855600  68.0684813  55.2499813  47.2121591
[372]  78.0331036  57.5593071  51.5794631  37.4143578  36.3531021  32.6530356  30.3744834
[379]  23.7386746  70.0674645  66.2295071  58.4913339  52.8305344  47.8942874  46.6320977
[386]  78.5017606  76.9529006  63.7151521  61.5469531  54.8177805  52.8780554  40.8307478
[393]  34.8170698  73.1855772  49.1541951  35.6867417  33.0906236  60.3675749  46.7806195
[400]  43.6700544  23.8134526  10.2753351   7.1460877   2.4301532   0.9334706  74.4561085
[407]  62.6957626  52.4952133  39.7852388  74.8086188  47.5837921  75.7065200  76.8188053
[414]  64.7616676  64.1141880  62.6431679  73.1016083  55.9584686  52.8595822  49.4047272
[421]  46.4091506  31.8455466  22.9426297  20.5998700   5.4613815   5.3271754  76.4684899
[428]  75.3550624  67.4081219  60.4766641  53.5463387  48.0431242  47.5308837  46.8134971
[435]  68.8557004  64.4860535  48.5062101  78.2695716  77.3935935  52.0118639  51.4231103
[442]  51.1782078  48.6817191  41.8916189  40.9578529  77.5040139  44.4833577  22.8581133
[449]  72.8648552  60.2093769  38.6779614  34.1463049  26.5441433  73.8682368  72.6502567
[456]  70.5115566  61.5421103  58.1133875  68.8383485  48.1750178  73.5972167  68.1453694
[463]  62.3601915  44.6588251  42.1214800  76.3225517  66.0052728  35.6547816  33.4178640
[470]  24.5909027  75.3677919  61.9834551  54.7458860  54.3931964  54.3780195  44.3986516
[477]  73.4084822  70.2519501  63.3896965  59.0222140  57.4959471  52.1724081  49.0040108
[484]  47.5238091  42.2076812  61.2452818  59.2092208  43.5680730  41.5368907  37.9025189
[491]  36.1359612  30.3710219  22.9867062  21.6353825  75.6819985  74.7302896  71.4877798
[498]  64.6836059  62.7256760  59.1248835  40.7036171  35.4599337  31.1911805  28.9120329
[505]  20.9457886  20.2957205  72.5826359  64.7224284  57.8998227  73.0643309  70.6003041
[512]  60.8597535  45.9284022  38.9138019  74.6582222  68.4959443  60.7481726  37.8939822
[519]  37.3092397  31.0253083  29.7017866  24.6132519  74.2377779  64.2239434  52.5679844
[526]  51.6277248  44.8731290  74.4172954  69.9474693  64.3151675  61.0678902  69.9111967
[533]  71.2920867  64.5307448  64.3585982  41.0849534  29.4093797  60.3790069  57.1713422
[540]  55.7005487  54.5207401  20.9478273  12.6726727  72.7301722  70.1087904  63.5515008
[547]  55.5139028  49.5578893  42.1997763  49.4381113  73.5075144  60.1595693  61.6356304
[554]  73.1781188  70.8256063  62.7047879  53.3518334  45.7004114  44.8611542  66.9944538
[561]  66.5179013  63.1553565  63.1083577  56.2725436  48.6607232  45.2078171  32.1071150
[568]  65.1355323  62.2137420  53.8583181  59.9418483  49.3625584  72.1033836  73.1224944
[575]  71.7168280  64.9138392  67.3626685  60.6234251  56.6581991  44.5650120  73.5817606
[582]  47.1439065  46.4998717  42.4641324  37.8690037  26.0593702   9.8332980  49.6980453
[589]  72.0703225  68.4921476  69.2976254  67.6888254  19.0316264  18.7947722  16.5667870
[596]  66.4630855  65.4317440  63.9110257  57.3283948  73.0619885  70.6857264  67.5670788
[603]  69.0015565  65.7768907  52.5168291  40.4658663  39.0547541  33.1234807  28.8373605
[610]  56.6225188  55.8027802  54.9379648  48.0934979  30.6695088  29.1999206   1.2939790
[617]  63.3318809  44.2216463  71.2369321  71.8797983  70.8338948  47.6565519  60.5895312
[624]  58.0567794  54.9515060  42.9255864  40.5334791  40.4223465  67.2244495  64.0754207
[631]  63.6727188  52.7914321  47.7953608  46.0758813  71.7341959  69.1919409  68.2838623
[638]  57.7460012  58.6253862  51.9079778  30.7197548  21.9678043  12.0664913  71.7023464
[645]  58.8692056  34.7479837  31.7235641  28.2507057  26.4287836  25.5312742  69.8925644
[652]  68.6188532  63.2280747  40.6693534  35.6741263   9.7290634  55.7732450  53.6985550
[659]  34.8708444  30.2786844  42.8718387  42.5831328  30.1108812  16.9409700  10.0121535
[666]   3.7331231  61.9371868  41.5348761  38.9003840  38.0287339  68.0195431  66.9655893
[673]  70.0445071  60.6894517  58.5437211  51.1044894  48.0058479  42.7935214  42.4614611
[680]  36.5221596  60.9995905  57.0724909  65.3624975  61.5936893  59.8275212  63.4877431
[687]  60.9579666  59.8047551  69.4077509  65.0440196  64.5682760  44.4478528  42.6218728
[694]  39.6219739  14.5934826   7.0910442   4.6347382

$PAR
  [1]  NA   1   1   1   1   1   1   6   6   6   6   6   7   7   7  13  16  17  17  17  17  17  17
 [24]  17  14  14  14  14  14   9   9   9  18  18  18  18  18  18  18  18  18  18  18  26  26  26
 [47]  26  26  26  10  10  10  10  10  10  19  19  19  19  19  19  19  19  50  50  50  11  11  27
 [70]  27  27  27  27  27  27  27  27  27  27  12  12  12  45  45  28  28  28  28  28  28  28  51
 [93]  51  51  46  46  46  46  46  29  33  33  33  33  33  33 101 101 100 100 100  57  85  85  85
[116]  85  69  69  69  69  69  69  69  58  58  58  58  58  58 112 112 112 112 112  34  34  34  34
[139]  34  34  34  30  30  30  30  30  30  30 130 102  86 149 149 149 149 149 149 149 149  35  35
[162]  35  93  36  36  87  87  87  87  87 160 160 160 160 160 160 160 160 160 160 160 160 160 109
[185] 109 109 109 108 108 108 108 171 192 192  20  20  61  61 184 184 184 184 184 184 184 184 184
[208] 184 184 184 184 184 184  67  67  67  67  67  67  67  67  67 136 136 136 136 136 136 137 137
[231] 137 137 137 137 137 137 137 137 137 137 137 137 137 137 137 137 137  70  70  70  70 229 229
[254]  21  21  21  21 223 223 223 223 223 223 223 223 185 185 185 185 185  63 132 271 271 271 271
[277] 271 271 271 271 271 124 117 117 117 117 117 117 117 117 117 138 138 138 138  80  80  80  80
[300] 172 172  83  83  83  83 282 282 306 306 195 195 195 195 195 195 308 308 308 308 163 133 133
[323] 133 133 133 133 133  71  71  71  71  71  71  71  71  71  71  71  71  71 230  84  31  31  31
[346] 309 309 309 309 309 214 254 187 187 187 187 187 199 199  73 346 272 272 272 272 272 272 272
[369] 113 113 113 152 152 152 152 152 152 152 152 134 134 134 134 134 134 161 161 161 161 161 161
[392] 161 161 310 310 310 310  88  88  88  88  88  88  88  88 150 353 353 353 118 118 358 361 361
[415] 361 361 266 266 266 266 266 266 266 266 266 266 343 343 343 343 343 343 343 343 386 386 386
[438] 351 438 362 362 362 362 362 362 372 372 372 198 198 198 198 198 328 328 328 328 328 285 285
[461] 162 162 162 296 296 363 439 439 439 439 311 311 311 311 311 311 259 259 259 259 259 259 259
[484] 259 259 354 354 354 354 354 354 354 354 354 359 359 359 144 144 144 144 144 144 144 144 144
[507] 216 216 216 329 412 412 412 412  64  64  64  64  64  64  64  64 471 471 471 471 471 428 428
[530] 428 428  95 173 173 173 173 173 302 302 302 302 302 302 410 410 410 410 410 410 496 515 515
[553] 406 528 528 528 528 528 528 316 316 316 316 316 316 316 316 523 523 523 260 260  52 454 454
[576] 454 297 297 297 297 317 317 317 317 317 317 317 318 461 551 341 554 554 554 554 255 255 255
[599] 255 574 574 574 510 510 510 510 510 510 510 600 600 600 600 600 600 600 164 164 303 449 449
[622] 449 455 455 455 455 455 455 256 256 256 256 256 256 360 188 188 188 347 347 347 347 347 573
[645] 573 573 573 573 573 573 589 589 286 286 286 286 620 620 620 620 635 635 635 635 635 635 644
[668] 644 644 644 253 253 257 497 497 497 497 497 497 497 533 355  68  68  68 621 621 621 555 555
[691] 555 555 555 555 555 555 555

$EXTANT
  [1] FALSE FALSE FALSE FALSE FALSE FALSE FALSE FALSE FALSE FALSE FALSE FALSE FALSE FALSE FALSE
 [16] FALSE FALSE  TRUE FALSE FALSE FALSE  TRUE  TRUE  TRUE FALSE FALSE FALSE FALSE FALSE  TRUE
 [31] FALSE  TRUE FALSE FALSE FALSE FALSE  TRUE  TRUE  TRUE  TRUE  TRUE  TRUE  TRUE FALSE FALSE
 [46] FALSE FALSE FALSE FALSE FALSE FALSE FALSE  TRUE  TRUE  TRUE FALSE FALSE  TRUE FALSE FALSE
 [61] FALSE FALSE FALSE FALSE  TRUE  TRUE FALSE FALSE  TRUE FALSE  TRUE FALSE FALSE FALSE  TRUE
 [76]  TRUE  TRUE  TRUE  TRUE FALSE  TRUE  TRUE FALSE FALSE FALSE FALSE FALSE  TRUE FALSE  TRUE
 [91]  TRUE FALSE FALSE FALSE FALSE  TRUE  TRUE  TRUE  TRUE FALSE FALSE FALSE FALSE FALSE  TRUE
[106]  TRUE FALSE FALSE FALSE  TRUE  TRUE FALSE FALSE FALSE  TRUE  TRUE  TRUE FALSE  TRUE  TRUE
[121]  TRUE  TRUE  TRUE FALSE  TRUE  TRUE  TRUE  TRUE  TRUE FALSE FALSE FALSE FALSE FALSE FALSE
[136]  TRUE  TRUE  TRUE  TRUE  TRUE  TRUE FALSE FALSE FALSE  TRUE  TRUE  TRUE  TRUE FALSE FALSE
[151] FALSE  TRUE  TRUE  TRUE  TRUE  TRUE  TRUE  TRUE  TRUE  TRUE FALSE FALSE FALSE FALSE  TRUE
[166]  TRUE  TRUE  TRUE  TRUE  TRUE FALSE FALSE  TRUE  TRUE  TRUE  TRUE  TRUE  TRUE  TRUE  TRUE
[181]  TRUE  TRUE  TRUE FALSE FALSE FALSE FALSE FALSE  TRUE  TRUE  TRUE FALSE  TRUE  TRUE FALSE
[196] FALSE FALSE FALSE FALSE FALSE  TRUE  TRUE  TRUE  TRUE  TRUE  TRUE  TRUE  TRUE  TRUE  TRUE
[211]  TRUE  TRUE  TRUE FALSE FALSE FALSE  TRUE  TRUE  TRUE  TRUE  TRUE  TRUE FALSE  TRUE  TRUE
[226]  TRUE  TRUE  TRUE FALSE FALSE  TRUE  TRUE  TRUE  TRUE  TRUE  TRUE  TRUE  TRUE  TRUE  TRUE
[241]  TRUE  TRUE  TRUE  TRUE  TRUE  TRUE  TRUE FALSE  TRUE  TRUE  TRUE FALSE FALSE FALSE FALSE
[256] FALSE FALSE FALSE FALSE FALSE  TRUE  TRUE  TRUE  TRUE  TRUE  TRUE  TRUE  TRUE  TRUE  TRUE
[271]  TRUE FALSE  TRUE  TRUE  TRUE  TRUE  TRUE  TRUE  TRUE  TRUE  TRUE FALSE FALSE FALSE FALSE
[286]  TRUE  TRUE  TRUE  TRUE  TRUE  TRUE  TRUE  TRUE  TRUE  TRUE FALSE FALSE FALSE  TRUE FALSE
[301]  TRUE  TRUE FALSE  TRUE  TRUE FALSE  TRUE FALSE FALSE FALSE FALSE  TRUE  TRUE  TRUE  TRUE
[316] FALSE FALSE FALSE FALSE FALSE  TRUE  TRUE  TRUE  TRUE  TRUE  TRUE  TRUE FALSE FALSE  TRUE
[331]  TRUE  TRUE  TRUE  TRUE  TRUE  TRUE  TRUE  TRUE  TRUE  TRUE FALSE  TRUE FALSE  TRUE  TRUE
[346] FALSE  TRUE  TRUE  TRUE  TRUE FALSE FALSE FALSE FALSE FALSE  TRUE  TRUE FALSE FALSE FALSE
[361] FALSE  TRUE FALSE  TRUE  TRUE  TRUE  TRUE  TRUE  TRUE  TRUE  TRUE  TRUE  TRUE  TRUE  TRUE
[376]  TRUE  TRUE  TRUE  TRUE  TRUE  TRUE  TRUE  TRUE  TRUE  TRUE FALSE FALSE  TRUE  TRUE  TRUE
[391]  TRUE  TRUE  TRUE FALSE  TRUE  TRUE  TRUE  TRUE  TRUE  TRUE  TRUE  TRUE  TRUE  TRUE  TRUE
[406] FALSE  TRUE  TRUE  TRUE FALSE  TRUE  TRUE FALSE  TRUE  TRUE  TRUE FALSE  TRUE  TRUE  TRUE
[421]  TRUE  TRUE  TRUE  TRUE  TRUE  TRUE FALSE FALSE  TRUE  TRUE  TRUE  TRUE  TRUE  TRUE  TRUE
[436]  TRUE  TRUE FALSE FALSE  TRUE  TRUE  TRUE  TRUE  TRUE  TRUE FALSE  TRUE  TRUE FALSE  TRUE
[451]  TRUE  TRUE  TRUE FALSE FALSE  TRUE  TRUE  TRUE  TRUE  TRUE FALSE  TRUE  TRUE  TRUE  TRUE
[466] FALSE  TRUE  TRUE  TRUE  TRUE FALSE  TRUE  TRUE  TRUE  TRUE  TRUE FALSE  TRUE  TRUE  TRUE
[481]  TRUE  TRUE  TRUE  TRUE  TRUE  TRUE  TRUE  TRUE  TRUE  TRUE  TRUE  TRUE  TRUE  TRUE FALSE
[496] FALSE FALSE  TRUE  TRUE  TRUE  TRUE  TRUE  TRUE  TRUE  TRUE  TRUE FALSE  TRUE  TRUE FALSE
[511]  TRUE  TRUE  TRUE  TRUE FALSE  TRUE  TRUE  TRUE  TRUE  TRUE  TRUE  TRUE FALSE  TRUE  TRUE
[526]  TRUE  TRUE FALSE  TRUE  TRUE  TRUE  TRUE FALSE  TRUE  TRUE  TRUE  TRUE  TRUE  TRUE  TRUE
[541]  TRUE  TRUE  TRUE FALSE  TRUE  TRUE  TRUE  TRUE  TRUE  TRUE FALSE  TRUE  TRUE  TRUE  TRUE
[556]  TRUE  TRUE  TRUE  TRUE  TRUE  TRUE  TRUE  TRUE  TRUE  TRUE  TRUE  TRUE  TRUE  TRUE  TRUE
[571]  TRUE  TRUE FALSE FALSE FALSE  TRUE  TRUE  TRUE  TRUE  TRUE FALSE  TRUE  TRUE  TRUE  TRUE
[586]  TRUE  TRUE  TRUE FALSE  TRUE  TRUE  TRUE  TRUE  TRUE  TRUE  TRUE  TRUE  TRUE  TRUE  TRUE
[601]  TRUE  TRUE  TRUE  TRUE  TRUE  TRUE  TRUE  TRUE  TRUE  TRUE  TRUE  TRUE  TRUE  TRUE  TRUE
[616]  TRUE  TRUE  TRUE FALSE FALSE FALSE  TRUE  TRUE  TRUE  TRUE  TRUE  TRUE  TRUE  TRUE  TRUE
[631]  TRUE  TRUE  TRUE  TRUE  TRUE  TRUE  TRUE  TRUE  TRUE  TRUE  TRUE  TRUE  TRUE FALSE  TRUE
[646]  TRUE  TRUE  TRUE  TRUE  TRUE  TRUE  TRUE  TRUE  TRUE  TRUE  TRUE  TRUE  TRUE  TRUE  TRUE
[661]  TRUE  TRUE  TRUE  TRUE  TRUE  TRUE  TRUE  TRUE  TRUE  TRUE  TRUE  TRUE  TRUE  TRUE  TRUE
[676]  TRUE  TRUE  TRUE  TRUE  TRUE  TRUE  TRUE  TRUE  TRUE  TRUE  TRUE  TRUE  TRUE  TRUE  TRUE
[691]  TRUE  TRUE  TRUE  TRUE  TRUE  TRUE  TRUE

