
Birth-death simulation object with 697 species and 500 extant species

Details for some species:

Extinction times (NA means extant)
[1] 110.83317  97.21404  94.66751  75.26879        NA  94.38215


Speciation times 
[1] 152.6924 137.9002 134.5263 125.1645 112.4419 105.9842


Species parents (NA for initial)
[1] NA  1  1  2  2  2


Species status (extinct or extant)
[1] "extinct" "extinct" "extinct" "extinct" "extant"  "extinct"


For more details on vector y, try sim$y, with y one of
TE TS PAR EXTANT



$TE
  [1] 110.833169  97.214043  94.667507  75.268790         NA  94.382152  76.659938 121.367747
  [9]  57.694506  79.454472  45.610215  93.680632  61.465953  99.849260  91.587395  99.627912
 [17]  30.820701         NA 119.517947  91.283543  89.943817  80.568421         NA         NA
 [25] 100.546952 109.328065  25.399469  89.026912  67.304740  53.397737  77.205997  99.251196
 [33] 110.502314  75.774886  58.648589  94.703527  83.272160  79.987687  39.470181         NA
 [41]         NA  74.473428  82.434075   7.259416         NA         NA         NA         NA
 [49]         NA         NA         NA 105.842489  63.164084  62.996235         NA  11.006371
 [57]  78.249275  74.956034  61.982566  54.888971 105.203941  94.934744 105.277047  41.135396
 [65]         NA         NA         NA         NA         NA         NA  80.351281         NA
 [73]         NA         NA         NA  94.223531  76.092144  69.077625         NA  79.575930
 [81]         NA         NA         NA         NA         NA         NA  76.184071         NA
 [89]         NA         NA         NA         NA         NA         NA         NA         NA
 [97]  53.663807         NA  57.019983  60.366613         NA         NA         NA         NA
[105]         NA         NA         NA  85.577069  93.511076 100.380408  79.264808  56.991695
[113]   8.780430  28.142727         NA         NA         NA         NA         NA  78.994168
[121]  98.923929         NA         NA         NA         NA         NA         NA         NA
[129]  79.096179  72.143008         NA  50.855315  90.124004  65.365571  61.383834  78.199289
[137] 104.420741  59.607309  95.649017  71.753436  87.915664  56.615129         NA  59.681307
[145]  92.398348  87.780159  81.902573  79.962245         NA         NA  60.272617  74.339840
[153]         NA  92.663617  84.390637  51.732701  16.556885  86.200850  83.139953  79.640079
[161]         NA         NA         NA         NA         NA         NA         NA  38.223259
[169]  93.669369  90.598358  93.870736  77.835099         NA  68.175090         NA         NA
[177]         NA         NA         NA         NA         NA         NA         NA  87.832968
[185]  87.268153  80.958887  82.443350  82.239294  87.224323         NA         NA  89.962642
[193]  27.867393  58.680687         NA         NA         NA         NA  78.233105  57.318184
[201]   9.654707         NA  84.402256  76.687506         NA         NA         NA         NA
[209]         NA         NA         NA         NA         NA         NA  88.947115         NA
[217]  54.336273 100.231830         NA   4.043371  73.696796         NA  96.378880         NA
[225]         NA  80.246322  78.133874         NA         NA         NA         NA         NA
[233]         NA  57.435063  77.140682         NA  68.275507  80.653000         NA         NA
[241]         NA         NA  90.203863  59.888393  26.205767         NA         NA  83.894883
[249]  87.836556  62.728513         NA         NA         NA         NA         NA  82.331816
[257]         NA  68.368519  84.958698         NA         NA         NA         NA  53.477410
[265]  68.671378         NA         NA         NA         NA         NA         NA         NA
[273]  94.167471         NA  63.543804  74.420178  78.650847         NA         NA  60.899840
[281]  73.381050         NA         NA         NA         NA         NA         NA         NA
[289]  88.155707         NA         NA         NA         NA         NA         NA         NA
[297]         NA         NA         NA         NA  39.224596         NA         NA  76.542988
[305]  27.029438  92.757238         NA         NA   3.770562  94.621186  38.634316  52.881632
[313]         NA  79.241909         NA         NA         NA         NA         NA         NA
[321]  89.575137         NA  85.767750         NA         NA         NA         NA         NA
[329]         NA  40.296263         NA         NA         NA  91.352816  26.742733         NA
[337]         NA         NA         NA         NA         NA  27.309923         NA         NA
[345]         NA         NA         NA  34.131450         NA         NA         NA         NA
[353]         NA  91.825595  69.997087         NA         NA  28.805839         NA  81.225600
[361]         NA         NA  86.020913         NA         NA         NA         NA         NA
[369]         NA         NA         NA         NA  40.587461         NA         NA         NA
[377]         NA         NA         NA         NA         NA         NA         NA         NA
[385]  61.227124  58.837766         NA         NA         NA         NA         NA         NA
[393]         NA         NA  17.936636  72.057739         NA         NA         NA         NA
[401]         NA         NA         NA         NA         NA         NA  40.220941         NA
[409]  42.846770         NA         NA         NA         NA         NA         NA  68.447396
[417]  49.758057         NA         NA         NA         NA         NA  78.961477         NA
[425]         NA  47.838102         NA         NA         NA         NA         NA         NA
[433]         NA         NA  41.951942         NA         NA         NA         NA  82.927107
[441]  33.567709  38.729390         NA         NA         NA         NA         NA         NA
[449]         NA         NA         NA         NA         NA         NA         NA         NA
[457]         NA         NA         NA         NA  89.891976  48.739169         NA         NA
[465]         NA         NA  69.880885         NA         NA         NA         NA  85.682349
[473]         NA         NA         NA         NA         NA         NA         NA  32.924971
[481]         NA         NA         NA         NA         NA         NA         NA         NA
[489]         NA         NA         NA         NA         NA         NA         NA         NA
[497]         NA         NA         NA         NA         NA  56.538732         NA         NA
[505]         NA         NA         NA  60.314984         NA         NA         NA         NA
[513]         NA         NA         NA         NA         NA         NA         NA         NA
[521]  30.054538         NA         NA         NA         NA         NA         NA         NA
[529]         NA         NA         NA         NA         NA         NA         NA         NA
[537]         NA         NA         NA         NA         NA         NA  16.019319         NA
[545]         NA         NA         NA         NA         NA         NA         NA         NA
[553]         NA         NA         NA         NA         NA  85.014169         NA         NA
[561]         NA         NA         NA         NA         NA         NA         NA         NA
[569]  72.733570         NA         NA         NA         NA         NA         NA         NA
[577]         NA         NA         NA         NA         NA         NA         NA         NA
[585]         NA         NA         NA         NA         NA  68.398005         NA         NA
[593]         NA  49.034783         NA         NA         NA         NA         NA         NA
[601]         NA         NA         NA         NA         NA         NA         NA         NA
[609]         NA         NA         NA  20.497495         NA         NA         NA         NA
[617]         NA         NA         NA         NA         NA         NA         NA         NA
[625]  58.563970         NA         NA         NA         NA         NA         NA         NA
[633]         NA         NA         NA         NA         NA         NA         NA         NA
[641]         NA         NA         NA         NA         NA         NA         NA         NA
[649]         NA         NA         NA         NA         NA         NA         NA         NA
[657]         NA         NA         NA         NA         NA  56.564457         NA         NA
[665]         NA         NA         NA         NA         NA         NA         NA         NA
[673]         NA         NA         NA         NA         NA         NA         NA         NA
[681]         NA         NA         NA         NA         NA         NA         NA         NA
[689]         NA         NA         NA         NA         NA         NA         NA         NA
[697]         NA

$TS
  [1] 152.6924470 137.9001583 134.5262992 125.1644946 112.4419262 105.9841953 103.1013229
  [8] 124.7929659 123.0145424 122.7637272 119.7827672 107.9900545 100.9080049 111.4516032
 [15] 106.9006475 105.8719129  90.6552451  83.0799767 122.8917102  98.9123295  94.0083566
 [22]  92.4938939  71.8917301  62.6002336 121.9834867 120.0776153 119.6821728 103.8617933
 [29]  98.0930282 110.3726492 108.6077516 115.3907713 115.0628635 112.4396456 111.1997572
 [36] 119.5850414 106.5269298  90.6361873  90.0754299  84.9990570  45.9062465 118.6505398
 [43]  89.8287655  87.5033580  86.0347408  80.6052572  51.0409285  41.4750494  41.1443797
 [50]  38.4768522  35.7900909 117.2416093 104.7674218 103.3643207 111.4574712 101.1567169
 [57]  98.2867406  96.9449483 114.6472599 114.4165446 109.8307402 107.8859354 111.0528176
 [64] 108.8072431  85.1064099  84.7321640  82.7613820  74.7538051  71.4326514  65.3952670
 [71] 103.9188649  81.7457552  80.0866721  78.3189564  68.5271670 103.9472335  93.3372276
 [78]  90.8013080  90.1799696  89.2726095  76.1151730  71.0703530  39.7651898  20.6935725
 [85]  10.5985498   6.8699986  94.7629511  82.2681517  75.1462932  73.3826006  72.6988438
 [92]  69.3478023  65.6349278  56.9013956  12.5179816   8.1541193 104.5556464 103.0698247
 [99] 109.6595754  96.2183472  86.3855953  77.9348328  67.3663841  63.7469555  61.2495216
[106]  79.3949063  59.3155788 109.1247759 107.0275079 101.6413592 100.2357721  94.3857083
[113]  93.9884029  89.4043380  85.5241259  84.3483826  80.3806530  72.0066976  59.4443815
[120] 100.0494965  98.9930339  86.4091734  78.0810406  71.2787345  69.5949806  64.1986462
[127]  48.2134815  42.7886311  96.5195690  89.5671366  86.4549251  98.3541156 101.9251348
[134]  99.2356560  97.7369312  95.4377431 105.9886045 103.7281096 103.1901629 102.1194630
[141]  92.7940805  91.1273127  85.2259979  97.2932861  97.0796274 103.0122203  91.8391924
[148]  91.6527435  72.2686253  68.0167782  99.1459496  91.5942179  86.5831999 102.2865005
[155] 102.2107181 101.0143123  99.3760123  91.1204023 102.6113122 101.3864331  75.1002628
[162]  74.0378530  71.9609524  78.4969787  78.4061091  71.1444726  67.9243768 102.1996698
[169] 100.0460548  98.4429436 102.8899807  88.0722772  77.6304649  95.3017428  85.7888990
[176]  68.3696453  33.4701562  31.5533758  27.3543466  24.7456099  18.9037042  17.5813145
[183]  16.1742162 102.2479114 100.8272949  97.7504881  98.9308339 101.1771401  98.5617382
[190]  95.5204453 102.0916363  90.0367346  88.8991666  88.7618067  83.0277795  81.8254675
[197]  68.8230610  39.5893604 101.3550097  89.6889320  88.3206486  72.9863335 100.0321549
[204]  93.1175325  70.0506598  69.9471605  63.5604944  54.5344395  47.0434977  35.0226442
[211]  29.4878633  26.6085936  18.6773661   8.9142284  97.5730232  92.5369082  90.6958843
[218] 100.9189767  97.7497118  93.3566997  90.7385928  83.2344865 100.5457139  79.6387936
[225]  86.2402883  89.5024807  89.4780324  69.5736170  64.7228760  63.9104429  55.9070466
[232]  38.3754416  21.6915142  96.1469619  94.3053364  83.7725767 100.1484878  99.6663845
[239]  82.6941950  78.0785976  75.7438931  65.4904787  93.8834455  90.4075304  90.8676402
[246]  76.4915721  82.8736755  98.2568850  93.7736971  99.2856061  85.5430253  86.3804430
[253]  83.8135509  43.6761141  17.7743520  98.2129405  96.0102940  95.3750957  87.5236186
[260]  72.7432889  72.6754274  72.3586101  68.4581309  90.7778933  87.5117986  81.8488936
[267]  76.5880091  75.7973415  74.6209080  73.4192320  71.1081163  69.4967125  95.7234327
[274]  73.1029228  98.1875489  93.9473301  90.3466362  84.2711688  66.2389221  92.2862468
[281]  87.0166888  85.5159379  76.4346961  71.4687577  68.7153321  86.4102962  80.5592988
[288]  72.8544105  96.9178497  73.0519064  71.7192924  64.2304916  62.1831935  56.2792435
[295]  35.3366717  31.3712351  27.5061100  22.0201907  13.6012578  12.4357396  95.9689532
[302]  79.1309460  61.5632818  95.5062927  94.9340493  94.5063088  69.0674975  61.3249942
[309]  92.0045232  96.7444282  96.3098459  96.6340098  93.8480305  91.3581982  77.1037148
[316]  74.5531004  66.2417325  61.0330034  60.2547991  58.9438997  94.9318716  81.1064976
[323]  88.8403789  75.3396098  73.0208172  65.0197035  59.9449193  56.7791631  86.0493032
[330]  87.2071662  85.4778293  73.5995457  62.1946727  91.6389945  87.5708432  74.8747455
[337]  67.9551418  63.0437690  44.2231084  32.5740390  17.3897275  87.6213055  81.4098315
[344]  79.2851321  67.4949518  66.5567402  44.3863833  94.3885498  86.5384162  78.8398299
[351]  68.4731324  56.6370625  38.5191770  93.2345935  90.8768822  82.6526197  80.5680864
[358]  92.6127774  82.7772632  94.6266916  84.9430430  81.3211984  87.4228611  75.7495703
[365]  53.7047828  46.0144797  33.3424154  31.7030151  89.7985813  80.1932264  76.1534830
[372]  71.2183856  91.4612870  64.1592256  60.8952691  82.6271224  62.7362132  33.5953868
[379]  30.1068144  29.6584585  23.0998829  21.3959589  17.9596406  82.6499069  87.5969562
[386]  87.5765033  84.4575791  60.3124428  45.2878023  26.5364374  22.6106528  21.6078324
[393]  12.0816891   6.1970308  90.3679443  90.0421819  85.5865012  82.7131271  75.5337867
[400]  69.2180959  67.1282491  61.3210960  53.6938946  52.0614491  49.3782570  17.9463517
[407]  90.4929447  86.2571016  90.4818044  81.2230353  76.7570237  65.1064230  47.1141424
[414]  41.1900889  37.3262953  90.3337010  86.7880581  84.0636790  80.8388575  53.7031056
[421]  11.6767487   7.8010821  90.8808183  84.3960997  82.2076227  90.5523910  85.4828395
[428]  82.0229413  79.8563647  77.8084037  80.3901594  79.2818507  64.1560781  54.2402717
[435]  90.8694903  87.0102513  81.9837746  75.1221261  73.5596638  87.0198084  88.2300750
[442]  88.1056243  83.1392708  81.4890251  71.1796764  70.8355107  67.9635985  52.0043543
[449]  48.3789223  71.8172583  52.1823849  47.1541791  46.3225908  46.2408616  39.2660515
[456]  81.0402431  78.7647138  75.1186846  71.7061521  68.6300140  90.6766888  87.6776838
[463]  85.0381315  77.5408146  76.0289444  64.3942318  88.8376840  77.7953545  76.0598812
[470]  69.5666380  54.0957353  87.6962820  81.5763935  76.3282611  70.1856487  82.7814877
[477]  81.9934194  65.9471452  46.0687725  87.3815638  75.2678016  69.0934878  64.1751180
[484]  60.0303528  46.7047318  43.9051664  80.1722740  79.9461078  76.6077566  75.6794786
[491]  71.7328342  68.0707695  62.9714219  62.1450271  58.0565121  51.0181471  32.4232453
[498]  21.3331238  18.9809901  82.7176622  81.8955161  89.1732106  81.0571285  80.8691253
[505]  76.0080643  71.0324155  88.0780615  86.9986359  82.9786706  79.6921024  55.2659762
[512]  50.9860533  49.9098652  49.1646410  36.5103065  16.0163185  13.0173255   9.7303693
[519]  43.5401487  84.8114517  88.4718245  82.8938825  86.3050412  62.2704857  46.7495216
[526]  43.7051232  37.5066451  29.8818027  26.5300982  16.5037879  11.4907582  11.0741877
[533]   0.1648413  70.3647082  70.0507084  84.9775907  83.4118731  66.6599287  65.4804932
[540]  52.2424473  44.5615478  41.7829239  88.5990807  80.8826205  79.8203558  79.4084078
[547]  75.7324864  71.9389345  67.6389397  58.0371264  47.3589188  37.2670504  84.5785307
[554]  80.2509383  78.7015693  67.0114513  58.8050342  86.9508307  74.4302516  70.1402285
[561]  68.2044801  54.9243587  52.1103815  48.4791436  40.5726269  39.3817175  38.3917906
[568]  16.1990203  88.1281223  63.8264561  60.3696106  59.8035652  47.3593151  85.8622946
[575]  81.1994286  73.6158311  73.0261697  67.0915739  57.2137138  45.6229184  27.4306405
[582]  26.6037729  81.0671328  80.7620944  76.2064965  60.6923604  59.9687414  42.5807100
[589]  33.9287298  87.4051352  85.1800728  80.0153143  76.4038571  86.9076346  77.3769119
[596]  66.7629440  53.7903553  53.1224204  49.3047686  41.0686439  40.5482514  60.1433083
[603]  40.2875513   8.3280707   4.0211775   0.3494351  78.3025417  51.1990217  51.4475697
[610]  49.2264708  42.3263046  86.6579676  62.7571519  76.1958909  72.6146704  67.7044351
[617]  66.3840865  61.0977116  64.7030364  53.8108588  47.2815826  47.0643170  39.1374400
[624]  26.9794589  86.9408171  73.8202023  70.6062671  83.4399354  71.6188014  70.5653298
[631]  59.9025031  28.0262416  27.5455592  23.5133241  10.2293907   7.9937706  79.6911246
[638]  74.7884049  72.4682174  85.6476456  76.9855902  55.6333670  54.3895132  79.1228726
[645]  74.6960881  71.4217134  70.3520710  67.7921102  66.6014626  64.5251778  85.5694374
[652]  63.6327113  47.4427937  47.2864377  39.3982106  36.5156979  34.4609257  18.2282207
[659]  12.1840925   2.3341491   0.8848981  86.5993822  85.0846084  75.3058982  68.7615034
[666]  61.0699820  84.5796081  75.2694643  84.1872828  80.1121583  66.2579590  83.2524415
[673]  67.9702061  65.1540424  86.5293135  76.3783505  73.5124800  62.6474685  61.4005047
[680]  60.5488658  52.2751798  40.3483526  36.3279281  29.8785318  24.5669164  83.4078501
[687]  82.2297865  60.9090180  81.2490651  69.1206087  68.6566277  67.0969882  66.2527861
[694]  35.0438700  26.7285801  26.0092891  13.4694686

$PAR
  [1]  NA   1   1   2   2   2   2   3   3   3   3   3   3   4   4   4   4   4   8   9   9   9   9
 [24]   9  19  19  19  10  10  25  25  26  26  26  26  11  11  11  11  11  11  27  27  27  27  27
 [47]  27  27  27  27  27  36  36  36  42  42  42  42  32  32  32  32  33  59  59  59  59  59  59
 [70]  59  60  60  60  60  60   5   5   5   5   5   5   5   5   5   5   5  34  55  55  55  55  55
 [93]  55  55  55  55  14  14  35  35  35  35  35  35  35  30  30  99  99  99  99  99  99  99  99
[116]  99  99  99  99  64  64  64  64  64  64  64  64  64  31  31  31  12  62  62  62  62 109 109
[139] 109  15  37  37  37   6   6  53  53  53  53  53  76  71  71  28  28  28  28  28 138 138 138
[162] 138 138  54  54  54  54 139 139 139   7   7   7  98  98  98  98  98  98  98  98  98  98 146
[185] 171 171 159 154 184 184 155 168 168 168 168 168 168 168 140 140 140 140 191 191 191 191 191
[208] 191 191 191 191 191 191 191 133 133 133 110 160 160 160 160 199 199 188  56  56  56  56  56
[231]  56  56  56 156 156 156  13  13  13  13  13  13 185 111 237 237 120 169 169 203 238 157 157
[254] 157 157 250 250 250 250 250 250 250 250 134 134 134 134 134 134 134 134 134 151 151 187 187
[277] 132 132 132  57 256 275 275 275 275  29  29  29 186 219 219 219 219 219 219 219 219 219 219
[300] 219 135 135 135 215 215 215 144 144  58 289 289 310 312 312 312 312 312 312 312 312 129 129
[323] 311 311 311 311 311 311 100 234 234 234 234 257 257 257 257 257 257 257 257 301 301 301 301
[346] 301 301 190 190 190 190 190 190 304 304 304 304 136 136 258 258 174 305 305 305 305 305 305
[369]  87 348 348 348 112 112 112 235 113 113 113 113 113 113 113 276 313 313 313 313 313 313 313
[392] 313 313 313 249 220 220 220 220 220 220 220 220 220 220 220  77  77 204 204 358 358 358 358
[415] 358 216 216  22 280 309 309 309 147 147 147 148 148 152 152 152 373 373 373 373 314 142 142
[438] 142 142 423 355 355 355 355 355 355 435 435 435 245 245 245 245 245 245  78 264 264 264 264
[461] 221 221 221 217 217 217  17  17  17  17  17  38  38 426 426 407 407 407 407 409 409 409 409
[484] 409 409 409 244 244 244 244 244 395 395 395 395 395 395 395 395 277 277 416 416 416 416 416
[507]  79  79  79  79  79  79  79  79  79  79  79  79  39 396  43  43 369 369 369 369 369 369 369
[530] 369 369 369 369 200 200 226 227 114 114 114 114 114 502 193 193 193 193 193 193 193 193 193
[553] 194 194 194 194 194 543 543 543 543 543 543 543 543 543 543 543 521 521 521 521 521 201 201
[576] 201 201 201 201 201 201 201 441 441 441 441 441 441 441 569 569 569 569 442 442 442 442 442
[599] 442 442 442 507 507 507 507 507 172 462 342 342 342 385 385 386 386 386 386 386 335 335 335
[622] 335 335 335 265 265 265  44  44  44  44  44  44  44  44  44 590 590 590 480 480 480 480 330
[645] 330 330 330 330 330 330 281 436 436 436 436 436 436 436 436 436 436 508 508 508 508 508 625
[668] 625 594 594 594 417 417 417 612 612 612 612 612 612 612 612 612 612 612 662 662 662 153 153
[691] 153 153 153 153 153 153 153

$EXTANT
  [1] FALSE FALSE FALSE FALSE  TRUE FALSE FALSE FALSE FALSE FALSE FALSE FALSE FALSE FALSE FALSE
 [16] FALSE FALSE  TRUE FALSE FALSE FALSE FALSE  TRUE  TRUE FALSE FALSE FALSE FALSE FALSE FALSE
 [31] FALSE FALSE FALSE FALSE FALSE FALSE FALSE FALSE FALSE  TRUE  TRUE FALSE FALSE FALSE  TRUE
 [46]  TRUE  TRUE  TRUE  TRUE  TRUE  TRUE FALSE FALSE FALSE  TRUE FALSE FALSE FALSE FALSE FALSE
 [61] FALSE FALSE FALSE FALSE  TRUE  TRUE  TRUE  TRUE  TRUE  TRUE FALSE  TRUE  TRUE  TRUE  TRUE
 [76] FALSE FALSE FALSE  TRUE FALSE  TRUE  TRUE  TRUE  TRUE  TRUE  TRUE FALSE  TRUE  TRUE  TRUE
 [91]  TRUE  TRUE  TRUE  TRUE  TRUE  TRUE FALSE  TRUE FALSE FALSE  TRUE  TRUE  TRUE  TRUE  TRUE
[106]  TRUE  TRUE FALSE FALSE FALSE FALSE FALSE FALSE FALSE  TRUE  TRUE  TRUE  TRUE  TRUE FALSE
[121] FALSE  TRUE  TRUE  TRUE  TRUE  TRUE  TRUE  TRUE FALSE FALSE  TRUE FALSE FALSE FALSE FALSE
[136] FALSE FALSE FALSE FALSE FALSE FALSE FALSE  TRUE FALSE FALSE FALSE FALSE FALSE  TRUE  TRUE
[151] FALSE FALSE  TRUE FALSE FALSE FALSE FALSE FALSE FALSE FALSE  TRUE  TRUE  TRUE  TRUE  TRUE
[166]  TRUE  TRUE FALSE FALSE FALSE FALSE FALSE  TRUE FALSE  TRUE  TRUE  TRUE  TRUE  TRUE  TRUE
[181]  TRUE  TRUE  TRUE FALSE FALSE FALSE FALSE FALSE FALSE  TRUE  TRUE FALSE FALSE FALSE  TRUE
[196]  TRUE  TRUE  TRUE FALSE FALSE FALSE  TRUE FALSE FALSE  TRUE  TRUE  TRUE  TRUE  TRUE  TRUE
[211]  TRUE  TRUE  TRUE  TRUE FALSE  TRUE FALSE FALSE  TRUE FALSE FALSE  TRUE FALSE  TRUE  TRUE
[226] FALSE FALSE  TRUE  TRUE  TRUE  TRUE  TRUE  TRUE FALSE FALSE  TRUE FALSE FALSE  TRUE  TRUE
[241]  TRUE  TRUE FALSE FALSE FALSE  TRUE  TRUE FALSE FALSE FALSE  TRUE  TRUE  TRUE  TRUE  TRUE
[256] FALSE  TRUE FALSE FALSE  TRUE  TRUE  TRUE  TRUE FALSE FALSE  TRUE  TRUE  TRUE  TRUE  TRUE
[271]  TRUE  TRUE FALSE  TRUE FALSE FALSE FALSE  TRUE  TRUE FALSE FALSE  TRUE  TRUE  TRUE  TRUE
[286]  TRUE  TRUE  TRUE FALSE  TRUE  TRUE  TRUE  TRUE  TRUE  TRUE  TRUE  TRUE  TRUE  TRUE  TRUE
[301] FALSE  TRUE  TRUE FALSE FALSE FALSE  TRUE  TRUE FALSE FALSE FALSE FALSE  TRUE FALSE  TRUE
[316]  TRUE  TRUE  TRUE  TRUE  TRUE FALSE  TRUE FALSE  TRUE  TRUE  TRUE  TRUE  TRUE  TRUE FALSE
[331]  TRUE  TRUE  TRUE FALSE FALSE  TRUE  TRUE  TRUE  TRUE  TRUE  TRUE FALSE  TRUE  TRUE  TRUE
[346]  TRUE  TRUE FALSE  TRUE  TRUE  TRUE  TRUE  TRUE FALSE FALSE  TRUE  TRUE FALSE  TRUE FALSE
[361]  TRUE  TRUE FALSE  TRUE  TRUE  TRUE  TRUE  TRUE  TRUE  TRUE  TRUE  TRUE FALSE  TRUE  TRUE
[376]  TRUE  TRUE  TRUE  TRUE  TRUE  TRUE  TRUE  TRUE  TRUE FALSE FALSE  TRUE  TRUE  TRUE  TRUE
[391]  TRUE  TRUE  TRUE  TRUE FALSE FALSE  TRUE  TRUE  TRUE  TRUE  TRUE  TRUE  TRUE  TRUE  TRUE
[406]  TRUE FALSE  TRUE FALSE  TRUE  TRUE  TRUE  TRUE  TRUE  TRUE FALSE FALSE  TRUE  TRUE  TRUE
[421]  TRUE  TRUE FALSE  TRUE  TRUE FALSE  TRUE  TRUE  TRUE  TRUE  TRUE  TRUE  TRUE  TRUE FALSE
[436]  TRUE  TRUE  TRUE  TRUE FALSE FALSE FALSE  TRUE  TRUE  TRUE  TRUE  TRUE  TRUE  TRUE  TRUE
[451]  TRUE  TRUE  TRUE  TRUE  TRUE  TRUE  TRUE  TRUE  TRUE  TRUE FALSE FALSE  TRUE  TRUE  TRUE
[466]  TRUE FALSE  TRUE  TRUE  TRUE  TRUE FALSE  TRUE  TRUE  TRUE  TRUE  TRUE  TRUE  TRUE FALSE
[481]  TRUE  TRUE  TRUE  TRUE  TRUE  TRUE  TRUE  TRUE  TRUE  TRUE  TRUE  TRUE  TRUE  TRUE  TRUE
[496]  TRUE  TRUE  TRUE  TRUE  TRUE  TRUE FALSE  TRUE  TRUE  TRUE  TRUE  TRUE FALSE  TRUE  TRUE
[511]  TRUE  TRUE  TRUE  TRUE  TRUE  TRUE  TRUE  TRUE  TRUE  TRUE FALSE  TRUE  TRUE  TRUE  TRUE
[526]  TRUE  TRUE  TRUE  TRUE  TRUE  TRUE  TRUE  TRUE  TRUE  TRUE  TRUE  TRUE  TRUE  TRUE  TRUE
[541]  TRUE  TRUE FALSE  TRUE  TRUE  TRUE  TRUE  TRUE  TRUE  TRUE  TRUE  TRUE  TRUE  TRUE  TRUE
[556]  TRUE  TRUE FALSE  TRUE  TRUE  TRUE  TRUE  TRUE  TRUE  TRUE  TRUE  TRUE  TRUE FALSE  TRUE
[571]  TRUE  TRUE  TRUE  TRUE  TRUE  TRUE  TRUE  TRUE  TRUE  TRUE  TRUE  TRUE  TRUE  TRUE  TRUE
[586]  TRUE  TRUE  TRUE  TRUE FALSE  TRUE  TRUE  TRUE FALSE  TRUE  TRUE  TRUE  TRUE  TRUE  TRUE
[601]  TRUE  TRUE  TRUE  TRUE  TRUE  TRUE  TRUE  TRUE  TRUE  TRUE  TRUE FALSE  TRUE  TRUE  TRUE
[616]  TRUE  TRUE  TRUE  TRUE  TRUE  TRUE  TRUE  TRUE  TRUE FALSE  TRUE  TRUE  TRUE  TRUE  TRUE
[631]  TRUE  TRUE  TRUE  TRUE  TRUE  TRUE  TRUE  TRUE  TRUE  TRUE  TRUE  TRUE  TRUE  TRUE  TRUE
[646]  TRUE  TRUE  TRUE  TRUE  TRUE  TRUE  TRUE  TRUE  TRUE  TRUE  TRUE  TRUE  TRUE  TRUE  TRUE
[661]  TRUE FALSE  TRUE  TRUE  TRUE  TRUE  TRUE  TRUE  TRUE  TRUE  TRUE  TRUE  TRUE  TRUE  TRUE
[676]  TRUE  TRUE  TRUE  TRUE  TRUE  TRUE  TRUE  TRUE  TRUE  TRUE  TRUE  TRUE  TRUE  TRUE  TRUE
[691]  TRUE  TRUE  TRUE  TRUE  TRUE  TRUE  TRUE

