
Birth-death simulation object with 746 species and 500 extant species

Details for some species:

Extinction times (NA means extant)
[1] 51.79874 10.72277 83.17979 60.67675       NA 74.05503


Speciation times 
[1] 88.76164 87.45866 86.91824 82.54128 82.41397 80.41358


Species parents (NA for initial)
[1] NA  1  1  1  1  1


Species status (extinct or extant)
[1] "extinct" "extinct" "extinct" "extinct" "extant"  "extinct"


For more details on vector y, try sim$y, with y one of
TE TS PAR EXTANT



$TE
  [1] 51.79873967 10.72277114 83.17979431 60.67674735          NA 74.05503424 32.78455050
  [8] 50.33557702 42.73159614  2.63909575          NA 21.52227074          NA  5.76728972
 [15]          NA          NA 15.56182305 17.96463805 44.39263394 40.12901865 21.28710051
 [22] 41.44016312 17.11281517          NA          NA 76.42941563          NA 47.50932396
 [29] 21.12807554  9.27471566          NA  6.63034364 27.28331449 16.93424888          NA
 [36] 52.22379708          NA 10.30835002          NA 35.65324071          NA          NA
 [43] 56.86193645 17.02018960 40.07018602 16.92879561 24.79505555          NA          NA
 [50] 20.29350479          NA          NA          NA 13.85891810 10.38861361 19.57192769
 [57] 34.11142554 26.10123773 14.28900897          NA          NA 38.84474147 24.65903613
 [64]          NA          NA          NA          NA 10.37593859 24.70955457 20.80419677
 [71]          NA 25.82742271 32.10329819          NA          NA          NA          NA
 [78] 29.08961032          NA          NA          NA          NA 33.95844567  8.19645278
 [85]          NA          NA  2.68644095          NA 14.81086107 23.98144850 29.30864174
 [92]          NA          NA  7.06874632 11.18013687 17.09541160  6.47660362          NA
 [99]          NA          NA          NA          NA          NA          NA 22.96490448
[106]          NA  5.41600481 28.67676817 35.80666843 12.88278416  8.51523793  5.80928287
[113]  7.70627051          NA          NA          NA          NA 22.70995236          NA
[120] 24.51858992          NA 16.60423681          NA 10.73596400  4.89308981          NA
[127] 15.61432680 13.44830549 27.70876440          NA          NA          NA 24.49153414
[134] 21.32512852 16.24545363 16.42444086          NA          NA 16.62714957          NA
[141] 21.63044288          NA  3.84579183 13.20362246 10.49638662          NA 11.20410605
[148]          NA          NA 34.16178004 28.63081838 36.95494591          NA  9.40865748
[155]          NA 31.78624453          NA          NA          NA          NA  7.32684383
[162]  6.39590928 18.36297960          NA  4.92217319          NA          NA          NA
[169]          NA 15.94244339  7.86465149 30.00701105  0.24095328          NA 10.50243377
[176] 10.41027010          NA          NA          NA  9.07302839  3.43710539          NA
[183]  9.99206212 27.70465943 27.71926013 12.90856575 24.18507879          NA  7.22698823
[190] 11.68858003  6.01294075          NA          NA  8.48444031  2.03625709 13.07877953
[197]          NA          NA          NA          NA          NA          NA          NA
[204]          NA 26.16631803 13.66836247 23.88204305          NA  1.31275158          NA
[211]  3.23302245          NA          NA 22.60425867  0.68463910 22.73279357 18.56946566
[218] 10.86822030          NA 13.27691717          NA          NA  7.80735820          NA
[225] 11.09191296  6.39872817 18.34399772          NA          NA 15.17423347  6.82535847
[232] 15.91328674          NA 17.49899901 13.98853584  7.10315965          NA 16.19485404
[239]          NA 21.75397179          NA  8.36252862          NA  9.11732621          NA
[246]          NA  6.25982552          NA          NA  3.14354294          NA          NA
[253]  3.97965113 10.10747189 12.58943784          NA 16.16015474 23.75932559          NA
[260]  0.32965188 15.37506456  2.16928927  5.31049540          NA  0.39295855          NA
[267]          NA          NA          NA          NA          NA          NA          NA
[274]          NA  3.73906050  9.65596109          NA 14.49218763          NA          NA
[281]          NA          NA          NA          NA          NA          NA 10.87468699
[288]          NA          NA          NA          NA          NA          NA  2.64213327
[295]  4.34063072          NA          NA          NA          NA          NA          NA
[302] 11.75417397          NA          NA          NA  8.55264393  7.23533929  2.57058611
[309]  2.07623760 13.64325328          NA  5.42992904          NA 10.12868117 10.05652215
[316]          NA 13.62859412  0.27606490          NA          NA  3.79876195  8.89879722
[323] 17.46157352          NA          NA  9.19165207          NA          NA  2.49663039
[330]          NA          NA          NA  0.06572068          NA          NA          NA
[337]          NA          NA          NA          NA          NA  1.77587127          NA
[344]  9.41618127          NA  2.88809636  3.86960987          NA          NA          NA
[351]          NA  3.55253223          NA 10.84861853  0.77985634          NA          NA
[358]          NA  9.55494008          NA  9.90442371          NA          NA          NA
[365] 12.48780551          NA          NA          NA          NA          NA          NA
[372]          NA          NA          NA          NA          NA  0.78291434  9.67807672
[379]          NA          NA          NA          NA          NA          NA          NA
[386] 11.63440984          NA  8.11692405          NA 16.44008536 11.05355246          NA
[393]          NA          NA          NA          NA          NA          NA          NA
[400]  4.70522913          NA          NA  4.62974594  2.95773573          NA 14.60168773
[407]          NA          NA          NA          NA          NA          NA          NA
[414]          NA          NA          NA 10.87427011  9.39567883          NA          NA
[421] 10.45439262          NA          NA  0.18629272          NA          NA  1.66472490
[428]          NA          NA          NA  2.63271539          NA          NA          NA
[435]          NA          NA          NA          NA          NA          NA  0.10325077
[442]          NA          NA          NA  1.27566902          NA          NA          NA
[449]  1.39465655  0.28983070          NA          NA          NA  2.68541663  5.42685932
[456]          NA  7.44618034  2.12995474          NA          NA          NA          NA
[463]  7.60895624          NA  3.58922294  5.35644267  2.12163527          NA          NA
[470]          NA          NA          NA  1.53711199          NA          NA          NA
[477]  7.54207476          NA          NA          NA  4.79088735          NA          NA
[484]          NA 12.98729966          NA          NA          NA          NA          NA
[491]          NA          NA  2.49474743          NA          NA          NA  1.47828649
[498]          NA  5.34447806          NA  4.31165170          NA          NA          NA
[505]  2.35463210          NA          NA          NA          NA          NA          NA
[512]  9.72941455          NA          NA          NA          NA          NA          NA
[519]          NA          NA          NA          NA  6.30121176          NA          NA
[526]          NA          NA          NA          NA          NA  2.47387343          NA
[533]          NA          NA          NA  0.43961555  8.57239348          NA          NA
[540]          NA  1.71315470          NA          NA          NA  6.79948155          NA
[547]          NA          NA          NA          NA          NA          NA          NA
[554]          NA  8.27756083          NA          NA          NA          NA          NA
[561]          NA          NA          NA          NA          NA  0.37975080          NA
[568]  0.42489084          NA          NA          NA          NA          NA          NA
[575]          NA          NA          NA          NA          NA          NA          NA
[582]          NA  1.26831521          NA          NA          NA          NA          NA
[589]          NA          NA          NA          NA          NA          NA          NA
[596]  3.38157543          NA          NA          NA          NA          NA          NA
[603]          NA  0.02095329          NA  3.70125834          NA          NA          NA
[610]          NA          NA          NA          NA          NA          NA          NA
[617]          NA          NA          NA  3.96479148          NA          NA          NA
[624]  1.03253824          NA  5.10776320          NA          NA          NA  0.87930887
[631]          NA          NA          NA  2.00708187  1.17896809          NA          NA
[638]          NA          NA          NA          NA          NA          NA          NA
[645]          NA  4.38166129          NA          NA          NA          NA          NA
[652]          NA          NA          NA          NA  0.31731081          NA          NA
[659]  3.68378692          NA          NA          NA          NA          NA          NA
[666]          NA          NA          NA          NA          NA          NA          NA
[673]          NA          NA          NA          NA          NA          NA          NA
[680]          NA          NA  2.05250908          NA          NA          NA          NA
[687]          NA          NA          NA          NA          NA          NA          NA
[694]          NA          NA          NA          NA  0.25967265          NA          NA
[701]          NA          NA          NA          NA          NA          NA          NA
[708]          NA          NA          NA          NA          NA          NA  2.76572347
[715]          NA          NA          NA          NA          NA  0.90078998          NA
[722]          NA          NA          NA          NA          NA          NA          NA
[729]          NA          NA          NA          NA          NA          NA          NA
[736]          NA          NA          NA          NA          NA          NA          NA
[743]          NA          NA          NA          NA

$TS
  [1] 88.761640341 87.458656235 86.918238635 82.541280892 82.413972575 80.413583643 75.140499366
  [8] 53.838567270 53.200439697 46.262495269 41.022699520 22.438302347 20.999995270 19.243900259
 [15] 16.414924976 11.752665667 71.774608237 65.650872849 52.579237779 51.361573427 49.946103659
 [22] 43.878361147 36.740972039 29.841434567  5.712453280 77.115704287 44.777813689 53.990452091
 [29] 51.876008107 18.537290290 62.125331505 58.867854054 47.445600738 38.843663519 36.588664570
 [36] 52.905009312 47.256705773 41.974790462 41.536960120 36.984417380 18.266652635  2.486276111
 [43] 57.110845160 48.391749795 41.349896222 39.926975124 39.917624948 39.420825022 35.051559601
 [50] 27.413639269 23.053332629 12.712730110  7.033407773 44.056121344 46.894262057 39.059176973
 [57] 49.838279410 47.137132892 46.095321161 26.990523843 48.865434930 44.623656163 32.861233552
 [64] 11.160750547  7.275653565  5.561864255 47.558344334 31.218224719 27.703369015 23.179782468
 [71] 39.652079066 38.619367193 36.132605448 19.677030575 15.408487413  1.411191753 42.380972192
 [78] 34.941848883 23.705737791 15.981718621 13.775530087  4.919375510 39.542022866 10.961322047
 [85] 24.128842200 23.288222734  8.315777829 45.194035299 35.665491965 25.594606713 32.871081779
 [92] 29.477050827 28.386506592 28.145226659 24.330331383 21.501947374 17.804091249  6.723743967
 [99] 42.877998424 21.728992666 11.781046159 11.273809384  5.498197853  2.359768666 43.057535823
[106] 40.875157781 15.659583669 30.108851932 39.338716094 32.020887400 17.007306780 11.139029352
[113] 10.981328421  4.454680694  0.602269024 19.129923699  5.842939527 33.790999505 13.871508673
[120] 41.391490500 29.987716422 22.123557345 20.389999493 10.992894042 33.243462926 31.536305713
[127] 30.809493331 36.563361746 28.078952705 14.907547453  5.889791068  1.086693555 32.491766654
[134] 27.751001890 26.509109555 23.409861058 22.252554159 20.581779961 28.875214927 27.390035067
[141] 25.192687723 23.844716448 17.086898533 13.379856443 22.428857427 12.125183637 11.842847242
[148] 33.857050060 30.268744129 38.540683835 34.940302636 37.158883044 26.683345854 26.322165349
[155] 35.984678589 32.201696721 22.645375210 31.418925075 19.606255496 19.223667231 26.954232933
[162] 25.736721783 23.254713007 30.111514138 19.824464781  2.062091032 31.977790044 26.583195505
[169] 22.314635896 17.516406019 25.851941696 34.868748754 34.695995654 33.902324835 17.871732980
[176] 16.200330171 11.086180864 10.368777609  2.437539057 16.339619316 31.971994726 15.955591965
[183] 13.185613727 28.976481867 28.690433621 28.156106689 27.341757015 25.840025733 12.908641038
[190] 27.723464313 18.851245313  6.184426395  1.548162361 28.405008026 22.729030506 18.746351552
[197] 26.897079608 17.738780759 14.488562483 30.200677817 27.343127378 12.364655093 10.479803672
[204]  2.851226134 28.084235285 22.134815907 26.156350525 26.443291345 15.605657792 10.115099812
[211]  8.340182134  4.848301584  2.732369882 29.408491398 23.258711901 28.906333176 19.348844291
[218] 18.122555749 14.018793721 22.252155290 19.559761042 17.539129886 17.241032573 18.312757968
[225] 14.736279594  6.574189944 27.676495371 21.316990351 12.314809209 23.393263975 26.728278351
[232] 16.847033454 10.382626001 19.928637264 16.100630551  8.530497957 23.418488440 22.347643054
[239] 26.643219063 26.568177820 24.995313103 26.728586244 21.343365886 25.662283288 25.432163655
[246]  3.133206510 24.783316939 10.810417883 20.771819942 15.872642395 25.265191764 21.476298175
[253] 17.191926487 14.827601074 12.713308821 22.173633372 17.816742683 26.215250493 19.428170157
[260] 10.819931078 18.085544014 12.893940381  8.890877974 24.940008404 15.539031508  4.626826282
[267]  0.165753566 23.307718229 16.909875851  0.790525340 25.412269847  4.454039458  2.392819892
[274] 21.744571695  9.648856916 24.389634223 19.093320063 15.291363802  0.567352086  0.428334712
[281] 25.388765676 11.852815893 24.359288896 13.387904541  1.374437662 17.275788381 14.654767479
[288] 10.701889759  8.258157144 21.655429726 16.118274274  3.998233396 19.658603499 11.812222887
[295] 18.493183376 13.124850670 11.583782670 11.179588719  9.064102954  8.888023891 23.033851764
[302] 16.274535993  8.743048846  7.253956907  0.749134063 16.018765925 23.145417788 11.398800773
[309]  8.036380285 18.706400487 17.541579986 12.701833171 12.120966656 12.066546498 10.209834154
[316] 22.707530405 20.294946628 22.742940836 17.106310988  7.881574819  6.916333164 21.633566148
[323] 21.532704612 11.608614238  8.870300955 15.670315371  5.142697733  4.686364135  5.692308647
[330]  4.370589190 13.784621926  2.411771929 19.864751777  3.276559725  6.855592862 18.847890257
[337] 14.161094574 11.129044947 22.324732412  2.330042450  0.555004059 20.041845243 15.107851745
[344] 10.506839987  1.498936314 14.790757442 12.678813985 10.496278078 10.334085472  4.163112397
[351]  0.658065285 16.297978855  3.747675320 19.617846623 13.789601639 21.209320769 20.739932106
[358] 19.636997468 16.178749704 14.442151624 12.195557525  4.555041476  3.437509171  0.454453284
[365] 20.520446555 15.396919668 14.763990853  7.609539469  4.668830330  4.436401741  3.368403150
[372]  0.691014676  9.855480640  8.613925789  4.498335898  1.790014689 17.950802275 14.234877048
[379] 13.231346975 17.753569859  3.487915206 19.433088539 17.065038052 19.718738540 15.476505660
[386] 13.080144173 12.994713771 11.054613342  0.277728889 17.179201589 14.263522266  7.426698556
[393] 12.953655105  7.826306310  5.968609553  3.588294548  0.066782331 13.521075528  1.453286691
[400] 17.974642423  8.708481266 12.552217160 10.153125956  4.627177015 14.276194033 18.618238849
[407] 18.524962946 12.478245839  6.912237590 19.058612877  9.217135773  7.501439233 12.362436015
[414]  0.306406399  7.879246589 10.410322921 15.687404616 15.384024307 13.590652026 12.480883986
[421] 11.325231265  6.684455258  0.134099201 15.987956717 15.395701958  9.249778347 14.463424016
[428] 12.410081144 11.524207330  8.879948955  7.679537841  7.368998731  6.836702054 16.554426180
[435]  9.524350739  7.049563085 11.375697643 10.763848823 13.412212701  2.802050737 11.607710086
[442]  8.652547058 16.907136059 10.596227660  9.990239699  9.284447885 14.294683803 16.136363414
[449]  3.908814593  7.375995743  6.746201639 12.985026389 15.480589995 14.229738872 11.567459224
[456]  4.247037319 14.549753946  7.033183705  5.881945164 15.068426513 12.904387269  0.087066856
[463]  9.879701079 15.785306691  4.315483916 14.713763394 10.238173161  8.949597005  9.892155763
[470] 11.060784548 12.619608217  5.165979494 13.894485410 13.554770604  0.148531704 11.113158054
[477]  8.601236609  3.831728278  1.494824740  4.369585076  6.588943718  5.069055961  0.131561862
[484]  3.335447930 13.939409539  8.210501884 10.541647490  8.522931314 13.684299053 14.313895140
[491] 11.764203393 14.148594735  2.875047474  7.871362189 13.451221144  9.677042118  4.606070056
[498]  3.689332118 13.281311976  5.468993365 11.505645324  5.300061146  4.015898481  3.742519091
[505]  5.450324398 11.163454845  3.891939966  7.668854039  5.712312000 11.146694077 11.165286337
[512] 10.125316081  0.536441922  9.680268687  9.071338947  0.134805662  2.640222969  5.799283395
[519]  2.649857864  9.575105958 11.367678075  8.020669702 10.132079003  7.340303901  0.462936805
[526]  8.388271089  6.367756948 11.549091149  7.693041883  9.141410840  4.968585731  3.173097140
[533]  1.788575764  0.097034391 12.028935270 11.321238967 11.382722550  3.161761712  0.210784853
[540]  9.664255360  6.433657766  4.338463432 11.934302961  4.540611985  9.306166432  8.152941124
[547]  7.760646351  5.405639471 10.328688608  8.915960477  7.625746386 10.741913045 10.182200809
[554]  2.396407815  8.796559889  5.459100368  3.792233715  3.028679135 10.537650364  1.520261488
[561] 10.495982020  5.983471492  6.673936300  9.374543904  1.885035670  9.491811397  8.010340745
[568]  8.151278526  5.551203258  0.006648899  7.958447657  2.826872727  4.525029047 10.609895501
[575]  8.447846708  7.176297213  5.125145711  4.951930195  5.283515467  2.504493364  9.586624181
[582]  9.282989170  7.572498681  2.117558214  8.408738581  3.723691292  5.118803387  1.045798207
[589]  5.432576423  4.482199901  1.710982219  9.606225062  7.281328527  3.110467868  9.296435535
[596]  4.927477326  8.254691869  4.181271422  8.126572797  5.685537921  8.720498547  9.382539084
[603]  7.909376952  5.136619173  0.061604660  4.714815904  3.642059454  4.367156337  0.018669028
[610]  0.414149726  4.019513621  3.019911608  4.981309678  4.342997805  4.889988546  9.254902945
[617]  8.631395999  5.263323488  2.129552883  4.682468003  4.316429878  0.041050203  7.357009032
[624]  6.852300909  5.144601042  5.224306591  4.938220976  4.085644346  7.850627348  7.280219258
[631]  6.778547143  6.647579206  8.161096046  6.490973875  5.660248061  5.320551872  5.969974673
[638]  2.825447969  6.148885649  1.599303901  4.811339323  0.408399317  1.426427656  0.284552657
[645]  6.539190028  5.323000690  3.568694568  6.308148666  2.975041363  6.315282922  3.922848483
[652]  5.858012500  4.923183553  3.446415310  0.880527957  7.460692246  2.700241474  3.793764021
[659]  4.498557680  6.680055655  4.116311110  1.517792164  7.102621016  1.189852525  5.462018896
[666]  5.393437519  5.436936980  6.940714736  6.790152317  1.982341802  0.561194852  1.645535149
[673]  5.415422058  4.217175659  4.016280920  6.384970026  6.058995524  3.288545550  6.038683074
[680]  3.427686473  2.775215687  2.607844702  5.240383277  5.687563660  3.268116898  3.524421503
[687]  0.201002180  4.417118090  2.015322960  5.410294670  4.731299458  3.290709663  2.964937346
[694]  0.242115922  3.648992907  4.953364554  4.924340059  2.958959600  2.132835547  1.515458215
[701]  0.974833533  4.516439901  4.134745710  0.610069796  0.597919827  2.857260874  0.591985576
[708]  4.191695561  3.008174586  2.314123546  1.041202336  3.898010195  3.410637585  3.333685208
[715]  2.724837483  0.606392953  1.553718683  1.013284765  3.457431253  2.670567290  2.079121450
[722]  0.315939524  1.102981913  1.594632975  1.051905704  1.809049084  0.458956876  2.814404154
[729]  2.228809297  0.475306222  2.374706421  2.154979535  2.629629731  0.829243650  2.543012508
[736]  0.754867942  1.583561027  1.586721786  0.461640257  1.609905848  1.278175597  0.212826787
[743]  0.694072031  0.964179529  0.687089709  0.260262618

$PAR
  [1]  NA   1   1   1   1   1   1   1   1   2   2   2   2   2   2   2   4   4   5   5   5   5   5
 [24]   5   5   6   7  17  17  17  18  18  18  18  18  31  31  31  31  31  31  31  32  32  32  32
 [47]  32  32  32  32  32  32  32   9  19  29  21  21  21  21  57  57  61  61  61  61  44  44  44
 [70]  44  67  67  67  67  67  67  33  37  37  37  37  37  55  55  10  10  10  59  59  59  88  88
 [93]  88  88  88  88  88  88  27  27  27  27  27  27  62  62  54 105  99  99  99  99  99  99  99
[116]  77  77  38  38  39  39  39  39  39 120 120 120  11  11  11  11  11 106 106 106 106 106 106
[139]  47  71  71  71  71  71  48  48  48  56  56  34  34  72  72  72 150  23  23  35  35  35 128
[162] 128 128 155 155 155  89  89  89  89  49  78 151 173 173 174 174 174 174 148 118 125 125  63
[185]  63  63  63 110 110 167 167 167 167 181 181 181 126 126 126 158 158 158 158 158  68  68 127
[208] 149 149 149 149 149 149 200 200 164 164 164 164 121 121 121 121  24  24  24  92  92  92 216
[231] 139 194 194  93  93  93 186  94 190 190  69 227 227  50  50 140 201 201  60  60 197 197 197
[254] 197 197 242 242 231 231 231 153 153 153 239 239 239 239 168 168 168 240 208 208 154 154 207
[277] 171 171 188 188 162 244 245 245 245 271 271 271 271 281 251 251 241 241 264 264 264 264 264
[300] 264 276 283  85  85  85 142  79 237 237 230 230 268 268 268 268  86  86 215 215 215 215 163
[323]  51  51  51 301 301 301 318 318 195 195 316 316 157 145 145 145 238 169 169 137 220 256 256
[346] 206 274 274 274 274 274 100 290 322 322 323 252 252 243 243 243 243 243 243 228 228 228 228
[369] 228 228 228 228 356 356  13  13 249 249 249 357 357 365 365 123 123 123 123 123 123 342 165
[392] 165  74  74  74 293 293 358 358 354 159 221 221 221 259 217 160 160 160 116 116 116 277 277
[415] 410 191 336 336 336 336 336 336 336 407 407 407 295 224 224 224  41  41  41 377 377 377 175
[438] 198 311 311 222 222 223 223 223 223 111 269 443 434 434  15 180 352 352 352 176 448 448 291
[461] 291 291 424  80  80 182 464 464 107 209 265 265 453 453 453 385  75  75 425 343 460 460 460
[484] 130 346 346 367 367 225 457 457 199 199 427 490 447 447 447 378 454 337 337 337 337 219 473
[507] 473 119 355 331  81  81  81 489 489 489 495 439 439 284 499 499 379 379 379 452 452 393 189
[530] 461 461 461 461 461 262 262  52  52  52 312 347 347 471 471 420 428 428 202 413 229 146 313
[553] 313 535 282 101 101 101 491 491  16  16 324 455 429 501 501 308 437 437 536 536 298 511 506
[576] 506 510 510 476 177 470 470 260 248 552 288 444 487 559 559 559 203 203 416 467 467 553 553
[599] 403 403 523 463 275 275 592 581 581 520 520 435 566 566 602 602 564 545 545 595 446 582 582
[622] 616 530 530 530 515 515 515 299 550 550 550 300 430 430 430 303 601 401 401 442 374 488 488
[645] 575 575 526  87  87 486 309 567 571 571 603 320 320 415 629 394 551 583 412 656 450 524 304
[668] 663 436 409 335 624 669 669 451 632 527 527 639 677 679 562 395 459 684 600 600 635 103 556
[691] 667 589 589 673 666 579 618 627 641 641 266 362 544 544 544 702 375 114 114 114 480 608 608
[714] 608 350 703 611 611 503 712 712 557 353 695 695 396 396 647 381 363 484 558 612 693 715 517
[737] 273 732 721 166 726 376 591 740 717 643

$EXTANT
  [1] FALSE FALSE FALSE FALSE  TRUE FALSE FALSE FALSE FALSE FALSE  TRUE FALSE  TRUE FALSE  TRUE
 [16]  TRUE FALSE FALSE FALSE FALSE FALSE FALSE FALSE  TRUE  TRUE FALSE  TRUE FALSE FALSE FALSE
 [31]  TRUE FALSE FALSE FALSE  TRUE FALSE  TRUE FALSE  TRUE FALSE  TRUE  TRUE FALSE FALSE FALSE
 [46] FALSE FALSE  TRUE  TRUE FALSE  TRUE  TRUE  TRUE FALSE FALSE FALSE FALSE FALSE FALSE  TRUE
 [61]  TRUE FALSE FALSE  TRUE  TRUE  TRUE  TRUE FALSE FALSE FALSE  TRUE FALSE FALSE  TRUE  TRUE
 [76]  TRUE  TRUE FALSE  TRUE  TRUE  TRUE  TRUE FALSE FALSE  TRUE  TRUE FALSE  TRUE FALSE FALSE
 [91] FALSE  TRUE  TRUE FALSE FALSE FALSE FALSE  TRUE  TRUE  TRUE  TRUE  TRUE  TRUE  TRUE FALSE
[106]  TRUE FALSE FALSE FALSE FALSE FALSE FALSE FALSE  TRUE  TRUE  TRUE  TRUE FALSE  TRUE FALSE
[121]  TRUE FALSE  TRUE FALSE FALSE  TRUE FALSE FALSE FALSE  TRUE  TRUE  TRUE FALSE FALSE FALSE
[136] FALSE  TRUE  TRUE FALSE  TRUE FALSE  TRUE FALSE FALSE FALSE  TRUE FALSE  TRUE  TRUE FALSE
[151] FALSE FALSE  TRUE FALSE  TRUE FALSE  TRUE  TRUE  TRUE  TRUE FALSE FALSE FALSE  TRUE FALSE
[166]  TRUE  TRUE  TRUE  TRUE FALSE FALSE FALSE FALSE  TRUE FALSE FALSE  TRUE  TRUE  TRUE FALSE
[181] FALSE  TRUE FALSE FALSE FALSE FALSE FALSE  TRUE FALSE FALSE FALSE  TRUE  TRUE FALSE FALSE
[196] FALSE  TRUE  TRUE  TRUE  TRUE  TRUE  TRUE  TRUE  TRUE FALSE FALSE FALSE  TRUE FALSE  TRUE
[211] FALSE  TRUE  TRUE FALSE FALSE FALSE FALSE FALSE  TRUE FALSE  TRUE  TRUE FALSE  TRUE FALSE
[226] FALSE FALSE  TRUE  TRUE FALSE FALSE FALSE  TRUE FALSE FALSE FALSE  TRUE FALSE  TRUE FALSE
[241]  TRUE FALSE  TRUE FALSE  TRUE  TRUE FALSE  TRUE  TRUE FALSE  TRUE  TRUE FALSE FALSE FALSE
[256]  TRUE FALSE FALSE  TRUE FALSE FALSE FALSE FALSE  TRUE FALSE  TRUE  TRUE  TRUE  TRUE  TRUE
[271]  TRUE  TRUE  TRUE  TRUE FALSE FALSE  TRUE FALSE  TRUE  TRUE  TRUE  TRUE  TRUE  TRUE  TRUE
[286]  TRUE FALSE  TRUE  TRUE  TRUE  TRUE  TRUE  TRUE FALSE FALSE  TRUE  TRUE  TRUE  TRUE  TRUE
[301]  TRUE FALSE  TRUE  TRUE  TRUE FALSE FALSE FALSE FALSE FALSE  TRUE FALSE  TRUE FALSE FALSE
[316]  TRUE FALSE FALSE  TRUE  TRUE FALSE FALSE FALSE  TRUE  TRUE FALSE  TRUE  TRUE FALSE  TRUE
[331]  TRUE  TRUE FALSE  TRUE  TRUE  TRUE  TRUE  TRUE  TRUE  TRUE  TRUE FALSE  TRUE FALSE  TRUE
[346] FALSE FALSE  TRUE  TRUE  TRUE  TRUE FALSE  TRUE FALSE FALSE  TRUE  TRUE  TRUE FALSE  TRUE
[361] FALSE  TRUE  TRUE  TRUE FALSE  TRUE  TRUE  TRUE  TRUE  TRUE  TRUE  TRUE  TRUE  TRUE  TRUE
[376]  TRUE FALSE FALSE  TRUE  TRUE  TRUE  TRUE  TRUE  TRUE  TRUE FALSE  TRUE FALSE  TRUE FALSE
[391] FALSE  TRUE  TRUE  TRUE  TRUE  TRUE  TRUE  TRUE  TRUE FALSE  TRUE  TRUE FALSE FALSE  TRUE
[406] FALSE  TRUE  TRUE  TRUE  TRUE  TRUE  TRUE  TRUE  TRUE  TRUE  TRUE FALSE FALSE  TRUE  TRUE
[421] FALSE  TRUE  TRUE FALSE  TRUE  TRUE FALSE  TRUE  TRUE  TRUE FALSE  TRUE  TRUE  TRUE  TRUE
[436]  TRUE  TRUE  TRUE  TRUE  TRUE FALSE  TRUE  TRUE  TRUE FALSE  TRUE  TRUE  TRUE FALSE FALSE
[451]  TRUE  TRUE  TRUE FALSE FALSE  TRUE FALSE FALSE  TRUE  TRUE  TRUE  TRUE FALSE  TRUE FALSE
[466] FALSE FALSE  TRUE  TRUE  TRUE  TRUE  TRUE FALSE  TRUE  TRUE  TRUE FALSE  TRUE  TRUE  TRUE
[481] FALSE  TRUE  TRUE  TRUE FALSE  TRUE  TRUE  TRUE  TRUE  TRUE  TRUE  TRUE FALSE  TRUE  TRUE
[496]  TRUE FALSE  TRUE FALSE  TRUE FALSE  TRUE  TRUE  TRUE FALSE  TRUE  TRUE  TRUE  TRUE  TRUE
[511]  TRUE FALSE  TRUE  TRUE  TRUE  TRUE  TRUE  TRUE  TRUE  TRUE  TRUE  TRUE FALSE  TRUE  TRUE
[526]  TRUE  TRUE  TRUE  TRUE  TRUE FALSE  TRUE  TRUE  TRUE  TRUE FALSE FALSE  TRUE  TRUE  TRUE
[541] FALSE  TRUE  TRUE  TRUE FALSE  TRUE  TRUE  TRUE  TRUE  TRUE  TRUE  TRUE  TRUE  TRUE FALSE
[556]  TRUE  TRUE  TRUE  TRUE  TRUE  TRUE  TRUE  TRUE  TRUE  TRUE FALSE  TRUE FALSE  TRUE  TRUE
[571]  TRUE  TRUE  TRUE  TRUE  TRUE  TRUE  TRUE  TRUE  TRUE  TRUE  TRUE  TRUE FALSE  TRUE  TRUE
[586]  TRUE  TRUE  TRUE  TRUE  TRUE  TRUE  TRUE  TRUE  TRUE  TRUE FALSE  TRUE  TRUE  TRUE  TRUE
[601]  TRUE  TRUE  TRUE FALSE  TRUE FALSE  TRUE  TRUE  TRUE  TRUE  TRUE  TRUE  TRUE  TRUE  TRUE
[616]  TRUE  TRUE  TRUE  TRUE FALSE  TRUE  TRUE  TRUE FALSE  TRUE FALSE  TRUE  TRUE  TRUE FALSE
[631]  TRUE  TRUE  TRUE FALSE FALSE  TRUE  TRUE  TRUE  TRUE  TRUE  TRUE  TRUE  TRUE  TRUE  TRUE
[646] FALSE  TRUE  TRUE  TRUE  TRUE  TRUE  TRUE  TRUE  TRUE  TRUE FALSE  TRUE  TRUE FALSE  TRUE
[661]  TRUE  TRUE  TRUE  TRUE  TRUE  TRUE  TRUE  TRUE  TRUE  TRUE  TRUE  TRUE  TRUE  TRUE  TRUE
[676]  TRUE  TRUE  TRUE  TRUE  TRUE  TRUE FALSE  TRUE  TRUE  TRUE  TRUE  TRUE  TRUE  TRUE  TRUE
[691]  TRUE  TRUE  TRUE  TRUE  TRUE  TRUE  TRUE FALSE  TRUE  TRUE  TRUE  TRUE  TRUE  TRUE  TRUE
[706]  TRUE  TRUE  TRUE  TRUE  TRUE  TRUE  TRUE  TRUE FALSE  TRUE  TRUE  TRUE  TRUE  TRUE FALSE
[721]  TRUE  TRUE  TRUE  TRUE  TRUE  TRUE  TRUE  TRUE  TRUE  TRUE  TRUE  TRUE  TRUE  TRUE  TRUE
[736]  TRUE  TRUE  TRUE  TRUE  TRUE  TRUE  TRUE  TRUE  TRUE  TRUE  TRUE

