
Birth-death simulation object with 750 species and 500 extant species

Details for some species:

Extinction times (NA means extant)
[1] 48.80702 50.00366 46.77265       NA 67.26875 51.17329


Speciation times 
[1] 88.43034 80.08807 53.90870 79.42757 76.66252 71.49847


Species parents (NA for initial)
[1] NA  1  1  2  2  2


Species status (extinct or extant)
[1] "extinct" "extinct" "extinct" "extant"  "extinct" "extinct"


For more details on vector y, try sim$y, with y one of
TE TS PAR EXTANT



$TE
  [1] 48.80702048 50.00365801 46.77264828          NA 67.26874619 51.17328528 70.72129540
  [8] 52.00699874 35.37178078 50.88438532 18.38253680 12.93470188          NA          NA
 [15] 22.91869784          NA          NA          NA 72.24388356 43.43331100 47.00450054
 [22] 59.35200056          NA          NA  6.16945954          NA          NA 18.79769306
 [29] 10.09412317 59.44372460 23.08874467 16.21234258          NA 13.60860866  8.93105002
 [36] 55.65609169 18.56752597  3.99780770          NA          NA 16.99561057 33.15305574
 [43] 47.38706785  7.64786408          NA          NA 27.69441557 19.60364747          NA
 [50]          NA          NA 19.37793608          NA 13.57641009 48.38424594  4.50754317
 [57]          NA          NA          NA 26.80623733 27.49146817 18.31600430 11.68534308
 [64]          NA          NA          NA  2.67585441          NA 37.51857022 26.48446191
 [71] 21.37347553          NA  7.82146848          NA 28.42496513          NA          NA
 [78]          NA          NA          NA 25.10319411 18.05264900 16.17580399  7.11902245
 [85]          NA  1.35168479 30.31507507 14.96360792  6.95124730 10.84728993 25.37500117
 [92] 22.61880378          NA          NA  7.32827869          NA          NA 25.37141792
 [99]          NA 19.25006038          NA          NA 16.96907589          NA          NA
[106]          NA 37.15230894 31.45640671 17.38853781 12.86815168 14.13878881 21.35798596
[113] 17.10456363          NA          NA 14.16904793          NA          NA          NA
[120]          NA 21.30936851 22.52112591 39.15524594 24.03629477 25.99547841 23.96086459
[127]  8.59770554          NA          NA          NA  7.45467765  1.80685065 25.09514372
[134] 17.08485292          NA          NA 29.61912195          NA  5.66191698          NA
[141]  9.55063858  5.51323577          NA          NA 19.61288048          NA          NA
[148] 24.51632121          NA  2.61622599 10.28258314 17.99780317          NA          NA
[155]  3.54337619          NA          NA          NA          NA 17.04166347          NA
[162]          NA          NA 15.48942663 15.48231762  6.10513775          NA  3.60134797
[169]          NA          NA 24.98915710  5.58444533          NA 22.84083070 22.24883063
[176]          NA          NA          NA 10.58163060          NA          NA          NA
[183]          NA          NA          NA          NA          NA 19.26093592 18.37243609
[190]          NA  1.11813096          NA          NA 32.75195921 17.77497048          NA
[197]          NA          NA 22.86405304 24.23798082          NA  5.57791133          NA
[204]          NA          NA 25.31779890  6.80998293 22.89542133  3.75111403          NA
[211] 27.40311230 24.92044492  4.69401604          NA 29.50429153          NA  1.97396041
[218] 10.46175755 25.36304150          NA          NA  2.12293906          NA          NA
[225]  2.99077453          NA 14.24510443          NA 20.69941054  8.89578414          NA
[232]          NA          NA          NA          NA          NA          NA          NA
[239] 21.32160202          NA          NA          NA  8.03761782          NA          NA
[246] 14.88297696 16.77428796          NA          NA          NA          NA          NA
[253] 11.43700872  4.13754346  4.42955317          NA  0.02523863          NA          NA
[260]  5.58833990 22.99913228          NA 13.79789123  1.93640125  6.64049046          NA
[267] 19.57948310          NA          NA          NA  4.89527494  8.32003318          NA
[274] 19.89034163          NA          NA 10.73790138          NA          NA  5.81949135
[281]          NA          NA 13.96483458          NA          NA          NA  8.55355062
[288]          NA          NA          NA 11.21393863  0.71104841          NA          NA
[295]          NA          NA          NA 15.17673410          NA          NA          NA
[302]          NA          NA          NA          NA          NA          NA 10.88125153
[309]          NA 24.91866473          NA          NA          NA  0.47494032  3.15605120
[316]          NA          NA          NA          NA          NA  9.61338625          NA
[323]          NA  3.51688533 24.47732617 13.76236932          NA  8.01696754          NA
[330]          NA 13.65092508  1.84000778  1.62141061          NA          NA 15.87389622
[337] 17.24794870          NA          NA  3.07866003          NA          NA          NA
[344] 16.74643907          NA          NA          NA  5.49691013          NA          NA
[351] 19.24681060          NA  9.00204042 14.33545408          NA  0.49672455          NA
[358]  9.86985116          NA          NA 19.64453293          NA          NA  0.62470002
[365]          NA          NA 21.23162487 10.92095683          NA          NA  9.03828009
[372]  5.06088457          NA          NA          NA  8.04452535 10.75746180  6.24786010
[379]          NA          NA  9.38402050          NA  3.40249439 12.90926215  2.57061712
[386]          NA          NA          NA 10.90476503          NA  3.72834295          NA
[393]  1.15441776          NA          NA          NA          NA 17.99821820 16.02698193
[400]          NA          NA          NA          NA  2.68588130          NA          NA
[407]          NA  1.00770572          NA          NA          NA          NA  0.59270278
[414]          NA 13.33670808          NA          NA 17.22224924 13.77740382          NA
[421]          NA 15.17023020  0.41363695          NA          NA          NA 10.81033451
[428]          NA          NA          NA          NA          NA          NA  2.37836908
[435]          NA          NA          NA          NA  4.07400367          NA          NA
[442]          NA 12.83451625          NA          NA          NA          NA          NA
[449]  4.60861430 12.62132482          NA          NA 17.52975468          NA  7.54155981
[456]          NA 13.36286300          NA          NA  4.33079892          NA          NA
[463] 15.70662130          NA          NA          NA          NA          NA          NA
[470]  8.62771888          NA          NA          NA 13.48050937          NA          NA
[477]          NA 11.74388111          NA          NA          NA  5.74076241          NA
[484]          NA          NA          NA          NA 14.41469678          NA          NA
[491]          NA          NA 10.50552606  4.78317825          NA          NA          NA
[498] 14.69509361  2.33058770          NA          NA  2.21812973          NA          NA
[505]          NA          NA          NA          NA          NA          NA          NA
[512]          NA  8.35906849          NA  7.68095086          NA          NA          NA
[519]  5.22800006          NA          NA          NA  2.18433326          NA          NA
[526] 10.67230048          NA  3.16625225  2.82025024  1.62759334          NA          NA
[533]          NA          NA          NA  4.14567745          NA          NA          NA
[540]          NA  6.50846080          NA          NA          NA          NA          NA
[547]          NA          NA          NA  1.67023173          NA          NA          NA
[554]  3.15150952          NA  6.26220236          NA          NA          NA          NA
[561]          NA  6.11796019  5.62624404          NA          NA          NA          NA
[568]          NA  4.92174630          NA          NA          NA  4.71087490          NA
[575]          NA          NA          NA          NA          NA          NA  3.68772088
[582]          NA          NA          NA          NA          NA          NA          NA
[589]          NA          NA          NA  8.47328341          NA          NA          NA
[596]          NA          NA          NA          NA  9.83213238          NA          NA
[603]          NA  4.14286299          NA          NA          NA          NA          NA
[610]          NA          NA          NA          NA          NA          NA          NA
[617]  5.06065648          NA          NA          NA          NA          NA  1.60729940
[624]          NA          NA          NA          NA          NA          NA          NA
[631]          NA          NA          NA          NA          NA          NA          NA
[638]          NA          NA          NA  4.52997362          NA          NA          NA
[645]          NA          NA          NA          NA          NA          NA          NA
[652]  6.67423103          NA          NA          NA          NA  0.27863800          NA
[659]          NA          NA          NA          NA          NA          NA          NA
[666]  2.74025199          NA          NA          NA          NA  3.61324721          NA
[673]          NA  5.72004235  6.69575277          NA          NA  6.11433976          NA
[680]          NA          NA  5.50920425          NA          NA          NA          NA
[687]          NA          NA          NA          NA          NA          NA          NA
[694]          NA          NA          NA          NA          NA          NA          NA
[701]          NA          NA          NA          NA          NA          NA          NA
[708]          NA          NA          NA          NA          NA          NA          NA
[715]          NA          NA          NA          NA          NA          NA          NA
[722]          NA          NA          NA          NA          NA          NA          NA
[729]          NA          NA          NA          NA          NA          NA          NA
[736]          NA          NA          NA          NA          NA          NA          NA
[743]          NA          NA          NA          NA          NA          NA          NA
[750]          NA

$TS
  [1] 8.843034e+01 8.008807e+01 5.390870e+01 7.942757e+01 7.666252e+01 7.149847e+01 7.649635e+01
  [8] 7.499099e+01 6.852713e+01 6.154519e+01 6.118891e+01 5.264047e+01 4.758191e+01 4.376351e+01
 [15] 2.616111e+01 2.135184e+00 4.787226e-01 7.359306e+01 7.312936e+01 6.791475e+01 5.248611e+01
 [22] 6.446656e+01 4.958167e+01 4.725993e+01 3.243029e+01 3.115144e+01 5.439183e+01 4.164980e+01
 [29] 4.535695e+01 6.137378e+01 6.019643e+01 4.987921e+01 4.427847e+01 3.249697e+01 2.322660e+01
 [36] 5.690198e+01 5.112719e+01 4.427174e+01 4.059120e+01 3.943425e+01 3.475662e+01 4.797712e+01
 [43] 4.739138e+01 2.142051e+01 2.052651e+01 3.418951e+01 3.263456e+01 2.470637e+01 2.467809e+01
 [50] 2.426547e+01 1.420140e+01 4.068230e+01 1.948384e+01 1.861469e+01 4.943644e+01 4.593711e+01
 [57] 3.908475e+01 4.703742e+01 4.367286e+01 3.936102e+01 3.402825e+01 2.195426e+01 1.871437e+01
 [64] 1.657683e+01 4.639502e-01 1.243108e+01 1.000562e+01 6.502011e+00 4.281096e+01 3.885672e+01
 [71] 3.731771e+01 2.934295e+01 2.324286e+01 1.540005e+01 3.754368e+01 3.277777e+01 1.768193e+01
 [78] 4.667919e+00 4.129786e+01 4.123712e+01 3.762768e+01 2.044712e+01 2.020450e+01 1.291740e+01
 [85] 1.142519e+01 8.755364e+00 4.142627e+01 3.712589e+01 3.438145e+01 3.264073e+01 2.561948e+01
 [92] 3.405454e+01 2.971354e+01 1.836700e+01 1.404748e+01 4.205783e+00 3.735817e+01 3.190873e+01
 [99] 2.335859e+01 2.296976e+01 1.582174e+01 3.609542e-01 3.004909e+01 2.762726e+01 8.385006e+00
[106] 5.003844e+00 3.970607e+01 4.093464e+01 3.800147e+01 2.847308e+01 4.136157e+01 4.097241e+01
[113] 3.034195e+01 2.297377e+01 3.368784e+01 2.482325e+01 1.386498e+01 6.117926e+00 3.496673e+01
[120] 1.083562e+01 3.793423e+01 3.528601e+01 4.043900e+01 3.352353e+01 2.924931e+01 2.642639e+01
[127] 3.885527e+01 1.637919e+00 2.279131e+01 1.808032e+01 1.483073e+01 3.850599e+01 3.621996e+01
[134] 2.572140e+01 1.617364e+01 4.358200e+00 3.042716e+01 3.443591e+01 1.880099e+01 3.733708e+01
[141] 3.616388e+01 2.989698e+01 5.995546e+00 5.648801e+00 2.842072e+01 2.781051e+01 2.348654e+01
[148] 3.318184e+01 2.636262e+01 3.337298e+01 3.045926e+01 1.926495e+01 1.774015e+01 1.718029e+01
[155] 1.294598e+01 8.379697e+00 1.191574e+00 3.446920e+01 2.136725e+01 2.128646e+01 9.537471e+00
[162] 4.175985e+00 3.050965e+01 2.885806e+01 2.867564e+01 1.679250e+01 1.626104e+01 3.036857e+01
[169] 1.082469e+01 3.435848e+01 2.814920e+01 6.618342e+00 4.794509e+00 3.310588e+01 2.700364e+01
[176] 2.315143e+01 1.949355e+01 3.272739e+01 2.646910e+01 1.804113e+01 1.777207e+01 1.403531e+01
[183] 1.103607e+01 2.449754e+00 2.132694e+00 1.396268e+01 1.681602e+01 2.576742e+01 3.147487e+01
[190] 3.067634e+01 2.355697e+01 2.603312e+01 3.338953e+01 3.293332e+01 2.981931e+01 1.008683e+01
[197] 9.860757e+00 3.402027e+00 2.994337e+01 2.854521e+01 1.405843e+01 7.187491e+00 3.103948e+01
[204] 2.880994e+01 3.194138e+01 3.124081e+01 3.023040e+01 2.978393e+01 1.691844e+01 7.274443e+00
[211] 2.756290e+01 2.640374e+01 6.589022e+00 6.399440e+00 3.071860e+01 2.236737e+01 3.238741e+01
[218] 2.685778e+01 3.011134e+01 2.734540e+01 1.846655e+01 1.846493e+01 1.725521e+01 8.247787e+00
[225] 1.464682e+01 1.232935e+01 2.233530e+01 2.457956e+01 2.574737e+01 2.736070e+01 2.326725e+01
[232] 2.184879e+01 2.522447e+00 3.032405e+01 4.088598e+00 1.081610e+00 3.061547e+01 3.033927e+01
[239] 2.514810e+01 2.171833e+01 2.002400e+01 3.177441e+00 2.601202e+01 1.121689e+01 2.411017e+00
[246] 2.434803e+01 1.890145e+01 2.947171e+01 2.628389e+01 1.482565e+01 1.214533e+01 9.419252e+00
[253] 2.677601e+01 1.970937e+01 8.131214e+00 7.884805e+00 2.481601e+00 2.503825e+01 2.816223e+01
[260] 2.438076e+01 2.522809e+01 1.258742e+01 2.474127e+01 1.917074e+01 2.340941e+01 1.319752e+01
[267] 2.030896e+01 9.928176e+00 2.243703e+01 2.141837e+01 1.750721e+01 1.716482e+01 2.534131e-02
[274] 2.257261e+01 2.715962e+01 1.597720e+01 1.190106e+01 1.155652e+01 9.768205e+00 7.324052e+00
[281] 2.607027e+01 2.451572e+01 2.796314e+01 2.686346e+01 1.582937e+01 1.398777e+01 1.684619e+01
[288] 9.208927e+00 1.875259e+00 1.967328e+01 2.468649e+01 2.158988e+01 2.154955e+01 1.005352e+01
[295] 1.248272e+01 8.361873e+00 4.583477e+00 2.354383e+01 2.106304e+01 1.855288e+01 1.831656e+01
[302] 7.679477e+00 7.173289e+00 1.884199e-01 1.983346e+01 6.850690e+00 6.333859e+00 2.158225e+01
[309] 1.070578e+01 2.547312e+01 2.616034e+01 2.606126e+01 2.151794e+01 1.529875e+01 1.522518e+01
[316] 1.587571e+01 1.268196e+01 2.882933e+00 2.796752e+00 7.866919e+00 2.408395e+01 2.192724e+01
[323] 1.448720e+01 1.288641e+01 2.575660e+01 2.175989e+01 1.387041e+00 2.120767e+01 1.363133e+01
[330] 3.305869e-01 2.195168e+01 2.313834e+01 8.862842e+00 2.238772e+01 2.215819e+01 1.995638e+01
[337] 1.740910e+01 1.523316e+01 1.230820e+01 7.936659e+00 7.722937e+00 6.145630e+00 2.070714e+00
[344] 2.303876e+01 2.081726e+01 1.212132e+01 1.916809e+00 2.053362e+01 1.639171e+01 2.283341e+01
[351] 2.141796e+01 3.214253e-01 2.124442e+01 1.572906e+01 1.390095e+01 1.376881e+01 1.815640e+00
[358] 1.854955e+01 1.929116e+00 7.906095e+00 2.110564e+01 1.674576e+01 1.250997e+01 1.109205e+01
[365] 1.061230e+01 3.381117e-01 2.177281e+01 1.983362e+01 1.050318e+01 1.378686e+01 1.308191e+01
[372] 1.098631e+01 2.027063e+01 1.347903e+01 1.793137e+00 1.831711e+01 1.287527e+01 8.029911e+00
[379] 9.796260e+00 1.568523e+01 1.473373e+01 1.066174e+01 1.602780e+01 1.538111e+01 5.578555e+00
[386] 4.428003e+00 1.016371e+01 6.693757e+00 1.382889e+01 9.710449e+00 5.643376e+00 2.309724e+00
[393] 1.456293e+01 3.098369e+00 1.975317e+01 1.927254e+01 1.745962e+01 2.153540e+01 1.878595e+01
[400] 1.533946e+01 3.943034e+00 1.753299e+01 1.303199e+01 1.594930e+01 1.177264e+01 4.540056e-01
[407] 5.502596e+00 1.404980e+01 9.019584e+00 1.893777e+01 2.023028e+01 1.611356e+01 7.434741e+00
[414] 7.103097e+00 1.754207e+01 2.533874e+00 1.524247e+00 1.962727e+01 1.778229e+01 1.154677e+01
[421] 1.566969e+01 1.548195e+01 1.108260e+01 9.651217e+00 4.134471e+00 1.844151e+01 1.505669e+01
[428] 1.838738e+01 1.328419e+01 2.646649e+00 2.480829e+00 1.602966e+01 8.764792e+00 2.701282e+00
[435] 1.113997e+01 9.380498e+00 1.318019e+01 1.898087e+01 1.873496e+01 1.665297e+01 1.010126e+01
[442] 8.168890e+00 1.883833e+01 1.258651e+01 1.213686e+01 8.186799e+00 1.550120e-01 7.087993e-01
[449] 1.292684e+01 1.802206e+01 1.226839e+01 8.849887e+00 1.846930e+01 1.664251e+01 1.724625e+01
[456] 1.560778e+01 1.519116e+01 1.184100e+01 6.204563e+00 5.139996e+00 1.219181e+01 4.162026e+00
[463] 1.583747e+01 1.128150e+01 8.276308e+00 7.619393e+00 2.939489e+00 1.278789e+01 9.969387e-01
[470] 1.638946e+01 9.554522e+00 2.282854e+00 1.625755e+01 1.518364e+01 4.323654e+00 1.746397e+01
[477] 1.343237e+01 1.228492e+01 9.697524e+00 4.997516e+00 1.165467e+01 7.324103e+00 6.096550e-01
[484] 6.148358e+00 1.571018e+01 1.999773e+00 1.612875e+00 1.477593e+01 1.385673e+01 1.084621e+01
[491] 1.541456e+01 1.404061e+01 1.226161e+01 1.294216e+01 1.559786e+01 1.668475e+01 1.602223e+01
[498] 1.550855e+01 9.180683e+00 7.912606e+00 1.591023e+01 1.170151e+01 4.804315e+00 4.608152e+00
[505] 2.293521e+00 5.696753e-01 1.469151e+01 1.440805e+01 8.925296e+00 2.710662e+00 1.064987e+01
[512] 4.950498e-01 9.638131e+00 8.909522e+00 1.248037e+01 1.445197e+01 4.628207e+00 1.240522e+00
[519] 7.945742e+00 5.258931e+00 4.712386e+00 8.155572e+00 2.616294e+00 9.378471e+00 1.809362e-01
[526] 1.502436e+01 9.303437e+00 1.138585e+01 1.231190e+01 1.055470e+01 8.658637e+00 9.923895e+00
[533] 1.395624e+01 6.201255e+00 4.653594e+00 7.759580e+00 2.618136e+00 8.611606e+00 6.667720e+00
[540] 1.283470e+01 8.838707e+00 1.233175e+01 1.074270e+01 2.048821e+00 1.286078e+01 7.351062e+00
[547] 2.101775e+00 1.305217e+01 8.836462e+00 6.095758e+00 5.085246e+00 4.046370e+00 8.637289e+00
[554] 7.761821e+00 3.935421e+00 1.078819e+01 6.210719e+00 1.347598e+01 1.235527e+01 1.046092e+01
[561] 2.367247e+00 1.314211e+01 9.379721e+00 1.002337e+01 1.253387e+01 1.102077e+01 6.489810e+00
[568] 9.265268e+00 6.135131e+00 9.562187e+00 9.877853e+00 9.557151e+00 1.205469e+01 5.050315e+00
[575] 9.732982e-02 2.762304e-01 1.885060e+00 5.285583e+00 8.130886e+00 1.010324e+01 4.185811e+00
[582] 2.361535e+00 1.169019e+01 1.151745e+01 4.911103e+00 2.849253e+00 7.512813e+00 1.366444e+00
[589] 1.011301e+01 1.008917e+01 4.740041e+00 8.499524e+00 6.604084e+00 3.177062e+00 7.857446e+00
[596] 1.780233e+00 9.036506e+00 5.905570e+00 4.194877e-01 1.007085e+01 4.253759e+00 1.128460e+01
[603] 4.885583e-04 8.816353e+00 8.210008e+00 8.912772e+00 3.034426e+00 6.359862e+00 1.785570e+00
[610] 1.237470e+00 6.230798e+00 5.299387e-01 1.422112e+00 5.592322e+00 9.355994e-01 1.086785e+01
[617] 6.672681e+00 8.444811e+00 1.772760e+00 7.722888e+00 7.618947e+00 8.259850e+00 6.924357e+00
[624] 8.086577e+00 4.743987e+00 4.973364e+00 1.028525e+00 3.106926e+00 8.651759e-01 8.933091e+00
[631] 3.145599e+00 1.441895e+00 8.006603e+00 4.021789e+00 5.748996e+00 3.703451e+00 9.343879e+00
[638] 8.826103e+00 2.668812e+00 2.563675e+00 5.740906e+00 8.650986e+00 5.052159e+00 3.285276e+00
[645] 8.136491e+00 3.202282e-01 6.773618e+00 7.105709e+00 1.753394e+00 7.839884e+00 9.824794e-01
[652] 8.307392e+00 2.782347e-01 7.393701e+00 5.848204e+00 4.833485e+00 1.655631e+00 1.491057e+00
[659] 3.976899e+00 1.375069e+00 7.958441e+00 2.524986e+00 9.546079e-01 7.613058e+00 4.694610e+00
[666] 3.860600e+00 7.178591e-01 6.840754e+00 3.299209e+00 2.999625e+00 5.210866e+00 5.707115e+00
[673] 5.293437e-01 7.185593e+00 7.809169e+00 5.851697e+00 4.484744e+00 6.672876e+00 4.444568e+00
[680] 2.161679e+00 7.367558e+00 6.459233e+00 4.715294e+00 1.832912e+00 2.566682e+00 4.636189e+00
[687] 7.126526e-01 3.856685e+00 2.460405e+00 5.894640e+00 1.833577e+00 2.333459e+00 3.829412e-01
[694] 9.105580e-01 3.314497e+00 1.384130e+00 5.976796e+00 5.043293e+00 4.455017e-01 2.043573e+00
[701] 2.655964e+00 2.927768e+00 2.768057e+00 4.065217e+00 4.676496e+00 3.843611e+00 3.996298e+00
[708] 3.604044e+00 1.081585e+00 4.538182e-01 5.052825e-01 1.519487e+00 3.048327e+00 3.820836e+00
[715] 2.196858e+00 3.178415e-01 1.902603e+00 2.147001e+00 2.494918e+00 1.173143e+00 2.798222e+00
[722] 3.084480e-01 2.753338e+00 1.374745e-01 3.202092e+00 2.365078e+00 2.411277e+00 1.552013e-01
[729] 1.752311e+00 2.752321e+00 1.800230e+00 1.102963e-01 1.921069e+00 6.781281e-01 1.754217e+00
[736] 1.156153e+00 1.873166e-02 1.866738e+00 6.226628e-01 9.130484e-02 3.672552e-01 4.332929e-01
[743] 8.979535e-01 9.794021e-01 1.059237e+00 1.261681e+00 1.057601e-01 2.874339e-01 4.283448e-01
[750] 4.429040e-02

$PAR
  [1]  NA   1   1   2   2   2   4   4   4   4   4   4   4   4   4   4   4   8   8   8   8  18  18
 [24]  18  18  18   9   9  20  22  10  11  11  11  11  31  31  31  31  31  31  27  27  27  27  12
 [47]  12  12  12  12  12  37  37  37  32  32  32  23  23  23  23  23  23  23  23  13  13  13  24
 [70]  24  24  24  24  24  58  58  58  58  56  56  56  56  56  56  56  56  29  29  29  29  29  33
 [93]  33  33  33  33  38  14  14  14  14  14  59  59  59  59  69  28  28  28  87  87 111 111  79
[116]  79  79  79  80  80 112 112 108  52  52  52  39  39  40  40  40  57  57  57  57  57  70 127
[139] 127 132 132 132 132 132 109 109 109  81  81  75  75  97  97  97  97  97  97 140 140 140 140
[162] 140  88  88  88  88  88 133 141 122 122 119 119  41  41  41  41 158 158 158 158 158 158 158
[185] 158 138  89 170  46  46  46  92  61  61 115 115 115 193 150 150 150 150 148 148 174 174 174
[208] 174  76  76 178 178 178 178  90  90  34  34  25  25  25  25  25  25 217 217 205 189 206  26
[231]  26  26  26 203 203 203 215 190 190 190 190 190 237 237 237 163 163 151 168 168 238 238 234
[254] 234 234 234 234 207 103 103 142 142 195 195 208  93 248 248  72  72  72  72  72 164 204 204
[277] 204 204 204 204 165 165 145 259 259 259 146 146 146 104 230 230 230 230 220 220 220 275 275
[300] 275 275 275 275 275 284 284 284 218 218 253 179 179 179 179 179 149 149 149 149 249  15 311
[323] 311 311 281 281 281 312 192 192 134 239 258 263 263 263 263 291  49  49  49 228 228 282 282
[346] 282 282 260 260 246  50  50 321 191 191 191 191 147 147 265 231 231 231 231 231 231  73  73
[369]  73  35  35  35 176 176 176 114 114 114 350 129 129 129 269 269 269 269 334 334 216 216 216
[392] 216 227 335 331 331 331 322 322 322 322 232 232 326 240 240 292 308 293 313 270 270 270 270
[415] 159 159 159 160 160 353 299 299 299 299 299 345 348  82 373 373 305 395 395 395 254 290 177
[438] 264 264 264 264 264 438 438 438 438 438 410 443 139 139 139  54  54 358 221 221 221 221 221
[461] 222 222 426 426 428 428 428 376 301 180 180 181 153 153 153  77  77  77  77  77 402 402 402
[484] 271 476 476 476 397 397 223 455 154 154 209 287 362 362 496 496 496 440 440 440 440 440 440
[507] 454 454 349 167 473 473 412 432 383 276 404 501 285 101 101 485 485 380 421 495 495 400 314
[530] 315 131 250 507 225 225 323  51 201 201 408 408 492 182 182 286 186 186 533 533 533 117 489
[553] 370 356 356 329 329 374 374 558 477 429 562 371 548 548 548 403 494 449  84 324 377 545 545
[576] 468 565 295 515 559 226 226 529 529 339 339 461 461 251 445 445 346 346 346 573 458 405 405
[599] 405 502 502 583 583 481 481 278 420 584 602 602 464 244 364 423 566 372 490 556 382 511 369
[622] 560 589 580 580 196 564  67 532 197 279 279 390 479 424 424 513 570 570 570 572 161 161 252
[645] 563 637 568 499 409 630 509 541 638 604 433  86 531 642 553 553 105 105 105 156 156 156 622
[668] 224 224 224 645 624 633 340 256 595 595 650 650 650 554 621 621 587 681 210 210 648 648 172
[691] 593 567 214 557 459 484 118 118 118 550 598 655 635 144 391 574 480 480 626 585 591 521 705
[714] 517 517 386 475 704 634 555 666 688 714 695 644 242 607 670 318 721 319 730 510 537 233 431
[737] 582 505 472 289 691 684 729 417 696 588 720 236 629 653

$EXTANT
  [1] FALSE FALSE FALSE  TRUE FALSE FALSE FALSE FALSE FALSE FALSE FALSE FALSE  TRUE  TRUE FALSE
 [16]  TRUE  TRUE  TRUE FALSE FALSE FALSE FALSE  TRUE  TRUE FALSE  TRUE  TRUE FALSE FALSE FALSE
 [31] FALSE FALSE  TRUE FALSE FALSE FALSE FALSE FALSE  TRUE  TRUE FALSE FALSE FALSE FALSE  TRUE
 [46]  TRUE FALSE FALSE  TRUE  TRUE  TRUE FALSE  TRUE FALSE FALSE FALSE  TRUE  TRUE  TRUE FALSE
 [61] FALSE FALSE FALSE  TRUE  TRUE  TRUE FALSE  TRUE FALSE FALSE FALSE  TRUE FALSE  TRUE FALSE
 [76]  TRUE  TRUE  TRUE  TRUE  TRUE FALSE FALSE FALSE FALSE  TRUE FALSE FALSE FALSE FALSE FALSE
 [91] FALSE FALSE  TRUE  TRUE FALSE  TRUE  TRUE FALSE  TRUE FALSE  TRUE  TRUE FALSE  TRUE  TRUE
[106]  TRUE FALSE FALSE FALSE FALSE FALSE FALSE FALSE  TRUE  TRUE FALSE  TRUE  TRUE  TRUE  TRUE
[121] FALSE FALSE FALSE FALSE FALSE FALSE FALSE  TRUE  TRUE  TRUE FALSE FALSE FALSE FALSE  TRUE
[136]  TRUE FALSE  TRUE FALSE  TRUE FALSE FALSE  TRUE  TRUE FALSE  TRUE  TRUE FALSE  TRUE FALSE
[151] FALSE FALSE  TRUE  TRUE FALSE  TRUE  TRUE  TRUE  TRUE FALSE  TRUE  TRUE  TRUE FALSE FALSE
[166] FALSE  TRUE FALSE  TRUE  TRUE FALSE FALSE  TRUE FALSE FALSE  TRUE  TRUE  TRUE FALSE  TRUE
[181]  TRUE  TRUE  TRUE  TRUE  TRUE  TRUE  TRUE FALSE FALSE  TRUE FALSE  TRUE  TRUE FALSE FALSE
[196]  TRUE  TRUE  TRUE FALSE FALSE  TRUE FALSE  TRUE  TRUE  TRUE FALSE FALSE FALSE FALSE  TRUE
[211] FALSE FALSE FALSE  TRUE FALSE  TRUE FALSE FALSE FALSE  TRUE  TRUE FALSE  TRUE  TRUE FALSE
[226]  TRUE FALSE  TRUE FALSE FALSE  TRUE  TRUE  TRUE  TRUE  TRUE  TRUE  TRUE  TRUE FALSE  TRUE
[241]  TRUE  TRUE FALSE  TRUE  TRUE FALSE FALSE  TRUE  TRUE  TRUE  TRUE  TRUE FALSE FALSE FALSE
[256]  TRUE FALSE  TRUE  TRUE FALSE FALSE  TRUE FALSE FALSE FALSE  TRUE FALSE  TRUE  TRUE  TRUE
[271] FALSE FALSE  TRUE FALSE  TRUE  TRUE FALSE  TRUE  TRUE FALSE  TRUE  TRUE FALSE  TRUE  TRUE
[286]  TRUE FALSE  TRUE  TRUE  TRUE FALSE FALSE  TRUE  TRUE  TRUE  TRUE  TRUE FALSE  TRUE  TRUE
[301]  TRUE  TRUE  TRUE  TRUE  TRUE  TRUE  TRUE FALSE  TRUE FALSE  TRUE  TRUE  TRUE FALSE FALSE
[316]  TRUE  TRUE  TRUE  TRUE  TRUE FALSE  TRUE  TRUE FALSE FALSE FALSE  TRUE FALSE  TRUE  TRUE
[331] FALSE FALSE FALSE  TRUE  TRUE FALSE FALSE  TRUE  TRUE FALSE  TRUE  TRUE  TRUE FALSE  TRUE
[346]  TRUE  TRUE FALSE  TRUE  TRUE FALSE  TRUE FALSE FALSE  TRUE FALSE  TRUE FALSE  TRUE  TRUE
[361] FALSE  TRUE  TRUE FALSE  TRUE  TRUE FALSE FALSE  TRUE  TRUE FALSE FALSE  TRUE  TRUE  TRUE
[376] FALSE FALSE FALSE  TRUE  TRUE FALSE  TRUE FALSE FALSE FALSE  TRUE  TRUE  TRUE FALSE  TRUE
[391] FALSE  TRUE FALSE  TRUE  TRUE  TRUE  TRUE FALSE FALSE  TRUE  TRUE  TRUE  TRUE FALSE  TRUE
[406]  TRUE  TRUE FALSE  TRUE  TRUE  TRUE  TRUE FALSE  TRUE FALSE  TRUE  TRUE FALSE FALSE  TRUE
[421]  TRUE FALSE FALSE  TRUE  TRUE  TRUE FALSE  TRUE  TRUE  TRUE  TRUE  TRUE  TRUE FALSE  TRUE
[436]  TRUE  TRUE  TRUE FALSE  TRUE  TRUE  TRUE FALSE  TRUE  TRUE  TRUE  TRUE  TRUE FALSE FALSE
[451]  TRUE  TRUE FALSE  TRUE FALSE  TRUE FALSE  TRUE  TRUE FALSE  TRUE  TRUE FALSE  TRUE  TRUE
[466]  TRUE  TRUE  TRUE  TRUE FALSE  TRUE  TRUE  TRUE FALSE  TRUE  TRUE  TRUE FALSE  TRUE  TRUE
[481]  TRUE FALSE  TRUE  TRUE  TRUE  TRUE  TRUE FALSE  TRUE  TRUE  TRUE  TRUE FALSE FALSE  TRUE
[496]  TRUE  TRUE FALSE FALSE  TRUE  TRUE FALSE  TRUE  TRUE  TRUE  TRUE  TRUE  TRUE  TRUE  TRUE
[511]  TRUE  TRUE FALSE  TRUE FALSE  TRUE  TRUE  TRUE FALSE  TRUE  TRUE  TRUE FALSE  TRUE  TRUE
[526] FALSE  TRUE FALSE FALSE FALSE  TRUE  TRUE  TRUE  TRUE  TRUE FALSE  TRUE  TRUE  TRUE  TRUE
[541] FALSE  TRUE  TRUE  TRUE  TRUE  TRUE  TRUE  TRUE  TRUE FALSE  TRUE  TRUE  TRUE FALSE  TRUE
[556] FALSE  TRUE  TRUE  TRUE  TRUE  TRUE FALSE FALSE  TRUE  TRUE  TRUE  TRUE  TRUE FALSE  TRUE
[571]  TRUE  TRUE FALSE  TRUE  TRUE  TRUE  TRUE  TRUE  TRUE  TRUE FALSE  TRUE  TRUE  TRUE  TRUE
[586]  TRUE  TRUE  TRUE  TRUE  TRUE  TRUE FALSE  TRUE  TRUE  TRUE  TRUE  TRUE  TRUE  TRUE FALSE
[601]  TRUE  TRUE  TRUE FALSE  TRUE  TRUE  TRUE  TRUE  TRUE  TRUE  TRUE  TRUE  TRUE  TRUE  TRUE
[616]  TRUE FALSE  TRUE  TRUE  TRUE  TRUE  TRUE FALSE  TRUE  TRUE  TRUE  TRUE  TRUE  TRUE  TRUE
[631]  TRUE  TRUE  TRUE  TRUE  TRUE  TRUE  TRUE  TRUE  TRUE  TRUE FALSE  TRUE  TRUE  TRUE  TRUE
[646]  TRUE  TRUE  TRUE  TRUE  TRUE  TRUE FALSE  TRUE  TRUE  TRUE  TRUE FALSE  TRUE  TRUE  TRUE
[661]  TRUE  TRUE  TRUE  TRUE  TRUE FALSE  TRUE  TRUE  TRUE  TRUE FALSE  TRUE  TRUE FALSE FALSE
[676]  TRUE  TRUE FALSE  TRUE  TRUE  TRUE FALSE  TRUE  TRUE  TRUE  TRUE  TRUE  TRUE  TRUE  TRUE
[691]  TRUE  TRUE  TRUE  TRUE  TRUE  TRUE  TRUE  TRUE  TRUE  TRUE  TRUE  TRUE  TRUE  TRUE  TRUE
[706]  TRUE  TRUE  TRUE  TRUE  TRUE  TRUE  TRUE  TRUE  TRUE  TRUE  TRUE  TRUE  TRUE  TRUE  TRUE
[721]  TRUE  TRUE  TRUE  TRUE  TRUE  TRUE  TRUE  TRUE  TRUE  TRUE  TRUE  TRUE  TRUE  TRUE  TRUE
[736]  TRUE  TRUE  TRUE  TRUE  TRUE  TRUE  TRUE  TRUE  TRUE  TRUE  TRUE  TRUE  TRUE  TRUE  TRUE

