
Birth-death simulation object with 736 species and 500 extant species

Details for some species:

Extinction times (NA means extant)
[1] 92.11373 20.52524 88.13095 82.77750 60.90429       NA


Speciation times 
[1] 101.86997  97.87171  95.05399  83.54003  66.16281  63.15965


Species parents (NA for initial)
[1] NA  1  2  2  2  2


Species status (extinct or extant)
[1] "extinct" "extinct" "extinct" "extinct" "extinct" "extant" 


For more details on vector y, try sim$y, with y one of
TE TS PAR EXTANT



$TE
  [1] 92.113727539 20.525243681 88.130947624 82.777499854 60.904293734           NA 41.443921396
  [8]           NA 11.890961496 22.505234083 31.031494992 41.172747060 24.916820270  7.056791056
 [15]           NA 13.667486598 25.393231281 35.578028327           NA           NA 19.910059249
 [22]  5.750304466 42.123300994           NA           NA 19.011956114 16.934381690 35.060354141
 [29] 28.903464416 31.966230109           NA           NA           NA 31.515994300 27.197766313
 [36] 26.079533647 31.052708016           NA 18.645794074           NA  7.390843638 19.893688318
 [43]  3.119128162 32.959239088           NA           NA  7.162582582 17.761175494 10.924165292
 [50] 32.788607493           NA 17.085792133 30.332467616           NA 18.592834190 25.476197002
 [57]  6.433430187           NA  8.392417932  6.794381059 19.749539321           NA           NA
 [64]           NA  2.149408859 30.685768648           NA           NA           NA           NA
 [71] 21.841073786 30.418943689 22.013819169 21.304494865           NA 10.879101681  9.602666136
 [78]           NA 15.170015796           NA  9.592504772  8.282837932           NA  8.960131149
 [85]  8.222431461           NA 12.547384325           NA           NA 31.058759113           NA
 [92]           NA  6.274355249 28.480537920 14.917098124           NA           NA  3.571992389
 [99] 21.799850161 13.546888771           NA           NA           NA 19.307981867           NA
[106]           NA           NA  2.490520244 19.613697291           NA 28.735372571 20.015718550
[113] 13.994268554  7.704174589 13.437784948  5.982712303  2.074041969           NA           NA
[120]           NA           NA           NA           NA 17.143553866           NA           NA
[127]           NA  9.706521293 18.271736837           NA 10.597300093           NA           NA
[134]           NA           NA           NA  2.783344653           NA           NA 22.334101133
[141]           NA           NA           NA           NA  8.221544585           NA           NA
[148]  3.441693197           NA 21.968541171 17.161751034           NA 13.600719393           NA
[155]           NA           NA 23.234956066 11.799332103           NA           NA           NA
[162] 10.729433853           NA 14.593548519           NA           NA           NA  6.235057584
[169] 22.416243256  5.157416344  9.431763699           NA           NA           NA           NA
[176]           NA           NA           NA           NA 20.336541662  6.383917511           NA
[183]           NA  1.203550977 20.785544658           NA           NA  5.959860790           NA
[190] 12.817776453           NA 27.452543451           NA           NA  0.143528921  9.718886889
[197]           NA 15.339336609           NA           NA           NA  4.686050723           NA
[204]  1.801577595           NA  1.242319896           NA 22.961399770 15.628089964           NA
[211]           NA  2.063060362  3.991000178           NA  2.426424239  2.635644360 11.231806257
[218]           NA           NA           NA           NA           NA  5.194528165           NA
[225] 15.244472266           NA           NA  6.182663514           NA  8.644574256           NA
[232]           NA           NA 27.266635422           NA 21.968463172           NA  1.489675680
[239]  3.566295899           NA           NA           NA           NA  4.574953614  4.846354522
[246]           NA           NA           NA 15.183640389           NA           NA  1.672216826
[253]  2.864142759           NA           NA           NA 16.956155015 17.124900715           NA
[260]           NA           NA           NA  3.803384383           NA           NA           NA
[267]           NA           NA           NA           NA           NA           NA 11.352873240
[274]           NA  1.157804356 24.353390036 14.330825704           NA 11.123877067           NA
[281]           NA 18.953179312 17.872939300  6.204944999           NA 13.984849492  5.235173246
[288]  3.147773104 17.004969366 16.610161704  3.155511677           NA           NA  7.385407610
[295]           NA           NA  8.879083881           NA  7.483834829  2.002186250           NA
[302]           NA 10.599472839           NA           NA           NA           NA           NA
[309]  6.665039655 12.712345612           NA           NA           NA           NA  3.944021090
[316]  8.584952480           NA           NA  7.183240888 13.439098639           NA  4.128832719
[323]           NA           NA           NA  5.169467434 16.975929969 15.452618912           NA
[330]  1.117095707 17.420546615  8.298629380           NA 11.491949847 12.684780845           NA
[337]           NA 12.160851021           NA           NA           NA  9.119346205  4.581251205
[344]           NA           NA  1.725710000 14.887462287           NA           NA           NA
[351]  7.020164094  9.049821958  1.581692177           NA  5.945064400           NA  8.304818291
[358]           NA           NA           NA           NA           NA           NA  1.666358869
[365]           NA 11.417601524           NA           NA           NA  5.589048997           NA
[372]  0.777068212           NA 17.436077633           NA           NA           NA  2.068813302
[379]  4.602429624           NA  0.794282241           NA  6.519173022           NA 14.322879410
[386]           NA           NA           NA           NA           NA           NA           NA
[393]           NA           NA           NA           NA  9.051611322           NA           NA
[400]           NA           NA           NA           NA           NA           NA           NA
[407]           NA           NA           NA           NA           NA           NA           NA
[414]           NA           NA           NA           NA  9.028637442           NA 13.047735084
[421]           NA           NA           NA           NA  8.121457819           NA           NA
[428]  6.526015786  1.243103275           NA 11.968648510           NA           NA 11.758930933
[435]  4.736954062           NA           NA           NA           NA           NA           NA
[442]           NA           NA           NA           NA  5.303373287           NA  8.427165375
[449]           NA           NA           NA           NA           NA           NA           NA
[456]           NA           NA  6.447091699           NA           NA  0.539634578  5.611796590
[463]  0.850773752           NA           NA           NA  1.550580407           NA  6.245626053
[470]           NA  0.448473394           NA  5.358191017           NA           NA           NA
[477]           NA 10.386738019           NA           NA           NA 10.023433988           NA
[484]           NA           NA           NA  2.201297421           NA  6.504908746           NA
[491]           NA           NA  0.003080424           NA           NA           NA           NA
[498]           NA           NA           NA           NA           NA           NA           NA
[505]  1.611108645           NA           NA           NA           NA           NA  4.235624526
[512]           NA           NA  9.285269769           NA           NA  1.726223246  6.388335331
[519]           NA           NA           NA           NA           NA           NA           NA
[526]           NA           NA           NA           NA  0.562400923  2.445655856           NA
[533]           NA  7.247444411  0.186329340           NA           NA  0.481882621           NA
[540]           NA           NA  0.786026160           NA           NA           NA           NA
[547]           NA           NA           NA           NA           NA 10.340057206           NA
[554]           NA           NA           NA  6.722117055           NA  4.155658932           NA
[561]  0.456258237           NA           NA           NA           NA           NA           NA
[568]           NA           NA           NA           NA           NA  9.255576209           NA
[575]           NA           NA           NA           NA           NA           NA           NA
[582]           NA           NA           NA           NA  3.166747093  2.230604361           NA
[589]           NA           NA           NA           NA           NA           NA           NA
[596]           NA  2.924034941           NA           NA           NA           NA           NA
[603]  0.071438870  3.403981461           NA           NA           NA           NA           NA
[610]           NA           NA           NA           NA           NA           NA           NA
[617]  0.237655323           NA           NA           NA           NA           NA           NA
[624]           NA           NA           NA           NA           NA           NA           NA
[631]           NA  7.680930247           NA           NA  2.378806484           NA           NA
[638]           NA           NA           NA           NA           NA           NA           NA
[645]           NA           NA           NA           NA           NA           NA           NA
[652]           NA           NA           NA           NA           NA           NA           NA
[659]           NA           NA           NA           NA           NA           NA  2.311008558
[666]           NA           NA           NA           NA           NA           NA  1.654016825
[673]           NA           NA           NA           NA           NA           NA           NA
[680]           NA           NA           NA           NA  0.367689891           NA           NA
[687]           NA           NA  0.070293227           NA           NA           NA           NA
[694]           NA           NA           NA           NA           NA           NA           NA
[701]           NA           NA           NA           NA           NA           NA           NA
[708]           NA           NA           NA           NA           NA           NA           NA
[715]           NA           NA           NA           NA           NA           NA           NA
[722]           NA           NA           NA           NA           NA           NA           NA
[729]           NA           NA           NA           NA           NA           NA           NA
[736]           NA

$TS
  [1] 1.018700e+02 9.787171e+01 9.505399e+01 8.354003e+01 6.616281e+01 6.315965e+01 5.150600e+01
  [8] 3.822714e+01 2.676781e+01 6.004262e+01 5.554603e+01 5.503052e+01 4.796605e+01 4.413758e+01
 [15] 2.226784e+01 2.176624e+01 5.424567e+01 5.350216e+01 4.217103e+01 3.601808e+01 4.750116e+01
 [22] 4.147957e+01 5.321691e+01 3.419940e+01 5.036770e+01 4.614284e+01 4.468966e+01 4.424810e+01
 [29] 4.357222e+01 4.989609e+01 1.345822e+01 4.839230e+01 3.815933e+01 4.773360e+01 3.926707e+01
 [36] 3.775179e+01 3.203108e+01 2.920312e+01 1.907249e+01 5.549498e+00 4.410330e+01 3.704549e+01
 [43] 3.434509e+01 3.353910e+01 3.329735e+01 2.727989e+01 4.518400e+01 3.917567e+01 3.731415e+01
 [50] 3.697555e+01 4.203079e+01 4.072910e+01 3.600241e+01 3.174965e+01 2.406597e+01 3.825027e+01
 [57] 2.444257e+01 2.166928e+01 1.272481e+01 4.400172e+01 2.308403e+01 1.958111e+01 1.735951e+01
 [64] 1.355071e+01 1.020683e+01 3.935728e+01 2.233934e+01 1.456049e+01 8.414114e+00 1.557392e+01
 [71] 3.881610e+01 3.489471e+01 3.292484e+01 2.867445e+01 1.951279e+01 1.296195e+01 1.200858e+01
 [78] 3.969335e+01 2.947466e+01 2.875498e+01 2.816908e+01 2.801278e+01 2.280906e+01 1.638681e+01
 [85] 1.593184e+01 2.857490e+01 1.955194e+01 1.208831e+01 7.118288e+00 3.908261e+01 3.740852e+01
 [92] 3.271410e+01 3.175110e+01 2.970315e+01 2.243062e+01 1.849609e+01 8.224179e+00 3.546231e+01
 [99] 3.139121e+01 1.929083e+01 3.053344e+01 2.477809e+01 3.350519e+01 3.096649e+01 2.712113e+01
[106] 2.585058e+01 1.699502e+01 1.636682e+01 3.580857e+01 3.334434e+01 2.995214e+01 2.346111e+01
[113] 2.054593e+01 2.004954e+01 1.831615e+01 7.959885e+00 2.236412e+00 3.540836e+01 1.685842e+01
[120] 6.580934e+00 5.792890e+00 4.460266e+00 3.370099e+01 3.341079e+01 3.013615e+01 2.814719e+01
[127] 2.017633e+01 1.279264e+01 2.019093e+01 1.638381e+01 1.432248e+01 1.134725e+01 1.087698e+01
[134] 1.008501e+01 1.291700e+00 2.203685e+01 2.541283e+01 1.445416e+01 3.134666e+00 3.249447e+01
[141] 3.072287e+01 1.879946e+01 1.649305e+01 1.252773e+00 3.314068e+01 3.139842e+00 2.510680e+01
[148] 6.476180e+00 3.435305e+00 3.112106e+01 2.440404e+01 5.952449e+00 3.078888e+01 3.097635e+01
[155] 2.859740e+01 2.652705e+01 2.430865e+01 2.911675e+01 2.511931e+01 1.947169e+01 1.132881e+01
[162] 2.965245e+01 2.872123e+01 2.038696e+01 4.020184e+00 2.933836e+01 2.847948e+01 2.777965e+01
[169] 2.709765e+01 2.728428e+01 2.270183e+01 1.875154e+01 1.739474e+01 1.488395e+01 1.261450e+01
[176] 2.224521e+01 2.195698e+01 2.093412e+01 1.669749e+01 3.056333e+01 1.324307e+01 1.955652e+00
[183] 1.662367e+00 2.514260e+01 2.527721e+01 2.355246e+01 1.572872e+01 8.973637e+00 2.818198e+01
[190] 2.759535e+01 2.562428e+01 2.905809e+01 2.869829e+01 2.746206e+01 1.536249e+01 2.572251e+01
[197] 2.172946e+01 1.657605e+01 1.126108e+01 2.154779e+00 1.655889e+00 2.156635e+01 1.870491e+01
[204] 1.303124e+01 1.173178e+01 8.649167e+00 6.730762e+00 2.900623e+01 1.584258e+01 2.044015e+01
[211] 1.460188e+01 2.974239e+00 8.294788e+00 2.605470e+01 1.405557e+01 5.245748e+00 2.819156e+01
[218] 2.516166e+01 2.417702e+01 1.945028e+01 5.245513e+00 1.751380e+01 6.143055e+00 2.699348e+01
[225] 2.385922e+01 1.654203e+01 1.181561e+01 1.060870e+01 2.164561e+01 1.196368e+01 9.288848e+00
[232] 9.147817e+00 4.913047e+00 2.743954e+01 2.161839e+01 2.440915e+01 2.421553e+01 2.271769e+01
[239] 2.196508e+01 9.177301e+00 9.033221e+00 1.548485e+01 1.037341e+01 1.929161e+01 2.038411e+01
[246] 1.369855e+01 2.617988e+01 5.958846e+00 1.932455e+01 1.559604e+01 3.316263e+00 2.497470e+01
[253] 1.019346e+01 5.307125e+00 2.222565e+00 2.666497e+01 2.127129e+01 1.854221e+01 2.563320e+01
[260] 7.168030e+00 3.426257e+00 2.259531e+01 1.617487e+01 1.533122e+01 1.495309e+01 7.484344e+00
[267] 2.338089e+01 1.189069e+01 3.954228e+00 2.592910e+01 1.518379e+01 4.742740e+00 1.896148e+01
[274] 1.237748e+01 4.929300e+00 2.487415e+01 2.435191e+01 2.417797e+01 2.231024e+01 1.541117e+01
[281] 9.742625e+00 2.413512e+01 1.879545e+01 1.031116e+01 4.825940e+00 2.348092e+01 1.176483e+01
[288] 1.615403e+01 1.755504e+01 2.137195e+01 1.683546e+01 1.546885e+01 6.260011e+00 1.204798e+01
[295] 1.084232e+01 3.913021e-01 8.947133e+00 2.034432e+01 1.850440e+01 1.550586e+01 8.110305e+00
[302] 1.575993e+00 1.645502e+01 1.042353e+01 2.399293e+01 2.208742e+01 1.819106e+01 1.422139e+01
[309] 1.339233e+01 1.526546e+01 1.241919e+01 7.287842e+00 1.829807e+00 4.639966e-01 2.393087e+01
[316] 1.601854e+01 1.872256e+01 7.371481e+00 1.710090e+01 1.850685e+01 9.197257e+00 5.621864e+00
[323] 5.029146e+00 4.253683e+00 2.577875e+00 2.232695e+01 1.739661e+01 1.635067e+01 5.649783e+00
[330] 1.915666e+01 1.913796e+01 2.061337e+01 2.048611e+01 1.952686e+01 1.474710e+01 1.286343e+01
[337] 1.615690e+00 2.019138e+01 1.747199e+01 1.245409e+01 1.027167e+01 1.932387e+01 7.688529e+00
[344] 1.789063e+00 5.450584e-01 4.059327e+00 2.018914e+01 1.693896e+01 5.739854e+00 9.880357e+00
[351] 8.496139e+00 1.536946e+01 7.207171e+00 7.847430e-01 1.837137e+01 1.807900e+01 1.310957e+01
[358] 1.276228e+01 1.201788e+01 1.058459e+01 4.331191e-01 2.125451e+01 8.250496e+00 6.812716e+00
[365] 3.306193e+00 1.636304e+01 3.384358e+00 2.757232e+00 2.080281e+01 8.799226e+00 1.892962e+01
[372] 1.076782e+01 4.198989e+00 1.984880e+01 1.797532e+01 8.623023e+00 1.371651e+01 9.491626e+00
[379] 7.261939e+00 5.751165e+00 2.047006e+01 2.036099e+01 9.004352e+00 7.806048e+00 1.689779e+01
[386] 1.460562e+01 1.739737e+01 1.558662e+01 5.657385e+00 4.409330e+00 1.516438e+01 7.403841e+00
[393] 5.952717e+00 4.416011e+00 1.023471e+01 1.456212e+01 1.457908e+01 1.038150e+01 9.186438e+00
[400] 7.573140e+00 3.689933e+00 2.101143e+00 1.442846e+01 1.748601e+01 1.763965e+00 5.377270e+00
[407] 6.026686e+00 1.511650e+01 4.636375e+00 3.881746e+00 1.177806e+01 5.252308e+00 2.345760e+00
[414] 6.057817e+00 1.824565e+01 1.743396e+01 1.415947e+01 1.644592e+01 9.997188e-01 1.402410e+01
[421] 4.293773e+00 6.152044e+00 1.549570e+01 1.372836e+01 1.313759e+01 1.033516e+01 9.460735e+00
[428] 8.749428e+00 1.651264e+00 1.471585e+01 1.327890e+01 8.714505e+00 7.145043e+00 1.512188e+01
[435] 1.455602e+01 9.048827e+00 4.960512e+00 1.509401e+01 1.192148e+01 9.846087e+00 4.999416e-04
[442] 1.353468e+01 3.968050e+00 4.313397e+00 1.619671e+01 1.263975e+01 1.657939e+01 1.601161e+01
[449] 7.020953e+00 7.878333e+00 5.151223e+00 1.385587e+01 1.148486e+01 8.707862e+00 1.183821e+01
[456] 7.808002e+00 1.379374e+01 1.256937e+01 1.361476e+01 1.430518e+01 1.044170e+01 8.523193e+00
[463] 1.122660e+01 7.302540e+00 6.619812e+00 4.986020e+00 2.161104e+00 1.533661e+01 1.436608e+01
[470] 6.792197e+00 1.358486e+01 6.508886e+00 1.512123e+01 4.961077e-01 1.089728e+01 9.647193e+00
[477] 1.423773e+01 1.293409e+01 1.114283e+01 3.175848e+00 1.411030e+01 1.397477e+01 1.043563e+01
[484] 7.672850e+00 6.945935e+00 5.137857e+00 1.268991e+01 1.435583e+01 1.354249e+01 1.175354e+01
[491] 4.172344e+00 1.173093e+01 6.681756e+00 6.338586e+00 4.168738e+00 7.321703e+00 5.639746e+00
[498] 1.270501e+01 7.746900e+00 2.811143e+00 1.240445e+00 1.404367e+01 1.313921e+01 6.228968e+00
[505] 1.294873e+01 8.819242e+00 1.047028e+01 5.860658e+00 1.310554e+01 9.832608e+00 4.618649e+00
[512] 9.290927e+00 1.135485e+01 9.287071e+00 1.146791e+01 3.330703e+00 2.431254e+00 1.051287e+01
[519] 6.735943e+00 2.000902e+00 8.023776e+00 7.019131e+00 2.260563e+00 9.816735e-01 1.310451e+01
[526] 7.552879e+00 7.110199e+00 2.565482e+00 3.002258e+00 1.245244e+01 7.291731e+00 1.048349e+01
[533] 1.091338e+01 7.743584e+00 2.773222e+00 7.940400e+00 7.584929e+00 9.160110e+00 6.754080e+00
[540] 9.330258e+00 9.074505e+00 4.603837e+00 7.234723e-01 8.248185e+00 1.140291e+00 1.135612e+01
[547] 8.882949e+00 8.115693e-01 8.370864e+00 6.754322e+00 1.577060e+00 1.148576e+01 3.974135e+00
[554] 1.042686e+01 5.707326e+00 1.116210e+01 8.956926e+00 8.784854e+00 8.073485e+00 4.584539e+00
[561] 4.874527e+00 4.840542e+00 2.265565e+00 3.827253e+00 5.223750e+00 4.398444e+00 4.540138e-01
[568] 2.731471e+00 5.927451e+00 5.399643e+00 3.886528e+00 8.670504e+00 1.000443e+01 8.200547e+00
[575] 6.374464e+00 6.674386e-02 3.184125e+00 9.204120e+00 3.728869e+00 5.622666e+00 7.654959e+00
[582] 4.933463e+00 1.927283e+00 1.321505e+00 2.770662e+00 9.436141e+00 5.204527e+00 5.906543e+00
[589] 1.479184e+00 9.635914e+00 9.574531e+00 6.446770e-01 7.148643e+00 7.954585e+00 6.480523e+00
[596] 8.973340e-01 9.048774e+00 4.469081e+00 8.485480e+00 8.718577e+00 6.997689e+00 8.252569e+00
[603] 1.212190e+00 7.179454e+00 7.680368e+00 7.557946e+00 7.284370e+00 1.755034e+00 1.033405e+00
[610] 3.765875e+00 6.207723e+00 1.343198e+00 1.234176e+00 4.644882e-01 5.679565e+00 4.788943e+00
[617] 6.468795e+00 8.225281e+00 7.161131e+00 6.290564e-01 4.344733e+00 6.839906e-01 1.908133e-01
[624] 6.816706e+00 7.164345e+00 5.970635e+00 2.269353e+00 9.818464e-01 6.552562e+00 6.075410e+00
[631] 7.344232e+00 7.898260e+00 4.640022e+00 4.552949e+00 7.637681e+00 3.220331e+00 2.839708e+00
[638] 6.801980e-01 4.071200e+00 6.649469e-01 7.424677e+00 5.305334e+00 3.931243e+00 6.579383e+00
[645] 1.426617e+00 6.040454e-01 5.586546e+00 9.490942e-01 7.238033e-02 3.357011e+00 4.556448e+00
[652] 6.623816e+00 2.445599e+00 6.076371e+00 2.447987e+00 4.496561e-01 4.594606e+00 2.762098e+00
[659] 5.660208e+00 1.167769e+00 6.539879e-01 8.276691e-01 5.480342e+00 2.069639e+00 3.792242e+00
[666] 4.667945e+00 1.225446e+00 2.094648e+00 3.568574e+00 3.296610e+00 5.449529e+00 3.422288e+00
[673] 5.289302e+00 5.924830e+00 7.019142e-01 3.724839e+00 2.028974e+00 3.424218e+00 4.572171e+00
[680] 5.339356e+00 4.444326e-01 3.680014e+00 5.634255e+00 5.650438e-01 2.735062e+00 9.397987e-01
[687] 1.747223e+00 8.078102e-01 3.443835e+00 1.872582e+00 4.873875e+00 4.448886e+00 4.713364e+00
[694] 3.156891e+00 1.230045e+00 1.588332e-01 4.787821e+00 3.389296e+00 1.125232e+00 1.754259e+00
[701] 3.984056e+00 1.959158e+00 1.083199e+00 2.705954e+00 9.195398e-01 4.362975e+00 3.367716e+00
[708] 4.841842e-04 6.529248e-01 2.980575e+00 2.647884e+00 1.885612e+00 3.259841e+00 4.751413e-02
[715] 1.826718e+00 1.998505e+00 2.388535e+00 9.143597e-01 2.325040e+00 5.932996e-01 3.046430e+00
[722] 2.956781e+00 2.209466e+00 8.595787e-01 1.207905e+00 2.242348e-01 1.920360e+00 7.406923e-01
[729] 8.454849e-01 8.715326e-01 6.113266e-01 1.425798e+00 5.037968e-01 2.914716e-01 8.101171e-01
[736] 6.839345e-01

$PAR
  [1]  NA   1   2   2   2   2   2   2   2   6   6   6   6   6   6   6  10  10  10  10  11  12  17
 [24]  17  18  23  23  23   7  25  25  30  30  32  32  32  32  32  32  32  13  13  13  13  13  13
 [47]  21  21  21  21  26  26  26  26  26  47  47  47  47  27  27  27  27  14  14  41  41  41  41
 [70]  60  29  29  19  19  19  19  19  51  51  51  51  51  51  51  51  22  22  22  22  52  78  78
 [93]  78  78  78  78  78  66  48  48  71  71  56   8   8   8   8   8  33  33  33  33  33  33  91
[116]  91  91  50  20  20  20  20  53  53  98  98  98  98 118 118 118 118 118 118 118  43  24  24
[139]  24 123 123 123 123 123  44 103 110 110 110  45  45  45 145  92  92 140 140  93  93  93  93
[162]  54  54  54  54  99  99 150 150 154 154 154 154 154 154 104 104 104 153 141 141 141 141 180
[185] 101 101 101 101 125 125 125 162 162 162 162  79  79  79 166 166 166  38  38  38  38  38  38
[208] 158 158  80  80  80 163 193 193 193  74 155 155 155 155  86  86 167 167 167 167 167 189 189
[231] 189 189 189  81  81 126 126 126 126 126 126  82  82 168 194 194 170  46 105 105 105 169 224
[254] 224 224   9   9   9 256 256 256 156 156 156 156 156 247 247 247 214 214 214 270 270 270 106
[277] 106 106 106 106 106 196 259 259 259 191 191 137 218 184 184 184 184 159 159 159 147 102 102
[300] 102 102 102  57  57 236 236 151 237 237 278 278 278 278 278 219 219  55 305 186  83  83  83
[323]  83  83  83 171 171 262 262  95  95  67  67  67  67  67  67 326 326 326 326 279  15  15  15
[346] 176 136 136 136 239 239 177 177 177 197 197 197 197 197 197 197  58  58  58  58 229 229 229
[369] 235 235 362 362 362 178 178 178 369 369 369 369 332 332 333 381 210 210 382 382 382 298 338
[392] 127 127 127 114  87 334  75  75 160 220 220 244 100 371 142 172 317 317 317 203 203 203  96
[415] 355 355 355 115 415 307 307 356 375 375 375 375 375 375 375 222 222 222 222 339 339 416 416
[438] 387 173 173 173  63  63 107 348 348 385 119 119 291 291 179 179 179 143 130 366 366 263 288
[461] 288 288 250 388 388 300 300 423 423 423 242 242 292 280 195 195 468 468 468 468 310 310 391
[484] 391 391 391 434 473 408 408 408 438 174 174 174 430 430 397 396 396 396  68  68  68 138 403
[507] 469 488 131 477 477 308 481 481 502 452 377 246 246 246 459 459 459 459  64 442  31 509 505
[530] 336 336  59 498 498 487 458 340 530 530 311 294 359 359 439 439 455 455 455 227 227 227 205
[553] 492 552 546 513 132 132 199 199 556 556 556 133 295 295 295 372 360 360 360 518 532 532 532
[576] 532 483 398 243 426 284 395 395 395  65 253 253 134 134 573 440 440 510 590 590 590 591 586
[599] 512 231 231 578 321 399 240 436 597 241 241 506 370 432 432 454 572 206 462 549 549 549 602
[622] 363 363 618  97  97 574 301 559 559 521 594 536 536 456 456 456 384 605 484 581 635 635 537
[645] 537 526 641 641 392 531 312 625 522 601 601 485 364 364 470 550 550 652 120 629 148 617 575
[668] 494 293 504 611 611 422 654 654 626 626 588 508 121 380 349 555 555 659 389 497 570 406 680
[691] 412 412 216 216 221 221 587 323 323 437 697 697 272 666 560 651 651 122 692 390 165 165 701
[714] 553 261 678 698 698 516 670 577 577 577 577 500 685 568 200 668 608 687 645 135 695 729 543

$EXTANT
  [1] FALSE FALSE FALSE FALSE FALSE  TRUE FALSE  TRUE FALSE FALSE FALSE FALSE FALSE FALSE  TRUE
 [16] FALSE FALSE FALSE  TRUE  TRUE FALSE FALSE FALSE  TRUE  TRUE FALSE FALSE FALSE FALSE FALSE
 [31]  TRUE  TRUE  TRUE FALSE FALSE FALSE FALSE  TRUE FALSE  TRUE FALSE FALSE FALSE FALSE  TRUE
 [46]  TRUE FALSE FALSE FALSE FALSE  TRUE FALSE FALSE  TRUE FALSE FALSE FALSE  TRUE FALSE FALSE
 [61] FALSE  TRUE  TRUE  TRUE FALSE FALSE  TRUE  TRUE  TRUE  TRUE FALSE FALSE FALSE FALSE  TRUE
 [76] FALSE FALSE  TRUE FALSE  TRUE FALSE FALSE  TRUE FALSE FALSE  TRUE FALSE  TRUE  TRUE FALSE
 [91]  TRUE  TRUE FALSE FALSE FALSE  TRUE  TRUE FALSE FALSE FALSE  TRUE  TRUE  TRUE FALSE  TRUE
[106]  TRUE  TRUE FALSE FALSE  TRUE FALSE FALSE FALSE FALSE FALSE FALSE FALSE  TRUE  TRUE  TRUE
[121]  TRUE  TRUE  TRUE FALSE  TRUE  TRUE  TRUE FALSE FALSE  TRUE FALSE  TRUE  TRUE  TRUE  TRUE
[136]  TRUE FALSE  TRUE  TRUE FALSE  TRUE  TRUE  TRUE  TRUE FALSE  TRUE  TRUE FALSE  TRUE FALSE
[151] FALSE  TRUE FALSE  TRUE  TRUE  TRUE FALSE FALSE  TRUE  TRUE  TRUE FALSE  TRUE FALSE  TRUE
[166]  TRUE  TRUE FALSE FALSE FALSE FALSE  TRUE  TRUE  TRUE  TRUE  TRUE  TRUE  TRUE  TRUE FALSE
[181] FALSE  TRUE  TRUE FALSE FALSE  TRUE  TRUE FALSE  TRUE FALSE  TRUE FALSE  TRUE  TRUE FALSE
[196] FALSE  TRUE FALSE  TRUE  TRUE  TRUE FALSE  TRUE FALSE  TRUE FALSE  TRUE FALSE FALSE  TRUE
[211]  TRUE FALSE FALSE  TRUE FALSE FALSE FALSE  TRUE  TRUE  TRUE  TRUE  TRUE FALSE  TRUE FALSE
[226]  TRUE  TRUE FALSE  TRUE FALSE  TRUE  TRUE  TRUE FALSE  TRUE FALSE  TRUE FALSE FALSE  TRUE
[241]  TRUE  TRUE  TRUE FALSE FALSE  TRUE  TRUE  TRUE FALSE  TRUE  TRUE FALSE FALSE  TRUE  TRUE
[256]  TRUE FALSE FALSE  TRUE  TRUE  TRUE  TRUE FALSE  TRUE  TRUE  TRUE  TRUE  TRUE  TRUE  TRUE
[271]  TRUE  TRUE FALSE  TRUE FALSE FALSE FALSE  TRUE FALSE  TRUE  TRUE FALSE FALSE FALSE  TRUE
[286] FALSE FALSE FALSE FALSE FALSE FALSE  TRUE  TRUE FALSE  TRUE  TRUE FALSE  TRUE FALSE FALSE
[301]  TRUE  TRUE FALSE  TRUE  TRUE  TRUE  TRUE  TRUE FALSE FALSE  TRUE  TRUE  TRUE  TRUE FALSE
[316] FALSE  TRUE  TRUE FALSE FALSE  TRUE FALSE  TRUE  TRUE  TRUE FALSE FALSE FALSE  TRUE FALSE
[331] FALSE FALSE  TRUE FALSE FALSE  TRUE  TRUE FALSE  TRUE  TRUE  TRUE FALSE FALSE  TRUE  TRUE
[346] FALSE FALSE  TRUE  TRUE  TRUE FALSE FALSE FALSE  TRUE FALSE  TRUE FALSE  TRUE  TRUE  TRUE
[361]  TRUE  TRUE  TRUE FALSE  TRUE FALSE  TRUE  TRUE  TRUE FALSE  TRUE FALSE  TRUE FALSE  TRUE
[376]  TRUE  TRUE FALSE FALSE  TRUE FALSE  TRUE FALSE  TRUE FALSE  TRUE  TRUE  TRUE  TRUE  TRUE
[391]  TRUE  TRUE  TRUE  TRUE  TRUE  TRUE FALSE  TRUE  TRUE  TRUE  TRUE  TRUE  TRUE  TRUE  TRUE
[406]  TRUE  TRUE  TRUE  TRUE  TRUE  TRUE  TRUE  TRUE  TRUE  TRUE  TRUE  TRUE FALSE  TRUE FALSE
[421]  TRUE  TRUE  TRUE  TRUE FALSE  TRUE  TRUE FALSE FALSE  TRUE FALSE  TRUE  TRUE FALSE FALSE
[436]  TRUE  TRUE  TRUE  TRUE  TRUE  TRUE  TRUE  TRUE  TRUE  TRUE FALSE  TRUE FALSE  TRUE  TRUE
[451]  TRUE  TRUE  TRUE  TRUE  TRUE  TRUE  TRUE FALSE  TRUE  TRUE FALSE FALSE FALSE  TRUE  TRUE
[466]  TRUE FALSE  TRUE FALSE  TRUE FALSE  TRUE FALSE  TRUE  TRUE  TRUE  TRUE FALSE  TRUE  TRUE
[481]  TRUE FALSE  TRUE  TRUE  TRUE  TRUE FALSE  TRUE FALSE  TRUE  TRUE  TRUE FALSE  TRUE  TRUE
[496]  TRUE  TRUE  TRUE  TRUE  TRUE  TRUE  TRUE  TRUE  TRUE FALSE  TRUE  TRUE  TRUE  TRUE  TRUE
[511] FALSE  TRUE  TRUE FALSE  TRUE  TRUE FALSE FALSE  TRUE  TRUE  TRUE  TRUE  TRUE  TRUE  TRUE
[526]  TRUE  TRUE  TRUE  TRUE FALSE FALSE  TRUE  TRUE FALSE FALSE  TRUE  TRUE FALSE  TRUE  TRUE
[541]  TRUE FALSE  TRUE  TRUE  TRUE  TRUE  TRUE  TRUE  TRUE  TRUE  TRUE FALSE  TRUE  TRUE  TRUE
[556]  TRUE FALSE  TRUE FALSE  TRUE FALSE  TRUE  TRUE  TRUE  TRUE  TRUE  TRUE  TRUE  TRUE  TRUE
[571]  TRUE  TRUE FALSE  TRUE  TRUE  TRUE  TRUE  TRUE  TRUE  TRUE  TRUE  TRUE  TRUE  TRUE  TRUE
[586] FALSE FALSE  TRUE  TRUE  TRUE  TRUE  TRUE  TRUE  TRUE  TRUE  TRUE FALSE  TRUE  TRUE  TRUE
[601]  TRUE  TRUE FALSE FALSE  TRUE  TRUE  TRUE  TRUE  TRUE  TRUE  TRUE  TRUE  TRUE  TRUE  TRUE
[616]  TRUE FALSE  TRUE  TRUE  TRUE  TRUE  TRUE  TRUE  TRUE  TRUE  TRUE  TRUE  TRUE  TRUE  TRUE
[631]  TRUE FALSE  TRUE  TRUE FALSE  TRUE  TRUE  TRUE  TRUE  TRUE  TRUE  TRUE  TRUE  TRUE  TRUE
[646]  TRUE  TRUE  TRUE  TRUE  TRUE  TRUE  TRUE  TRUE  TRUE  TRUE  TRUE  TRUE  TRUE  TRUE  TRUE
[661]  TRUE  TRUE  TRUE  TRUE FALSE  TRUE  TRUE  TRUE  TRUE  TRUE  TRUE FALSE  TRUE  TRUE  TRUE
[676]  TRUE  TRUE  TRUE  TRUE  TRUE  TRUE  TRUE  TRUE FALSE  TRUE  TRUE  TRUE  TRUE FALSE  TRUE
[691]  TRUE  TRUE  TRUE  TRUE  TRUE  TRUE  TRUE  TRUE  TRUE  TRUE  TRUE  TRUE  TRUE  TRUE  TRUE
[706]  TRUE  TRUE  TRUE  TRUE  TRUE  TRUE  TRUE  TRUE  TRUE  TRUE  TRUE  TRUE  TRUE  TRUE  TRUE
[721]  TRUE  TRUE  TRUE  TRUE  TRUE  TRUE  TRUE  TRUE  TRUE  TRUE  TRUE  TRUE  TRUE  TRUE  TRUE
[736]  TRUE

