
Birth-death simulation object with 678 species and 500 extant species

Details for some species:

Extinction times (NA means extant)
[1] 39.06403 25.44490 22.89837  3.49965       NA 22.61301


Speciation times 
[1] 80.92331 66.13102 62.75716 53.39535 40.67279 34.21506


Species parents (NA for initial)
[1] NA  1  1  2  2  2


Species status (extinct or extant)
[1] "extinct" "extinct" "extinct" "extinct" "extant"  "extinct"


For more details on vector y, try sim$y, with y one of
TE TS PAR EXTANT



$TE
  [1] 39.0640290 25.4449026 22.8983670  3.4996502         NA 22.6130121  4.8907979 49.5986073
  [9]         NA  7.6853322         NA 21.9114920         NA 28.0801199 19.8182550 27.8587719
 [17]         NA         NA 47.7488073 19.5144031 18.1746772  8.7992812         NA 28.7778119
 [25] 37.5589248         NA 17.2577721         NA         NA  5.4368569 27.4820560 38.7331738
 [33]  4.0057461         NA 22.9343865 11.5030196  8.2185467         NA         NA  2.7042880
 [41] 10.6649348         NA  8.7062550         NA 34.0733486         NA         NA         NA
 [49]         NA  6.4801353  3.1868945         NA         NA 33.4348014 23.1656036 33.5079069
 [57]         NA 12.4071145         NA         NA         NA  8.5821407         NA         NA
 [65]         NA 22.4543914  4.3230040         NA         NA  7.8067897         NA  4.4149312
 [73]         NA         NA         NA         NA         NA         NA         NA         NA
 [81]  3.6481128         NA  7.1460907 13.8079291 21.7419364 28.6112681  7.4956681         NA
 [89]         NA         NA  7.5426711         NA         NA         NA  7.2250275 27.1547894
 [97]         NA         NA  7.3270392  0.3738685         NA         NA 18.3548635         NA
[105]         NA  6.4301487 32.6516011         NA 23.8798775         NA 16.1465235         NA
[113] 11.5062971         NA 20.6292082 16.0110188 10.1334329  8.1931048         NA         NA
[121]  2.5706996         NA 20.8944767 12.6214975         NA         NA 14.4317096 11.3708132
[129]  7.8709391         NA         NA         NA  3.2594850         NA         NA 21.9002288
[137] 18.8292177 22.1015960  6.0659589         NA         NA         NA 16.0638281 15.4990125
[145]  9.1897467 10.6742100 10.4701541 15.4551831         NA         NA 18.1935017         NA
[153]         NA         NA         NA  6.4639646         NA         NA         NA 12.6331159
[161]  4.9183661 17.1779749         NA         NA 28.4626895         NA         NA  1.9276558
[169]         NA 24.6097397  0.3901096         NA  8.4771819  6.3647340         NA  5.3715425
[177]         NA         NA  8.8838596  4.0574138         NA         NA 18.4347231         NA
[185]         NA         NA 10.9911352 12.1257433 16.0674156         NA  7.7675006         NA
[193]         NA 10.5626761         NA         NA 13.1895581         NA         NA         NA
[201]         NA         NA  0.2309624         NA         NA         NA         NA 22.3983305
[209]         NA         NA  2.6510382  6.8817072         NA         NA  1.6119101         NA
[217]         NA         NA         NA         NA 16.3865674         NA         NA         NA
[225]  4.7738484         NA 20.9880980         NA 22.8520460         NA         NA         NA
[233]  7.4727687         NA         NA 17.8059971         NA 13.9986099         NA         NA
[241] 12.8048407         NA         NA         NA 19.5836757         NA         NA         NA
[249]         NA         NA         NA 10.9713356         NA 20.0564552         NA         NA
[257]         NA         NA         NA  9.4564603         NA  4.5854399 14.2517728         NA
[265]         NA         NA         NA         NA         NA         NA         NA         NA
[273]         NA         NA  0.2885994         NA         NA         NA         NA         NA
[281]         NA         NA         NA         NA         NA         NA         NA  7.1923372
[289]         NA         NA         NA  1.4363024  9.8967585         NA         NA         NA
[297]         NA         NA         NA         NA         NA         NA 11.1579665         NA
[305]         NA         NA         NA         NA         NA         NA         NA 18.1228363
[313]         NA         NA  0.2783978         NA         NA         NA         NA 13.9132093
[321]  7.8060683         NA  4.5758690         NA         NA         NA         NA         NA
[329]  0.7728556         NA         NA  3.0086140         NA         NA         NA         NA
[337]         NA         NA         NA         NA         NA         NA         NA         NA
[345]         NA         NA         NA  5.3744344  0.9506339         NA         NA         NA
[353]         NA         NA         NA 13.2450286         NA  0.9644302  9.5395281         NA
[361]         NA         NA         NA         NA         NA         NA         NA         NA
[369]         NA         NA         NA         NA         NA         NA         NA         NA
[377]         NA  3.5550581  4.6168305         NA         NA  2.7506138  1.5149561         NA
[385]         NA  5.9043049         NA         NA         NA         NA         NA         NA
[393]  0.2241444  8.8981130         NA         NA         NA         NA  7.0071127         NA
[401]         NA  8.8316067         NA  0.7563316         NA         NA         NA         NA
[409]         NA         NA         NA         NA         NA  2.5767510         NA         NA
[417]         NA         NA  0.5743595         NA         NA         NA         NA         NA
[425]         NA         NA         NA  8.6932071  9.6337178         NA  5.5775766         NA
[433]         NA         NA         NA         NA         NA         NA  6.9926250         NA
[441]         NA         NA  5.8483678         NA         NA  5.5767175         NA         NA
[449]         NA         NA         NA         NA         NA         NA         NA  5.2421669
[457]         NA         NA  1.4960730  1.7214321  1.2443423         NA         NA         NA
[465]  1.3465540         NA         NA  2.0619765         NA         NA         NA         NA
[473]         NA         NA         NA  6.4395331         NA         NA         NA         NA
[481]         NA         NA         NA         NA         NA         NA         NA         NA
[489]  3.6806435         NA         NA         NA         NA         NA         NA  3.3609288
[497]         NA         NA         NA         NA         NA         NA         NA         NA
[505]         NA         NA         NA         NA         NA         NA  1.2875038         NA
[513]         NA  2.4568762         NA         NA         NA         NA         NA         NA
[521]         NA         NA         NA  4.7452211         NA         NA         NA  6.8200634
[529]         NA         NA         NA         NA         NA         NA         NA  7.8596771
[537]  7.9347561         NA         NA         NA         NA  2.5169066         NA         NA
[545]  5.0401567         NA         NA         NA         NA         NA         NA         NA
[553]         NA         NA         NA         NA         NA         NA         NA         NA
[561]         NA         NA         NA         NA         NA  1.9960146         NA         NA
[569]  2.6475854         NA         NA         NA         NA         NA         NA         NA
[577]         NA  3.2803538         NA         NA  2.4447575         NA         NA         NA
[585]         NA         NA         NA         NA         NA         NA         NA         NA
[593]         NA         NA         NA         NA         NA         NA         NA         NA
[601]         NA         NA         NA         NA         NA         NA         NA         NA
[609]         NA         NA         NA         NA         NA         NA         NA         NA
[617]         NA         NA         NA         NA         NA         NA  2.9165094         NA
[625]         NA  1.3883998         NA         NA         NA         NA         NA         NA
[633]         NA         NA         NA         NA         NA         NA         NA         NA
[641]         NA         NA         NA         NA         NA         NA         NA         NA
[649]         NA         NA         NA         NA         NA         NA         NA         NA
[657]         NA         NA         NA         NA         NA         NA         NA  0.2328864
[665]         NA         NA         NA         NA         NA         NA         NA         NA
[673]         NA         NA         NA         NA         NA         NA

$TS
  [1] 80.92330698 66.13101831 62.75715918 53.39535458 40.67278619 34.21505529 31.33218290
  [8] 53.02382593 51.24540241 50.99458714 48.01362722 36.22091449 29.13886491 39.68246322
 [15] 35.13150750 34.10277289 18.88610506 11.31083669 51.12257015 27.14318945 22.23921657
 [22] 20.72475393  0.12259009 50.21434666 48.30847525 47.91303282 32.09265326 26.32388821
 [29] 38.60350921 36.83861157 43.62163125 43.29372351 40.67050556 39.43061715 47.81590134
 [36] 34.75778979 18.86704727 18.30628985 13.22991700 46.88139982 18.05962550 15.73421794
 [43] 14.26560081  8.83611715 45.47246927 32.99828179 31.59518071 39.68833117 29.38757684
 [50] 26.51760062 25.17580833 42.87811993 42.64740458 38.06160023 36.11679534 39.28367761
 [57] 37.03810304 13.33726993 12.96302403 10.99224201  2.98466512 32.14972492  9.97661514
 [64]  8.31753206  6.54981635 32.17809346 21.56808755 19.03216798 18.41082958 17.50346948
 [71]  4.34603298 22.99381106 10.49901171  3.37715319  1.61346062  0.92970379 32.78650641
 [78] 31.30068464 37.89043534 24.44920718 14.61645531  6.16569278  7.62576632 37.35563593
 [85] 35.25836786 29.87221916 28.46663205 22.61656824 22.21926285 17.63519798 13.75498592
 [92] 12.57924257  8.61151302  0.23755760 28.28035647 27.22389389 14.64003343  6.31190060
 [99] 24.75042900 17.79799657 14.68578510 26.58497559 30.15599477 27.46651599 25.96779114
[106] 23.66860311 34.21946452 31.95896954 31.42102290 30.35032301 21.02494049 19.35817271
[113] 13.45685791 25.52414605 25.31048735 31.24308027 20.07005234 19.88360345  0.49948528
[120] 27.37680955 19.82507789 14.81405993 30.51736047 30.44157809 29.24517224 27.60687231
[127] 19.35126230 30.84217216 29.61729312  3.33112281  2.26871300  0.19181239  6.72783872
[134]  6.63696905 30.43052981 28.27691481 26.67380360 31.12084071 16.30313720  5.86132485
[141] 23.53260276 14.01975899 30.47877141 29.05815490 25.98134807 27.16169393 29.40800009
[148] 26.79259823 23.75130526 30.32249625 18.26759460 17.13002654 16.99266664 11.25863947
[155] 10.05632746 29.58586968 17.91979200 16.55150855  1.21719346 28.26301487 21.34839244
[162] 25.80388322 20.76776815 18.92674429 29.14983666 25.98057174 21.58755966 18.96945275
[169] 11.46534648 28.77657388  7.86965357 14.47114827 17.73334065 17.70889243 24.37782191
[176] 22.53619639 12.00343669 28.37934781 27.89724449 10.92505498  6.30945757  3.97475312
[183] 22.11430551 18.63839036 19.09850016  4.72243211 11.10453544 26.48774500 22.00455704
[190] 27.51646604 13.77388529 14.61130294 12.04441087 26.44380046 24.24115402 23.60595572
[197] 15.75447861  0.97414891  0.90628743  0.58947005 19.00875333 15.74265863 10.07975355
[204]  4.81886904  4.02820145  2.85176798  1.65009196 23.95429267  1.33378283 26.41840888
[211] 22.17819010 18.57749616 12.50202883 20.51710676 15.24754874 13.74679788  4.66555612
[218] 14.64115620  8.79015880  1.08527047 25.14870973  1.28276637 24.19981320  7.36180600
[225] 23.73715269 23.16490933 22.73716875 20.23538319 24.97528818 24.54070588 24.86486981
[232] 22.07889051 19.58905820  5.33457475  2.78396035 23.16273157  9.33735761 17.07123887
[239]  3.57046978  1.25167720 14.28016322 15.43802623 13.70868933  1.83040573 19.86985448
[246] 15.80170323  3.10560547 15.85216552  9.64069153  7.51599205 22.61940978 14.76927614
[253]  7.07068984 21.46545343 19.10774220 10.88347965  8.79894641 20.84363740 11.00812320
[260] 22.85755163 13.17390297  9.55205841 15.65372112  3.98043027 18.02944129  8.42408634
[267]  4.38434301 19.69214699 10.85798239 10.88076691 15.82781616 15.80736329 12.68843907
[274] 18.59880429 18.27304192 13.81736123 10.94398712  3.76464669 18.72380472 14.48796161
[281] 18.71266437  9.45389528  4.98788365 18.56456096 15.01891805 12.29453894  9.06971751
[288] 19.11167833 12.62695970 10.43848267 18.78325095 13.71369946 10.25380130  8.08722469
[295]  6.03926367  8.62101937  7.51271071 19.10035024 15.24111128 10.21463463  3.35298608
[302]  1.79052381 15.25066842 16.46093499 16.33648424 11.37013074  9.71988511  0.04811825
[309]  9.27110308  6.99557381  3.34954459 18.90754879 15.90854376 13.26899148  5.77167456
[316]  4.25980440 17.06854401  6.02621449  4.29074117 15.92714198  9.80725352  4.55912112
[323] 11.01234765 10.22427941 15.61242380  3.49866156  8.40313396  8.17696781  4.83861659
[330]  3.91033857 10.94852214 10.12637611 17.40407062  9.28798850  9.09998532  4.23892426
[337] 16.30892147 15.22949590 11.20953061  7.92296235 13.04231165 16.70268446 11.12474249
[344] 14.53590119 13.20845070 11.64273306 16.82994066  9.11348044  8.05121582  7.63926775
[351]  3.96334638  0.16979446 12.80939072  8.48179824  6.93242926 15.18169068  2.66111156
[358] 16.35898231 14.09315462  9.43028855  1.84669105  1.25702965  9.29799280  8.99295439
[365]  4.43735649 15.63599519 13.41093281  8.24617426  4.63471710 15.13849455  5.60777193
[372]  6.53340169 14.88882763  4.42675086  0.84553035 15.17167710  2.05106225 11.67079533
[379]  7.92198454  3.01926485  0.69907739 13.87850556  5.21645022  7.35373259  2.92694804
[386] 13.80029735 14.83024222 13.31546838  3.53675815 12.81046812  3.50032425 12.41814276
[393]  8.34301833 11.48330146 14.76017351  4.60921048  1.74334000 11.63871013 10.46064652
[400]  9.47992511  8.18915622 10.03842180  8.89710613  8.67174904  7.28919033  5.48833284
[407]  2.78572429  2.68243258 11.82100942  0.12482964  6.22092225  1.51834626 10.66012775
[414]  9.73048766  9.51201620  1.38245267 10.76859822  5.42004798 13.78701110  8.43747470
[421]  2.30156703  6.45435401  1.82300627  1.45872646  6.03030911  4.81024494  2.11528151
[428] 10.75829860 11.73642975  4.48096379  9.50108821  3.22379592  9.52110931  1.21609920
[435] 10.60014834  8.89605568  8.07324518  5.48590329 12.13690988  5.11477586  2.56247841
[442] 11.70735916 10.11865061  1.31357777  3.63357916 12.35954416  0.45689092  7.52796876
[449]  5.90283801 11.95222295 10.62204507  9.31398907  3.69075089  3.00434696 11.21672932
[456]  8.17502790  5.85994192  0.82910528 10.03205820  8.08035513  7.84038849  3.53596057
[463] 10.03392195 11.41394155 11.03448992  8.59376460  5.53488149  4.82470244  2.72370966
[470] 10.57631203  8.76681253  4.36301903  4.74291829  9.57190322  8.87812105  6.79176658
[477]  3.99461297  9.62833894  4.11532481  4.91139565  6.35107765  4.04877232  9.38591720
[484]  2.37239068  1.91001532 10.02936694  9.28507068  1.56252332  6.63367708 10.55144778
[491]  9.74282074  5.38597172  4.48729760  2.18978389  1.46608123  7.61095306  7.57335038
[498]  7.18584548  7.76703177  8.44588764  4.82991155 10.12989970  9.43431949  8.38168669
[505]  2.17708666  8.48597275  6.55255154  1.91836939  8.16207474  9.30402010  3.82463635
[512]  2.40441240  2.07230794  5.27832066  2.03719329  4.94415137  2.52796530  1.15942757
[519]  8.89476901  8.85047954  4.87074345  4.20668718  3.10505182  8.29915528  1.41749101
[526]  4.63948949  7.15303359  6.82504811  2.34459240  7.88600333  6.52182901  1.41468750
[533]  0.90328901  8.64927021  1.36083266  8.57378628  8.69489189  2.52848288  7.58620370
[540]  6.52604753  6.18175294  5.21011828  8.42981645  0.32390489  5.36849461  5.01202592
[547]  3.02075667  1.25026532  0.24310098  1.93308943  7.79691953  6.03775758  1.87450710
[554]  5.42743427  2.09947982  8.52610779  0.31494312  3.01309135  0.13056964  0.03010264
[561]  0.11703200  5.14588760  4.66332496  5.31384083  0.55903445  7.60285135  1.86909658
[568]  0.22073165  6.25647309  2.40876367  5.59000183  0.86984983  2.29424866  4.31159194
[575]  3.26270938  0.01490254  6.18865446  5.41331918  3.89037732  2.23891399  6.94674961
[582]  6.00951539  0.22035843  5.36785003  3.39260585  1.08998249  0.93306906  0.66481157
[589]  3.00021283  5.89425570  1.82308244  5.39441822  5.44785460  0.39012442  4.83044192
[596]  6.64660976  3.36993658  2.76563436  3.21318811  5.92056761  1.27915636  0.67128915
[603]  2.65168850  4.20096070  1.68580792  0.84725185  4.05786503  4.94970838  1.95502650
[610]  3.97276535  2.35441971  2.39821935  3.13270346  0.88853156  1.69220127  0.36422575
[617]  3.59553445  1.12191019  4.22734729  2.22547619  2.26498569  1.04506384  3.53626112
[624]  3.74730251  4.49957257  1.54992699  1.53427743  2.29890757  3.28892066  1.83600965
[631]  1.48166891  4.84082086  3.13823744  2.28811093  2.00076756  0.10238474  3.55398392
[638]  1.80132030  4.33382722  2.36567061  1.85664287  1.65079226  1.24735276  1.35340310
[645]  1.53153449  2.86922305  3.38641569  2.56632292  2.82116145  0.54797122  2.11431576
[652]  0.68629235  1.76639325  0.19405722  1.01625399  1.39454488  0.51528639  0.15319433
[659]  1.94074348  1.74183551  1.45050575  2.43694245  2.17274370  0.68811882  2.01159922
[666]  0.21952673  1.70518269  1.11970422  0.33823073  0.31872175  1.29648604  1.44772283
[673]  0.36588396  0.11857931  0.86429476  0.47675641  0.62452168  0.08168047

$PAR
  [1]  NA   1   1   2   2   2   2   3   3   3   3   3   3   4   4   4   4   4   8   9   9   9   9
 [24]  19  19  19  10  10  24  24  25  25  25  25  11  11  11  11  11  26  26  26  26  26  35  35
 [47]  35  40  40  40  40  31  31  31  31  32  52  52  52  52  52  53  53  53  53   5   5   5   5
 [70]   5   5  33  48  48  48  48  14  14  34  34  34  34  29  79  79  79  79  79  79  79  79  79
 [93]  79  79  57  57  57  57  30  30  30  12  55  55  55  55  85  85  85  15  36  36  36   6   6
[116]  46  46  46  46  66  62  62  27  27  27  27  27 108 108 108 108 108  47  47 109 109 109   7
[139]   7   7  78  78 116 138 138 128 123 143 143 124 135 135 135 135 135 110 110 110 110 150 150
[162] 103 103 103  86 129 129 129 129 156 156 147  49  49 125 125 125  13  13  13  13  13 144  87
[185] 178 178  95 136 136 160 179 126 126 190 190 190 190 190 190 190 104 104 104 104 104 104 104
[208] 120 120 146 146 102 102  50 194 210 210  28  28  28 145 166 105 105 162 162 162  51 221 221
[231] 229 231 231 231 231  99  99 230 230 230  80 175 175 175 195 195 195 223 223 223 149 149 149
[254] 225 225 225 225 106 106 196 196 141 226 226  72 251 251  88 176 211 232 232 232 189 167 167
[277] 167 167  67  67 161 161 258 163 163  22 214 117 117 117 118 118 121 121 121 268 268 233 112
[300] 112 112 112 288 255 255 255 255 185  68 201 201 168 168 168 164 164  17  17  17  37  37 291
[323] 279 279 281 281 184 184 184 184 212 212 284 284 284 284  69  69  69  69 275  41  41 265 173
[346] 174 333 152 152 152 152 152 153 153 153 347 347 342 158 158 158 158 304 304 304 358 358 358
[369] 358 305 305 139 271 272 272 202 202  42 366 366 366 325 325 242 242 215 338 338 338 376 376
[392] 370 370 285 373 373 373 387 387 122 395 101 101 218 218 218 218 218  97  97 192 172 142 142
[415] 142 142 276 276 386 386 419 216 292 292 243 243 243 367 388 388 314 314  39  39 345 345 345
[438] 261 341 341 341  59  59 390 353 273 289  92 213 392 392 392 392 392 286 286 286 286 439 177
[461] 450 409 429 442 378 464 464 306  18 154 154 455 339 343 343 343 343 465 465 259  60 331 277
[484] 277 277 256 256 270 269 428 413 413 451 451 451 435 435 435 470 490 490  73  73 399 290 300
[507] 502 502 332 443 459 491 491 307 249 478 478 478 400 400 503 503 503 360 360 483 452 510 487
[530] 309 309 335 335 287 287 364 403 519 475 475 475 475 520  44 257 257 257 257 257 219 471 471
[553] 471 404 296  93  93 466 506 506 354 266 266 393  64 368 401 401 456 437 379 530 171 461 461
[576] 551 499 499 499 499 350 350 350 539 539 497 497 497 448 250 297 224 384 405 498 253 310 310
[599] 134 507 540 181 569 577 577 577 541  82  82 425 425 318 457 457 371 371 571 467 406 438 418
[622] 492 234 514 546 546 546 283 608 516 480 521 329 468 204 204 426 186 217 526 625 267 472 316
[645] 205 610 351 511 617 239 389 389 391 326 301 130 613 523 407 407 235 408 648 573 580 377 508
[668] 423 615 605 488 412 412 416 548 655 572 559

$EXTANT
  [1] FALSE FALSE FALSE FALSE  TRUE FALSE FALSE FALSE  TRUE FALSE  TRUE FALSE  TRUE FALSE FALSE
 [16] FALSE  TRUE  TRUE FALSE FALSE FALSE FALSE  TRUE FALSE FALSE  TRUE FALSE  TRUE  TRUE FALSE
 [31] FALSE FALSE FALSE  TRUE FALSE FALSE FALSE  TRUE  TRUE FALSE FALSE  TRUE FALSE  TRUE FALSE
 [46]  TRUE  TRUE  TRUE  TRUE FALSE FALSE  TRUE  TRUE FALSE FALSE FALSE  TRUE FALSE  TRUE  TRUE
 [61]  TRUE FALSE  TRUE  TRUE  TRUE FALSE FALSE  TRUE  TRUE FALSE  TRUE FALSE  TRUE  TRUE  TRUE
 [76]  TRUE  TRUE  TRUE  TRUE  TRUE FALSE  TRUE FALSE FALSE FALSE FALSE FALSE  TRUE  TRUE  TRUE
 [91] FALSE  TRUE  TRUE  TRUE FALSE FALSE  TRUE  TRUE FALSE FALSE  TRUE  TRUE FALSE  TRUE  TRUE
[106] FALSE FALSE  TRUE FALSE  TRUE FALSE  TRUE FALSE  TRUE FALSE FALSE FALSE FALSE  TRUE  TRUE
[121] FALSE  TRUE FALSE FALSE  TRUE  TRUE FALSE FALSE FALSE  TRUE  TRUE  TRUE FALSE  TRUE  TRUE
[136] FALSE FALSE FALSE FALSE  TRUE  TRUE  TRUE FALSE FALSE FALSE FALSE FALSE FALSE  TRUE  TRUE
[151] FALSE  TRUE  TRUE  TRUE  TRUE FALSE  TRUE  TRUE  TRUE FALSE FALSE FALSE  TRUE  TRUE FALSE
[166]  TRUE  TRUE FALSE  TRUE FALSE FALSE  TRUE FALSE FALSE  TRUE FALSE  TRUE  TRUE FALSE FALSE
[181]  TRUE  TRUE FALSE  TRUE  TRUE  TRUE FALSE FALSE FALSE  TRUE FALSE  TRUE  TRUE FALSE  TRUE
[196]  TRUE FALSE  TRUE  TRUE  TRUE  TRUE  TRUE FALSE  TRUE  TRUE  TRUE  TRUE FALSE  TRUE  TRUE
[211] FALSE FALSE  TRUE  TRUE FALSE  TRUE  TRUE  TRUE  TRUE  TRUE FALSE  TRUE  TRUE  TRUE FALSE
[226]  TRUE FALSE  TRUE FALSE  TRUE  TRUE  TRUE FALSE  TRUE  TRUE FALSE  TRUE FALSE  TRUE  TRUE
[241] FALSE  TRUE  TRUE  TRUE FALSE  TRUE  TRUE  TRUE  TRUE  TRUE  TRUE FALSE  TRUE FALSE  TRUE
[256]  TRUE  TRUE  TRUE  TRUE FALSE  TRUE FALSE FALSE  TRUE  TRUE  TRUE  TRUE  TRUE  TRUE  TRUE
[271]  TRUE  TRUE  TRUE  TRUE FALSE  TRUE  TRUE  TRUE  TRUE  TRUE  TRUE  TRUE  TRUE  TRUE  TRUE
[286]  TRUE  TRUE FALSE  TRUE  TRUE  TRUE FALSE FALSE  TRUE  TRUE  TRUE  TRUE  TRUE  TRUE  TRUE
[301]  TRUE  TRUE FALSE  TRUE  TRUE  TRUE  TRUE  TRUE  TRUE  TRUE  TRUE FALSE  TRUE  TRUE FALSE
[316]  TRUE  TRUE  TRUE  TRUE FALSE FALSE  TRUE FALSE  TRUE  TRUE  TRUE  TRUE  TRUE FALSE  TRUE
[331]  TRUE FALSE  TRUE  TRUE  TRUE  TRUE  TRUE  TRUE  TRUE  TRUE  TRUE  TRUE  TRUE  TRUE  TRUE
[346]  TRUE  TRUE FALSE FALSE  TRUE  TRUE  TRUE  TRUE  TRUE  TRUE FALSE  TRUE FALSE FALSE  TRUE
[361]  TRUE  TRUE  TRUE  TRUE  TRUE  TRUE  TRUE  TRUE  TRUE  TRUE  TRUE  TRUE  TRUE  TRUE  TRUE
[376]  TRUE  TRUE FALSE FALSE  TRUE  TRUE FALSE FALSE  TRUE  TRUE FALSE  TRUE  TRUE  TRUE  TRUE
[391]  TRUE  TRUE FALSE FALSE  TRUE  TRUE  TRUE  TRUE FALSE  TRUE  TRUE FALSE  TRUE FALSE  TRUE
[406]  TRUE  TRUE  TRUE  TRUE  TRUE  TRUE  TRUE  TRUE FALSE  TRUE  TRUE  TRUE  TRUE FALSE  TRUE
[421]  TRUE  TRUE  TRUE  TRUE  TRUE  TRUE  TRUE FALSE FALSE  TRUE FALSE  TRUE  TRUE  TRUE  TRUE
[436]  TRUE  TRUE  TRUE FALSE  TRUE  TRUE  TRUE FALSE  TRUE  TRUE FALSE  TRUE  TRUE  TRUE  TRUE
[451]  TRUE  TRUE  TRUE  TRUE  TRUE FALSE  TRUE  TRUE FALSE FALSE FALSE  TRUE  TRUE  TRUE FALSE
[466]  TRUE  TRUE FALSE  TRUE  TRUE  TRUE  TRUE  TRUE  TRUE  TRUE FALSE  TRUE  TRUE  TRUE  TRUE
[481]  TRUE  TRUE  TRUE  TRUE  TRUE  TRUE  TRUE  TRUE FALSE  TRUE  TRUE  TRUE  TRUE  TRUE  TRUE
[496] FALSE  TRUE  TRUE  TRUE  TRUE  TRUE  TRUE  TRUE  TRUE  TRUE  TRUE  TRUE  TRUE  TRUE  TRUE
[511] FALSE  TRUE  TRUE FALSE  TRUE  TRUE  TRUE  TRUE  TRUE  TRUE  TRUE  TRUE  TRUE FALSE  TRUE
[526]  TRUE  TRUE FALSE  TRUE  TRUE  TRUE  TRUE  TRUE  TRUE  TRUE FALSE FALSE  TRUE  TRUE  TRUE
[541]  TRUE FALSE  TRUE  TRUE FALSE  TRUE  TRUE  TRUE  TRUE  TRUE  TRUE  TRUE  TRUE  TRUE  TRUE
[556]  TRUE  TRUE  TRUE  TRUE  TRUE  TRUE  TRUE  TRUE  TRUE  TRUE FALSE  TRUE  TRUE FALSE  TRUE
[571]  TRUE  TRUE  TRUE  TRUE  TRUE  TRUE  TRUE FALSE  TRUE  TRUE FALSE  TRUE  TRUE  TRUE  TRUE
[586]  TRUE  TRUE  TRUE  TRUE  TRUE  TRUE  TRUE  TRUE  TRUE  TRUE  TRUE  TRUE  TRUE  TRUE  TRUE
[601]  TRUE  TRUE  TRUE  TRUE  TRUE  TRUE  TRUE  TRUE  TRUE  TRUE  TRUE  TRUE  TRUE  TRUE  TRUE
[616]  TRUE  TRUE  TRUE  TRUE  TRUE  TRUE  TRUE FALSE  TRUE  TRUE FALSE  TRUE  TRUE  TRUE  TRUE
[631]  TRUE  TRUE  TRUE  TRUE  TRUE  TRUE  TRUE  TRUE  TRUE  TRUE  TRUE  TRUE  TRUE  TRUE  TRUE
[646]  TRUE  TRUE  TRUE  TRUE  TRUE  TRUE  TRUE  TRUE  TRUE  TRUE  TRUE  TRUE  TRUE  TRUE  TRUE
[661]  TRUE  TRUE  TRUE FALSE  TRUE  TRUE  TRUE  TRUE  TRUE  TRUE  TRUE  TRUE  TRUE  TRUE  TRUE
[676]  TRUE  TRUE  TRUE

